2024-01-01 15:15:35.182929338 +0000 UTC m=+368173.723130616
Running 26.523325014s myx-test @ https://192.168.12.127:6443/api/v1/namespaces/myx-test/configmaps
3 connections
Requests/bytes (per Connection):  [736847 733610 730373]
Response/bytes (per Connection):  [361197 359610 358023]
Requests Number (per Connection):  [683 680 677]
Requests/sec:  81.03237605920626 KB
Transfer/sec:  120.75382581405033 KB

2024-01-01 17:29:38.851504902 +0000 UTC m=+376217.391706164
Running 34.45452641s myx-test @ https://192.168.12.127:6443/api/v1/namespaces/myx-test/configmaps
6 connections
Requests/bytes (per Connection):  [611683 617078 597656 594419 597656 589024]
Response/bytes (per Connection):  [299833 302478 292956 291369 292956 288724]
Requests Number (per Connection):  [567 572 554 551 554 546]
Requests/sec:  102.2496957824242 KB
Transfer/sec:  152.3699926978622 KB

2024-01-01 19:46:05.698835146 +0000 UTC m=+384404.239036423
Running 37.412070002s myx-test @ https://192.168.12.127:6443/api/v1/namespaces/myx-test/configmaps
9 connections
Requests/bytes (per Connection):  [507020 530758 528600 513494 518889 529679 502704 539390 514573]
Response/bytes (per Connection):  [248520 260158 259100 251694 254339 259629 246404 264390 252223]
Requests Number (per Connection):  [470 492 490 476 481 491 466 500 477]
Requests/sec:  122.29475151850487 KB
Transfer/sec:  182.23887620721126 KB

2024-01-01 22:05:33.589051898 +0000 UTC m=+392772.129253173
Running 40.07946823s myx-test @ https://192.168.12.127:6443/api/v1/namespaces/myx-test/configmaps
15 connections
Requests/bytes (per Connection):  [475729 470334 477887 481124 486519 498388 478966 490835 478966 467097 488050 478330 478330 486970 488050]
Response/bytes (per Connection):  [233179 230534 234237 235824 238469 244288 234766 240585 234766 228947 239450 234680 234680 238920 239450]
Requests Number (per Connection):  [441 436 443 446 451 462 444 455 444 433 452 443 443 451 452]
Requests/sec:  176.05586844228196 KB
Transfer/sec:  262.3779022348321 KB

2024-01-02 00:24:57.245505443 +0000 UTC m=+401135.785706721
Running 1m15.688562289s myx-test @ https://192.168.12.127:6443/api/v1/namespaces/myx-test/configmaps
30 connections
Requests/bytes (per Connection):  [457386 448754 463860 456307 458465 455228 459544 462781 464939 460623 432970 452410 457810 455650 455650 461050 458890 445930 456730 463210 457810 456730 466450 453490 459970 447010 463210 463210 450250 447010]
Response/bytes (per Connection):  [224186 219954 227360 223657 224715 223128 225244 226831 227889 225773 212420 221960 224610 223550 223550 226200 225140 218780 224080 227260 224610 224080 228850 222490 225670 219310 227260 227260 220900 219310]
Requests Number (per Connection):  [424 416 430 423 425 422 426 429 431 427 401 419 424 422 422 427 425 413 423 429 424 423 432 420 426 414 429 429 417 414]
Requests/sec:  176.6764917184976 KB
Transfer/sec:  263.3292159721948 KB

2024-01-02 02:46:41.210164615 +0000 UTC m=+409639.750365893
Running 1m5.63722238s myx-test @ https://192.168.12.127:6443/api/v1/namespaces/myx-test/configmaps
60 connections
Requests/bytes (per Connection):  [363513 354881 368908 364592 364592 364592 363513 364592 372145 367829 356290 356290 348730 363850 353050 363850 361690 368170 363850 354130 371410 360610 362770 366010 350890 363850 363850 368170 357370 364930 362770 363850 360610 357370 370330 364930 364930 355210 366010 360610 360610 360610 359530 366010 359530 346570 358450 358450 363850 361690 349810 360610 348730 362770 361690 367090 350890 369250 356290 359530]
Response/bytes (per Connection):  [178163 173931 180808 178692 178692 178692 178163 178692 182395 180279 174790 174790 171080 178500 173200 178500 177440 180620 178500 173730 182210 176910 177970 179560 172140 178500 178500 180620 175320 179030 177970 178500 176910 175320 181680 179030 179030 174260 179560 176910 176910 176910 176380 179560 176380 170020 175850 175850 178500 177440 171610 176910 171080 177970 177440 180090 172140 181150 174790 176380]
Requests Number (per Connection):  [337 329 342 338 338 338 337 338 345 341 330 330 323 337 327 337 335 341 337 328 344 334 336 339 325 337 337 341 331 338 336 337 334 331 343 338 338 329 339 334 334 334 333 339 333 321 332 332 337 335 324 334 323 336 335 340 325 342 330 333]
Requests/sec:  322.52173228026385 KB
Transfer/sec:  480.7206463746463 KB

