2024-01-01 16:10:25.816042382 +0000 UTC m=+371464.356243667
Running 28.721231503s myx-test @ https://192.168.12.127:6443/apis/batch/v1/namespaces/myx-test/cronjobs
3 connections
Requests/bytes (per Connection):  [765946 768110 754044]
Response/bytes (per Connection):  [382918 384000 376967]
Requests Number (per Connection):  [708 710 697]
Requests/sec:  77.79863673382543 KB
Transfer/sec:  116.69234486733005 KB

2024-01-01 18:25:45.830613673 +0000 UTC m=+379584.370814940
Running 31.57937511s myx-test @ https://192.168.12.127:6443/apis/batch/v1/namespaces/myx-test/cronjobs
6 connections
Requests/bytes (per Connection):  [550628 567940 548464 570104 558202 567940]
Response/bytes (per Connection):  [275259 283915 274177 284997 279046 283915]
Requests Number (per Connection):  [509 525 507 527 516 525]
Requests/sec:  104.00621166297043 KB
Transfer/sec:  155.99911255455808 KB

2024-01-01 20:44:22.444064206 +0000 UTC m=+387900.984265486
Running 37.728614245s myx-test @ https://192.168.12.127:6443/apis/batch/v1/namespaces/myx-test/cronjobs
9 connections
Requests/bytes (per Connection):  [539808 521414 537644 543054 519250 532234 519250 521414 545218]
Response/bytes (per Connection):  [269849 260652 268767 271472 259570 266062 259570 260652 272554]
Requests Number (per Connection):  [499 482 497 502 480 492 480 482 504]
Requests/sec:  123.70641163937081 KB
Transfer/sec:  185.54680494401498 KB

2024-01-01 23:02:26.558616695 +0000 UTC m=+396185.098817973
Running 45.142284508s myx-test @ https://192.168.12.127:6443/apis/batch/v1/namespaces/myx-test/cronjobs
15 connections
Requests/bytes (per Connection):  [497610 507348 504102 510594 509512 510594 507348 498692 496528 486790 502402 509983 495904 512149 516481]
Response/bytes (per Connection):  [248750 253619 251996 255242 254701 255242 253619 249291 248209 243340 251378 255172 248126 256256 258424]
Requests Number (per Connection):  [460 469 466 472 471 472 469 461 459 450 464 471 458 473 477]
Requests/sec:  163.67598778708444 KB
Transfer/sec:  245.52147751097593 KB

2024-01-02 01:23:28.363662523 +0000 UTC m=+404646.903863791
Running 48.453088015s myx-test @ https://192.168.12.127:6443/apis/batch/v1/namespaces/myx-test/cronjobs
30 connections
Requests/bytes (per Connection):  [451084 447838 451084 451084 464068 447838 446756 451084 453248 450002 455833 461248 453667 449335 455833 447169 461248 449335 446086 452584 454750 454750 457999 449335 447169 448252 440671 453667 451501 452584]
Response/bytes (per Connection):  [225487 223864 225487 225487 231979 223864 223323 225487 226569 224946 228072 230782 226988 224820 228072 223736 230782 224820 223194 226446 227530 227530 229156 224820 223736 224278 220484 226988 225904 226446]
Requests Number (per Connection):  [417 414 417 417 429 414 413 417 419 416 421 426 419 415 421 413 426 415 412 418 420 420 423 415 413 414 407 419 417 418]
Requests/sec:  273.240735818043 KB
Transfer/sec:  409.9120147623784 KB

2024-01-02 03:45:29.721128941 +0000 UTC m=+413168.261330208
Running 1m27.94720024s myx-test @ https://192.168.12.127:6443/apis/batch/v1/namespaces/myx-test/cronjobs
60 connections
Requests/bytes (per Connection):  [380754 369934 379672 373180 377508 365606 378590 382918 366688 373180 375691 384355 361612 370276 369193 363778 372442 376774 371359 384355 359446 375691 377857 371359 378940 364861 376774 371359 375691 368110 368110 376774 377857 377857 374608 373525 370276 358363 371359 374608 368110 365944 384355 370276 375691 364861 372442 362695 373525 373525 374608 373525 374608 370276 361612 372442 377857 383272 364861 374608]
Response/bytes (per Connection):  [190322 184912 189781 186535 188699 182748 189240 191404 183289 186535 187964 192300 180918 185254 184712 182002 186338 188506 185796 192300 179834 187964 189048 185796 189590 182544 188506 185796 187964 184170 184170 188506 189048 189048 187422 186880 185254 179292 185796 187422 184170 183086 192300 185254 187964 182544 186338 181460 186880 186880 187422 186880 187422 185254 180918 186338 189048 191758 182544 187422]
Requests Number (per Connection):  [352 342 351 345 349 338 350 354 339 345 347 355 334 342 341 336 344 348 343 355 332 347 349 343 350 337 348 343 347 340 340 348 349 349 346 345 342 331 343 346 340 338 355 342 347 337 344 335 345 345 346 345 346 342 334 344 349 354 337 346]
Requests/sec:  248.2888763240691 KB
Transfer/sec:  372.49211552473406 KB

