2024-01-01 14:29:06.385790831 +0000 UTC m=+365384.925992115
Running 31.927366439s myx-test @ https://192.168.12.127:6443/apis/apps/v1/namespaces/myx-test/daemonsets
3 connections
Requests/bytes (per Connection):  [753965 725755 757220]
Response/bytes (per Connection):  [377970 363826 379602]
Requests Number (per Connection):  [695 669 698]
Requests/sec:  68.42129378017128 KB
Transfer/sec:  102.72149941934646 KB

2024-01-01 16:41:42.441478885 +0000 UTC m=+373340.981680153
Running 33.612163363s myx-test @ https://192.168.12.127:6443/apis/apps/v1/namespaces/myx-test/daemonsets
6 connections
Requests/bytes (per Connection):  [567345 556495 549985 559750 558665 570600]
Response/bytes (per Connection):  [284402 278962 275698 280594 280050 286034]
Requests Number (per Connection):  [523 513 507 516 515 526]
Requests/sec:  97.70342366939185 KB
Transfer/sec:  146.68064810363214 KB

2024-01-01 18:57:35.459910608 +0000 UTC m=+381494.000111884
Running 34.812953983s myx-test @ https://192.168.12.127:6443/apis/apps/v1/namespaces/myx-test/daemonsets
9 connections
Requests/bytes (per Connection):  [482715 492480 478375 480545 488140 474035 480545 503330 488140]
Response/bytes (per Connection):  [241970 246866 239794 240882 244690 237618 240882 252306 244690]
Requests Number (per Connection):  [445 454 441 443 450 437 443 464 450]
Requests/sec:  122.53837619311629 KB
Transfer/sec:  183.96312498545436 KB

2024-01-01 21:16:41.335113863 +0000 UTC m=+389839.875315142
Running 43.564581454s myx-test @ https://192.168.12.127:6443/apis/apps/v1/namespaces/myx-test/daemonsets
15 connections
Requests/bytes (per Connection):  [487055 479460 480545 490310 482715 489225 489225 483800 477290 483800 486418 485332 485332 482074 482074]
Response/bytes (per Connection):  [244146 240338 240882 245778 241970 245234 245234 242514 239250 242514 244050 243505 243505 241870 241870]
Requests Number (per Connection):  [449 442 443 452 445 451 451 446 440 446 448 447 447 444 444]
Requests/sec:  162.84764851760352 KB
Transfer/sec:  244.5030905653172 KB

2024-01-01 23:35:19.074761178 +0000 UTC m=+398157.614962441
Running 51.46335311s myx-test @ https://192.168.12.127:6443/apis/apps/v1/namespaces/myx-test/daemonsets
30 connections
Requests/bytes (per Connection):  [434975 430635 424125 429550 420870 428465 419785 417615 425210 434975 442978 424516 422344 445150 426688 422344 422344 432118 432118 441892 422344 424516 436462 424516 424516 426688 427774 415828 438634 426688]
Response/bytes (per Connection):  [218034 215858 212594 215314 210962 214770 210418 209330 213138 218034 222250 212985 211895 223340 214075 211895 211895 216800 216800 221705 211895 212985 218980 212985 212985 214075 214620 208625 220070 214075]
Requests Number (per Connection):  [401 397 391 396 388 395 387 385 392 401 408 391 389 410 393 389 389 398 398 407 389 391 402 391 391 393 394 383 404 393]
Requests/sec:  243.77675720278188 KB
Transfer/sec:  366.0457065994121 KB

2024-01-02 01:56:59.674773425 +0000 UTC m=+406658.214974693
Running 53.130049165s myx-test @ https://192.168.12.127:6443/apis/apps/v1/namespaces/myx-test/daemonsets
60 connections
Requests/bytes (per Connection):  [364450 368790 364450 368790 365535 355770 362280 363365 379640 372045 378904 359356 363700 362614 377818 366958 372388 366958 374560 356098 358270 362614 364786 372388 365872 361528 359356 358270 377818 365872 372388 370216 372388 357184 362614 379990 366958 356098 352840 368044 373474 368044 358270 365872 363700 362614 368044 365872 371302 370216 368044 363700 368044 381076 356098 363700 369130 364786 376732 365872]
Response/bytes (per Connection):  [182674 184850 182674 184850 183218 178322 181586 182130 190290 186482 190095 180285 182465 181920 189550 184100 186825 184100 187915 178650 179740 181920 183010 186825 183555 181375 180285 179740 189550 183555 186825 185735 186825 179195 181920 190640 184100 178650 177015 184645 187370 184645 179740 183555 182465 181920 184645 183555 186280 185735 184645 182465 184645 191185 178650 182465 185190 183010 189005 183555]
Requests Number (per Connection):  [336 340 336 340 337 328 334 335 350 343 349 331 335 334 348 338 343 338 345 328 330 334 336 343 337 333 331 330 348 337 343 341 343 329 334 350 338 328 325 339 344 339 330 337 335 334 339 337 342 341 339 335 339 351 328 335 340 336 347 337]
Requests/sec:  404.2732126476567 KB
Transfer/sec:  607.0629646150827 KB

