2024-01-01 14:37:07.879683931 +0000 UTC m=+365866.419885205
Running 1m1.366099469s myx-test @ https://192.168.12.127:6443/apis/apps/v1/namespaces/myx-test/deployments
3 connections
Requests/bytes (per Connection):  [624915 633611 611871]
Response/bytes (per Connection):  [313840 318208 307288]
Requests Number (per Connection):  [575 583 563]
Requests/sec:  29.76496121014199 KB
Transfer/sec:  44.71328480309575 KB

2024-01-01 16:49:41.92230664 +0000 UTC m=+373820.462507915
Running 59.255580504s myx-test @ https://192.168.12.127:6443/apis/apps/v1/namespaces/myx-test/deployments
6 connections
Requests/bytes (per Connection):  [545564 542303 553173 553173 556434 576000]
Response/bytes (per Connection):  [273982 272344 277804 277804 279442 289270]
Requests Number (per Connection):  [502 499 509 509 512 530]
Requests/sec:  54.82485671907645 KB
Transfer/sec:  82.35796365176219 KB

2024-01-01 19:05:43.14826273 +0000 UTC m=+381981.688464015
Running 1m7.199300219s myx-test @ https://192.168.12.127:6443/apis/apps/v1/namespaces/myx-test/deployments
9 connections
Requests/bytes (per Connection):  [531433 539042 539042 557521 549912 539042 546651 541216 529259]
Response/bytes (per Connection):  [266884 270706 270706 279988 276166 270706 274528 271798 265792]
Requests Number (per Connection):  [489 496 496 513 506 496 503 498 487]
Requests/sec:  70.8177656815757 KB
Transfer/sec:  106.382362453214 KB

2024-01-01 21:24:51.715371519 +0000 UTC m=+390330.255572784
Running 1m9.71941591s myx-test @ https://192.168.12.127:6443/apis/apps/v1/namespaces/myx-test/deployments
15 connections
Requests/bytes (per Connection):  [456430 477083 458604 477083 465126 466213 457517 456430 467300 457517 473170 466642 469906 457938 468818]
Response/bytes (per Connection):  [229210 239584 230302 239584 233578 234124 229756 229210 234670 229756 237835 234553 236194 230177 235647]
Requests Number (per Connection):  [420 439 422 439 428 429 421 420 430 421 435 429 432 421 431]
Requests/sec:  97.70997271916904 KB
Transfer/sec:  146.79315473646372 KB

2024-01-01 23:43:28.379674938 +0000 UTC m=+398646.919876205
Running 1m8.564902991s myx-test @ https://192.168.12.127:6443/apis/apps/v1/namespaces/myx-test/deployments
30 connections
Requests/bytes (per Connection):  [416211 415124 394471 411863 417298 400993 400993 405341 406428 390123 403538 397010 410066 397010 400274 402450 418770 408978 401362 394834 401362 400274 402450 400274 405714 406802 405714 408978 394834 398098]
Response/bytes (per Connection):  [209008 208462 198088 206824 209554 201364 201364 203548 204094 195904 202827 199545 206109 199545 201186 202280 210485 205562 201733 198451 201733 201186 202280 201186 203921 204468 203921 205562 198451 200092]
Requests Number (per Connection):  [383 382 363 379 384 369 369 373 374 359 371 365 377 365 368 370 385 376 369 363 369 368 370 368 373 374 373 376 363 366]
Requests/sec:  172.59019362086477 KB
Transfer/sec:  259.31135942041374 KB

2024-01-02 02:05:10.23343782 +0000 UTC m=+407148.773639088
Running 1m9.621437024s myx-test @ https://192.168.12.127:6443/apis/apps/v1/namespaces/myx-test/deployments
60 connections
Requests/bytes (per Connection):  [346643 341208 352078 343382 346643 345556 333599 341208 346643 347730 351314 342610 345874 349138 345874 343698 355666 345874 350226 358930 358930 346962 353490 352402 333906 338258 345874 356754 360018 348050 353490 343698 352402 350226 350226 357842 351314 355666 351314 346962 357842 350226 352402 351314 351314 345874 353490 344786 354578 356754 352402 345874 356754 346962 341522 352402 362194 343698 345874 338258]
Response/bytes (per Connection):  [174064 171334 176794 172426 174064 173518 167512 171334 174064 174610 176571 172195 173836 175477 173836 172742 178759 173836 176024 180400 180400 174383 177665 177118 167819 170007 173836 179306 180947 174930 177665 172742 177118 176024 176024 179853 176571 178759 176571 174383 179853 176024 177118 176571 176571 173836 177665 173289 178212 179306 177118 173836 179306 174383 171648 177118 182041 172742 173836 170007]
Requests Number (per Connection):  [319 314 324 316 319 318 307 314 319 320 323 315 318 321 318 316 327 318 322 330 330 319 325 324 307 311 318 328 331 320 325 316 324 322 322 329 323 327 323 319 329 322 324 323 323 318 325 317 326 328 324 318 328 319 314 324 333 316 318 311]
Requests/sec:  293.807085270642 KB
Transfer/sec:  441.45261493371123 KB

