2024-01-01 15:23:04.970097228 +0000 UTC m=+368623.510298502
Running 29.684316235s myx-test @ https://192.168.12.127:6443/api/v1/namespaces/myx-test/endpoints
3 connections
Requests/bytes (per Connection):  [766348 784674 768504]
Response/bytes (per Connection):  [375298 384274 376354]
Requests Number (per Connection):  [711 728 713]
Requests/sec:  76.30838087839149 KB
Transfer/sec:  113.67837537626205 KB

2024-01-01 17:37:08.3016391 +0000 UTC m=+376666.841840424
Running 29.0576545s myx-test @ https://192.168.12.127:6443/api/v1/namespaces/myx-test/endpoints
6 connections
Requests/bytes (per Connection):  [535656 542124 544280 541046 534578 524876]
Response/bytes (per Connection):  [262306 265474 266530 264946 261778 257026]
Requests Number (per Connection):  [497 503 505 502 496 487]
Requests/sec:  108.3030032585734 KB
Transfer/sec:  161.3380553048423 KB

2024-01-01 19:53:43.369680494 +0000 UTC m=+384861.909881762
Running 37.320757207s myx-test @ https://192.168.12.127:6443/api/v1/namespaces/myx-test/endpoints
9 connections
Requests/bytes (per Connection):  [537812 542124 547514 544280 533500 538890 547514 550748 547514]
Response/bytes (per Connection):  [263362 265474 268114 266530 261250 263890 268114 269698 268114]
Requests Number (per Connection):  [499 503 508 505 495 500 508 511 508]
Requests/sec:  127.95263065038594 KB
Transfer/sec:  190.61009001421678 KB

2024-01-01 22:13:16.008531237 +0000 UTC m=+393234.548732502
Running 41.972580002s myx-test @ https://192.168.12.127:6443/api/v1/namespaces/myx-test/endpoints
15 connections
Requests/bytes (per Connection):  [488224 502238 492536 499004 496848 490380 487146 489302 479600 502238 486519 491914 491914 485440 495151]
Response/bytes (per Connection):  [239074 245938 241186 244354 243298 240130 238546 239602 234850 245938 238469 241114 241114 237940 242701]
Requests Number (per Connection):  [453 466 457 463 461 455 452 454 445 466 451 456 456 450 459]
Requests/sec:  171.67211269909203 KB
Transfer/sec:  255.763796405617 KB

2024-01-02 00:32:48.550336225 +0000 UTC m=+401607.090537493
Running 50.531825986s myx-test @ https://192.168.12.127:6443/api/v1/namespaces/myx-test/endpoints
30 connections
Requests/bytes (per Connection):  [424622 441870 440792 430012 433246 422466 439714 437558 435402 415998 434727 441201 425016 443359 434727 440122 436885 432569 432569 439043 423937 442280 422858 417463 425016 439043 433648 434727 425016 437964]
Response/bytes (per Connection):  [207922 216370 215842 210562 212146 206866 215314 214258 213202 203698 213077 216251 208316 217309 213077 215722 214135 212019 212019 215193 207787 216780 207258 204613 208316 215193 212548 213077 208316 214664]
Requests Number (per Connection):  [394 410 409 399 402 392 408 406 404 386 403 409 394 411 403 408 405 401 401 407 393 410 392 387 394 407 402 403 394 406]
Requests/sec:  250.921884737312 KB
Transfer/sec:  373.86903773246127 KB

2024-01-02 02:54:50.154221978 +0000 UTC m=+410128.694423240
Running 1m8.180393752s myx-test @ https://192.168.12.127:6443/api/v1/namespaces/myx-test/endpoints
60 connections
Requests/bytes (per Connection):  [351318 358864 363176 368566 366410 345928 353474 358864 363176 356708 355960 363513 362434 362434 360276 360276 361355 352723 357039 364592 353802 357039 355960 362434 366750 367829 350565 361355 354881 359197 355960 365671 352723 358118 360276 368908 373224 349486 361355 363513 369987 357039 360276 363513 366750 350565 369987 359197 359197 355960 355960 358118 374303 371066 359197 355960 357039 355960 361355 367829]
Response/bytes (per Connection):  [172018 175714 177826 180466 179410 169378 173074 175714 177826 174658 174460 178163 177634 177634 176576 176576 177105 172873 174989 178692 173402 174989 174460 177634 179750 180279 171815 177105 173931 176047 174460 179221 172873 175518 176576 180808 182924 171286 177105 178163 181337 174989 176576 178163 179750 171815 181337 176047 176047 174460 174460 175518 183453 181866 176047 174460 174989 174460 177105 180279]
Requests Number (per Connection):  [326 333 337 342 340 321 328 333 337 331 330 337 336 336 334 334 335 327 331 338 328 331 330 336 340 341 325 335 329 333 330 339 327 332 334 342 346 324 335 337 343 331 334 337 340 325 343 333 333 330 330 332 347 344 333 330 331 330 335 341]
Requests/sec:  309.6018977780661 KB
Transfer/sec:  461.31755434570755 KB

