2024-01-01 16:18:46.753923107 +0000 UTC m=+371965.294124380
Running 1m20.652857605s myx-test @ https://192.168.12.127:6443/apis/batch/v1/namespaces/myx-test/jobs
3 connections
Requests/bytes (per Connection):  [641068 644290 636772]
Response/bytes (per Connection):  [5911098 5940795 5871502]
Requests Number (per Connection):  [597 600 593]
Requests/sec:  23.273571871663382 KB
Transfer/sec:  237.87232811727603 KB

2024-01-01 18:34:35.694359442 +0000 UTC m=+380114.234560719
Running 1m49.559043181s myx-test @ https://192.168.12.127:6443/apis/batch/v1/namespaces/myx-test/jobs
6 connections
Requests/bytes (per Connection):  [550852 556222 577702 570184 543334 570184]
Response/bytes (per Connection):  [5078892 5128387 5326367 5256729 5009254 5256729]
Requests Number (per Connection):  [513 518 538 531 506 531]
Requests/sec:  30.025173653994436 KB
Transfer/sec:  306.84827952276345 KB

2024-01-01 20:53:20.261374149 +0000 UTC m=+388438.801575436
Running 1m56.592411703s myx-test @ https://192.168.12.127:6443/apis/batch/v1/namespaces/myx-test/jobs
9 connections
Requests/bytes (per Connection):  [521854 503596 503596 506818 526150 493930 516484 519706 498226]
Response/bytes (per Connection):  [4811274 4642991 4642646 4672688 4850870 4553555 4761779 4791476 4593151]
Requests Number (per Connection):  [486 469 469 472 490 460 481 484 464]
Requests/sec:  38.44824351793261 KB
Transfer/sec:  392.91852437251066 KB

2024-01-01 23:11:31.492739772 +0000 UTC m=+396730.032941050
Running 2m4.437797162s myx-test @ https://192.168.12.127:6443/apis/batch/v1/namespaces/myx-test/jobs
15 connections
Requests/bytes (per Connection):  [476746 482116 470302 471376 488560 472450 485338 477820 472450 479968 476115 472890 471815 478265 479340]
Response/bytes (per Connection):  [4395171 4444666 4335777 4345676 4504060 4355575 4474363 4405070 4355575 4424868 4386601 4356895 4346993 4406405 4416307]
Requests Number (per Connection):  [444 449 438 439 455 440 452 445 440 447 443 440 439 445 446]
Requests/sec:  56.155307573794 KB
Transfer/sec:  573.7488888413476 KB

2024-01-02 01:32:35.150419999 +0000 UTC m=+405193.690621265
Running 2m6.206009907s myx-test @ https://192.168.12.127:6443/apis/batch/v1/namespaces/myx-test/jobs
30 connections
Requests/bytes (per Connection):  [445600 443452 444526 452044 435934 441304 445600 439156 442378 446674 452465 443865 448165 449240 448165 438490 444940 446015 442790 441715 447090 437415 449240 443865 454615 442790 454615 443865 451390 441715]
Response/bytes (per Connection):  [4107755 4087957 4097856 4167149 4019009 4068159 4107755 4048361 4078058 4117654 4169102 4089196 4129494 4138706 4128804 4040031 4099443 4109690 4079639 4069392 4118902 4029784 4139051 4089196 4188561 4079639 4188216 4089541 4158510 4069737]
Requests Number (per Connection):  [415 413 414 421 406 411 415 409 412 416 421 413 417 418 417 408 414 415 412 411 416 407 418 413 423 412 423 413 420 411]
Requests/sec:  103.37077989779158 KB
Transfer/sec:  1055.933094131288 KB

2024-01-02 03:54:27.039571604 +0000 UTC m=+413705.579772883
Running 1m56.424086633s myx-test @ https://192.168.12.127:6443/apis/batch/v1/namespaces/myx-test/jobs
60 connections
Requests/bytes (per Connection):  [363976 365050 363976 362902 354310 351088 367198 362902 358606 370420 358940 361090 371840 364315 360015 367540 353565 363240 361090 353565 365390 355715 370765 371840 363240 349265 357865 362165 347115 358940 355715 371840 362165 354640 353565 348190 357865 360015 365390 357865 357865 351415 356790 361090 355715 354640 362165 343890 365390 362165 357865 363240 358940 381515 366465 354640 352490 371840 361090 362165]
Response/bytes (per Connection):  [3355431 3365330 3355431 3345532 3266340 3236643 3385128 3345532 3305936 3414825 3307283 3327087 3425762 3356448 3317185 3386154 3257428 3346546 3326742 3257428 3366350 3277232 3415860 3425762 3346891 3217820 3297036 3336644 3198361 3307283 3277232 3425762 3336644 3267675 3257428 3207918 3297381 3317185 3366350 3297036 3297036 3237624 3287479 3326742 3277232 3267330 3336644 3168310 3366350 3336644 3297381 3346546 3307283 3514880 3376252 3267675 3247526 3426107 3327087 3336644]
Requests Number (per Connection):  [339 340 339 338 330 327 342 338 334 345 334 336 346 339 335 342 329 338 336 329 340 331 345 346 338 325 333 337 323 334 331 346 337 330 329 324 333 335 340 333 333 327 332 336 331 330 337 320 340 337 333 338 334 355 341 330 328 346 336 337]
Requests/sec:  181.40301783631259 KB
Transfer/sec:  1852.8986857280556 KB

