2024-01-01 15:30:34.566885359 +0000 UTC m=+369073.107086627
Running 29.454764634s myx-test @ https://192.168.12.127:6443/api/v1/namespaces/myx-test/limitranges
3 connections
Requests/bytes (per Connection):  [766319 772805 766319]
Response/bytes (per Connection):  [376369 379555 376369]
Requests Number (per Connection):  [709 715 709]
Requests/sec:  76.43616262642514 KB
Transfer/sec:  113.97694411126898 KB

2024-01-01 17:44:40.355548511 +0000 UTC m=+377118.895749829
Running 31.802832296s myx-test @ https://192.168.12.127:6443/api/v1/namespaces/myx-test/limitranges
6 connections
Requests/bytes (per Connection):  [562010 565253 573901 583630 583630 566334]
Response/bytes (per Connection):  [276010 277603 281851 286630 286630 278134]
Requests Number (per Connection):  [520 523 531 540 540 524]
Requests/sec:  105.4703501925796 KB
Transfer/sec:  157.26832372816912 KB

2024-01-01 20:01:21.13983044 +0000 UTC m=+385319.680031705
Running 37.479970245s myx-test @ https://192.168.12.127:6443/api/v1/namespaces/myx-test/limitranges
9 connections
Requests/bytes (per Connection):  [538228 514446 513365 512284 527418 520932 529580 536066 519851]
Response/bytes (per Connection):  [264328 252646 252115 251584 259018 255832 260080 263266 255301]
Requests Number (per Connection):  [498 476 475 474 488 482 490 496 481]
Requests/sec:  122.77833961831632 KB
Transfer/sec:  183.07538963869314 KB

2024-01-01 22:21:00.664424754 +0000 UTC m=+393699.204626115
Running 44.04643215s myx-test @ https://192.168.12.127:6443/api/v1/namespaces/myx-test/limitranges
15 connections
Requests/bytes (per Connection):  [499312 492826 488502 504717 490664 491745 492826 497150 505798 490664 509512 483544 510594 500856 495446]
Response/bytes (per Connection):  [245212 242026 239902 247867 240964 241495 242026 244150 248398 240964 250462 237694 250994 246206 243546]
Requests Number (per Connection):  [462 456 452 467 454 455 456 460 468 454 471 447 472 463 458]
Requests/sec:  165.2676247183848 KB
Transfer/sec:  246.4564952708661 KB

2024-01-02 00:40:45.905610094 +0000 UTC m=+402084.445811362
Running 56.576746539s myx-test @ https://192.168.12.127:6443/api/v1/namespaces/myx-test/limitranges
30 connections
Requests/bytes (per Connection):  [460396 475530 459315 448505 472287 460396 467963 466882 465801 466882 471642 468396 475970 460822 465150 474888 469478 459740 466232 470560 458658 460822 477052 441346 460822 465150 467314 460822 468396 478134]
Response/bytes (per Connection):  [226096 233530 225565 220255 231937 226096 229813 229282 228751 229282 231842 230246 233970 226522 228650 233438 230778 225990 229182 231310 225458 226522 234502 216946 226522 228650 229714 226522 230246 235034]
Requests Number (per Connection):  [426 440 425 415 437 426 433 432 431 432 436 433 440 426 430 439 434 425 431 435 424 426 441 408 426 430 432 426 433 442]
Requests/sec:  241.0537706783193 KB
Transfer/sec:  359.50893162624953 KB

2024-01-02 03:02:44.196156689 +0000 UTC m=+410602.736357963
Running 53.470187735s myx-test @ https://192.168.12.127:6443/api/v1/namespaces/myx-test/limitranges
60 connections
Requests/bytes (per Connection):  [360944 373916 372835 371754 379321 385807 377159 374997 369592 371754 373180 381836 372098 380754 354786 362360 377508 375344 369934 375344 372098 376426 373180 374262 380754 365606 376426 377508 375344 378590 368852 376426 372098 377508 375344 372098 384000 382918 386164 375344 374262 368852 385082 373180 385082 354786 376426 371016 366688 382918 377508 378590 379672 387246 363442 374262 367770 369934 367770 379672]
Response/bytes (per Connection):  [177244 183616 183085 182554 186271 189457 185209 184147 181492 182554 183430 187686 182898 187154 174386 178110 185558 184494 181834 184494 182898 185026 183430 183962 187154 179706 185026 185558 184494 186090 181302 185026 182898 185558 184494 182898 188750 188218 189814 184494 183962 181302 189282 183430 189282 174386 185026 182366 180238 188218 185558 186090 186622 190346 178642 183962 180770 181834 180770 186622]
Requests Number (per Connection):  [334 346 345 344 351 357 349 347 342 344 345 353 344 352 328 335 349 347 342 347 344 348 345 346 352 338 348 349 347 350 341 348 344 349 347 344 355 354 357 347 346 341 356 345 356 328 348 343 339 354 349 350 351 358 336 346 340 342 340 351]
Requests/sec:  410.3178498207586 KB
Transfer/sec:  611.9703943657754 KB

