2024-01-01 15:00:01.059335184 +0000 UTC m=+367239.599536461
Running 30.276096898s myx-test @ https://192.168.12.127:6443/api/v1/nodes
3 connections
Requests/bytes (per Connection):  [579987 593624 575791]
Response/bytes (per Connection):  [286897 293644 284821]
Requests Number (per Connection):  [553 566 549]
Requests/sec:  56.42736566673675 KB
Transfer/sec:  84.33981689755656 KB

2024-01-01 17:13:28.423954372 +0000 UTC m=+375246.964155647
Running 1m7.262793026s myx-test @ https://192.168.12.127:6443/api/v1/nodes
6 connections
Requests/bytes (per Connection):  [536978 528586 533831 527537 525439 515998]
Response/bytes (per Connection):  [265618 261466 264061 260947 259909 255238]
Requests Number (per Connection):  [512 504 509 503 501 492]
Requests/sec:  46.00032517779171 KB
Transfer/sec:  68.75446260033216 KB

2024-01-01 19:29:52.934770457 +0000 UTC m=+383431.474971723
Running 1m10.063601229s myx-test @ https://192.168.12.127:6443/api/v1/nodes
9 connections
Requests/bytes (per Connection):  [487675 492920 484528 505508 480332 470891 503410 491871 485577]
Response/bytes (per Connection):  [241225 243820 239668 250048 237592 232921 249010 243301 240187]
Requests Number (per Connection):  [465 470 462 482 458 449 480 469 463]
Requests/sec:  61.36600691487702 KB
Transfer/sec:  91.72029118580492 KB

2024-01-01 21:49:03.446102058 +0000 UTC m=+391781.986303330
Running 1m0.354883327s myx-test @ https://192.168.12.127:6443/api/v1/nodes
15 connections
Requests/bytes (per Connection):  [435225 423686 435225 446764 432078 419490 432078 442568 421588 418441 430390 438790 431440 438790 427240]
Response/bytes (per Connection):  [215275 209566 215275 220984 213718 207490 213718 218908 208528 206971 213090 217250 213610 217250 211530]
Requests Number (per Connection):  [415 404 415 426 412 400 412 422 402 399 410 418 411 418 407]
Requests/sec:  104.74816830164096 KB
Transfer/sec:  156.57643297145495 KB

2024-01-02 00:07:46.694675319 +0000 UTC m=+400105.234876587
Running 1m13.88169979s myx-test @ https://192.168.12.127:6443/api/v1/nodes
30 connections
Requests/bytes (per Connection):  [422637 422637 409000 420539 429980 418441 417392 406902 420539 407951 411490 416740 407290 420940 418840 415690 418840 400990 412540 415690 424090 417790 415690 415690 409390 412540 416740 418840 409390 420940]
Response/bytes (per Connection):  [209047 209047 202300 208009 212680 206971 206452 201262 208009 201781 203730 206330 201650 208410 207370 205810 207370 198530 204250 205810 209970 206850 205810 205810 202690 204250 206330 207370 202690 208410]
Requests Number (per Connection):  [403 403 390 401 410 399 398 388 401 389 392 397 388 401 399 396 399 382 393 396 404 398 396 396 390 393 397 399 390 401]
Requests/sec:  164.90900787516924 KB
Transfer/sec:  246.5296460239305 KB

2024-01-02 02:29:36.856054549 +0000 UTC m=+408615.396255818
Running 1m11.154221307s myx-test @ https://192.168.12.127:6443/api/v1/nodes
60 connections
Requests/bytes (per Connection):  [374383 376481 360746 356550 361795 374383 375432 364942 360746 369138 371590 366340 365290 378940 366340 366340 372640 365290 366340 370540 366340 364240 364240 362140 362140 374740 367390 358990 372640 370540 370540 366340 362140 362140 355840 362140 360040 364240 365290 370540 365290 370540 378940 374740 362140 364240 370540 355840 377890 368440 353740 362140 362140 370540 362140 364240 354790 368440 357940 369490]
Response/bytes (per Connection):  [185173 186211 178426 176350 178945 185173 185692 180502 178426 182578 183970 181370 180850 187610 181370 181370 184490 180850 181370 183450 181370 180330 180330 179290 179290 185530 181890 177730 184490 183450 183450 181370 179290 179290 176170 179290 178250 180330 180850 183450 180850 183450 187610 185530 179290 180330 183450 176170 187090 182410 175130 179290 179290 183450 179290 180330 175650 182410 177210 182930]
Requests Number (per Connection):  [357 359 344 340 345 357 358 348 344 352 354 349 348 361 349 349 355 348 349 353 349 347 347 345 345 357 350 342 355 353 353 349 345 345 339 345 343 347 348 353 348 353 361 357 345 347 353 339 360 351 337 345 345 353 345 347 338 351 341 352]
Requests/sec:  301.6815259615276 KB
Transfer/sec:  451.0157132707303 KB

