2024-01-01 15:38:50.525793969 +0000 UTC m=+369569.065995247
Running 1m15.792476395s myx-test @ https://192.168.12.127:6443/api/v1/namespaces/myx-test/persistentvolumeclaims
3 connections
Requests/bytes (per Connection):  [735591 748827 736694]
Response/bytes (per Connection):  [5766105 5869845 5774750]
Requests Number (per Connection):  [667 679 668]
Requests/sec:  28.618337738375992 KB
Transfer/sec:  252.9497955223792 KB

2024-01-01 17:52:50.994231058 +0000 UTC m=+377609.534432326
Running 1m10.083189405s myx-test @ https://192.168.12.127:6443/api/v1/namespaces/myx-test/persistentvolumeclaims
6 connections
Requests/bytes (per Connection):  [480798 489622 478592 469768 465356 469768]
Response/bytes (per Connection):  [3769110 3838270 3751820 3682660 3648080 3682660]
Requests Number (per Connection):  [436 444 434 426 422 426]
Requests/sec:  39.76724873199284 KB
Transfer/sec:  351.51450756809345 KB

2024-01-01 20:10:01.824774374 +0000 UTC m=+385840.364975656
Running 1m40.499195523s myx-test @ https://192.168.12.127:6443/api/v1/namespaces/myx-test/persistentvolumeclaims
9 connections
Requests/bytes (per Connection):  [533742 532639 534845 549184 540360 534845 530433 535948 544772]
Response/bytes (per Connection):  [4184070 4175425 4192715 4305100 4235940 4192715 4158135 4201360 4270520]
Requests Number (per Connection):  [484 483 485 498 490 485 481 486 494]
Requests/sec:  46.999443382798155 KB
Transfer/sec:  415.4334793575042 KB

2024-01-01 22:29:53.612390637 +0000 UTC m=+394232.152591907
Running 1m52.17466461s myx-test @ https://192.168.12.127:6443/api/v1/namespaces/myx-test/persistentvolumeclaims
15 connections
Requests/bytes (per Connection):  [486313 502858 501755 497343 502858 495137 516094 486313 489622 518300 487858 498898 508834 501106 501106]
Response/bytes (per Connection):  [3812335 3942010 3933365 3898785 3942010 3881495 4045750 3812335 3838270 4063040 3821422 3907882 3985696 3925174 3925174]
Requests Number (per Connection):  [441 456 455 451 456 449 468 441 444 470 442 452 461 454 454]
Requests/sec:  65.2441898768562 KB
Transfer/sec:  576.5730862934915 KB

2024-01-02 00:49:42.177246114 +0000 UTC m=+402620.717447389
Running 1m55.367367572s myx-test @ https://192.168.12.127:6443/api/v1/namespaces/myx-test/persistentvolumeclaims
30 connections
Requests/bytes (per Connection):  [455429 456532 453223 463150 449914 449914 464253 456532 466459 452120 451426 451426 448114 455842 444802 459154 452530 447010 454738 453634 449218 452530 456946 459154 450322 453634 445906 463570 459154 448114]
Response/bytes (per Connection):  [3570275 3578920 3552985 3630790 3527050 3527050 3639435 3578920 3656725 3544340 3536104 3536104 3510166 3570688 3484228 3596626 3544750 3501520 3562042 3553396 3518812 3544750 3579334 3596626 3527458 3553396 3492874 3631210 3596626 3510166]
Requests Number (per Connection):  [413 414 411 420 408 408 421 414 423 410 409 409 406 413 403 416 410 405 412 411 407 410 414 416 408 411 404 420 416 406]
Requests/sec:  115.33087910297664 KB
Transfer/sec:  1018.977518342729 KB

2024-01-02 03:11:36.316257737 +0000 UTC m=+411134.856459016
Running 1m51.292860339s myx-test @ https://192.168.12.127:6443/api/v1/namespaces/myx-test/persistentvolumeclaims
60 connections
Requests/bytes (per Connection):  [395867 406897 395867 385940 400279 411309 392558 405794 384837 394764 407266 390706 402850 395122 396226 400642 407266 403954 397330 394018 406162 405058 395122 395122 397330 395122 397330 388498 413890 397330 395122 396226 401746 388498 392914 407266 395122 398434 406162 395122 398434 403954 406162 394018 391810 387394 400642 397330 402850 400642 397330 385186 402850 401746 403954 381874 401746 412786 381874 405058]
Response/bytes (per Connection):  [3103445 3189895 3103445 3025640 3138025 3224475 3077510 3181250 3016995 3094800 3190264 3060574 3155680 3095158 3103804 3138388 3190264 3164326 3112450 3086512 3181618 3172972 3095158 3095158 3112450 3095158 3112450 3043282 3242140 3112450 3095158 3103804 3147034 3043282 3077866 3190264 3095158 3121096 3181618 3095158 3121096 3164326 3181618 3086512 3069220 3034636 3138388 3112450 3155680 3138388 3112450 3017344 3155680 3147034 3164326 2991406 3147034 3233494 2991406 3172972]
Requests Number (per Connection):  [359 369 359 350 363 373 356 368 349 358 369 354 365 358 359 363 369 366 360 357 368 367 358 358 360 358 360 352 375 360 358 359 364 352 356 369 358 361 368 358 361 366 368 357 355 351 363 360 365 363 360 349 365 364 366 346 364 374 346 367]
Requests/sec:  209.66911722973217 KB
Transfer/sec:  1852.3090417160834 KB

