2024-01-01 15:08:08.538193115 +0000 UTC m=+367727.078394389
Running 1m7.107017081s myx-test @ https://192.168.12.127:6443/api/v1/persistentvolumes
3 connections
Requests/bytes (per Connection):  [675880 693048 683391]
Response/bytes (per Connection):  [5633980 5777068 5696581]
Requests Number (per Connection):  [630 646 637]
Requests/sec:  29.865994058689193 KB
Transfer/sec:  278.8216125918017 KB

2024-01-01 17:22:04.002824829 +0000 UTC m=+375762.543026101
Running 1m35.199689302s myx-test @ https://192.168.12.127:6443/api/v1/persistentvolumes
6 connections
Requests/bytes (per Connection):  [575018 585748 599697 579310 579310 587894]
Response/bytes (per Connection):  [4760578 4850983 4968607 4796935 4795960 4869064]
Requests Number (per Connection):  [536 546 559 540 540 548]
Requests/sec:  35.97472062853204 KB
Transfer/sec:  333.8901062393722 KB

2024-01-01 19:38:27.882554557 +0000 UTC m=+383946.422755831
Running 1m34.520103188s myx-test @ https://192.168.12.127:6443/api/v1/persistentvolumes
9 connections
Requests/bytes (per Connection):  [499908 497762 504200 491324 500981 487032 487032 491324 496689]
Response/bytes (per Connection):  [4120723 4102057 4156885 4050544 4129276 4014967 4014187 4049764 4092724]
Requests Number (per Connection):  [466 464 470 458 467 454 454 458 463]
Requests/sec:  46.04109016993216 KB
Transfer/sec:  425.53963070359805 KB

2024-01-01 21:57:53.076367777 +0000 UTC m=+392311.616569053
Running 1m49.241363486s myx-test @ https://192.168.12.127:6443/api/v1/persistentvolumes
15 connections
Requests/bytes (per Connection):  [483813 485959 481667 491324 491324 468791 485959 476302 474156 464499 482116 490708 485338 473524 476746]
Response/bytes (per Connection):  [3968248 3986524 3951337 4031824 4031239 3845776 3986329 3907402 3888931 3811369 3953541 4022753 3976668 3882964 3908236]
Requests Number (per Connection):  [451 453 449 458 458 437 453 444 442 433 449 457 452 441 444]
Requests/sec:  64.47365016665717 KB
Transfer/sec:  593.2727919424342 KB

2024-01-02 00:16:40.882216374 +0000 UTC m=+400639.422417641
Running 1m53.391374144s myx-test @ https://192.168.12.127:6443/api/v1/persistentvolumes
30 connections
Requests/bytes (per Connection):  [446258 451623 452696 440893 438747 440893 452696 448404 447331 438747 457414 445600 452044 445600 438082 438082 434860 443452 448822 442378 441304 439156 441304 448822 439156 444526 442378 456340 460636 441304]
Response/bytes (per Connection):  [3649588 3694498 3701881 3607408 3588157 3606433 3703051 3667864 3659116 3588157 3736714 3642230 3694919 3641450 3579817 3580012 3554155 3623952 3667502 3614618 3607039 3589151 3607039 3669062 3589346 3634261 3615983 3729915 3764911 3606649]
Requests Number (per Connection):  [416 421 422 411 409 411 422 418 417 409 426 415 421 415 408 408 405 413 418 412 411 409 411 418 409 414 412 425 429 411]
Requests/sec:  115.05666716043004 KB
Transfer/sec:  1055.6498569160244 KB

2024-01-02 02:38:34.507638224 +0000 UTC m=+409153.047839549
Running 1m56.813610447s myx-test @ https://192.168.12.127:6443/api/v1/persistentvolumes
60 connections
Requests/bytes (per Connection):  [373294 372221 366856 374367 365783 364710 375440 379732 378659 382951 370420 391900 376864 380086 366124 373642 374716 386530 383308 379012 362902 375790 379012 360754 387604 380086 379012 377938 374716 371494 374716 377938 384382 376864 372568 384382 361828 366124 371494 386530 371494 376864 377938 383308 367198 374716 377938 367198 382234 374716 370420 374716 367198 377938 371494 379012 367198 387604 363976 383308]
Response/bytes (per Connection):  [3049459 3040906 2997166 3057622 2988223 2979475 3066370 3102337 3093004 3128581 3023170 3198345 3076249 3101716 2988174 3049417 3058166 3154795 3128353 3093747 2961342 3066720 3093747 2944819 3163349 3102106 3092967 3084803 3057776 3032309 3058556 3084608 3136907 3076444 3041058 3137492 2952983 2988174 3032699 3155770 3032699 3076249 3085193 3128743 2997703 3058361 3085388 2996728 3119409 3058946 3024145 3058361 2996923 3084023 3032504 3093357 2997118 3163349 2970286 3128158]
Requests Number (per Connection):  [348 347 342 349 341 340 350 354 353 357 345 365 351 354 341 348 349 360 357 353 338 350 353 336 361 354 353 352 349 346 349 352 358 351 347 358 337 341 346 360 346 351 352 357 342 349 352 342 356 349 345 349 342 352 346 353 342 361 339 357]
Requests/sec:  188.26079227762867 KB
Transfer/sec:  1725.0602129978527 KB

