2024-01-01 15:46:51.177682121 +0000 UTC m=+370049.717883418
Running 307.03809ms myx-test @ https://192.168.12.127:6443/api/v1/namespaces/myx-test/pods
3 connections
Requests/bytes (per Connection):  [2130 2130 4260]
Response/bytes (per Connection):  [23074 23074 46142]
Requests Number (per Connection):  [2 2 4]
Requests/sec:  27.09863294160018 KB
Transfer/sec:  320.6353505683937 KB

2024-01-01 18:01:52.42091242 +0000 UTC m=+378150.961113703
Running 693.079126ms myx-test @ https://192.168.12.127:6443/api/v1/namespaces/myx-test/pods
6 connections
Requests/bytes (per Connection):  [2130 2130 2130 2130 2130 6390]
Response/bytes (per Connection):  [23068 23068 23068 23068 23068 69204]
Requests Number (per Connection):  [2 2 2 2 2 6]
Requests/sec:  24.009704485025857 KB
Transfer/sec:  284.0359312740289 KB

2024-01-01 20:20:04.172895333 +0000 UTC m=+386442.713096600
Running 977.442259ms myx-test @ https://192.168.12.127:6443/api/v1/namespaces/myx-test/pods
9 connections
Requests/bytes (per Connection):  [8520 4260 2130 3195 3195 4260 5325 2130 2130]
Response/bytes (per Connection):  [92293 46145 23071 34605 34608 46145 57682 23071 23071]
Requests Number (per Connection):  [8 4 2 3 3 4 5 2 2]
Requests/sec:  35.11336730786877 KB
Transfer/sec:  415.4617216626808 KB

2024-01-01 22:37:55.519690383 +0000 UTC m=+394714.059891667
Running 868.156508ms myx-test @ https://192.168.12.127:6443/api/v1/namespaces/myx-test/pods
15 connections
Requests/bytes (per Connection):  [4260 3195 2130 4260 4260 4260 2130 3195 2130 2130 2132 2132 2132 4264 2132]
Response/bytes (per Connection):  [46148 34611 23074 46148 46148 46148 23074 34611 23074 23074 23076 23076 23076 46152 23076]
Requests Number (per Connection):  [4 3 2 4 4 4 2 3 2 2 2 2 2 4 2]
Requests/sec:  50.32889688940741 KB
Transfer/sec:  595.4022563751835 KB

2024-01-02 00:58:45.02089126 +0000 UTC m=+403163.561092580
Running 1.323342085s myx-test @ https://192.168.12.127:6443/api/v1/namespaces/myx-test/pods
30 connections
Requests/bytes (per Connection):  [6390 3195 3195 4260 2130 4260 3195 2130 4260 3195 4264 3198 4264 4264 3198 2132 2132 3198 3198 2132 2132 2132 2132 2132 3198 2132 2132 2132 2132 2132]
Response/bytes (per Connection):  [69207 34599 34605 46133 23071 46133 34605 23071 46139 34599 46143 34608 46140 46143 34602 23073 23073 34605 34608 23073 23067 23073 23073 23073 34605 23073 23073 23073 23067 23067]
Requests Number (per Connection):  [6 3 3 4 2 4 3 2 4 3 4 3 4 4 3 2 2 3 3 2 2 2 2 2 3 2 2 2 2 2]
Requests/sec:  66.84071035192689 KB
Transfer/sec:  790.3831348528449 KB

2024-01-02 03:20:09.125373544 +0000 UTC m=+411647.665574821
Running 1.73239261s myx-test @ https://192.168.12.127:6443/api/v1/namespaces/myx-test/pods
60 connections
Requests/bytes (per Connection):  [3195 2130 2130 2130 3195 2130 2130 2130 2130 2130 2132 2132 2132 3198 4264 4264 2132 3198 2132 2132 2132 3198 5330 4264 4264 2132 2132 2132 2132 2132 5330 2132 2132 4264 2132 3198 3198 2132 4264 2132 2132 2132 2132 2132 2132 4264 4264 3198 3198 2132 5330 4264 3198 2132 2132 2132 4264 3198 3198 2132]
Response/bytes (per Connection):  [33582 23074 22045 23074 33582 23074 23074 23074 23074 22045 23076 22047 23076 33585 44094 43065 23076 33585 22047 23076 22047 32556 53574 44094 43065 22047 23076 23076 23076 23076 54603 23076 23076 43065 23076 33585 33585 23076 44094 23076 23076 23076 23076 22047 23076 44094 44094 33585 32556 23076 53574 43065 33585 23076 23076 23076 43065 33585 32556 23076]
Requests Number (per Connection):  [3 2 2 2 3 2 2 2 2 2 2 2 2 3 4 4 2 3 2 2 2 3 5 4 4 2 2 2 2 2 5 2 2 4 2 3 3 2 4 2 2 2 2 2 2 4 4 3 3 2 5 4 3 2 2 2 4 3 3 2]
Requests/sec:  96.73444130542671 KB
Transfer/sec:  1110.2318324222128 KB

