2024-01-01 15:54:21.633320842 +0000 UTC m=+370500.173522121
Running 30.104813718s myx-test @ https://192.168.12.127:6443/api/v1/namespaces/myx-test/podtemplates
3 connections
Requests/bytes (per Connection):  [754741 757990 738496]
Response/bytes (per Connection):  [6297285 6324390 6161760]
Requests Number (per Connection):  [697 700 682]
Requests/sec:  73.0269879023704 KB
Transfer/sec:  682.3381237895824 KB

2024-01-01 18:09:24.89075341 +0000 UTC m=+378603.430954704
Running 32.038973993s myx-test @ https://192.168.12.127:6443/api/v1/namespaces/myx-test/podtemplates
6 connections
Requests/bytes (per Connection):  [573880 571714 560884 578212 564133 566299]
Response/bytes (per Connection):  [4788440 4770370 4680020 4824580 4707125 4725195]
Requests Number (per Connection):  [530 528 518 534 521 523]
Requests/sec:  104.09447190330319 KB
Transfer/sec:  972.6572833780072 KB

2024-01-01 20:27:44.288612206 +0000 UTC m=+386902.828813474
Running 39.873026135s myx-test @ https://192.168.12.127:6443/api/v1/namespaces/myx-test/podtemplates
9 connections
Requests/bytes (per Connection):  [553303 541390 539224 552220 543556 539224 520813 547888 552220]
Response/bytes (per Connection):  [4616775 4517390 4499320 4607740 4535460 4499320 4345725 4571600 4607740]
Requests Number (per Connection):  [511 500 498 510 502 498 481 506 510]
Requests/sec:  119.76097338855767 KB
Transfer/sec:  1119.052945534604 KB

2024-01-01 22:45:35.570296393 +0000 UTC m=+395174.110497659
Running 39.727023933s myx-test @ https://192.168.12.127:6443/api/v1/namespaces/myx-test/podtemplates
15 connections
Requests/bytes (per Connection):  [475327 479659 468829 476410 494821 474244 496987 485074 482908 479659 475766 486606 479018 479018 486606]
Response/bytes (per Connection):  [3966255 4002395 3912045 3975290 4128885 3957220 4146955 4047570 4029500 4002395 3966694 4057054 3993802 3993802 4057054]
Requests Number (per Connection):  [439 443 433 440 457 438 459 448 446 443 439 449 442 442 449]
Requests/sec:  177.5036413032787 KB
Transfer/sec:  1658.2365897481234 KB

2024-01-02 01:06:42.544666307 +0000 UTC m=+403641.084867591
Running 57.055696167s myx-test @ https://192.168.12.127:6443/api/v1/namespaces/myx-test/podtemplates
30 connections
Requests/bytes (per Connection):  [433090 436339 445003 439588 438505 442837 434173 454750 435256 433090 443246 430238 447582 437826 432406 441078 446498 430238 441078 439994 446498 428070 437826 434574 439994 445414 447582 446498 436742 439994]
Response/bytes (per Connection):  [3613890 3640995 3713275 3668100 3659065 3695205 3622925 3794590 3631960 3613890 3695614 3587182 3731758 3650434 3605254 3677542 3722722 3587182 3677542 3668506 3722722 3569110 3650434 3623326 3668506 3713686 3731758 3722722 3641398 3668506]
Requests Number (per Connection):  [400 403 411 406 405 409 401 420 402 400 409 397 413 404 399 407 412 397 407 406 412 395 404 401 406 411 413 412 403 406]
Requests/sec:  225.6910497287965 KB
Transfer/sec:  2107.928741152345 KB

2024-01-02 03:28:07.87891594 +0000 UTC m=+412126.419117218
Running 58.03371098s myx-test @ https://192.168.12.127:6443/api/v1/namespaces/myx-test/podtemplates
60 connections
Requests/bytes (per Connection):  [384355 387604 378940 382189 385438 385438 387604 387604 381106 370276 385794 390130 382542 379290 367366 380374 387962 378206 386878 380374 379290 387962 384710 389046 383626 384710 391214 378206 385794 370618 377122 385794 378206 389046 383626 389046 377122 395550 373870 391214 383626 380374 381458 381458 376038 386878 385794 385794 377122 377122 384710 385794 386878 386878 381458 377122 392298 386878 393382 385794]
Response/bytes (per Connection):  [3207315 3234420 3162140 3189245 3216350 3216350 3234420 3234420 3180210 3089860 3216706 3252850 3189598 3162490 3063094 3171526 3234778 3153454 3225742 3171526 3162490 3234778 3207670 3243814 3198634 3207670 3261886 3153454 3216706 3090202 3144418 3216706 3153454 3243814 3198634 3243814 3144418 3298030 3117310 3261886 3198634 3171526 3180562 3180562 3135382 3225742 3216706 3216706 3144418 3144418 3207670 3216706 3225742 3225742 3180562 3144418 3270922 3225742 3279958 3216706]
Requests Number (per Connection):  [355 358 350 353 356 356 358 358 352 342 356 360 353 350 339 351 358 349 357 351 350 358 355 359 354 355 361 349 356 342 348 356 349 359 354 359 348 365 345 361 354 351 352 352 347 357 356 356 348 348 355 356 357 357 352 348 362 357 363 356]
Requests/sec:  387.06789465637235 KB
Transfer/sec:  3614.837346065061 KB

