2024-01-01 16:02:56.741931232 +0000 UTC m=+371015.282132506
Running 1m34.6609018s myx-test @ https://192.168.12.127:6443/api/v1/namespaces/myx-test/replicationcontrollers
3 connections
Requests/bytes (per Connection):  [638527 633012 635218]
Response/bytes (per Connection):  [5556553 5508568 5527762]
Requests Number (per Connection):  [579 574 576]
Requests/sec:  19.670923764773388 KB
Transfer/sec:  190.85022796074819 KB

2024-01-01 18:18:14.023262437 +0000 UTC m=+379132.563463705
Running 1m48.722190343s myx-test @ https://192.168.12.127:6443/api/v1/namespaces/myx-test/replicationcontrollers
6 connections
Requests/bytes (per Connection):  [543669 554699 553596 537051 550287 538154]
Response/bytes (per Connection):  [4731211 4827181 4817584 4673629 4788793 4683226]
Requests Number (per Connection):  [493 503 502 487 499 488]
Requests/sec:  29.438706255848267 KB
Transfer/sec:  285.62512367098736 KB

2024-01-01 20:36:44.267364796 +0000 UTC m=+387442.807566076
Running 1m59.413166605s myx-test @ https://192.168.12.127:6443/api/v1/namespaces/myx-test/replicationcontrollers
9 connections
Requests/bytes (per Connection):  [526021 520506 527124 519403 513888 519403 518300 521609 522712]
Response/bytes (per Connection):  [4577659 4529674 4587256 4520077 4472092 4520077 4510480 4539271 4548868]
Requests Number (per Connection):  [477 472 478 471 466 471 470 473 474]
Requests/sec:  38.34642769772481 KB
Transfer/sec:  372.0539852879986 KB

2024-01-01 22:54:40.996390752 +0000 UTC m=+395719.536592034
Running 2m4.775348795s myx-test @ https://192.168.12.127:6443/api/v1/namespaces/myx-test/replicationcontrollers
15 connections
Requests/bytes (per Connection):  [488519 490725 479695 490725 506167 483004 485210 495137 483004 486313 480130 494482 491170 483442 486754]
Response/bytes (per Connection):  [4206477 4225213 4132220 4225900 4358197 4159866 4177228 4260853 4159408 4190718 4127846 4255368 4227719 4158930 4187724]
Requests Number (per Connection):  [443 445 435 445 459 438 440 449 438 441 435 448 445 438 441]
Requests/sec:  57.325502508225625 KB
Transfer/sec:  550.8191875537686 KB

2024-01-02 01:15:39.319752706 +0000 UTC m=+404177.859953972
Running 1m56.203375342s myx-test @ https://192.168.12.127:6443/api/v1/namespaces/myx-test/replicationcontrollers
30 connections
Requests/bytes (per Connection):  [408000 413515 419030 411309 414618 409103 410206 422339 425648 402485 414994 408370 409474 408370 413890 423826 413890 399538 416098 410578 416098 401746 419410 406162 406162 417202 414994 431554 419410 418306]
Response/bytes (per Connection):  [3487576 3536248 3582172 3517512 3544471 3498547 3508144 3611879 3639983 3441194 3546679 3489091 3497773 3488404 3537310 3621860 3534333 3413223 3555132 3508745 3554445 3430816 3583010 3470124 3471269 3563814 3546221 3686756 3583010 3572954]
Requests Number (per Connection):  [370 375 380 373 376 371 372 383 386 365 376 370 371 370 375 384 375 362 377 372 377 364 380 368 368 378 376 391 380 379]
Requests/sec:  104.26161651634496 KB
Transfer/sec:  995.2666134126381 KB

2024-01-02 03:37:00.953552386 +0000 UTC m=+412659.493753664
Running 1m52.19130784s myx-test @ https://192.168.12.127:6443/api/v1/namespaces/myx-test/replicationcontrollers
60 connections
Requests/bytes (per Connection):  [382631 377116 376013 367189 381528 377116 358365 367189 384837 379322 368626 373042 365314 379666 368626 380770 374146 381874 366418 369730 370834 373042 370834 368626 371938 369730 371938 371938 354274 365314 378562 370834 366418 385186 368626 371938 373042 376354 392914 384082 369730 371938 378562 364210 381874 387394 374146 373042 363106 375250 384082 370834 373042 362002 386290 366418 374146 360898 376354 366418]
Response/bytes (per Connection):  [3261349 3214051 3205828 3129281 3252668 3214051 3054108 3128594 3280543 3233474 3139670 3177375 3112479 3233360 3139212 3242500 3186744 3251640 3120245 3148352 3158179 3177833 3157721 3139670 3166403 3149039 3167777 3168006 3017186 3112021 3223533 3158408 3120932 3279747 3139212 3167777 3177375 3206169 3346246 3270607 3148810 3167777 3224449 3101736 3251869 3297569 3185828 3176688 3091222 3195426 3271065 3158179 3176688 3083685 3289803 3120245 3186973 3073171 3205253 3120016]
Requests Number (per Connection):  [347 342 341 333 346 342 325 333 349 344 334 338 331 344 334 345 339 346 332 335 336 338 336 334 337 335 337 337 321 331 343 336 332 349 334 337 338 341 356 348 335 337 343 330 346 351 339 338 329 340 348 336 338 328 350 332 339 327 341 332]
Requests/sec:  194.94183389024838 KB
Transfer/sec:  1855.3643846704756 KB

