2024-01-01 14:44:32.811882653 +0000 UTC m=+366311.352083927
Running 24.437709368s myx-test @ https://192.168.12.127:6443/apis/apps/v1/namespaces/myx-test/replicasets
3 connections
Requests/bytes (per Connection):  [631437 633611 639046]
Response/bytes (per Connection):  [317116 318208 320938]
Requests Number (per Connection):  [581 583 588]
Requests/sec:  76.090061014879 KB
Transfer/sec:  114.3035283784704 KB

2024-01-01 16:57:27.625062226 +0000 UTC m=+374286.165263492
Running 45.457972391s myx-test @ https://192.168.12.127:6443/apis/apps/v1/namespaces/myx-test/replicasets
6 connections
Requests/bytes (per Connection):  [548825 559695 568391 570565 548825 555347]
Response/bytes (per Connection):  [275620 281080 285448 286540 275620 278896]
Requests Number (per Connection):  [505 515 523 525 505 511]
Requests/sec:  72.00263403406932 KB
Transfer/sec:  108.16249378565469 KB

2024-01-01 19:13:48.73689442 +0000 UTC m=+382467.277095711
Running 1m5.192296986s myx-test @ https://192.168.12.127:6443/apis/apps/v1/namespaces/myx-test/replicasets
9 connections
Requests/bytes (per Connection):  [483605 491214 485779 489040 485779 482518 481431 506432 490127]
Response/bytes (per Connection):  [242860 246682 243952 245590 243952 242314 241768 254326 246136]
Requests Number (per Connection):  [445 452 447 450 447 444 443 466 451]
Requests/sec:  65.84973541788834 KB
Transfer/sec:  98.9186706053226 KB

2024-01-01 21:33:08.966355925 +0000 UTC m=+390827.506557203
Running 1m15.619050806s myx-test @ https://192.168.12.127:6443/apis/apps/v1/namespaces/myx-test/replicasets
15 connections
Requests/bytes (per Connection):  [491214 498823 495562 490127 502084 500997 489040 477083 498823 500997 501458 493842 502546 490578 517778]
Response/bytes (per Connection):  [246682 250504 248866 246136 252142 251596 245590 239584 250504 251596 252057 248228 252604 246587 260262]
Requests Number (per Connection):  [452 459 456 451 462 461 450 439 459 461 461 454 462 451 476]
Requests/sec:  96.22337539209973 KB
Transfer/sec:  144.56057153070793 KB

2024-01-01 23:51:30.61404962 +0000 UTC m=+399129.154250895
Running 1m1.53701082s myx-test @ https://192.168.12.127:6443/apis/apps/v1/namespaces/myx-test/replicasets
30 connections
Requests/bytes (per Connection):  [419472 419472 416211 419472 412950 414037 419472 414037 424907 416211 412242 407890 407890 422034 411154 418770 416594 430738 419858 419858 417682 415506 415506 407890 411154 416594 413330 417682 413330 424210]
Response/bytes (per Connection):  [210646 210646 209008 210646 207370 207916 210646 207916 213376 209008 207203 205015 205015 212126 206656 210485 209391 216502 211032 211032 209938 208844 208844 205015 206656 209391 207750 209938 207750 213220]
Requests Number (per Connection):  [386 386 383 386 380 381 386 381 391 383 379 375 375 388 378 385 383 396 386 386 384 382 382 375 378 383 380 384 380 390]
Requests/sec:  198.307884173281 KB
Transfer/sec:  297.9522656780715 KB

2024-01-02 02:13:16.654409338 +0000 UTC m=+407635.194610605
Running 1m5.514390489s myx-test @ https://192.168.12.127:6443/apis/apps/v1/namespaces/myx-test/replicasets
60 connections
Requests/bytes (per Connection):  [360774 374905 362948 369470 365122 371644 360774 366209 361861 356426 374162 354578 367634 362194 371986 376338 369810 367634 357842 366546 379602 367634 364370 367634 365458 364370 370898 366546 364370 369810 375250 363282 366546 367634 364370 367634 373074 376338 370898 369810 373074 362194 362194 361106 360018 385042 363282 390482 364370 360018 370898 365458 373074 370898 366546 366546 367634 369810 364370 367634]
Response/bytes (per Connection):  [181162 188260 182254 185530 183346 186622 181162 183892 181708 178978 188058 178212 184776 182041 186964 189152 185870 184776 179853 184229 190793 184776 183135 184776 183682 183135 186417 184229 183135 185870 188605 182588 184229 184776 183135 184776 187511 189152 186417 185870 187511 182041 182041 181494 180947 193528 182588 196263 183135 180947 186417 183682 187511 186417 184229 184229 184776 185870 183135 184776]
Requests Number (per Connection):  [332 345 334 340 336 342 332 337 333 328 344 326 338 333 342 346 340 338 329 337 349 338 335 338 336 335 341 337 335 340 345 334 337 338 335 338 343 346 341 340 343 333 333 332 331 354 334 359 335 331 341 336 343 341 337 337 338 340 335 338]
Requests/sec:  328.81362786515507 KB
Transfer/sec:  494.05328154292437 KB

