2023-12-27 01:51:45.609563938 +0000 UTC m=+43356.820999684
Running 8m1.463532344s myx-test @ https://192.168.12.127:6443/api/v1/namespaces/myx-test/secrets
3 connections
Requests/bytes (per Connection):  [1287690 1287690 1287690]
Response/bytes (per Connection):  [608128 610747 610288]
Requests Number (per Connection):  [1200 1200 1200]
Requests/sec:  7.835545256166094 KB
Transfer/sec:  11.54567462669382 KB

2023-12-27 02:27:45.084043714 +0000 UTC m=+45516.295479449
Running 16m0.62753772s myx-test @ https://192.168.12.127:6443/api/v1/namespaces/myx-test/secrets
6 connections
Requests/bytes (per Connection):  [1287690 1287690 1287690 1287690 1287690 1287690]
Response/bytes (per Connection):  [622992 622718 622808 622675 622720 622852]
Requests Number (per Connection):  [1200 1200 1200 1200 1200 1200]
Requests/sec:  7.85430179490566 KB
Transfer/sec:  11.65305253546183 KB

2023-12-27 02:36:16.88774038 +0000 UTC m=+46028.099176124
Running 1m31.461644771s myx-test @ https://192.168.12.127:6443/api/v1/namespaces/myx-test/secrets
9 connections
Requests/bytes (per Connection):  [1287690 1287690 1287690 1287690 1287690 1287690 1287690 1287690 1287690]
Response/bytes (per Connection):  [604890 604890 604890 604890 604890 604890 604890 604890 604890]
Requests Number (per Connection):  [1200 1200 1200 1200 1200 1200 1200 1200 1200]
Requests/sec:  123.74135539505954 KB
Transfer/sec:  181.86862862457718 KB

2023-12-27 02:44:58.114844086 +0000 UTC m=+46549.326279848
Running 1m40.730135803s myx-test @ https://192.168.12.127:6443/api/v1/namespaces/myx-test/secrets
15 connections
Requests/bytes (per Connection):  [1287690 1287690 1286616 1286616 1286616 1286616 1286616 1286616 1286616 1286616 1287815 1288890 1288890 1287815 1288890]
Response/bytes (per Connection):  [604890 604890 604385 604385 604385 604385 604385 604385 604385 604385 605584 606090 606090 605584 606090]
Requests Number (per Connection):  [1200 1200 1199 1199 1199 1199 1199 1199 1199 1199 1199 1200 1200 1199 1200]
Requests/sec:  187.21324531797524 KB
Transfer/sec:  275.18710805509943 KB

2023-12-27 04:14:46.647039299 +0000 UTC m=+51937.858475062
Running 1h22m47.801231332s myx-test @ https://192.168.12.127:6443/api/v1/namespaces/myx-test/secrets
30 connections
Requests/bytes (per Connection):  [1287690 1287690 1287690 1287690 1287690 1287690 1286616 1286616 1286616 1286616 1287815 1287815 1287815 1287815 1287815 1287815 1288890 1287815 1288890 1288890 1288890 1287815 1287815 1288890 1288890 1288890 1288890 1288890 1288890 1288890]
Response/bytes (per Connection):  [605023 605552 605331 605375 605286 605199 604606 604738 604869 604649 606035 605854 605944 605990 606125 605944 606361 605720 606451 606495 606676 606080 606080 606090 606316 606541 606541 606225 606405 606406]
Requests Number (per Connection):  [1200 1200 1200 1200 1200 1200 1199 1199 1199 1199 1199 1199 1199 1199 1199 1199 1200 1199 1200 1200 1200 1199 1199 1200 1200 1200 1200 1200 1200 1200]
Requests/sec:  7.595933322788102 KB
Transfer/sec:  11.168727762558499 KB

2023-12-27 06:44:50.828089591 +0000 UTC m=+60942.039525329
Running 37.294000493s myx-test @ https://192.168.12.127:6443/api/v1/namespaces/myx-test/secrets
60 connections
Requests/bytes (per Connection):  [1287690 1287690 1287690 1287690 1287690 1287690 1287690 1287690 1287690 1287690 1288890 1288890 1288890 1288890 1288890 1288890 1288890 1288890 1288890 1288890 1288890 1288890 1288890 1288890 1288890 1288890 1288890 1288890 1288890 1288890 1288890 1288890 1288890 1288890 1288890 1288890 1288890 1288890 1288890 1288890 1288890 1288890 1288890 1288890 1288890 1288890 1288890 1288890 1288890 1288890 1288890 1288890 1288890 1288890 1288890 1288890 1288890 1288890 1288890 1288890]
Response/bytes (per Connection):  [653439 653395 653704 653439 653438 653665 653749 653440 653441 653797 655897 655898 655529 655988 655988 655713 655895 656085 656175 656132 655990 655714 656080 656029 655759 655997 655805 655440 655987 655900 655986 655993 656173 655434 655760 656170 656034 655943 655944 656173 655896 656078 655664 655709 655481 655941 656221 656083 655900 655753 655567 655758 655989 655993 655896 655709 655711 655800 655892 655714]
Requests Number (per Connection):  [1200 1200 1200 1200 1200 1200 1200 1200 1200 1200 1200 1200 1200 1200 1200 1200 1200 1200 1200 1200 1200 1200 1200 1200 1200 1200 1200 1200 1200 1200 1200 1200 1200 1200 1200 1200 1200 1200 1200 1200 1200 1200 1200 1200 1200 1200 1200 1200 1200 1200 1200 1200 1200 1200 1200 1200 1200 1200 1200 1200]
Requests/sec:  2024.7004528697023 KB
Transfer/sec:  3054.5733169721098 KB

