2024-01-01 14:13:38.378068269 +0000 UTC m=+364456.918269567
Running 1m0.40776436s myx-test @ https://192.168.12.127:6443/api/v1/namespaces/myx-test/serviceaccounts
3 connections
Requests/bytes (per Connection):  [604285 607552 606463]
Response/bytes (per Connection):  [4589185 4613992 4605723]
Requests Number (per Connection):  [555 558 557]
Requests/sec:  29.39495630342841 KB
Transfer/sec:  252.63205254629952 KB

2024-01-01 16:26:18.763652684 +0000 UTC m=+372417.303853960
Running 31.817741904s myx-test @ https://192.168.12.127:6443/api/v1/namespaces/myx-test/serviceaccounts
6 connections
Requests/bytes (per Connection):  [579238 585772 589039 603196 584683 592306]
Response/bytes (per Connection):  [4398998 4448612 4473419 4580916 4440343 4498226]
Requests Number (per Connection):  [532 538 541 554 537 544]
Requests/sec:  108.47408345439824 KB
Transfer/sec:  932.2735703007543 KB

2024-01-01 18:42:12.514384834 +0000 UTC m=+380571.054586120
Running 36.525116882s myx-test @ https://192.168.12.127:6443/api/v1/namespaces/myx-test/serviceaccounts
9 connections
Requests/bytes (per Connection):  [542212 543301 538945 554191 534589 532411 546568 541123 549835]
Response/bytes (per Connection):  [4117852 4126121 4093045 4208811 4059969 4043431 4150928 4109583 4175735]
Requests Number (per Connection):  [498 499 495 509 491 489 502 497 505]
Requests/sec:  130.56017319105646 KB
Transfer/sec:  1122.1048216774602 KB

2024-01-01 21:01:03.597865187 +0000 UTC m=+388902.138066449
Running 42.932806804s myx-test @ https://192.168.12.127:6443/api/v1/namespaces/myx-test/serviceaccounts
15 connections
Requests/bytes (per Connection):  [505186 499741 513898 500830 483406 496474 508453 486673 508453 493207 500200 480580 493660 494750 502380]
Response/bytes (per Connection):  [3836706 3795361 3902858 3803630 3671326 3770554 3861513 3696133 3861513 3745747 3795820 3646960 3746200 3754470 3812360]
Requests Number (per Connection):  [464 459 472 460 444 456 467 447 467 453 459 441 453 454 461]
Requests/sec:  169.8668884608782 KB
Transfer/sec:  1459.6082749541213 KB

2024-01-01 23:19:32.183634992 +0000 UTC m=+397210.723836260
Running 59.939562109s myx-test @ https://192.168.12.127:6443/api/v1/namespaces/myx-test/serviceaccounts
30 connections
Requests/bytes (per Connection):  [450736 444202 452914 427867 456181 445291 460537 444202 439846 442024 445700 454420 452240 454420 439160 446790 451150 442430 435890 441340 440250 444610 436980 444610 436980 444610 452240 446790 439160 438070]
Response/bytes (per Connection):  [3423256 3373642 3439794 3249607 3464601 3381911 3497677 3373642 3340566 3357104 3382320 3448480 3431940 3448480 3332700 3390590 3423670 3357510 3307890 3349240 3340970 3374050 3316160 3374050 3316160 3374050 3431940 3390590 3332700 3324430]
Requests Number (per Connection):  [414 408 416 393 419 409 423 408 404 406 409 417 415 417 403 410 414 406 400 405 404 408 401 408 401 408 415 410 403 402]
Requests/sec:  217.5309675067216 KB
Transfer/sec:  1868.766519703705 KB

2024-01-02 01:40:56.106743927 +0000 UTC m=+405694.646945205
Running 1m20.170911776s myx-test @ https://192.168.12.127:6443/api/v1/namespaces/myx-test/serviceaccounts
60 connections
Requests/bytes (per Connection):  [385396 384307 399553 373417 386485 388663 383218 376684 394108 390841 396650 397740 391200 385750 389020 389020 389020 396650 398830 384660 395560 383570 380300 387930 390110 396650 391200 378120 385750 385750 392290 403190 393380 389020 387930 386840 387930 386840 397740 402100 381390 398830 386840 398830 375940 386840 390110 384660 397740 398830 396650 408640 396650 387930 382480 389020 383570 401010 397740 397740]
Response/bytes (per Connection):  [2927116 2918847 3034613 2836157 2935385 2951923 2910578 2860964 2993268 2968461 3010170 3018440 2968820 2927470 2952280 2952280 2952280 3010170 3026710 2919200 3001900 2910930 2886120 2944010 2960550 3010170 2968820 2869580 2927470 2927470 2977090 3059790 2985360 2952280 2944010 2935740 2944010 2935740 3018440 3051520 2894390 3026710 2935740 3026710 2853040 2935740 2960550 2919200 3018440 3026710 3010170 3101140 3010170 2944010 2902660 2952280 2910930 3043250 3018440 3018440]
Requests Number (per Connection):  [354 353 367 343 355 357 352 346 362 359 364 365 359 354 357 357 357 364 366 353 363 352 349 356 358 364 359 347 354 354 360 370 361 357 356 355 356 355 365 369 350 366 355 366 345 355 358 353 365 366 364 375 364 356 351 357 352 368 365 365]
Requests/sec:  285.33830443597526 KB
Transfer/sec:  2451.0587797297003 KB

