2024-01-01 14:21:34.213977526 +0000 UTC m=+364932.754178810
Running 55.09742239s myx-test @ https://192.168.12.127:6443/api/v1/namespaces/myx-test/services
3 connections
Requests/bytes (per Connection):  [137490 145015 148240]
Response/bytes (per Connection):  [1116824 1177892 1204022]
Requests Number (per Connection):  [128 135 138]
Requests/sec:  7.634647789600526 KB
Transfer/sec:  69.64728249944362 KB

2024-01-01 16:34:08.593697149 +0000 UTC m=+372887.133898415
Running 47.979862464s myx-test @ https://192.168.12.127:6443/api/v1/namespaces/myx-test/services
6 connections
Requests/bytes (per Connection):  [91280 90206 110615 104168 106316 112765]
Response/bytes (per Connection):  [741599 732878 898654 846287 863745 916092]
Requests Number (per Connection):  [85 84 103 97 99 105]
Requests/sec:  12.524582262524929 KB
Transfer/sec:  114.27737416768306 KB

2024-01-01 18:50:00.401593841 +0000 UTC m=+381038.941795133
Running 46.345643626s myx-test @ https://192.168.12.127:6443/api/v1/namespaces/myx-test/services
9 connections
Requests/bytes (per Connection):  [77318 64430 75170 67652 69800 64430 56912 73022 77318]
Response/bytes (per Connection):  [628182 523496 610754 549669 567119 523472 462415 593262 628154]
Requests Number (per Connection):  [72 60 70 63 65 60 53 68 72]
Requests/sec:  13.191723286522992 KB
Transfer/sec:  120.37132483165787 KB

2024-01-01 21:08:57.224621654 +0000 UTC m=+389375.764822969
Running 50.936667716s myx-test @ https://192.168.12.127:6443/api/v1/namespaces/myx-test/services
15 connections
Requests/bytes (per Connection):  [38654 38654 42950 39728 41876 45098 34358 36506 50468 44024 38690 44065 49440 48365 38690]
Response/bytes (per Connection):  [314082 314084 348972 322813 340257 366436 279188 296624 410055 357697 314120 357752 401370 392644 314122]
Requests Number (per Connection):  [36 36 40 37 39 42 32 34 47 41 36 41 46 45 36]
Requests/sec:  12.108441708707712 KB
Transfer/sec:  110.46541689274176 KB

2024-01-01 23:27:27.108125273 +0000 UTC m=+397685.648326542
Running 49.327195123s myx-test @ https://192.168.12.127:6443/api/v1/namespaces/myx-test/services
30 connections
Requests/bytes (per Connection):  [13952 24692 23618 21470 19322 17174 22544 18248 18248 24692 17190 15040 29015 17190 25790 21490 21490 20415 31165 27940 27940 21490 23640 20415 29015 31165 19340 24715 19340 18265]
Response/bytes (per Connection):  [113423 200665 191922 174484 157042 139586 183203 148315 148317 200651 139608 122146 235600 139604 209420 174492 174496 165786 253056 226868 226870 174514 191946 165780 235606 253032 157056 200684 157068 148338]
Requests Number (per Connection):  [13 23 22 20 18 16 21 17 17 23 16 14 27 16 24 20 20 19 29 26 26 20 22 19 27 29 18 23 18 17]
Requests/sec:  13.185432275303548 KB
Transfer/sec:  120.282359283865 KB

2024-01-02 01:49:05.927279885 +0000 UTC m=+406184.467481200
Running 56.090567746s myx-test @ https://192.168.12.127:6443/api/v1/namespaces/myx-test/services
60 connections
Requests/bytes (per Connection):  [12878 8584 8584 15026 9657 20396 8584 13952 16100 16100 11815 12890 12890 7518 17190 11815 7518 19340 13965 8592 13965 6444 21490 9666 10740 13965 13965 7518 12890 19340 17190 18265 9666 15040 15040 11815 10740 11815 20415 9666 10740 10740 22565 7518 9666 13965 12890 9666 13965 16115 7518 7518 8592 11815 9666 12890 6444 8592 11815 16115]
Response/bytes (per Connection):  [104694 69794 69786 122138 78508 165753 69802 113421 130855 130877 95968 104692 104710 61071 139614 95974 61063 157054 113426 69798 113430 52354 174502 78529 87252 113424 113432 61069 104706 157038 139600 148328 78525 122160 122148 95982 87250 95972 165782 78533 87242 87254 183236 61077 78527 113422 104710 78523 113438 130876 61075 61071 69806 95976 78527 104690 52346 69806 95970 130872]
Requests Number (per Connection):  [12 8 8 14 9 19 8 13 15 15 11 12 12 7 16 11 7 18 13 8 13 6 20 9 10 13 13 7 12 18 16 17 9 14 14 11 10 11 19 9 10 10 21 7 9 13 12 9 13 15 7 7 8 11 9 12 6 8 11 15]
Requests/sec:  13.089600524722064 KB
Transfer/sec:  119.42324435827614 KB

