2024-01-01 14:52:30.464862372 +0000 UTC m=+366789.005063648
Running 57.462429847s myx-test @ https://192.168.12.127:6443/apis/apps/v1/namespaces/myx-test/statefulsets
3 connections
Requests/bytes (per Connection):  [640222 638044 632599]
Response/bytes (per Connection):  [322114 321018 318278]
Requests Number (per Connection):  [588 586 581]
Requests/sec:  32.47476841009229 KB
Transfer/sec:  48.81373903185093 KB

2024-01-01 17:05:20.810838122 +0000 UTC m=+374759.351039387
Running 52.709091081s myx-test @ https://192.168.12.127:6443/apis/apps/v1/namespaces/myx-test/statefulsets
6 connections
Requests/bytes (per Connection):  [574882 590128 562903 584683 586861 586861]
Response/bytes (per Connection):  [289234 296906 283206 294166 295262 295262]
Requests Number (per Connection):  [528 542 517 537 539 539]
Requests/sec:  64.59241379524103 KB
Transfer/sec:  97.090143240389 KB

2024-01-01 19:21:42.600429198 +0000 UTC m=+382941.140630476
Running 53.363646397s myx-test @ https://192.168.12.127:6443/apis/apps/v1/namespaces/myx-test/statefulsets
9 connections
Requests/bytes (per Connection):  [524788 535678 530233 504097 510631 514987 507364 512809 523699]
Response/bytes (per Connection):  [264026 269506 266766 253614 256902 259094 255258 257998 263478]
Requests Number (per Connection):  [482 492 487 463 469 473 466 471 481]
Requests/sec:  85.35711302387821 KB
Transfer/sec:  128.3010033471945 KB

2024-01-01 21:41:02.539182036 +0000 UTC m=+391301.079383303
Running 52.814231652s myx-test @ https://192.168.12.127:6443/apis/apps/v1/namespaces/myx-test/statefulsets
15 connections
Requests/bytes (per Connection):  [464893 463804 480139 470338 465982 463804 487762 467071 467071 471427 468590 459870 465320 460960 477310]
Response/bytes (per Connection):  [233886 233338 241558 236626 234434 233338 245394 234982 234982 237174 235960 231568 234313 232117 240352]
Requests Number (per Connection):  [427 426 441 432 428 426 448 429 429 433 430 422 427 423 438]
Requests/sec:  130.06860874312017 KB
Transfer/sec:  195.525449186317 KB

2024-01-01 23:59:32.071653494 +0000 UTC m=+399610.611854776
Running 1m0.587032299s myx-test @ https://192.168.12.127:6443/apis/apps/v1/namespaces/myx-test/statefulsets
30 connections
Requests/bytes (per Connection):  [427867 438757 428956 442024 443113 424600 438757 436579 442024 424600 432620 436980 434800 431530 435890 442430 428260 440250 433710 429350 427170 432620 431530 439160 428260 431530 430440 440250 427170 438070]
Response/bytes (per Connection):  [215254 220734 215802 222378 222926 213610 220734 219638 222378 213610 217843 220039 218941 217294 219490 222784 215647 221686 218392 216196 215098 217843 217294 221137 215647 217294 216745 221686 215098 220588]
Requests Number (per Connection):  [393 403 394 406 407 390 403 401 406 390 397 401 399 396 400 406 393 404 398 394 392 397 396 403 393 396 395 404 392 402]
Requests/sec:  209.84948006394347 KB
Transfer/sec:  315.4859657774158 KB

2024-01-02 02:21:24.693896157 +0000 UTC m=+408123.234097435
Running 1m7.384015249s myx-test @ https://192.168.12.127:6443/apis/apps/v1/namespaces/myx-test/statefulsets
60 connections
Requests/bytes (per Connection):  [365794 382129 381040 377773 377773 384307 381040 374506 385396 372328 383570 384660 386840 385750 369400 367220 382480 394470 371580 387930 375940 378120 390110 370490 390110 373760 386840 380300 379210 359590 383570 375940 382480 389020 379210 390110 383570 387930 378120 374850 379210 384660 372670 386840 380300 377030 380300 370490 369400 380300 371580 380300 391200 382480 387930 389020 379210 383570 386840 382480]
Response/bytes (per Connection):  [184018 192238 191690 190046 190046 193334 191690 188402 193882 187306 193138 193687 194785 194236 186001 184903 192589 198628 187099 195334 189295 190393 196432 186550 196432 188197 194785 191491 190942 181060 193138 189295 192589 195883 190942 196432 193138 195334 190393 188746 190942 193687 187648 194785 191491 189844 191491 186550 186001 191491 187099 191491 196981 192589 195334 195883 190942 193138 194785 192589]
Requests Number (per Connection):  [336 351 350 347 347 353 350 344 354 342 352 353 355 354 339 337 351 362 341 356 345 347 358 340 358 343 355 349 348 330 352 345 351 357 348 358 352 356 347 344 348 353 342 355 349 346 349 340 339 349 341 349 359 351 356 357 348 352 355 351]
Requests/sec:  330.73418351922464 KB
Transfer/sec:  497.2425157778386 KB

