2023-12-14 22:08:07.084936068 +0800 CST m=+360.236285822
Running 1m59.938611567s myx-test @ https://192.168.12.127:6443/api/v1/nodes
3 connections
Requests/bytes (per Connection):  [2518890 2518890 2518890]
Response/bytes (per Connection):  [1201290 1201290 1201290]
Requests Number (per Connection):  [2400 2400 2400]
Requests/sec:  61.527813691195156 KB
Transfer/sec:  90.87119403297103 KB

2023-12-14 22:19:48.541683773 +0800 CST m=+1061.693033512
Running 2m41.358548995s myx-test @ https://192.168.12.127:6443/api/v1/nodes
6 connections
Requests/bytes (per Connection):  [2511540 2511540 2511540 2511540 2511540 2511540]
Response/bytes (per Connection):  [1197783 1197783 1197783 1197783 1197783 1197783]
Requests Number (per Connection):  [2393 2393 2393 2393 2393 2393]
Requests/sec:  91.20096071238224 KB
Transfer/sec:  134.69577278981654 KB

2023-12-14 22:32:18.060799927 +0800 CST m=+1811.212149672
Running 3m29.43592368s myx-test @ https://192.168.12.127:6443/api/v1/nodes
9 connections
Requests/bytes (per Connection):  [2515740 2515740 2515740 2515740 2515740 2515740 2515740 2515740 2515740]
Response/bytes (per Connection):  [1199787 1199787 1199787 1199787 1199787 1199787 1199787 1199787 1199787]
Requests Number (per Connection):  [2397 2397 2397 2397 2397 2397 2397 2397 2397]
Requests/sec:  105.57403765904884 KB
Transfer/sec:  155.92358010812436 KB

2023-12-14 22:44:56.132246556 +0800 CST m=+2569.283596307
Running 3m37.988252881s myx-test @ https://192.168.12.127:6443/api/v1/nodes
15 connections
Requests/bytes (per Connection):  [2514690 2515740 2514690 2514690 2514690 2515740 2514690 2515740 2515740 2515740 2518137 2518137 2518137 2518137 2516035]
Response/bytes (per Connection):  [1199286 1199787 1199286 1199286 1199286 1199787 1199286 1199787 1199787 1199787 1202184 1202184 1202184 1202184 1201180]
Requests Number (per Connection):  [2396 2397 2396 2396 2396 2397 2396 2397 2397 2397 2397 2397 2397 2397 2395]
Requests/sec:  169.07417754493554 KB
Transfer/sec:  249.73578198543368 KB

2023-12-14 22:58:56.160416237 +0800 CST m=+3409.311765981
Running 4m59.85507932s myx-test @ https://192.168.12.127:6443/api/v1/nodes
30 connections
Requests/bytes (per Connection):  [2503140 2503140 2503140 2502090 2502090 2502090 2503140 2503140 2502090 2502090 2504474 2504474 2504474 2504474 2504474 2504474 2508678 2508678 2508678 2508678 2508678 2507627 2507627 2507627 2507627 2507627 2507627 2506576 2508678 2508678]
Response/bytes (per Connection):  [1194308 1194349 1194349 1193725 1193807 1193520 1194308 1194267 1193561 1193643 1196078 1195952 1196120 1196372 1195910 1196204 1198212 1198212 1198212 1198254 1198128 1197500 1197626 1197794 1197584 1197500 1197416 1197082 1198044 1197792]
Requests Number (per Connection):  [2385 2385 2385 2384 2384 2384 2385 2385 2384 2384 2384 2384 2384 2384 2384 2384 2388 2388 2388 2388 2388 2387 2387 2387 2387 2387 2387 2386 2388 2388]
Requests/sec:  244.79949852221498 KB
Transfer/sec:  361.67180551226386 KB

2023-12-14 23:13:01.109127221 +0800 CST m=+4254.260476968
Running 5m4.635425001s myx-test @ https://192.168.12.127:6443/api/v1/nodes
60 connections
Requests/bytes (per Connection):  [2285790 2302590 2301540 2284740 2277390 2278440 2260590 2246940 2259540 2256390 2244877 2263795 2261693 2256438 2263795 2249081 2281662 2269050 2284815 2270101 2263795 2262744 2260642 2250132 2246979 2256438 2258540 2261693 2269050 2264846 2275356 2260642 2257489 2266948 2264846 2263795 2264846 2270101 2270101 2266948 2290070 2277458 2259591 2273254 2259591 2261693 2262744 2261693 2283764 2277458 2275356 2266948 2267999 2266948 2273254 2261693 2258540 2250132 2408833 2293223]
Response/bytes (per Connection):  [1091462 1099642 1099223 1090715 1087577 1087954 1078823 1072884 1079101 1077639 1073512 1082044 1081334 1078613 1082632 1074932 1090367 1084134 1092084 1084594 1082169 1081878 1081167 1076064 1074389 1078907 1079996 1081710 1084931 1082336 1087692 1080328 1079242 1083298 1083133 1081834 1082546 1084678 1085602 1083256 1094426 1088444 1080162 1086687 1080539 1081376 1081752 1081082 1091288 1088822 1087776 1083298 1083926 1083466 1086856 1080872 1079996 1075685 1151110 1096058]
Requests Number (per Connection):  [2178 2194 2193 2177 2170 2171 2154 2141 2153 2150 2137 2155 2153 2148 2155 2141 2172 2160 2175 2161 2155 2154 2152 2142 2139 2148 2150 2153 2160 2156 2166 2152 2149 2158 2156 2155 2156 2161 2161 2158 2180 2168 2151 2164 2151 2153 2154 2153 2174 2168 2166 2158 2159 2158 2164 2153 2150 2142 2293 2183]
Requests/sec:  436.5663776100184 KB
Transfer/sec:  645.217561207523 KB

2023-12-14 23:26:50.8618508 +0800 CST m=+5084.013200544
Running 4m48.505607138s myx-test @ https://192.168.12.127:6443/api/v1/nodes
90 connections
Requests/bytes (per Connection):  [1594890 1587540 1541340 1496190 1447890 1507740 1509840 1544490 1537140 1608540 1589053 1566982 1565931 1609022 1507075 1525993 1503922 1514432 1498667 1510228 1508126 2135573 1572237 1519687 1784539 1742499 1743550 1451372 1589053 1486055 1691000 1491310 2224908 2196531 1511279 1500769 1740397 2195480 1713071 1718326 1729887 1743550 1737244 2190225 1595359 1536503 1492361 1527044 1496565 1512330 1482902 1517585 1515483 1497616 1416689 1448219 2104043 1743550 1762468 1679439 1481851 1509177 1541758 1674184 1638450 1765621 1692051 1473443 1483953 1583798 1481851 1511279 1523891 1558574 1530197 1540707 1543860 1537554 1572237 1516534 1527044 1665776 1684694 1612175 1570135 1590104 1968464 1576441 1471341 1516534]
Response/bytes (per Connection):  [762092 759014 737224 715355 692796 721106 722286 739017 735606 769168 760340 750511 749306 770919 721973 730653 719729 725204 717678 723360 722528 1023128 752475 727959 854379 834809 835271 695127 761173 711865 809753 713867 1065121 1051092 723316 718459 833554 1050126 820210 822717 827824 835398 832176 1048465 763814 735537 715165 731226 716558 723997 709398 726575 726162 716830 677924 693907 1006916 835017 844376 804225 709926 722765 738287 801802 784826 845941 810536 705530 709801 758410 709588 723358 730143 746860 732354 737410 739336 735906 752889 725867 731265 797241 806653 772265 752182 761347 941824 754024 704616 726211]
Requests Number (per Connection):  [1520 1513 1469 1426 1380 1437 1439 1472 1465 1533 1513 1492 1491 1532 1435 1453 1432 1442 1427 1438 1436 2033 1497 1447 1699 1659 1660 1382 1513 1415 1610 1420 2118 2091 1439 1429 1657 2090 1631 1636 1647 1660 1654 2085 1519 1463 1421 1454 1425 1440 1412 1445 1443 1426 1349 1379 2003 1660 1678 1599 1411 1437 1468 1594 1560 1681 1611 1403 1413 1508 1411 1439 1451 1484 1457 1467 1470 1464 1497 1444 1454 1586 1604 1535 1495 1514 1874 1501 1401 1444]
Requests/sec:  492.01345185828444 KB
Transfer/sec:  727.5717223200105 KB

2023-12-15 21:04:45.356022836 +0800 CST m=+943.654576534
Running 3m22.146226804s myx-test @ https://192.168.12.127:6443/api/v1/nodes
6 connections
Requests/bytes (per Connection):  [2517840 2518890 2517840 2517840 2518890 2518890]
Response/bytes (per Connection):  [1200789 1201290 1200789 1200789 1201290 1201290]
Requests Number (per Connection):  [2399 2400 2399 2399 2400 2400]
Requests/sec:  72.9968852507071 KB
Transfer/sec:  107.81000509753892 KB

