2023-12-04 16:33:45.710694549 +0800 CST m=+7126.554278719
Running 1m0s myx-test @ https://192.168.12.127:6443/api/v1/namespaces/myx-test/configmaps
3 connections
Requests/bytes (per Connection):  [35339102 35326914 38311311]
Response/bytes (per Connection):  [48248284 48231671 52306284]
Requests Number (per Connection):  [5814 5812 6303]
Requests/sec:  1773.7195149739584 KB
Transfer/sec:  4195.370540364584 KB

2023-12-04 16:35:25.942606682 +0800 CST m=+7226.786190852
Running 1m0s myx-test @ https://192.168.12.127:6443/api/v1/namespaces/myx-test/configmaps
6 connections
Requests/bytes (per Connection):  [30628351 29935435 30956623 29856394 31637431 31564487]
Response/bytes (per Connection):  [41816796 40870755 42264945 40762861 43194413 43094827]
Requests Number (per Connection):  [5039 4925 5093 4912 5205 5193]
Requests/sec:  3004.2109537760416 KB
Transfer/sec:  7105.848274739584 KB

2023-12-04 16:37:06.216818873 +0800 CST m=+7327.060403061
Running 1m0s myx-test @ https://192.168.12.127:6443/api/v1/namespaces/myx-test/configmaps
9 connections
Requests/bytes (per Connection):  [23061036 21638686 22854232 21504876 21766261 21589978 21541416 23255500 21693317]
Response/bytes (per Connection):  [31485061 29543163 31202836 29360549 29717400 29476733 29410376 31750597 29617814]
Requests Number (per Connection):  [3794 3560 3760 3538 3581 3552 3544 3826 3569]
Requests/sec:  3237.3909830729167 KB
Transfer/sec:  7657.386572265625 KB

2023-12-04 16:38:46.473570016 +0800 CST m=+7427.317154203
Running 1m0s myx-test @ https://192.168.12.127:6443/api/v1/namespaces/myx-test/configmaps
15 connections
Requests/bytes (per Connection):  [16964489 16885468 16982680 18137540 18070671 18028190 18034199 18186168 16818601 18289509 18277337 18125380 18088910 18034199 16873306]
Response/bytes (per Connection):  [23161509 23053625 23186383 24763118 24671829 24613772 24622036 24829508 22962337 24970590 24953985 24746519 24696727 24622036 23037025]
Requests Number (per Connection):  [2791 2778 2794 2984 2973 2966 2967 2992 2767 3009 3007 2982 2976 2967 2776]
Requests/sec:  4326.117301432291 KB
Transfer/sec:  10232.546321614584 KB

2023-12-04 16:40:26.76419419 +0800 CST m=+7527.607778361
Running 1m0s myx-test @ https://192.168.12.127:6443/api/v1/namespaces/myx-test/configmaps
30 connections
Requests/bytes (per Connection):  [10138588 9919800 9451735 10132401 9366633 9439573 10241953 9962193 10162796 10168873 9950193 10314861 9980430 9810224 9506316 9944114 10357448 9980528 10150674 9433394 9597623 9384868 9390859 9579248 10083929 10029118 10369476 9390945 10454644 10472811]
Response/bytes (per Connection):  [13842140 13543404 12904390 13833787 12788206 12887790 13983234 13601417 13875282 13883580 13584898 14082802 13626314 13393945 12979016 13576599 14140912 13626363 13858702 12879441 13103562 12813102 12821357 13078596 13767475 13692734 14157445 12821400 14273662 14298524]
Requests Number (per Connection):  [1668 1632 1555 1667 1541 1553 1685 1639 1672 1673 1637 1697 1642 1614 1564 1636 1704 1642 1670 1552 1579 1544 1545 1576 1659 1650 1706 1545 1720 1723]
Requests/sec:  4836.690234375 KB
Transfer/sec:  11440.207145182292 KB

2023-12-04 16:42:07.051708486 +0800 CST m=+7627.895292674
Running 1m0s myx-test @ https://192.168.12.127:6443/api/v1/namespaces/myx-test/configmaps
60 connections
Requests/bytes (per Connection):  [5628490 5719609 5810854 5719671 5549439 5743987 5835168 5999277 5877721 5792617 5555544 5774382 5847256 5756105 6023609 5750046 5604136 5701436 5804775 5835166 5786540 5902037 5549461 5664962 5573761 5610249 5865559 5914103 5743903 5725746 5573781 5871638 5519070 5841247 5634519 5713546 5829021 5701436 6035681 5658883 5634565 5835168 5579854 6011381 5622407 5470440 5719629 5798696 5592016 5774280 5695353 5865509 5592016 5658823 5713592 5792617 5853401 6096549 5926351 5519054]
Response/bytes (per Connection):  [7684542 7808994 7933509 7809025 7576643 7842221 7966704 8190765 8024797 7908612 7584955 7883716 7983267 7858799 8223969 7850510 7651327 7784129 7925210 7966703 7900314 8057993 7576654 7734335 7609842 7659643 8008197 8074545 7842179 7817322 7609852 8016496 7535161 7975003 7692816 7800703 7958371 7784129 8240524 7726036 7692839 7966704 7618148 8207336 7676241 7468770 7809004 7916911 7634748 7883665 7775828 8008172 7634748 7726006 7800726 7908612 7991599 8323553 8091188 7535153]
Requests Number (per Connection):  [926 941 956 941 913 945 960 987 967 953 914 950 962 947 991 946 922 938 955 960 952 971 913 932 917 923 965 973 945 942 917 966 908 961 927 940 959 938 993 931 927 960 918 989 925 900 941 954 920 950 937 965 920 931 940 953 963 1003 975 908]
Requests/sec:  5611.9162109375 KB
Transfer/sec:  13273.837809244791 KB

2023-12-04 16:43:47.348423011 +0800 CST m=+7728.192007194
Running 1m0s myx-test @ https://192.168.12.127:6443/api/v1/namespaces/myx-test/configmaps
90 connections
Requests/bytes (per Connection):  [4121016 4309405 4078553 4200117 4072392 4108922 4005605 4218356 4072432 4054241 4151497 4029923 4139307 4279154 4206114 4194050 4187813 3969137 4078451 4157576 4352098 4084632 4175715 4163655 4187975 3981185 4364244 3981295 3969031 3981291 4072474 4042081 4370337 4029921 4090569 4266968 4011620 3914428 4011690 3969137 3975212 4175817 4254734 4011688 4187971 4072478 4315468 3993379 4102733 4309547 3902188 3926586 4145424 4090709 4066275 4218338 4035922 4066267 4127135 4133148 4072472 4224321 4102747 4133262 4011684 4066397 4078553 4212285 4139343 4054237 4121000 4042083 4279118 4291310 4175813 3999430 4175709 4096782 4151363 4078535 4145420 4066357 4133162 4272995 4163655 4054193 4084630 4133152 4078553 4254722]
Response/bytes (per Connection):  [5626449 5883688 5568401 5734373 5560061 5609883 5468813 5759271 5560081 5535207 5667987 5502010 5651373 5842265 5742631 5726080 5717702 5419022 5568350 5676286 5941851 5576700 5701134 5684585 5717783 5435565 5958443 5435620 5418969 5435618 5560102 5518608 5966749 5502009 5584928 5825653 5477080 5344332 5477115 5419022 5427319 5701185 5809017 5477114 5717781 5560104 5891979 5452181 5601529 5883759 5327693 5360930 5659691 5584998 5551743 5759262 5510269 5551739 5634768 5643034 5560101 5767513 5601536 5643091 5477112 5551804 5568401 5750976 5651391 5535205 5626441 5518609 5842247 5858862 5701183 5460466 5701131 5593294 5667920 5568392 5659689 5551784 5643041 5833926 5684585 5535183 5576699 5643036 5568401 5809011]
Requests Number (per Connection):  [678 709 671 691 670 676 659 694 670 667 683 663 681 704 692 690 689 653 671 684 716 672 687 685 689 655 718 655 653 655 670 665 719 663 673 702 660 644 660 653 654 687 700 660 689 670 710 657 675 709 642 646 682 673 669 694 664 669 679 680 670 695 675 680 660 669 671 693 681 667 678 665 704 706 687 658 687 674 683 671 682 669 680 703 685 667 672 680 671 700]
Requests/sec:  6032.856591796875 KB
Transfer/sec:  14269.492724609376 KB

2023-12-04 16:45:27.639275538 +0800 CST m=+7828.482859726
Running 1m0s myx-test @ https://192.168.12.127:6443/api/v1/namespaces/myx-test/configmaps
150 connections
Requests/bytes (per Connection):  [2631943 2759614 3118211 2771618 2954030 2759526 2899269 2899293 2826483 2850741 2783854 2783772 2826345 2777755 2808152 2838545 2771740 2668411 2747298 2862839 2796044 2716987 2808190 2802021 2765609 2619707 2814307 2631801 2893190 2929662 2808086 2704851 2947899 2759508 2808198 3002610 2826371 2832548 2789891 2808088 2838481 2704747 2783772 2935819 2862797 2887111 2765549 2917610 2753455 2838559 2996553 2862943 2814191 2960129 2917552 2826325 2874973 2729077 2844622 2917506 2856808 2838637 2972373 2820310 2832470 2856718 2826439 2838611 2771680 2662322 2637880 2765693 2753537 2795962 2917506 2929680 2729109 2704833 2960123 2978402 2741259 3033161 2881034 3081665 2850637 2972319 2795982 2850763 2844644 2899427 2856830 2905506 2765581 2692591 2905506 2850639 2844700 2832402 2966146 2820382 2802089 2850795 2735150 2862795 3069497 2674354 2771726 2814197 2814165 2802009 2905506 2723142 2856800 2808088 2777691 2875065 2862795 2796028 2771772 2796086 2796022 2978360 2771626 2893258 2881122 2802007 2935765 2802167 2838481 2741323 2893320 3033139 2826417 2868874 3069477 2850691 2704865 2869016 2820374 2911455 2881166 2917632 2899297 2735288 2826323 2790009 2911581 2808244 2777851 2783772]
Response/bytes (per Connection):  [3593335 3767620 4257229 3784141 4033132 3767576 3958416 3958428 3858909 3892076 3800778 3800737 3858840 3792469 3833965 3875459 3784202 3643126 3750943 3908644 3817392 3709490 3833984 3825640 3775877 3576698 3842302 3593264 3950117 3999910 3833932 3692903 4024807 3767567 3833988 4099498 3858853 3867201 3809056 3833933 3875427 3692851 3800737 4008248 3908623 3941818 3775847 3983365 3759281 3875466 4091210 3908696 3842244 4041441 3983336 3858830 3925230 3726054 3883757 3983313 3900369 3875505 4058082 3850563 3867162 3900324 3858887 3875492 3784172 3634822 3601563 3775919 3759322 3817351 3983313 3999919 3726070 3692894 4041438 4066356 3742664 4141071 3933520 4207399 3892024 4058055 3817361 3892087 3883768 3958495 3900380 3966794 3775863 3676254 3966794 3892025 3883796 3867128 4049709 3850599 3825674 3892103 3734350 3908622 4190796 3651357 3784195 3842247 3842231 3825634 3966794 3717827 3900365 3833933 3792437 3925276 3908622 3817384 3784218 3817413 3817381 4066335 3784145 3950151 3933564 3825633 4008221 3825713 3875427 3742696 3950182 4141060 3858876 3916921 4190786 3892051 3692910 3916992 3850595 3975028 3933586 3983376 3958430 3734419 3858829 3809115 3975091 3834011 3792517 3800737]
Requests Number (per Connection):  [433 454 513 456 486 454 477 477 465 469 458 458 465 457 462 467 456 439 452 471 460 447 462 461 455 431 463 433 476 482 462 445 485 454 462 494 465 466 459 462 467 445 458 483 471 475 455 480 453 467 493 471 463 487 480 465 473 449 468 480 470 467 489 464 466 470 465 467 456 438 434 455 453 460 480 482 449 445 487 490 451 499 474 507 469 489 460 469 468 477 470 478 455 443 478 469 468 466 488 464 461 469 450 471 505 440 456 463 463 461 478 448 470 462 457 473 471 460 456 460 460 490 456 476 474 461 483 461 467 451 476 499 465 472 505 469 445 472 464 479 474 480 477 450 465 459 479 462 457 458]
Requests/sec:  6921.642529296875 KB
Transfer/sec:  16371.736539713542 KB

2023-12-04 16:47:07.913648636 +0800 CST m=+7928.757232805
Running 1m0s myx-test @ https://192.168.12.127:6443/api/v1/namespaces/myx-test/configmaps
300 connections
Requests/bytes (per Connection):  [1738376 1714060 1671559 1568170 1446670 1574249 1549933 1653328 1750546 1531778 1531696 1635039 1501353 1598565 1701904 1489171 1616800 1665432 1598639 1641168 1628958 1707991 1665432 1756635 1701938 1598639 1720139 1738408 1495316 1537775 1653272 1768771 1562095 1647195 1732329 1586435 1616800 1574249 1574253 1756613 1774848 1635037 1513461 1750536 1537867 1610733 1519538 1853875 1720139 1428357 1574251 1677590 1452671 1525621 1653272 1495234 1738376 1701904 1580336 1556012 1598611 1537775 1610725 1495272 1695829 1586405 1628962 1659353 1701904 1659353 1531696 1647193 1580368 1568170 1653274 1519538 1720173 1762692 1671509 1695847 1708021 1628962 1720141 1610721 1543876 1507380 1513459 1543854 1616868 1665432 1568174 1671513 1598567 1562091 1629022 1635061 1519538 1707981 1592486 1647237 1635037 1628958 1641116 1513511 1507428 1610721 1628982 1604660 1847786 1562091 1525623 1635099 1476993 1537871 1714062 1622883 1671559 1641140 1519596 1714060 1604646 1714060 1695867 1707981 1647251 1622883 1610721 1616806 1525689 1586483 1683667 1653320 1592484 1635035 1750534 1622945 1635099 1762692 1537783 1495310 1574249 1635099 1568224 1495228 1762712 1756629 1671515 1653274 1568170 1641116 1641118 1628962 1677636 1689792 1647197 1525619 1580376 1507382 1647193 1543854 1580328 1665458 1695867 1689750 1701904 1537777 1653274 1665482 1635041 1622931 1543858 1707983 1707981 1556016 1531696 1568168 1556024 1604714 1641114 1671551 1507380 1744455 1653274 1622883 1586405 1604714 1610723 1707983 1671531 1592488 1659377 1543946 1562177 1610791 1665482 1610767 1501407 1787018 1683667 1774850 1622945 1470908 1671513 1470922 1495278 1568250 1622945 1537841 1562109 1641152 1574247 1695825 1549933 1714062 1659407 1768775 1513475 1507382 1653318 1635097 1543882 1556052 1592484 1543890 1464831 1580328 1780929 1714060 1701904 1592562 1641116 1525621 1501301 1592486 1671559 1549937 1635037 1677588 1677636 1471024 1677612 1647199 1525617 1622879 1525617 1586405 1598565 1574247 1641174 1787018 1610791 1568170 1501303 1543854 1586407 1647199 1610725 1622879 1641114 1598637 1738378 1519552 1604646 1683713 1805249 1659351 1574291 1677590 1562091 1562149 1659351 1610721 1659353 1708021 1671509 1635095 1671559 1531696 1659379 1762692 1537871 1543856 1574249 1653284 1701904 1464831 1683709 1543910 1683667 1586407 1653272 1689790 1659351 1738404 1683671 1549935 1683667 1647193 1610721 1659353]
Response/bytes (per Connection):  [2373405 2340209 2282142 2141036 1975096 2149335 2116139 2257248 2390009 2091283 2091242 2232325 2049773 2182531 2323612 2033163 2207427 2273819 2182568 2240649 2224025 2331915 2273819 2398313 2323629 2182568 2348508 2373421 2041495 2099541 2257220 2414900 2132739 2248922 2365122 2165947 2207427 2149335 2149337 2398302 2423198 2232324 2066346 2390004 2099587 2199134 2074644 2531085 2348508 1950161 2149336 2290417 1983356 2082945 2257220 2041454 2373405 2323612 2157638 2124438 2182554 2099541 2199130 2041473 2315315 2165932 2224027 2265520 2323612 2265520 2091242 2248921 2157654 2141036 2257221 2074644 2348525 2406601 2282117 2315324 2331930 2224027 2348509 2199128 2107851 2058046 2066345 2107840 2207461 2273819 2141038 2282119 2182532 2132737 2224057 2232336 2074644 2331910 2174232 2248943 2232324 2224025 2240623 2066371 2058070 2199128 2224037 2190838 2522781 2132737 2082946 2232355 2016555 2099589 2340210 2215728 2282142 2240635 2074673 2340209 2190831 2340209 2315334 2331910 2248950 2215728 2199128 2207430 2082979 2165971 2298715 2257244 2174231 2232323 2390003 2215759 2232355 2406601 2099545 2041492 2149335 2232355 2141063 2041451 2406611 2398310 2282120 2257221 2141036 2240623 2240624 2224027 2290440 2307037 2248923 2082944 2157658 2058047 2248921 2107840 2157634 2273832 2315334 2307016 2323612 2099542 2257221 2273844 2232326 2215752 2107842 2331911 2331910 2124440 2091242 2141035 2124444 2190865 2240622 2282138 2058046 2381704 2257221 2215728 2165932 2190865 2199129 2331911 2282128 2174233 2265532 2107886 2132780 2199163 2273844 2199151 2049800 2439802 2298715 2423199 2215759 2008253 2282119 2008260 2041476 2141076 2215759 2099574 2132746 2240641 2149334 2315313 2116139 2340210 2265547 2414902 2066353 2058047 2257243 2232354 2107854 2124458 2174231 2107858 1999955 2157634 2431498 2340209 2323612 2174270 2240623 2082945 2049747 2174232 2282142 2116141 2232324 2290416 2290440 2008311 2290428 2248924 2082943 2215726 2082943 2165932 2182531 2149334 2240652 2439802 2199163 2141036 2049748 2107840 2165933 2248924 2199130 2215726 2240622 2182567 2373406 2074651 2190831 2298738 2464696 2265519 2149356 2290417 2132737 2132766 2265519 2199128 2265520 2331930 2282117 2232353 2282142 2091242 2265533 2406601 2099589 2107841 2149335 2257226 2323612 1999955 2298736 2107868 2298715 2165933 2257220 2307036 2265519 2373419 2298717 2116140 2298715 2248921 2199128 2265520]
Requests Number (per Connection):  [286 282 275 258 238 259 255 272 288 252 252 269 247 263 280 245 266 274 263 270 268 281 274 289 280 263 283 286 246 253 272 291 257 271 285 261 266 259 259 289 292 269 249 288 253 265 250 305 283 235 259 276 239 251 272 246 286 280 260 256 263 253 265 246 279 261 268 273 280 273 252 271 260 258 272 250 283 290 275 279 281 268 283 265 254 248 249 254 266 274 258 275 263 257 268 269 250 281 262 271 269 268 270 249 248 265 268 264 304 257 251 269 243 253 282 267 275 270 250 282 264 282 279 281 271 267 265 266 251 261 277 272 262 269 288 267 269 290 253 246 259 269 258 246 290 289 275 272 258 270 270 268 276 278 271 251 260 248 271 254 260 274 279 278 280 253 272 274 269 267 254 281 281 256 252 258 256 264 270 275 248 287 272 267 261 264 265 281 275 262 273 254 257 265 274 265 247 294 277 292 267 242 275 242 246 258 267 253 257 270 259 279 255 282 273 291 249 248 272 269 254 256 262 254 241 260 293 282 280 262 270 251 247 262 275 255 269 276 276 242 276 271 251 267 251 261 263 259 270 294 265 258 247 254 261 271 265 267 270 263 286 250 264 277 297 273 259 276 257 257 273 265 273 281 275 269 275 252 273 290 253 254 259 272 280 241 277 254 277 261 272 278 273 286 277 255 277 271 265 273]
Requests/sec:  7916.3873046875 KB
Transfer/sec:  18724.600325520834 KB

