2023-12-05 08:03:35.578917788 +0800 CST m=+62916.422501957
Running 1m0s myx-test @ https://192.168.12.127:6443/apis/apps/v1/namespaces/myx-test/controllerrevisions
3 connections
Requests/bytes (per Connection):  [36420625 39508373 35703948]
Response/bytes (per Connection):  [49359140 53543722 48387780]
Requests Number (per Connection):  [5945 6449 5828]
Requests/sec:  1816.94248046875 KB
Transfer/sec:  4279.3552734375 KB

2023-12-05 08:05:15.796922768 +0800 CST m=+63016.640506944
Running 1m0s myx-test @ https://192.168.12.127:6443/apis/apps/v1/namespaces/myx-test/controllerrevisions
6 connections
Requests/bytes (per Connection):  [28885305 28879172 30355623 30643536 31084662 31109170]
Response/bytes (per Connection):  [39146895 39138589 41139534 41529747 42127554 42160766]
Requests Number (per Connection):  [4715 4714 4955 5002 5074 5078]
Requests/sec:  2945.2712890625 KB
Transfer/sec:  6936.857958984375 KB

2023-12-05 08:06:56.036307317 +0800 CST m=+63116.879891495
Running 1m0s myx-test @ https://192.168.12.127:6443/apis/apps/v1/namespaces/myx-test/controllerrevisions
9 connections
Requests/bytes (per Connection):  [24688922 25325954 24793067 25295315 23622864 23432933 24866443 23561592 25301442]
Response/bytes (per Connection):  [33459646 34323070 33600790 34281553 32014944 31757554 33700352 31931913 34289856]
Requests Number (per Connection):  [4030 4134 4047 4129 3856 3825 4059 3846 4130]
Requests/sec:  3595.190950520833 KB
Transfer/sec:  8467.58154296875 KB

2023-12-05 08:08:36.269047807 +0800 CST m=+63217.112631989
Running 1m0s myx-test @ https://192.168.12.127:6443/apis/apps/v1/namespaces/myx-test/controllerrevisions
15 connections
Requests/bytes (per Connection):  [16755359 17527175 17478161 17392387 16828787 17508916 17496700 17582476 17508794 17711035 17459858 16577682 16792119 17398628 16773706]
Response/bytes (per Connection):  [22707712 23753797 23687374 23571134 22807300 23728949 23712362 23828603 23728888 24002912 23662504 22466928 22757529 23579494 22732604]
Requests Number (per Connection):  [2735 2861 2853 2839 2747 2858 2856 2870 2858 2891 2850 2706 2741 2840 2738]
Requests/sec:  4212.105843098959 KB
Transfer/sec:  9920.570849609376 KB

2023-12-05 08:10:16.493181539 +0800 CST m=+63317.336765711
Running 1m0s myx-test @ https://192.168.12.127:6443/apis/apps/v1/namespaces/myx-test/controllerrevisions
30 connections
Requests/bytes (per Connection):  [10028749 9385416 9826446 9991851 9832555 9655034 9838840 9440551 9900108 9967461 9367019 9802044 9655034 9685557 9458976 10071560 9863188 9979597 9526335 9642780 9802078 9985882 9685669 9532492 9967477 9814276 9820411 9948964 9514101 9526371]
Response/bytes (per Connection):  [13591436 12719622 13317381 13541550 13325675 13084969 13334057 12794345 13417086 13508397 12694705 13284222 13084969 13126428 12819276 13649518 13367189 13524944 12910590 13068363 13284239 13533326 13126484 12918908 13508405 13300817 13309124 13483430 12893994 12910608]
Requests Number (per Connection):  [1637 1532 1604 1631 1605 1576 1606 1541 1616 1627 1529 1600 1576 1581 1544 1644 1610 1629 1555 1574 1600 1630 1581 1556 1627 1602 1603 1624 1553 1555]
Requests/sec:  4761.015983072916 KB
Transfer/sec:  11213.393212890625 KB

2023-12-05 08:11:56.740214245 +0800 CST m=+63417.583798433
Running 1m0s myx-test @ https://192.168.12.127:6443/apis/apps/v1/namespaces/myx-test/controllerrevisions
60 connections
Requests/bytes (per Connection):  [5801597 5936253 5899629 5911883 5954768 6071181 5997659 5826109 5954740 5795474 5807716 5862753 5991532 5458499 5911881 6046641 5850615 6083431 5905748 6095685 5703511 5507513 5942516 5862869 5893440 5856634 5899629 5856742 6034293 5740333 5881236 5862869 5581035 5715825 5985353 5924137 5691319 5924137 6003786 5832176 6022163 5783220 5917922 5721916 5911883 5930264 5813797 5826107 5991446 5905650 5973061 5728061 6065050 6077194 5942486 5813849 5703567 5764841 5734206 5605543]
Response/bytes (per Connection):  [7862605 8045202 7995453 8012059 8070178 8227935 8128300 7895819 8070164 7854304 7870904 7945578 8119997 7397644 8012058 8194707 7929030 8244539 8003752 8261145 7729730 7464067 8053573 7945636 7987119 7937279 7995453 7937333 8178054 7779578 7970538 7945636 7563702 7746366 8111668 8028665 7713155 8028665 8136603 7904092 8161510 7837698 8020318 7754651 8012059 8036968 7879184 7895818 8119954 8003703 8095043 7762963 8219630 8236181 8053558 7879210 7729758 7812790 7771275 7596914]
Requests Number (per Connection):  [947 969 963 965 972 991 979 951 972 946 948 957 978 891 965 987 955 993 964 995 931 899 970 957 962 956 963 956 985 937 960 957 911 933 977 967 929 967 980 952 983 944 966 934 965 968 949 951 978 964 975 935 990 992 970 949 931 941 936 915]
Requests/sec:  5730.718961588542 KB
Transfer/sec:  13497.279345703126 KB

2023-12-05 08:13:37.051011303 +0800 CST m=+63517.894595483
Running 1m0s myx-test @ https://192.168.12.127:6443/apis/apps/v1/namespaces/myx-test/controllerrevisions
90 connections
Requests/bytes (per Connection):  [4000423 3975975 4337452 4257807 4129144 4300668 4343579 4055620 4325054 4435422 4343421 4276068 4245553 4361888 4331169 4159687 4361960 4367927 4288296 4441607 4257707 4245551 4404809 4269967 3969844 4024889 4417101 4190410 4153648 4276184 4386468 4190410 4135247 4270061 4355833 4318993 4343421 4423134 4361914 4337300 4172029 4202662 4263880 4233297 4337452 4178002 4459972 4361960 4116776 4153648 4288438 4159665 4306819 4270059 4472162 4233297 4159775 4447646 4208693 4092246 4312814 4172033 4116780 4276032 4404721 4435414 4318975 4300664 4276184 4172029 4190340 4251680 4110689 4453819 4263934 4288400 4331221 4318961 4104638 4300692 4220933 4416979 4061747 4343561 4239424 4386308 4484496 4190410 4104496 4374214]
Response/bytes (per Connection):  [5421605 5388423 5878292 5770356 5595995 5828463 5886595 5496359 5861614 6011109 5886516 5795205 5753750 5911468 5869911 5637464 5911504 5919727 5811798 6019441 5770306 5753749 5969605 5786915 5380118 5454796 5986230 5679023 5629205 5795263 5944716 5679023 5604286 5786962 5903201 5853344 5886516 5994486 5911481 5878216 5654114 5695628 5778632 5737143 5878292 5662340 6044342 5911504 5579332 5629205 5811869 5637453 5836778 5786961 6060916 5737143 5637508 6027700 5703883 5546109 5845015 5654116 5579334 5795187 5969561 6011105 5853335 5828461 5795263 5654114 5678988 5762053 5571049 6036026 5778659 5811850 5869937 5853328 5562784 5828475 5720482 5986169 5504662 5886586 5745446 5944636 6077562 5679023 5562713 5928110]
Requests Number (per Connection):  [653 649 708 695 674 702 709 662 706 724 709 698 693 712 707 679 712 713 700 725 695 693 719 697 648 657 721 684 678 698 716 684 675 697 711 705 709 722 712 708 681 686 696 691 708 682 728 712 672 678 700 679 703 697 730 691 679 726 687 668 704 681 672 698 719 724 705 702 698 681 684 694 671 727 696 700 707 705 670 702 689 721 663 709 692 716 732 684 670 714]
Requests/sec:  6250.206331380208 KB
Transfer/sec:  14720.81044921875 KB

2023-12-05 08:15:17.317176972 +0800 CST m=+63618.160761139
Running 1m0s myx-test @ https://192.168.12.127:6443/apis/apps/v1/namespaces/myx-test/controllerrevisions
150 connections
Requests/bytes (per Connection):  [2891530 2958927 2781248 2842672 2799629 2897735 2983435 2787503 2818074 2756742 2818010 2867074 2756900 2928384 2916196 2867082 2885475 2958927 2946829 2811919 2750615 2787401 2873247 2995687 2842516 2818132 2891690 2664997 2977306 2824135 3020215 2830318 2891642 2799629 3044703 2885405 2848643 2977446 2787533 3124474 2854928 2873305 2830386 2891630 2891626 2879276 2928320 2756872 2916058 3008095 3093773 2916192 2818156 2738519 2830374 3007941 2983567 2720016 2873309 2891564 2799629 2793650 3063238 2946739 2910035 2922231 2903784 2750729 2934419 2873155 2634280 2873271 2750771 2842620 2799751 2744598 3087590 2885561 3038688 2824201 2860963 2903784 3081479 2873275 2965184 2732320 2860927 2946673 2928388 2867024 2873151 2854928 2762867 2560746 2940546 2891532 2873243 2824137 2854824 2830264 2830264 2769152 2952798 2873309 2830336 2873239 2818138 2750771 2879302 2916038 2775123 2744508 2897749 2940544 2977426 2732316 3075336 2989718 2818138 2701741 2916066 2867024 2916038 2958927 2811975 2811883 2854798 2873213 2781248 2867126 2928292 3001848 2940546 3007947 2910045 3001884 3014072 2824135 2928324 2854810 2793512 2959085 2787375 2830338 2824135 3056951 2891678 2744488 2860897 2879434]
Response/bytes (per Connection):  [3918809 4010142 3769357 3852464 3794266 3927151 4043354 3777724 3819207 3736146 3819175 3885623 3736225 3968673 3952100 3885627 3910542 4010142 3993614 3810890 3727843 3777673 3893949 4059959 3852386 3819236 3918889 3611681 4035050 3827477 4093181 3835808 3918865 3794266 4126383 3910507 3860689 4035120 3777739 4234382 3869071 3893978 3835842 3918859 3918857 3902203 3968641 3736211 3952031 4076642 4192834 3952098 3819248 3711316 3835836 4076565 4043420 3686346 3893980 3918826 3794266 3786037 4151369 3993569 3943780 3960357 3935415 3727900 3976930 3893903 3570125 3893961 3727921 3852438 3794327 3719595 4184503 3910585 4118136 3827510 3877328 3935415 4176208 3893963 4018510 3702977 3877310 3993536 3968675 3885598 3893901 3869071 3744448 3470484 3985233 3918810 3893947 3827478 3869019 3835781 3835781 3752830 4001838 3893980 3835817 3893945 3819239 3727921 3902216 3952021 3761055 3719550 3927158 3985232 4035110 3702975 4167897 4051735 3819239 3661490 3952035 3885598 3952021 4010142 3810918 3810872 3869006 3893932 3769357 3885649 3968627 4068279 3985233 4076568 3943785 4068297 4084870 3827477 3968643 3869012 3785968 4010221 3777660 3835818 3827477 4142986 3918883 3719540 3877295 3902282]
Requests Number (per Connection):  [472 483 454 464 457 473 487 455 460 450 460 468 450 478 476 468 471 483 481 459 449 455 469 489 464 460 472 435 486 461 493 462 472 457 497 471 465 486 455 510 466 469 462 472 472 470 478 450 476 491 505 476 460 447 462 491 487 444 469 472 457 456 500 481 475 477 474 449 479 469 430 469 449 464 457 448 504 471 496 461 467 474 503 469 484 446 467 481 478 468 469 466 451 418 480 472 469 461 466 462 462 452 482 469 462 469 460 449 470 476 453 448 473 480 486 446 502 488 460 441 476 468 476 483 459 459 466 469 454 468 478 490 480 491 475 490 492 461 478 466 456 483 455 462 461 499 472 448 467 470]
Requests/sec:  7016.978629557291 KB
Transfer/sec:  16526.7591796875 KB

2023-12-05 08:16:57.614441643 +0800 CST m=+63718.458025813
Running 1m0s myx-test @ https://192.168.12.127:6443/apis/apps/v1/namespaces/myx-test/controllerrevisions
300 connections
Requests/bytes (per Connection):  [1464143 1574451 1568300 1525425 1605060 1635695 1635695 1684709 1470326 1525513 1715344 1592808 1703090 1574471 1703134 1562205 1556138 1745985 1666340 1752132 1641886 1623443 1635761 1531538 1654104 1623441 1660203 1635761 1654078 1586737 1684711 1678582 1549973 1654078 1703090 1531538 1629568 1605064 1678582 1696963 1439637 1500909 1592848 1531544 1697009 1531638 1568358 1727598 1531560 1629568 1647949 1647947 1531598 1580556 1500937 1605060 1733725 1745979 1592808 1733725 1611261 1721471 1641852 1635695 1721509 1672455 1543792 1684759 1494782 1476485 1660201 1556046 1543792 1617314 1654074 1543888 1592806 1709257 1635695 1727598 1605136 1715344 1684711 1666330 1556122 1678582 1507032 1715342 1666328 1715344 1550013 1672455 1568300 1635695 1549921 1482526 1776612 1531640 1488755 1568352 1641822 1598933 1727598 1660203 1752132 1531564 1629568 1684709 1678634 1623457 1543794 1513159 1629632 1647947 1666386 1586679 1611253 1648011 1531614 1654074 1715354 1556050 1562177 1574477 1568300 1611187 1605104 1678634 1500917 1629568 1488695 1531540 1684759 1623499 1513159 1574511 1684759 1562177 1678582 1690836 1592888 1647947 1617314 1654074 1519362 1623511 1660203 1464143 1648011 1525413 1513157 1421256 1562261 1654076 1641884 1696963 1709217 1617336 1580552 1605060 1580554 1788864 1592806 1623441 1617314 1543794 1549919 1678586 1556046 1641822 1617316 1537755 1647949 1556108 1537667 1727598 1721501 1611197 1531554 1549919 1623441 1629568 1623483 1684709 1629568 1574513 1703112 1409064 1513161 1574459 1690884 1531544 1598933 1605062 1696963 1678632 1605136 1678582 1605088 1813374 1641822 1592808 1641886 1641822 1549995 1629568 1556046 1617314 1666386 1531570 1568330 1580554 1617362 1599011 1739850 1684709 1549921 1623441 1464145 1611261 1568388 1580558 1733725 1543794 1672455 1752104 1684709 1678582 1543796 1721507 1592808 1629568 1556046 1660203 1592810 1592810 1580552 1635695 1654080 1611257 1605062 1703090 1690838 1660243 1629572 1733725 1654076 1611187 1494874 1733723 1623479 1629636 1543792 1598937 1647973 1598935 1568320 1513159 1758231 1617316 1549923 1611189 1629568 1549919 1660203 1611187 1654076 1586741 1623441 1807255 1611187 1562215 1507030 1654076 1586749 1556046 1721507 1696999 1764370 1666328 1745977 1580638 1703090 1580636 1647957 1623441 1592808 1500909 1672455 1494778 1543842 1592810 1525413 1586745 1684709 1666374 1586679 1531638 1611189 1482524]
Response/bytes (per Connection):  [1984312 2133777 2125462 2067348 2175279 2216794 2216794 2283217 1992643 2067392 2324732 2158674 2308126 2133787 2308148 2117175 2108902 2366250 2258314 2374563 2225129 2200189 2216827 2075644 2241717 2200188 2250006 2216827 2241704 2150399 2283218 2274914 2100580 2241704 2308126 2075644 2208491 2175281 2274914 2299823 1951101 2034132 2158694 2075647 2299846 2075694 2125491 2341338 2075655 2208491 2233400 2233399 2075674 2142069 2034146 2175279 2349641 2366247 2158674 2349641 2183619 2333035 2225112 2216794 2333054 2266611 2092250 2283242 2025829 2000962 2250005 2108856 2092250 2191885 2241702 2092298 2158673 2316449 2216794 2341338 2175317 2324732 2283218 2258309 2108894 2274914 2042433 2324731 2258308 2324732 2100600 2266611 2125462 2216794 2100554 2009222 2407761 2075695 2017576 2125488 2225097 2166976 2341338 2250006 2374563 2075657 2208491 2283217 2274940 2200196 2092251 2050736 2208523 2233399 2258337 2150370 2183615 2233431 2075682 2241702 2324737 2108858 2117161 2133790 2125462 2183582 2175301 2274940 2034136 2208491 2017546 2075645 2283242 2200217 2050736 2133807 2283242 2117161 2274914 2291520 2158714 2233399 2191885 2241702 2059077 2200223 2250006 1984312 2233431 2067342 2050735 1926192 2117203 2241703 2225128 2299823 2316429 2191896 2142067 2175279 2142068 2424366 2158673 2200188 2191885 2092251 2100553 2274916 2108856 2225097 2191886 2083992 2233400 2108887 2083948 2341338 2333050 2183587 2075652 2100553 2200188 2208491 2200209 2283217 2208491 2133808 2308137 1909617 2050737 2133781 2291544 2075647 2166976 2175280 2299823 2274939 2175317 2274914 2175293 2457579 2225097 2158674 2225129 2225097 2100591 2208491 2108856 2191885 2258337 2075660 2125477 2142068 2191909 2167015 2357943 2283217 2100554 2200188 1984313 2183619 2125506 2142070 2349641 2092251 2266611 2374549 2283217 2274914 2092252 2333053 2158674 2208491 2108856 2250006 2158675 2158675 2142067 2216794 2241705 2183617 2175280 2308126 2291521 2250026 2208493 2349641 2241703 2183582 2025875 2349640 2200207 2208525 2092250 2166978 2233412 2166977 2125472 2050736 2382852 2191886 2100555 2183583 2208491 2100553 2250006 2183582 2241703 2150401 2200188 2449280 2183582 2117180 2042432 2241703 2150405 2108856 2333053 2299841 2391161 2258308 2366246 2142110 2308126 2142109 2233404 2200188 2158674 2034132 2266611 2025827 2092275 2158675 2067342 2150403 2283217 2258331 2150370 2075694 2183583 2009221]
Requests Number (per Connection):  [239 257 256 249 262 267 267 275 240 249 280 260 278 257 278 255 254 285 272 286 268 265 267 250 270 265 271 267 270 259 275 274 253 270 278 250 266 262 274 277 235 245 260 250 277 250 256 282 250 266 269 269 250 258 245 262 283 285 260 283 263 281 268 267 281 273 252 275 244 241 271 254 252 264 270 252 260 279 267 282 262 280 275 272 254 274 246 280 272 280 253 273 256 267 253 242 290 250 243 256 268 261 282 271 286 250 266 275 274 265 252 247 266 269 272 259 263 269 250 270 280 254 255 257 256 263 262 274 245 266 243 250 275 265 247 257 275 255 274 276 260 269 264 270 248 265 271 239 269 249 247 232 255 270 268 277 279 264 258 262 258 292 260 265 264 252 253 274 254 268 264 251 269 254 251 282 281 263 250 253 265 266 265 275 266 257 278 230 247 257 276 250 261 262 277 274 262 274 262 296 268 260 268 268 253 266 254 264 272 250 256 258 264 261 284 275 253 265 239 263 256 258 283 252 273 286 275 274 252 281 260 266 254 271 260 260 258 267 270 263 262 278 276 271 266 283 270 263 244 283 265 266 252 261 269 261 256 247 287 264 253 263 266 253 271 263 270 259 265 295 263 255 246 270 259 254 281 277 288 272 285 258 278 258 269 265 260 245 273 244 252 260 249 259 275 272 259 250 263 242]
Requests/sec:  7891.852132161458 KB
Transfer/sec:  18587.301416015624 KB

