2023-12-05 17:08:21.542736365 +0800 CST m=+17252.050044235
Running 1m0s myx-test @ https://192.168.12.127:6443/apis/batch/v1/namespaces/myx-test/cronjobs
3 connections
Requests/bytes (per Connection):  [35113644 35490946 38704363]
Response/bytes (per Connection):  [52454030 53017651 57817854]
Requests Number (per Connection):  [5584 5644 6155]
Requests/sec:  1779.1170735677083 KB
Transfer/sec:  4436.824348958334 KB

2023-12-05 17:10:01.792236063 +0800 CST m=+17352.299543920
Running 1m0s myx-test @ https://192.168.12.127:6443/apis/batch/v1/namespaces/myx-test/cronjobs
6 connections
Requests/bytes (per Connection):  [32453773 32340581 34396854 32717891 32202183 34635702]
Response/bytes (per Connection):  [48480556 48311469 51383192 48875094 48104781 51740097]
Requests Number (per Connection):  [5161 5143 5470 5203 5121 5508]
Requests/sec:  3234.8141927083334 KB
Transfer/sec:  8067.092659505209 KB

2023-12-05 17:11:42.040879599 +0800 CST m=+17452.548187459
Running 1m0s myx-test @ https://192.168.12.127:6443/apis/batch/v1/namespaces/myx-test/cronjobs
9 connections
Requests/bytes (per Connection):  [28982521 27970214 29341136 30070518 29058035 29925845 29121031 27473391 27504822]
Response/bytes (per Connection):  [43295206 41782883 43830735 44920368 43407957 44704293 43501950 41040761 41087724]
Requests Number (per Connection):  [4609 4448 4666 4782 4621 4759 4631 4369 4374]
Requests/sec:  4222.778531901042 KB
Transfer/sec:  10530.91455078125 KB

2023-12-05 17:13:22.30221648 +0800 CST m=+17552.809524339
Running 1m0s myx-test @ https://192.168.12.127:6443/apis/batch/v1/namespaces/myx-test/cronjobs
15 connections
Requests/bytes (per Connection):  [22826424 22417651 21059433 22876708 22644049 21380018 22637760 21065642 22895519 22505695 20952522 22625188 22776114 21185103 22688070]
Response/bytes (per Connection):  [34098897 33488293 31459292 34174035 33826474 31938309 33817080 31468646 34202189 33619808 31299595 33798295 34023746 31647117 33892231]
Requests Number (per Connection):  [3630 3565 3349 3638 3601 3400 3600 3350 3641 3579 3332 3598 3622 3369 3608]
Requests/sec:  5412.368098958334 KB
Transfer/sec:  13497.557014973958 KB

2023-12-05 17:15:02.538650783 +0800 CST m=+17653.045958655
Running 1m0s myx-test @ https://192.168.12.127:6443/apis/batch/v1/namespaces/myx-test/cronjobs
30 connections
Requests/bytes (per Connection):  [11438363 11281146 10972995 10771799 11029608 10683709 10702668 10696429 11306306 11337747 11155422 11413209 10690002 11369174 10759251 11287437 10840934 11476063 11243414 10526626 10935261 11161661 11017022 11513801 10400874 10476340 11079904 11079980 11029594 11136505]
Response/bytes (per Connection):  [17087022 16852176 16391875 16091293 16476427 15959755 15987983 15978614 16889754 16936722 16664324 17049447 15969151 16983683 16072520 16861571 16194605 17143369 16795813 15724976 16335511 16673693 16457635 17199735 15537110 15649837 16551571 16551609 16476420 16636117]
Requests Number (per Connection):  [1819 1794 1745 1713 1754 1699 1702 1701 1798 1803 1774 1815 1700 1808 1711 1795 1724 1825 1788 1674 1739 1775 1752 1831 1654 1666 1762 1762 1754 1771]
Requests/sec:  5384.330143229166 KB
Transfer/sec:  13427.62958984375 KB

2023-12-05 17:16:42.798589253 +0800 CST m=+17753.305897130
Running 1m0s myx-test @ https://192.168.12.127:6443/apis/batch/v1/namespaces/myx-test/cronjobs
60 connections
Requests/bytes (per Connection):  [5753753 5785176 5829237 5841817 5879547 5829237 5558818 5873260 5558818 5829185 5822910 5999032 5885838 5822944 5678307 5665729 5627995 5672014 5860682 5672018 5923530 5810356 5816609 5659440 5829237 5822896 5659440 5829233 5866905 5703447 5583978 5747484 5577685 5697172 5898412 5640573 6086982 5892127 5401601 5873260 5678305 5747456 5653151 5590263 5672018 5527375 5716027 5848086 5999036 5942393 5571398 5866971 5558818 5640573 5634292 5829239 5804057 5892125 5565107 5634284]
Response/bytes (per Connection):  [8595169 8642128 8707905 8726694 8783056 8707905 8303967 8773663 8303967 8707879 8698492 8961539 8792451 8698509 8482452 8463664 8407300 8473056 8754875 8473058 8848794 8679716 8689092 8454270 8707905 8698485 8454270 8707903 8764236 8520020 8341545 8585785 8332149 8510633 8811237 8426088 9093007 8801845 8069121 8773663 8482451 8585771 8444876 8350937 8473058 8256998 8538809 8736078 8961541 8876974 8322756 8764269 8303967 8426088 8416698 8707906 8670317 8801844 8313361 8416694]
Requests Number (per Connection):  [915 920 927 929 935 927 884 934 884 927 926 954 936 926 903 901 895 902 932 902 942 924 925 900 927 926 900 927 933 907 888 914 887 906 938 897 968 937 859 934 903 914 899 889 902 879 909 930 954 945 886 933 884 897 896 927 923 937 885 896]
Requests/sec:  5617.47490234375 KB
Transfer/sec:  14009.058333333332 KB

2023-12-05 17:18:23.112503521 +0800 CST m=+17853.619811385
Running 1m0s myx-test @ https://192.168.12.127:6443/apis/batch/v1/namespaces/myx-test/cronjobs
90 connections
Requests/bytes (per Connection):  [4099890 4319977 4074822 4200556 4137706 3986748 4187976 4106161 4225752 4338822 4294779 4131423 4175338 4389150 4068533 4250890 4188022 4357821 4238294 4200498 4238332 3999356 4326366 4458437 4389168 4187900 4181733 4275986 4125052 4150288 4024512 4150264 4382917 4219447 4137712 4370325 4011858 4175404 4338834 4307505 4250906 4200596 4200468 4156465 4162864 4276062 4250796 4081035 4269705 4144001 4093689 4244621 4175368 4093643 4288606 4282355 4169155 4169151 4181733 4156535 4238272 4294933 4320077 3986742 4294773 3873580 4011934 4263484 4037006 4194251 4219467 4276032 4005617 4093689 4219395 4137710 4338936 4307505 4049668 4206887 4389260 4137622 4263484 4389264 4131307 4389260 4162866 4294929 4238330 4206885]
Response/bytes (per Connection):  [6124619 6453395 6087087 6274944 6181024 5955557 6256155 6134004 6312540 6481566 6415798 6171633 6237337 6556726 6077693 6350107 6256178 6509814 6331310 6274915 6331329 5974360 6462839 6660114 6556735 6256117 6246784 6387653 6162198 6199814 6011936 6199802 6547360 6303138 6181027 6528565 5993110 6237370 6481572 6434660 6350115 6274964 6274900 6209152 6218601 6387691 6350060 6096443 6378263 6190421 6115269 6340723 6237352 6115246 6406462 6397087 6227996 6227994 6246784 6209187 6331299 6415875 6453445 5955554 6415795 5786482 5993148 6368903 6030682 6265542 6303148 6387676 5983740 6115269 6303112 6181026 6481623 6434660 6049512 6284359 6556781 6180982 6368903 6556783 6171575 6556781 6218602 6415873 6331328 6284358]
Requests Number (per Connection):  [652 687 648 668 658 634 666 653 672 690 683 657 664 698 647 676 666 693 674 668 674 636 688 709 698 666 665 680 656 660 640 660 697 671 658 695 638 664 690 685 676 668 668 661 662 680 676 649 679 659 651 675 664 651 682 681 663 663 665 661 674 683 687 634 683 616 638 678 642 667 671 680 637 651 671 658 690 685 644 669 698 658 678 698 657 698 662 683 674 669]
Requests/sec:  6156.339078776042 KB
Transfer/sec:  15352.895247395832 KB

2023-12-05 17:20:03.414886154 +0800 CST m=+17953.922194013
Running 1m0s myx-test @ https://192.168.12.127:6443/apis/batch/v1/namespaces/myx-test/cronjobs
150 connections
Requests/bytes (per Connection):  [2716600 2647425 2967996 2647329 2886239 2735467 2810901 2999587 2810775 2842328 2854878 2703870 2773199 2773201 2974285 2747941 2873663 2691446 2924131 2697653 2760583 2842376 2823429 2691422 2842300 2867454 2748045 2760549 2785729 2741684 2854882 2873663 2911553 2917686 2867406 2817102 2949129 2785619 2961707 2685143 2886261 2817220 2773149 2905106 2842218 2754334 2829654 2879952 3018354 2817222 2854892 2735309 2986861 2729036 2861101 2773199 2766752 2798293 2905176 2817220 2823475 2703864 2848621 2817090 2917842 2779332 2823511 3037183 2848513 2760561 2754184 2791972 2842218 2747885 3049761 2867532 2942840 2905164 2942996 2961707 2892686 2880110 2766812 2722787 2641134 2836089 2785777 2804642 2917738 2854796 2823509 2836069 2968154 2993206 2791990 2861123 2798197 2886397 2867444 2729020 2949253 2760543 2974309 2892688 2754334 2905264 2710153 2817220 2980594 2823509 2792012 2980594 2817064 2703904 2999461 2685131 2892576 2854812 2842260 2760563 2804592 2792066 2999517 2911397 2773179 2842220 2923973 2779340 2785739 2823353 2898963 2798217 2999439 2842378 2917842 2917758 2716458 2905188 2861169 2798265 2974283 2798197 2993308 2898819 2936709 2804486 2880082 2672421 2930306 2942840]
Response/bytes (per Connection):  [4058084 3954752 4433762 3954704 4311640 4086266 4198977 4480805 4198914 4245938 4264712 4039220 4142629 4142630 4443156 4105002 4292853 4020509 4368083 4029862 4123822 4245962 4217740 4020497 4245924 4283499 4105054 4123805 4161393 4095624 4264714 4292853 4349295 4358611 4283475 4208327 4405580 4161338 4424368 4011108 4311651 4208386 4142604 4339822 4245883 4114448 4227102 4302247 4508937 4208387 4264719 4086187 4461943 4076801 4274073 4142629 4133156 4180174 4339857 4208386 4217763 4039217 4255334 4208321 4358689 4151945 4217781 4537100 4255280 4123811 4114373 4170764 4245883 4104974 4555888 4283538 4396186 4339851 4396264 4424368 4321113 4302326 4133186 4067427 3945357 4236569 4161417 4189598 4358637 4264671 4217780 4236559 4433841 4471365 4170773 4274084 4180126 4311719 4283494 4076793 4405642 4123802 4443168 4321114 4114448 4339901 4048611 4208386 4452560 4217780 4170784 4452560 4208308 4039237 4480742 4011102 4321058 4264679 4245904 4123812 4189573 4170811 4480770 4349217 4142619 4245884 4368004 4151949 4161398 4217702 4330501 4180136 4480731 4245963 4358689 4358647 4058013 4339863 4274107 4180160 4443155 4180126 4471416 4330429 4386871 4189520 4302312 3992248 4377420 4396186]
Requests Number (per Connection):  [432 421 472 421 459 435 447 477 447 452 454 430 441 441 473 437 457 428 465 429 439 452 449 428 452 456 437 439 443 436 454 457 463 464 456 448 469 443 471 427 459 448 441 462 452 438 450 458 480 448 454 435 475 434 455 441 440 445 462 448 449 430 453 448 464 442 449 483 453 439 438 444 452 437 485 456 468 462 468 471 460 458 440 433 420 451 443 446 464 454 449 451 472 476 444 455 445 459 456 434 469 439 473 460 438 462 431 448 474 449 444 474 448 430 477 427 460 454 452 439 446 444 477 463 441 452 465 442 443 449 461 445 477 452 464 464 432 462 455 445 473 445 476 461 467 446 458 425 466 468]
Requests/sec:  6932.948616536459 KB
Transfer/sec:  17289.639078776043 KB

2023-12-05 17:21:43.703309395 +0800 CST m=+18054.210617254
Running 1m0s myx-test @ https://192.168.12.127:6443/apis/batch/v1/namespaces/myx-test/cronjobs
300 connections
Requests/bytes (per Connection):  [1647506 1471418 1628665 1546884 1641229 1678949 1559462 1509154 1590905 1534398 1509252 1691527 1565751 1616065 1679009 1653793 1628721 1572058 1653851 1647504 1766997 1653819 1616111 1603487 1584616 1603483 1634970 1616065 1691527 1590905 1597194 1509150 1666441 1691589 1559462 1603483 1634936 1660082 1641217 1565789 1496574 1590999 1678949 1609808 1603483 1653833 1559464 1622354 1572040 1653867 1672728 1559464 1521728 1622430 1616063 1691539 1597194 1628639 1672730 1616061 1534414 1634928 1584682 1590905 1603483 1704151 1691525 1546932 1678949 1477707 1666431 1691587 1660114 1622350 1584620 1572086 1628639 1484116 1735598 1628637 1496632 1597194 1515441 1678955 1641265 1534310 1553221 1565853 1502861 1647504 1609772 1603487 1584616 1748126 1616065 1691527 1490343 1647580 1572140 1446360 1641217 1546992 1572038 1647510 1754415 1666371 1609772 1603487 1515439 1641243 1622434 1628639 1622434 1798436 1634928 1534306 1666371 1521742 1603573 1584616 1628715 1792149 1496578 1528067 1647504 1546888 1697876 1559480 1540681 1502933 1685238 1685302 1565751 1691527 1679015 1546888 1597194 1628649 1572108 1722970 1603483 1534310 1748126 1553175 1641265 1559460 1666441 1848748 1722976 1628723 1685238 1540595 1439981 1509154 1540599 1704105 1616061 1584616 1553233 1754415 1502871 1679005 1653795 1628641 1590905 1735548 1622350 1660084 1496664 1741837 1628639 1578363 1546882 1509150 1515441 1502861 1723022 1653849 1578377 1647506 1546886 1603573 1559460 1622426 1641217 1678949 1697816 1546888 1716715 1565749 1553279 1672662 1414889 1521742 1653793 1697848 1572040 1666375 1641219 1653793 1653797 1590993 1578389 1641295 1559566 1660082 1609772 1660086 1741841 1678949 1798438 1578389 1710392 1622350 1660132 1546884 1553175 1597194 1635008 1578403 1779571 1697876 1609778 1597288 1578331 1678973 1528131 1641221 1616147 1653793 1716685 1641223 1521732 1603573 1603573 1716683 1528017 1477707 1421212 1496590 1540613 1534340 1559564 1697816 1660082 1672704 1647526 1572042 1553171 1660082 1653855 1848760 1616061 1666371 1603567 1565749 1597198 1710398 1584678 1584616 1722972 1666409 1729259 1603509 1672728 1528017 1634926 1647504 1515439 1716683 1590993 1735552 1634932 1559462 1647504 1534342 1647504 1729261 1616147 1653869 1603573 1578387 1666371 1660082 1565789 1603521 1496612 1647504 1509152 1741841 1679015 1502861 1660110 1590905 1572038 1766993 1836170 1678949 1540599 1490413]
Response/bytes (per Connection):  [2461122 2198092 2432953 2310819 2451734 2508091 2329607 2254457 2376576 2292077 2254506 2526879 2339001 2414154 2508121 2470515 2432981 2348404 2470544 2461121 2639608 2470528 2414177 2395366 2367182 2395364 2442355 2414154 2526879 2376576 2385970 2254455 2489338 2526910 2329607 2395364 2442338 2479909 2451728 2339020 2235668 2376623 2508091 2404776 2395364 2470535 2329608 2423548 2348395 2470552 2498731 2329608 2273243 2423586 2414153 2526885 2385970 2432940 2498732 2414152 2292085 2442334 2367215 2376576 2395364 2545690 2526878 2310843 2508091 2207486 2489333 2526909 2479925 2423546 2367184 2348418 2432940 2216940 2592661 2432939 2235697 2385970 2263850 2508094 2451752 2292033 2320237 2339052 2245061 2461121 2404758 2395366 2367182 2611424 2414154 2526879 2226303 2461159 2348445 2160565 2451728 2310873 2348394 2461124 2620818 2489303 2404758 2395366 2263849 2451741 2423588 2432940 2423588 2686575 2442334 2292031 2489303 2273250 2395409 2367182 2432978 2677182 2235670 2282662 2461121 2310821 2536303 2329616 2301468 2245097 2517485 2517517 2339001 2526879 2508124 2310821 2385970 2432945 2348429 2573848 2395364 2292033 2611424 2320214 2451752 2329606 2489338 2761727 2573851 2432982 2517485 2301425 2151126 2254457 2301427 2545667 2414152 2367182 2320243 2620818 2245066 2508119 2470516 2432941 2376576 2592636 2423546 2479910 2235713 2602030 2432940 2357806 2310818 2254455 2263850 2245061 2573874 2470543 2357813 2461122 2310820 2395409 2329606 2423584 2451728 2508091 2536273 2310821 2564471 2339000 2320266 2498698 2113582 2273250 2470515 2536289 2348395 2489305 2451729 2470515 2470517 2376620 2357819 2451767 2329659 2479909 2404758 2479911 2602032 2508091 2686576 2357819 2555060 2423546 2479934 2310819 2320214 2385970 2442374 2357826 2658394 2536303 2404761 2386017 2357790 2508103 2282694 2451730 2414195 2470515 2564456 2451731 2273245 2395409 2395409 2564455 2282637 2207486 2122993 2235676 2301434 2292048 2329658 2536273 2479909 2498719 2461132 2348396 2320212 2479909 2470546 2761733 2414152 2489303 2395406 2339000 2385972 2555063 2367213 2367182 2573849 2489322 2583242 2395377 2498731 2282637 2442333 2461121 2263849 2564455 2376620 2592638 2442336 2329607 2461121 2292049 2461121 2583243 2414195 2470553 2395409 2357818 2489303 2479909 2339020 2395383 2235687 2461121 2254456 2602032 2508124 2245061 2479923 2376576 2348394 2639606 2742939 2508091 2301427 2226338]
Requests Number (per Connection):  [262 234 259 246 261 267 248 240 253 244 240 269 249 257 267 263 259 250 263 262 281 263 257 255 252 255 260 257 269 253 254 240 265 269 248 255 260 264 261 249 238 253 267 256 255 263 248 258 250 263 266 248 242 258 257 269 254 259 266 257 244 260 252 253 255 271 269 246 267 235 265 269 264 258 252 250 259 236 276 259 238 254 241 267 261 244 247 249 239 262 256 255 252 278 257 269 237 262 250 230 261 246 250 262 279 265 256 255 241 261 258 259 258 286 260 244 265 242 255 252 259 285 238 243 262 246 270 248 245 239 268 268 249 269 267 246 254 259 250 274 255 244 278 247 261 248 265 294 274 259 268 245 229 240 245 271 257 252 247 279 239 267 263 259 253 276 258 264 238 277 259 251 246 240 241 239 274 263 251 262 246 255 248 258 261 267 270 246 273 249 247 266 225 242 263 270 250 265 261 263 263 253 251 261 248 264 256 264 277 267 286 251 272 258 264 246 247 254 260 251 283 270 256 254 251 267 243 261 257 263 273 261 242 255 255 273 243 235 226 238 245 244 248 270 264 266 262 250 247 264 263 294 257 265 255 249 254 272 252 252 274 265 275 255 266 243 260 262 241 273 253 276 260 248 262 244 262 275 257 263 255 251 265 264 249 255 238 262 240 277 267 239 264 253 250 281 292 267 245 237]
Requests/sec:  7891.961181640625 KB
Transfer/sec:  19681.24736328125 KB

