2023-12-05 10:20:28.581513119 +0800 CST m=+60.333974281
Running 1m0s myx-test @ https://192.168.12.127:6443/apis/apps/v1/namespaces/myx-test/daemonsets
3 connections
Requests/bytes (per Connection):  [6169692 6732912 3691802]
Response/bytes (per Connection):  [9852620 10751540 5895591]
Requests Number (per Connection):  [986 1076 590]
Requests/sec:  270.09124348958335 KB
Transfer/sec:  701.402294921875 KB

2023-12-05 10:22:08.95287152 +0800 CST m=+160.705332676
Running 1m0s myx-test @ https://192.168.12.127:6443/apis/apps/v1/namespaces/myx-test/daemonsets
6 connections
Requests/bytes (per Connection):  [3266284 6107130 3241372 5349938 6082090 5312406]
Response/bytes (per Connection):  [5216240 9752614 5175523 8543899 9712718 8483874]
Requests Number (per Connection):  [522 976 518 855 972 849]
Requests/sec:  477.8518880208333 KB
Transfer/sec:  1240.951953125 KB

2023-12-05 10:23:49.274701432 +0800 CST m=+261.027162574
Running 1m0s myx-test @ https://192.168.12.127:6443/apis/apps/v1/namespaces/myx-test/daemonsets
9 connections
Requests/bytes (per Connection):  [5687860 4874378 2984652 5575238 2984652 3003440 4874494 5625282 4874452]
Response/bytes (per Connection):  [9083321 7784505 4766919 8903398 4766919 4796800 7783768 8983427 7784032]
Requests Number (per Connection):  [909 779 477 891 477 480 779 899 779]
Requests/sec:  658.9265625 KB
Transfer/sec:  1711.2229329427084 KB

2023-12-05 10:25:29.63749083 +0800 CST m=+361.389951979
Running 1m0s myx-test @ https://192.168.12.127:6443/apis/apps/v1/namespaces/myx-test/daemonsets
15 connections
Requests/bytes (per Connection):  [4855574 4649224 4542830 4567874 4611678 2846980 4555308 2746874 4561614 2790802 4724244 4574130 4617834 2797076 2778302]
Response/bytes (per Connection):  [7754736 7424089 7254334 7294217 7364162 4547155 7274561 4387208 7284243 4456345 7544417 7304219 7374789 4466236 4436272]
Requests Number (per Connection):  [776 743 726 730 737 455 728 439 729 446 755 731 738 447 444]
Requests/sec:  980.148828125 KB
Transfer/sec:  2545.366650390625 KB

2023-12-05 10:27:09.991295144 +0800 CST m=+461.743756286
Running 1m0s myx-test @ https://192.168.12.127:6443/apis/apps/v1/namespaces/myx-test/daemonsets
30 connections
Requests/bytes (per Connection):  [4204866 4367584 3729330 2434122 2421492 3704296 4154838 2509216 2427852 3879518 4017188 4123500 2402740 3904548 4060992 2371548 3841968 3960868 3973368 3691780 3804406 2484186 3942094 2377740 3873256 3873254 4161018 4048478 2402812 2352774]
Response/bytes (per Connection):  [6715191 6974824 5955644 3886862 3867609 5915706 6635065 4006732 3876958 6195384 6415162 6585431 3837506 6235350 6485092 3786955 6135470 6325256 6345329 5895730 6075625 3966766 6295292 3797360 6185409 6185423 6645539 6465102 3837062 3756991]
Requests Number (per Connection):  [672 698 596 389 387 592 664 401 388 620 642 659 384 624 649 379 614 633 635 590 608 397 630 380 619 619 665 647 384 376]
Requests/sec:  1684.596875 KB
Transfer/sec:  4374.828401692708 KB

2023-12-05 10:28:50.379118992 +0800 CST m=+562.131580152
Running 1m0s myx-test @ https://192.168.12.127:6443/apis/apps/v1/namespaces/myx-test/daemonsets
60 connections
Requests/bytes (per Connection):  [3347602 3072308 3441510 3291394 2089880 3241224 2984700 2133710 3147352 3372638 2114976 3272512 3278766 2127412 2108692 2990910 3022198 2108676 2077430 3428952 2127432 3109866 3291298 2934594 1983562 3009810 3403924 2058656 2121232 1952274 3303882 2039882 2114902 2909558 3235080 3003580 2940872 3272566 2990910 3297538 3184990 3040974 2027368 2922074 3310116 3272642 2978394 3303796 2121236 2965962 3347698 3234998 2102460 3278820 3278910 2133750 3072420 2133668 3103708 2096198]
Response/bytes (per Connection):  [5346306 4906473 5495890 5255706 3337856 5176454 4766613 3407619 5026648 5386245 3377405 5226423 5236424 3397881 3367569 4776907 4826861 3367681 3317463 5476178 3397756 4966331 5256303 4686973 3167629 4806064 5436198 3287499 3387392 3117675 5275848 3257535 3377878 4647049 5165758 4795895 4696836 5226075 4776907 5266402 5086021 4856811 3237545 4667025 5285989 5225588 4756931 5276390 3387379 4736412 5345709 5166272 3357429 5236091 5235521 3407369 4905764 3407883 4955718 3347454]
Requests Number (per Connection):  [535 491 550 526 334 518 477 341 503 539 338 523 524 340 337 478 483 337 332 548 340 497 526 469 317 481 544 329 339 312 528 326 338 465 517 480 470 523 478 527 509 486 324 467 529 523 476 528 339 474 535 517 336 524 524 341 491 341 496 335]
Requests/sec:  2745.189485677083 KB
Transfer/sec:  7129.2048828125 KB

2023-12-05 10:30:30.739606553 +0800 CST m=+662.492067706
Running 1m0s myx-test @ https://192.168.12.127:6443/apis/apps/v1/namespaces/myx-test/daemonsets
90 connections
Requests/bytes (per Connection):  [3053488 2915974 3159892 2915900 3003584 2872062 3066110 2021110 2790660 2853396 1927224 3015958 1789572 1839646 3116066 3153612 1845890 3191160 3122436 2878282 1914714 2897190 3078520 2878352 1908468 3072384 3147350 2978394 3003468 2972138 3009840 3072262 1864664 2847138 2890884 2915816 1839632 3003426 2778230 3103660 2915974 1870924 2834622 3066082 2890926 1958532 3134840 1989822 2853238 1939758 3022200 1996078 1883436 3028460 2978490 1895954 3059784 2840880 3128582 1858406 1864668 2990998 2953364 2803314 1845902 1864664 3047242 3034872 3034770 2959648 1895954 2934666 1946016 3047292 2959778 1808344 1895954 3053488 1895954 3109816 2803334 2759370 1852154 3097294 3103708 1933500 1858408 1908468 1920986 3072260]
Response/bytes (per Connection):  [4876801 4656036 5046486 4656494 4795882 4586802 4896095 3227557 4457249 4556142 3077819 4816747 2857945 2937794 4976695 5036637 2947865 5096565 4985974 4597026 3057816 4626127 4916738 4596566 3047759 4905986 5026662 4756931 4796604 4746929 4805899 4906765 2977829 4546154 4616445 4657037 2937877 4796868 4436731 4956024 4656036 2987803 4526178 4896276 4616181 3127663 5006659 3177603 4557143 3097699 4826847 3187605 3007807 4836836 4756319 3027769 4886538 4536166 4996671 2967841 2977801 4776351 4716965 4476349 2947796 2977829 4866729 4845836 4846475 4726786 3027769 4686514 3107687 4866409 4725966 2887923 3027769 4876801 3027769 4966651 4476224 4407309 2957826 4946717 4955718 3087711 2967827 3047759 3067721 4906779]
Requests Number (per Connection):  [488 466 505 466 480 459 490 323 446 456 308 482 286 294 498 504 295 510 499 460 306 463 492 460 305 491 503 476 480 475 481 491 298 455 462 466 294 480 444 496 466 299 453 490 462 313 501 318 456 310 483 319 301 484 476 303 489 454 500 297 298 478 472 448 295 298 487 485 485 473 303 469 311 487 473 289 303 488 303 497 448 441 296 495 496 309 297 305 307 491]
Requests/sec:  3842.964290364583 KB
Transfer/sec:  9980.06982421875 KB

2023-12-05 10:32:11.157429098 +0800 CST m=+762.909890240
Running 1m0s myx-test @ https://192.168.12.127:6443/apis/apps/v1/namespaces/myx-test/daemonsets
150 connections
Requests/bytes (per Connection):  [1733252 2283934 2521730 2321364 1764540 1777056 2452900 2515356 2440322 2459038 2546740 2302576 1770798 1764538 2477932 1714482 1752024 2358878 2358962 2402834 2502958 2321480 1839634 1695708 1820860 1739508 1670704 2490446 2415326 2384034 2409090 1695724 1726992 2377806 2340254 2540492 2534248 2277592 1752062 1770802 1733250 2421606 1664440 1726992 2521680 2377698 2415332 1795828 1720740 1733296 2496700 2477928 2296320 1758282 2296450 1739508 1689504 1683192 2471612 2427864 2340254 2233876 1752024 1764574 1783342 2427800 2440260 1783312 2402682 2402838 2471512 2496700 2333882 2446582 2484026 2459154 2446496 2496700 1814622 2359032 1752024 2496618 2340248 2346514 2484084 1758282 2477840 2427774 2340188 2427864 2327740 1827116 2371544 2283936 2452894 2359028 2359028 2402838 1645640 2421606 1770796 2377800 2415348 2308970 2396538 2340254 2490338 1764564 2383962 1783312 2240130 2484168 1720784 2277680 2321414 2396426 2283810 2308968 1695718 2421466 1802086 2333910 2490442 2396432 1820860 2271326 2327638 2484184 1727040 2459016 2440384 2534150 2440380 1714476 2359032 2477904 2352642 1664414 2477782 1745808 2427868 1683218 2440362 2546764 1758282 1733296 2315194 2434046 2421606 1745766]
Response/bytes (per Connection):  [2768039 3647122 4026722 3707801 2817993 2837969 3916813 4017471 3897226 3927551 4066813 3677935 2827981 2818007 3956765 2738062 2798017 3767952 3767409 3836908 3996744 3707064 2937863 2708098 2907899 2778041 2667965 3976755 3857052 3807111 3846910 2707986 2758065 3796943 3737028 4056770 4046684 3637677 2797781 2827968 2768053 3866886 2658004 2758065 4027042 3797624 3857010 2867947 2748035 2767761 3986756 3956778 3667933 2808005 3667098 2778041 2697747 2688122 3947166 3876874 3737028 3567191 2798017 2817770 2847776 3877292 3897615 2847971 3837882 3836895 3947791 3986756 3727763 3907200 3967781 3926814 3907742 3986756 2897786 3766979 2798017 3987285 3737070 3747002 3967420 2808005 3957349 3877444 3737460 3876874 3717038 2917901 3786968 3647108 3916840 3767007 3766992 3836895 2628207 3866886 2827995 3796970 3856898 3687061 3827171 3737028 3977436 2817855 3807570 2847971 3577192 3966892 2747757 3637121 3707496 3827880 3647930 3687075 2708028 3867776 2877935 3727597 3976768 3827838 2907899 3627730 3717692 3966780 2757759 3927690 3896837 4047310 3896850 2738089 3766979 3956946 3757825 2658171 3957710 2787765 3876861 2687955 3896976 4066660 2808005 2767761 3697257 3887349 3866886 2788029]
Requests Number (per Connection):  [277 365 403 371 282 284 392 402 390 393 407 368 283 282 396 274 280 377 377 384 400 371 294 271 291 278 267 398 386 381 385 271 276 380 374 406 405 364 280 283 277 387 266 276 403 380 386 287 275 277 399 396 367 281 367 278 270 269 395 388 374 357 280 282 285 388 390 285 384 384 395 399 373 391 397 393 391 399 290 377 280 399 374 375 397 281 396 388 374 388 372 292 379 365 392 377 377 384 263 387 283 380 386 369 383 374 398 282 381 285 358 397 275 364 371 383 365 369 271 387 288 373 398 383 291 363 372 397 276 393 390 405 390 274 377 396 376 266 396 279 388 269 390 407 281 277 370 389 387 279]
Requests/sec:  5337.31162109375 KB
Transfer/sec:  13860.871044921874 KB

2023-12-05 10:33:51.619806259 +0800 CST m=+863.372267407
Running 1m0s myx-test @ https://192.168.12.127:6443/apis/apps/v1/namespaces/myx-test/daemonsets
300 connections
Requests/bytes (per Connection):  [1326532 1395332 1188942 1188982 1395328 1370296 1426622 1151436 1314028 1138762 1470422 1451652 1107472 1451686 1395328 1476678 1364044 1370296 1307720 1426620 1370428 1414106 1176308 1395328 1364140 1132582 1370302 1113888 1432876 1451652 1326492 1445394 1401724 1389070 1113804 1370298 1470532 1457906 1451780 1389072 1376554 1113754 1457982 1470422 1119988 1307722 1414106 1495456 1176384 1457944 1101226 1364126 1389112 1382940 1101214 1407848 1113806 1414106 1132550 1107474 1526854 1414244 1195082 1126248 1451654 1395336 1126246 1376630 1451648 1401710 1145018 1076184 1113730 1332754 1113736 1420360 1113752 1407942 1414242 1395436 1451690 1476684 1107474 1357854 1376558 1095072 1489282 1439272 1339012 1476684 1157692 1351614 1420364 1432876 1420358 1407844 1182658 1483020 1364066 1320358 1414210 1345312 1426696 1420432 1451652 1094984 1382852 1376556 1445394 1345264 1357828 1451648 1495456 1376648 1407920 1095008 1069926 1207718 1382844 1364164 1451650 1094984 1395370 1439274 1370300 1420414 1307860 1182658 1157584 1451648 1113862 1476684 1420376 1094956 1445444 1088856 1151276 1132608 1101214 1182566 1489278 1070056 1076184 1445390 1076218 1426736 1414118 1370296 1426616 1457906 1407848 1420504 1163794 1389072 1432938 1457994 1376574 1414104 1376646 1132624 1414102 1182642 1432982 1414102 1370300 1420360 1163824 1113886 1426618 1389102 1420442 1370302 1138838 1138776 1407914 1145110 1457910 1432936 1395328 1439134 1107500 1470426 1464164 1351554 1076282 1420362 1495568 1389108 1295206 1132584 1176452 1451774 1126320 1476682 1082472 1132504 1120102 1420384 1170050 1507968 1382826 1401586 1120146 1464172 1420378 1376646 1451648 1351660 1132504 1464296 1182612 1101214 1151350 1332754 1395424 1145018 1407848 1357814 1420370 1395328 1382816 1414206 1170102 1132504 1407844 1145018 1376558 1426618 1163792 1426696 1401626 1113884 1414106 1351600 1094956 1470426 1407844 1345270 1113788 1401590 1119988 1414100 1088800 1101322 1445520 1395370 1457910 1145020 1401590 1345270 1451650 1351562 1370296 1107500 1426622 1345266 1113730 1433016 1157556 1107630 1389144 1401664 1389096 1357894 1407848 1095112 1195238 1163864 1132554 1126244 1351524 1420374 1076298 1401652 1151298 1107490 1076222 1151278 1364080 1420358 1414184 1382816 1420364 1126310 1151276 1432878 1420490 1382882 1426736 1364078 1082600 1432874 1426748 1226502 1120030 1426762 1457906 1138804 1420420 1439136]
Response/bytes (per Connection):  [2118499 2228618 1898221 1897971 2228631 2188679 2278558 1838044 2098454 1819054 2348501 2318524 1769114 2318301 2228616 2358503 2178664 2188679 2088771 2278572 2187845 2258582 1878996 2228631 2178052 1808565 2188652 1778101 2288559 2318524 2118749 2308536 2237758 2218643 1778629 2188665 2347806 2328525 2317703 2218629 2198652 1778949 2328053 2348501 1789090 2088772 2258582 2388454 1878509 2328289 1759057 2178135 2218379 2207849 1759126 2248594 1778615 2258582 1808774 1769100 2437698 2257706 1908960 1799079 2318510 2228590 1799078 2198195 2318537 2237841 1829056 1719160 1779102 2128724 1779075 2268583 1778963 2247996 2257720 2227950 2318273 2358476 1769100 2168245 2198654 1748401 2377923 2297671 2138712 2358476 1848031 2158131 2268570 2288544 2268597 2248607 1888400 2367963 2178525 2107983 2257914 2148436 2278085 2268139 2318524 1748972 2208405 2198653 2308536 2148727 2168412 2318537 2388454 2198069 2248135 1748804 1709172 1928171 2208461 2177899 2318523 1748957 2228367 2297672 2188666 2268250 2087896 1888400 1848712 2318537 1778268 2358476 2268486 1749138 2308216 1738149 1839044 1808398 1759126 1888984 2377951 1708352 1719160 2308549 1718952 2277835 2258498 2188679 2278585 2328525 2248594 2267680 1859006 2218629 2288170 2327969 2198542 2258596 2198083 1808301 2258595 1888497 2287892 2258595 2188666 2268583 1858811 1778130 2278571 2218449 2268069 2188652 1818567 1818971 2248162 1828472 2328512 2288184 2228631 2298547 1768933 2348488 2338513 2158521 1718534 2268584 2387730 2218407 2068796 1808551 1878078 2317745 1798605 2358490 1728968 1809066 1788367 2268430 1869008 2408443 2208572 2238619 1788089 2338472 2268472 2198083 2318537 2157839 1809066 2337679 1888692 1759126 1838571 2128724 2228034 1829056 2248594 2168495 2268528 2228631 2208642 2257942 1868674 1809066 2248607 1829056 2198654 2278571 1859020 2278085 2238369 1778129 2258567 2158229 1749138 2348488 2248607 2148700 1778726 2238606 1789090 2258609 1738496 1758430 2307729 2228367 2328512 1829042 2238606 2148700 2318523 2158465 2188679 1768933 2278558 2148713 1779102 2287669 1848893 1768113 2218185 2238133 2218491 2167995 2248594 1748136 1907973 1858561 1808746 1799092 2158701 2268500 1718437 2238202 1838905 1769003 1718909 1839030 2178427 2268597 2258081 2208642 2268570 1798660 1839044 2288560 2267763 2208210 2277835 2178441 1728162 2288573 2277751 1958065 1788826 2277668 2328525 1818775 2268208 2298548]
Requests Number (per Connection):  [212 223 190 190 223 219 228 184 210 182 235 232 177 232 223 236 218 219 209 228 219 226 188 223 218 181 219 178 229 232 212 231 224 222 178 219 235 233 232 222 220 178 233 235 179 209 226 239 188 233 176 218 222 221 176 225 178 226 181 177 244 226 191 180 232 223 180 220 232 224 183 172 178 213 178 227 178 225 226 223 232 236 177 217 220 175 238 230 214 236 185 216 227 229 227 225 189 237 218 211 226 215 228 227 232 175 221 220 231 215 217 232 239 220 225 175 171 193 221 218 232 175 223 230 219 227 209 189 185 232 178 236 227 175 231 174 184 181 176 189 238 171 172 231 172 228 226 219 228 233 225 227 186 222 229 233 220 226 220 181 226 189 229 226 219 227 186 178 228 222 227 219 182 182 225 183 233 229 223 230 177 235 234 216 172 227 239 222 207 181 188 232 180 236 173 181 179 227 187 241 221 224 179 234 227 220 232 216 181 234 189 176 184 213 223 183 225 217 227 223 221 226 187 181 225 183 220 228 186 228 224 178 226 216 175 235 225 215 178 224 179 226 174 176 231 223 233 183 224 215 232 216 219 177 228 215 178 229 185 177 222 224 222 217 225 175 191 186 181 180 216 227 172 224 184 177 172 184 218 227 226 221 227 180 184 229 227 221 228 218 173 229 228 196 179 228 233 182 227 230]
Requests/sec:  6426.407194010417 KB
Transfer/sec:  16689.374934895834 KB

