2023-12-05 12:55:00.748391135 +0800 CST m=+2051.255698994
Running 1m0s myx-test @ https://192.168.12.127:6443/apis/apps/v1/namespaces/myx-test/deployments
3 connections
Requests/bytes (per Connection):  [17505228 19425128 21106668]
Response/bytes (per Connection):  [29368308 32589320 35410396]
Requests Number (per Connection):  [2790 3096 3364]
Requests/sec:  944.6130208333333 KB
Transfer/sec:  2529.3790364583333 KB

2023-12-05 12:56:41.012697962 +0800 CST m=+2151.520005820
Running 1m0s myx-test @ https://192.168.12.127:6443/apis/apps/v1/namespaces/myx-test/deployments
6 connections
Requests/bytes (per Connection):  [14782148 12228625 12329021 15227607 14982948 15252725]
Response/bytes (per Connection):  [24799860 20515773 20684201 25547211 25136724 25589337]
Requests Number (per Connection):  [2356 1949 1965 2427 2388 2431]
Requests/sec:  1380.2583658854167 KB
Transfer/sec:  3695.9013671875 KB

2023-12-05 12:58:21.288962075 +0800 CST m=+2251.796269935
Running 1m0s myx-test @ https://192.168.12.127:6443/apis/apps/v1/namespaces/myx-test/deployments
9 connections
Requests/bytes (per Connection):  [13257507 10289856 13326506 10484391 10521881 13125762 13163410 13207325 12925046]
Response/bytes (per Connection):  [22241983 17263136 22357754 17589483 17652485 22020946 22084106 22157785 21684166]
Requests Number (per Connection):  [2113 1640 2124 1671 1677 2092 2098 2105 2060]
Requests/sec:  1795.2748046875 KB
Transfer/sec:  4807.186328125 KB

2023-12-05 13:00:01.580050628 +0800 CST m=+2352.087358485
Running 1m0s myx-test @ https://192.168.12.127:6443/apis/apps/v1/namespaces/myx-test/deployments
15 connections
Requests/bytes (per Connection):  [10917194 8576963 10697631 10816836 10848269 8570578 8702427 11042688 10747775 8683600 10710147 10754088 10885855 10867128 8645888]
Response/bytes (per Connection):  [18315674 14389447 17947291 18147284 18199977 14378810 14599951 18526208 18031451 14568368 17968311 18042016 18263075 18231592 14505144]
Requests Number (per Connection):  [1740 1367 1705 1724 1729 1366 1387 1760 1713 1384 1707 1714 1735 1732 1378]
Requests/sec:  2465.2842936197917 KB
Transfer/sec:  6601.264095052084 KB

2023-12-05 13:01:41.887503667 +0800 CST m=+2452.394811537
Running 1m0s myx-test @ https://192.168.12.127:6443/apis/apps/v1/namespaces/myx-test/deployments
30 connections
Requests/bytes (per Connection):  [5671940 6933017 7165184 7133805 5747204 6820069 5671930 6977072 7052320 5552747 5571542 5628015 6926796 7039688 5797388 7039702 7002036 6933021 7046113 6958111 6970691 7077456 5602917 5615465 7052238 5646840 7008309 7077412 7140094 7045963]
Response/bytes (per Connection):  [9515748 11631477 12020968 11968329 9642036 11441993 9515738 11705296 11831568 9315767 9347318 9442059 11621004 11810432 9726236 11810446 11747268 11631481 11821109 11673579 11694663 11873712 9399953 9421005 11831486 9473640 11757793 11873668 11978870 11820959]
Requests Number (per Connection):  [904 1105 1142 1137 916 1087 904 1112 1124 885 888 897 1104 1122 924 1122 1116 1105 1123 1109 1111 1128 893 895 1124 900 1117 1128 1138 1123]
Requests/sec:  3204.8353678385415 KB
Transfer/sec:  8581.554134114584 KB

2023-12-05 13:03:22.227112789 +0800 CST m=+2552.734420650
Running 1m0s myx-test @ https://192.168.12.127:6443/apis/apps/v1/namespaces/myx-test/deployments
60 connections
Requests/bytes (per Connection):  [5220218 5019462 4410781 4900141 4937791 5050735 4191246 5182504 4994264 5019362 5000537 4272735 5113479 5006838 4266540 4887655 4184973 5113483 4398259 4329290 4228878 4912745 4868766 4975439 4975461 4931516 5082106 5031912 4241310 4969164 4975449 5025637 4755978 4981714 4260151 4285285 4335565 4279096 5038243 4235173 4360665 4260195 4950497 5031912 4354394 4988145 4937891 5063431 4335445 5063417 5013095 4900235 4159821 4392038 5163683 4994312 4987987 5019520 4950405 5126029]
Response/bytes (per Connection):  [8757882 8421062 7399937 8220953 8284115 8473595 7031582 8694656 8378856 8420962 8389381 7168347 8578859 8399934 7157900 8199963 7021057 8578863 7378911 7263170 7094726 8242061 8168318 8347275 8347297 8273588 8526226 8442016 7115662 8336748 8347285 8431489 7978994 8357802 7147259 7189401 7273697 7178960 8452599 7105273 7315805 7147303 8305325 8442016 7305282 8368485 8284215 8494795 7273577 8494781 8410443 8221047 6978897 7368438 8663079 8378904 8368327 8421120 8305233 8599913]
Requests Number (per Connection):  [832 800 703 781 787 805 668 826 796 800 797 681 815 798 680 779 667 815 701 690 674 783 776 793 793 786 810 802 676 792 793 801 758 794 679 683 691 682 803 675 695 679 789 802 694 795 787 807 691 807 799 781 663 700 823 796 795 800 789 817]
Requests/sec:  4654.020149739584 KB
Transfer/sec:  12462.022200520832 KB

2023-12-05 13:05:02.572357367 +0800 CST m=+2653.079665244
Running 1m0s myx-test @ https://192.168.12.127:6443/apis/apps/v1/namespaces/myx-test/deployments
90 connections
Requests/bytes (per Connection):  [3802210 3369285 3777110 3908881 3268945 3877472 3670441 3802210 3319053 3871231 3745735 3406989 4003004 3915156 3977902 3783385 3877508 3896289 3394349 3243849 3363036 3808483 3243749 3833561 3300224 3852408 3243821 3902606 3231203 3268917 3833561 3839858 3802208 3883781 3883783 3846133 3846133 3858651 3971629 3337872 3795925 3795923 3952804 3356697 3839856 3965302 3250060 3814758 4028060 3394365 3413240 3306497 3783385 3871231 3871197 3218651 3852408 3306497 3789652 3902606 3990454 3312772 3243749 3431993 3388076 3419445 3852404 3513624 3795925 3777106 3356763 3858683 3802196 3877506 3802208 3745735 3996725 3965324 3802208 3971613 3952804 3381795 3877480 3739460 3770833 3890056 3933981 3821033 3306593 3337876]
Response/bytes (per Connection):  [6378922 5652609 6336814 6557877 5484237 6505208 6157861 6378922 5568361 6494715 6284179 5715825 6715780 6568404 6673670 6347341 6505244 6536781 5694681 5442133 5642108 6389447 5442033 6431533 5536776 6463136 5442105 6547350 5420983 5484209 6431533 6442082 6378920 6515769 6515771 6452609 6452609 6473631 6663145 5599936 6368385 6368383 6631564 5631517 6442080 6652566 5452596 6399974 6757844 5694697 5726328 5547301 6347341 6494715 6494681 5399927 6463136 5547301 6357860 6547350 6694726 5557828 5442033 5757837 5684156 5736785 6463132 5894744 6368385 6336810 5631583 6473663 6378908 6505242 6378920 6284179 6705249 6652588 6378920 6663129 6631564 5673623 6505216 6273652 6326285 6526296 6599985 6410501 5547397 5599940]
Requests Number (per Connection):  [606 537 602 623 521 618 585 606 529 617 597 543 638 624 634 603 618 621 541 517 536 607 517 611 526 614 517 622 515 521 611 612 606 619 619 613 613 615 633 532 605 605 630 535 612 632 518 608 642 541 544 527 603 617 617 513 614 527 604 622 636 528 517 547 540 545 614 560 605 602 535 615 606 618 606 597 637 632 606 633 630 539 618 596 601 620 627 609 527 532]
Requests/sec:  5395.315022786458 KB
Transfer/sec:  14446.976334635418 KB

2023-12-05 13:06:42.949109477 +0800 CST m=+2753.456417354
Running 1m0s myx-test @ https://192.168.12.127:6443/apis/apps/v1/namespaces/myx-test/deployments
150 connections
Requests/bytes (per Connection):  [2685302 2722982 2729319 2704119 2685454 2760700 2515899 2641529 2679125 2616429 2666469 2691571 2729285 2628855 2628891 2735602 2660354 2214845 2660344 2666471 2327781 2434330 2679019 2559830 2616391 2685304 2584898 2666481 2666629 2616273 2308940 2729265 2302575 2334066 2440617 2472108 2666629 2340223 2321514 2704205 2654035 2817193 2403087 2359162 2434344 2610040 2346614 2635256 2384160 2672904 2365441 2390535 2704277 2340271 2641489 2666629 2635166 2315193 2804675 2729219 2628979 2402989 2597578 2666579 2547302 2716815 2415549 2585056 2735512 2685342 2340235 2716757 2647804 2384256 2716815 2622702 2321516 2616327 2566177 2603879 2729377 2308870 2628979 2729369 2773142 2704277 2748044 2773202 2403085 2672814 2428039 2785692 2591331 2472010 2660354 2641495 2421802 2647776 2635254 2390533 2716669 2365339 2346614 2559870 2628821 2572348 2541105 2603799 2346488 2666601 2722944 2704127 2340341 2666613 2641531 2478383 2635254 2346614 2603879 2327791 2603807 2308964 2566233 2208568 2735494 2384264 2585034 2660354 2421808 2886158 2365287 2672870 2534762 2710394 2566151 2409288 2453285 2798400 2697888 2459404 2622704 2308962 2804669 2503461 2490933 2415607 2384266 2515943 2296406 2572442]
Response/bytes (per Connection):  [4505158 4568350 4578939 4536731 4505310 4631580 4220951 4431621 4494729 4389513 4473569 4515679 4578905 4410443 4410479 4589474 4463202 3715801 4463192 4473571 3905273 4084106 4494623 4294646 4389475 4505160 4336722 4473581 4473729 4389357 3873676 4578885 3863059 3915810 4094645 4147396 4473729 3926219 3894754 4536817 4452631 4726341 4031603 3957914 4084120 4378872 3936862 4421096 3999920 4484256 3968445 4010547 4536889 3926267 4431581 4473729 4421006 3884181 4705319 4578839 4410567 4031505 4357906 4473679 4273614 4557931 4052569 4336880 4589384 4505198 3926231 4557873 4442148 4000016 4557931 4400038 3894756 4389411 4305245 4368459 4578997 3873606 4410567 4578989 4652526 4536889 4610420 4652586 4031601 4484166 4073563 4673580 4347407 4147298 4463202 4431587 4063074 4442120 4421094 4010545 4557785 3968343 3936862 4294686 4410409 4315668 4263165 4368379 3936736 4473701 4568312 4536739 3926337 4473713 4431623 4157923 4421094 3936862 4368459 3905283 4368387 3873700 4305301 3705272 4589366 4000024 4336858 4463202 4063080 4842078 3968291 4484222 4252570 4547258 4305219 4042056 4115817 4694792 4526248 4126188 4400040 3873698 4705313 4200009 4178977 4052627 4000026 4220995 3852638 4315762]
Requests Number (per Connection):  [428 434 435 431 428 440 401 421 427 417 425 429 435 419 419 436 424 353 424 425 371 388 427 408 417 428 412 425 425 417 368 435 367 372 389 394 425 373 370 431 423 449 383 376 388 416 374 420 380 426 377 381 431 373 421 425 420 369 447 435 419 383 414 425 406 433 385 412 436 428 373 433 422 380 433 418 370 417 409 415 435 368 419 435 442 431 438 442 383 426 387 444 413 394 424 421 386 422 420 381 433 377 374 408 419 410 405 415 374 425 434 431 373 425 421 395 420 374 415 371 415 368 409 352 436 380 412 424 386 460 377 426 404 432 409 384 391 446 430 392 418 368 447 399 397 385 380 401 366 410]
Requests/sec:  6263.230208333333 KB
Transfer/sec:  16770.986197916667 KB

2023-12-05 13:08:23.308114981 +0800 CST m=+2853.815422860
Running 1m0s myx-test @ https://192.168.12.127:6443/apis/apps/v1/namespaces/myx-test/deployments
300 connections
Requests/bytes (per Connection):  [1587411 1486967 1430500 1480696 1593698 1392854 1436771 1625097 1487065 1355194 1486967 1486967 1524617 1599917 1280008 1530944 1430494 1518344 1468276 1487015 1549767 1537167 1499631 1587363 1587363 1361543 1537165 1530998 1386705 1562265 1512185 1386569 1468142 1505790 1336483 1505794 1555990 1537221 1487059 1581186 1424321 1399137 1568550 1461867 1530890 1625095 1499519 1543438 1581184 1461869 1317546 1374053 1537169 1512153 1612463 1380398 1593638 1543440 1606192 1480820 1430492 1499517 1430496 1499523 1618742 1631292 1386573 1581088 1587365 1493340 1549795 1656388 1530934 1543440 1424217 1737959 1405398 1518342 1650113 1518340 1468274 1355238 1424265 1599917 1392960 1474453 1606192 1436773 1380432 1430496 1392844 1505828 1581088 1581090 1574911 1625013 1537165 1493366 1505892 1480690 1549805 1474475 1455596 1399155 1549719 1468222 1499597 1593724 1518340 1599915 1537275 1386573 1499637 1593640 1499635 1342654 1361615 1549715 1694094 1298769 1606244 1443096 1361523 1455592 1574827 1486969 1349065 1668936 1593638 1499517 1399135 1480696 1468142 1505860 1505796 1562329 1505824 1599913 1461871 1556040 1386573 1386569 1524715 1493328 1587363 1562335 1524729 1625011 1587425 1568538 1380340 1417954 1480692 1543526 1518356 1681508 1543440 1599917 1612529 1405398 1606278 1618814 1474415 1562265 1424235 1562319 1405394 1449427 1455596 1530894 1380298 1675211 1543440 1530890 1612549 1599953 1499569 1618742 1600003 1342808 1574813 1386573 1593702 1512065 1549789 1625095 1418044 1555990 1367876 1361469 1593642 1449355 1424233 1317550 1543444 1530890 1405424 1487073 1455636 1531002 1424219 1537165 1455592 1461905 1518360 1417946 1562269 1430552 1455592 1367748 1543548 1330096 1612543 1512185 1474419 1618738 1380302 1512069 1405480 1455696 1342778 1643912 1562263 1405396 1618738 1549803 1568544 1374023 1493300 1468262 1581090 1355356 1537177 1587393 1336373 1599913 1430560 1493366 1512065 1486969 1518344 1530894 1418040 1449317 1543538 1512151 1593638 1336467 1543444 1631288 1374019 1731688 1455594 1568612 1399171 1599969 1367744 1380440 1505792 1336373 1574911 1405420 1549793 1399139 1524653 1556058 1430496 1399123 1468146 1474421 1537165 1568542 1537165 1449457 1537169 1399123 1524619 1361469 1518370 1700315 1380294 1505876 1606276 1505912 1380370 1549719 1618750 1468180 1612463 1461879 1374019 1461867 1631366 1568540 1461867 1405394 1436773 1286227 1675267 1443182]
Response/bytes (per Connection):  [2663167 2494691 2399956 2484168 2673706 2336798 2410479 2726365 2494789 2273626 2494691 2494691 2557853 2684177 2147416 2568432 2399950 2547328 2463244 2494739 2600011 2578907 2515859 2663119 2663119 2284227 2578905 2568486 2326397 2621013 2536917 2326261 2463110 2526270 2242159 2526274 2610486 2578961 2494783 2652690 2389525 2347333 2631550 2452583 2568378 2726363 2515747 2589430 2652688 2452585 2210466 2305241 2578909 2536885 2705227 2315838 2673646 2589432 2694704 2484292 2399948 2515745 2399952 2515751 2715758 2736812 2326265 2652592 2663121 2505316 2600039 2778916 2568422 2589432 2389421 2915763 2357846 2547326 2768389 2547324 2463242 2273670 2389469 2684177 2336904 2473673 2694704 2410481 2315872 2399952 2336788 2526308 2652592 2652594 2642163 2726281 2578905 2505342 2526372 2484162 2600049 2473695 2442060 2347351 2599963 2463190 2515825 2673732 2547324 2684175 2579015 2326265 2515865 2673648 2515863 2252582 2284299 2599959 2842134 2178933 2694756 2421056 2284207 2442056 2642079 2494693 2263245 2799968 2673646 2515745 2347331 2484168 2463110 2526340 2526276 2621077 2526304 2684173 2452587 2610536 2326265 2326261 2557951 2505304 2663119 2621083 2557965 2726279 2663181 2631538 2315780 2378906 2484164 2589518 2547340 2821044 2589432 2684177 2705293 2357846 2694790 2715830 2473635 2621013 2389439 2621067 2357842 2431639 2442060 2568382 2315738 2810495 2589432 2568378 2705313 2684213 2515797 2715758 2684263 2252736 2642065 2326265 2673710 2536797 2600033 2726363 2378996 2610486 2294812 2284153 2673650 2431567 2389437 2210470 2589436 2568378 2357872 2494797 2442100 2568490 2389423 2578905 2442056 2452621 2547344 2378898 2621017 2400008 2442056 2294684 2589540 2231520 2705307 2536917 2473639 2715754 2315742 2536801 2357928 2442160 2252706 2757936 2621011 2357844 2715754 2600047 2631544 2305211 2505276 2463230 2652594 2273788 2578917 2663149 2242049 2684173 2400016 2505342 2536797 2494693 2547328 2568382 2378992 2431529 2589530 2536883 2673646 2242143 2589436 2736808 2305207 2905240 2442058 2631612 2347367 2684229 2294680 2315880 2526272 2242049 2642163 2357868 2600037 2347335 2557889 2610554 2399952 2347319 2463114 2473641 2578905 2631542 2578905 2431669 2578909 2347319 2557855 2284153 2547354 2852607 2315734 2526356 2694788 2526392 2315810 2599963 2715766 2463148 2705227 2452595 2305207 2452583 2736886 2631540 2452583 2357842 2410481 2157887 2810551 2421142]
Requests Number (per Connection):  [253 237 228 236 254 222 229 259 237 216 237 237 243 255 204 244 228 242 234 237 247 245 239 253 253 217 245 244 221 249 241 221 234 240 213 240 248 245 237 252 227 223 250 233 244 259 239 246 252 233 210 219 245 241 257 220 254 246 256 236 228 239 228 239 258 260 221 252 253 238 247 264 244 246 227 277 224 242 263 242 234 216 227 255 222 235 256 229 220 228 222 240 252 252 251 259 245 238 240 236 247 235 232 223 247 234 239 254 242 255 245 221 239 254 239 214 217 247 270 207 256 230 217 232 251 237 215 266 254 239 223 236 234 240 240 249 240 255 233 248 221 221 243 238 253 249 243 259 253 250 220 226 236 246 242 268 246 255 257 224 256 258 235 249 227 249 224 231 232 244 220 267 246 244 257 255 239 258 255 214 251 221 254 241 247 259 226 248 218 217 254 231 227 210 246 244 224 237 232 244 227 245 232 233 242 226 249 228 232 218 246 212 257 241 235 258 220 241 224 232 214 262 249 224 258 247 250 219 238 234 252 216 245 253 213 255 228 238 241 237 242 244 226 231 246 241 254 213 246 260 219 276 232 250 223 255 218 220 240 213 251 224 247 223 243 248 228 223 234 235 245 250 245 231 245 223 243 217 242 271 220 240 256 240 220 247 258 234 257 233 219 233 260 250 233 224 229 205 267 230]
Requests/sec:  7321.522672526042 KB
Transfer/sec:  19604.75009765625 KB

