2023-12-04 17:58:08.907161527 +0800 CST m=+12189.750745696
Running 1m0s myx-test @ https://192.168.12.127:6443/api/v1/namespaces/myx-test/endpoints
3 connections
Requests/bytes (per Connection):  [34407494 34776572 37330270]
Response/bytes (per Connection):  [46850551 47353144 50830301]
Requests Number (per Connection):  [5686 5747 6169]
Requests/sec:  1733.6317708333333 KB
Transfer/sec:  4094.2111328125 KB

2023-12-04 17:59:49.122378626 +0800 CST m=+12289.965962807
Running 1m0s myx-test @ https://192.168.12.127:6443/api/v1/namespaces/myx-test/endpoints
6 connections
Requests/bytes (per Connection):  [31351558 33469624 31593568 33457364 33548140 33596554]
Response/bytes (per Connection):  [42689513 45573446 43019078 45556888 45680486 45746405]
Requests Number (per Connection):  [5181 5531 5221 5529 5544 5552]
Requests/sec:  3206.653776041667 KB
Transfer/sec:  7572.959375 KB

2023-12-04 18:01:29.439329094 +0800 CST m=+12390.282913276
Running 1m0s myx-test @ https://192.168.12.127:6443/api/v1/namespaces/myx-test/endpoints
9 connections
Requests/bytes (per Connection):  [28210934 29959742 30377322 28598250 27932550 27926656 27496966 29614810 27067302]
Response/bytes (per Connection):  [38413135 40794385 41362941 38940489 38034099 38025938 37440899 40324721 36855873]
Requests Number (per Connection):  [4662 4951 5020 4726 4616 4615 4544 4894 4473]
Requests/sec:  4185.946158854166 KB
Transfer/sec:  9885.6935546875 KB

2023-12-04 18:03:09.654677885 +0800 CST m=+12490.498262063
Running 1m0s myx-test @ https://192.168.12.127:6443/api/v1/namespaces/myx-test/endpoints
15 connections
Requests/bytes (per Connection):  [19993380 20096268 21227796 21475922 20047848 21693784 21863232 20997826 21173330 20314050 21040272 21615114 21802710 20302030 21669576]
Response/bytes (per Connection):  [27223746 27363828 28904610 29242447 27297906 29539082 29769798 28591493 28830451 27660423 28649214 29431965 29687397 27643985 29506122]
Requests Number (per Connection):  [3304 3321 3508 3549 3313 3585 3613 3470 3499 3357 3477 3572 3603 3355 3581]
Requests/sec:  5132.049772135417 KB
Transfer/sec:  12120.045654296875 KB

2023-12-04 18:04:49.896028231 +0800 CST m=+12590.739612409
Running 1m0s myx-test @ https://192.168.12.127:6443/api/v1/namespaces/myx-test/endpoints
30 connections
Requests/bytes (per Connection):  [10111700 10674414 10916488 10886228 10517106 10081442 10093448 9918100 10323410 10632052 10601860 10045188 10287168 9942306 10650226 10153990 10674478 10753088 10293154 10620002 10190414 10057134 10335516 10468670 9809150 10420390 10747086 10492864 10505090 10456550]
Response/bytes (per Connection):  [13768444 14534703 14864300 14823100 14320485 13727245 13743676 13504796 14056789 14477024 14435858 13677834 14007384 13537755 14501753 13826087 14534735 14641822 14015591 14460571 13875583 13694235 14073270 14254555 13356469 14188703 14633607 14287508 14304049 14238067]
Requests Number (per Connection):  [1671 1764 1804 1799 1738 1666 1668 1639 1706 1757 1752 1660 1700 1643 1760 1678 1764 1777 1701 1755 1684 1662 1708 1730 1621 1722 1776 1734 1736 1728]
Requests/sec:  5072.570182291666 KB
Transfer/sec:  11979.56884765625 KB

2023-12-04 18:06:30.192658097 +0800 CST m=+12691.036242250
Running 1m0s myx-test @ https://192.168.12.127:6443/api/v1/namespaces/myx-test/endpoints
60 connections
Requests/bytes (per Connection):  [6045142 5760732 6123784 5924234 5536918 6063410 5742582 5809126 5978544 5918130 5706370 5912054 5748728 5645850 6051248 5766882 5978622 5875746 5851558 5827404 5809250 5954376 5718472 5760832 5688152 5676106 5875726 6093682 5936304 5833456 5748730 5893824 5670058 5978700 5797098 6123870 5918182 5912126 5966458 5978696 6027114 5893948 5875676 6081418 5899954 5912126 5482450 5960542 5772830 5609538 5936336 5936334 5996782 6033136 5869662 5857528 5827404 5887802 5966594 5676108]
Response/bytes (per Connection):  [8231357 7844094 8338460 8066623 7539269 8256133 7819377 7910003 8140704 8058357 7769987 8050105 7827664 7687587 8239624 7852383 8140743 8000667 7967717 7934784 7910065 8107764 7786466 7844144 7745236 7728785 8000657 8297339 8083086 7943024 7827665 8025348 7720547 8140782 7893561 8338503 8058383 8050141 8124233 8140780 8206701 8025410 8000632 8280779 8033627 8050141 7465109 8116061 7860571 7638147 8083102 8083101 8165465 8214926 7992411 7975916 7934784 8017123 8124301 7728786]
Requests Number (per Connection):  [999 952 1012 979 915 1002 949 960 988 978 943 977 950 933 1000 953 988 971 967 963 960 984 945 952 940 938 971 1007 981 964 950 974 937 988 958 1012 978 977 986 988 996 974 971 1005 975 977 906 985 954 927 981 981 991 997 970 968 963 973 986 938]
Requests/sec:  5730.8666015625 KB
Transfer/sec:  13534.2396484375 KB

2023-12-04 18:08:10.490414229 +0800 CST m=+12791.333998469
Running 1m0s myx-test @ https://192.168.12.127:6443/api/v1/namespaces/myx-test/endpoints
90 connections
Requests/bytes (per Connection):  [4302508 4508156 4429546 4417456 4447606 4272156 4272108 4296320 4012018 4326716 4193432 4211688 4163160 4024124 4072522 4278158 4629216 4175414 4350804 4496100 4314612 4223676 4187506 4490030 4417334 3999922 4217754 4169356 4211730 4278246 4211736 4393220 4326558 4266198 4350900 4211670 4175280 4350904 4193496 4211572 4302502 4272092 4314584 4169372 4393228 4181314 4350922 4362926 4363026 4054368 4387074 4314468 4223836 4520310 4260146 4102802 4290344 4217634 4229886 4278300 4302350 4048316 4272160 4308478 4248042 4223834 4284206 4181472 4030180 4066370 4381084 4423396 4411306 4266040 4217784 4235938 4157156 4356848 4163320 4139020 4423532 4266196 4278220 4369078 4181314 4151128 4272250 4284214 4459696 4096616]
Response/bytes (per Connection):  [5858408 6138508 6031421 6014948 6056093 5817162 5817138 5850100 5462891 5891368 5710018 5734788 5668812 5479372 5545283 5825377 6303318 5685367 5924268 6122052 5874888 5751210 5701841 6113803 6014887 5446415 5743035 5677124 5734809 5825421 5734812 5981974 5891289 5808969 5924316 5734779 5685300 5924318 5710050 5734730 5858405 5817130 5874874 5677132 5981978 5693531 5924327 5940757 5940807 5520564 5973687 5874816 5751290 6155013 5800729 5586493 5841898 5742975 5759529 5825448 5858329 5512324 5817164 5866607 5784249 5751289 5833615 5693610 5487614 5536993 5965478 6023132 6006659 5808890 5743050 5767769 5660596 5932504 5668892 5635886 6023200 5808968 5825408 5949047 5693531 5652368 5817209 5833619 6072566 5578186]
Requests Number (per Connection):  [711 745 732 730 735 706 706 710 663 715 693 696 688 665 673 707 765 690 719 743 713 698 692 742 730 661 697 689 696 707 696 726 715 705 719 696 690 719 693 696 711 706 713 689 726 691 719 721 721 670 725 713 698 747 704 678 709 697 699 707 711 669 706 712 702 698 708 691 666 672 724 731 729 705 697 700 687 720 688 684 731 705 707 722 691 686 706 708 737 677]
Requests/sec:  6252.760188802084 KB
Transfer/sec:  14766.770556640626 KB

2023-12-04 18:09:50.743984502 +0800 CST m=+12891.587568674
Running 1m0s myx-test @ https://192.168.12.127:6443/api/v1/namespaces/myx-test/endpoints
150 connections
Requests/bytes (per Connection):  [2886426 2850204 2795702 2807716 2838014 3007524 2874394 2844028 2898650 2862332 2910726 2795612 2940856 2704992 2850130 2789562 2844078 2795770 3001370 3061936 2916804 2947068 2844184 2777456 3031682 2874366 3122450 2850090 2983376 2831924 2977288 2910598 2922858 2759302 2910598 2892442 2747238 2783666 2813912 2856174 2910598 3013480 2674722 2922702 2741238 2868384 2850080 3122434 2959114 2807716 2965180 2880496 2783548 2819966 2729202 2934962 2941014 2898622 2741290 2965064 3013576 2862258 3037758 2928754 3043738 2753250 2856260 2771512 2753408 2837976 2795764 2838128 2953010 2801738 2783510 2953078 2832048 2620110 2850080 2795724 2928894 2807828 2801738 2856138 2916760 2983218 2819974 2953102 2959012 2868266 2874308 2747198 2904678 2862290 2717098 3007550 3001376 2753408 2831924 2783574 2880338 2825872 2717098 2831944 2832070 2904654 3007426 2868234 2837976 2959012 2989282 2686774 2777588 2783510 2759422 2922758 2807874 2874444 2832082 2850080 2838018 2692732 2977256 2838040 2716940 2765512 2952992 2704994 2959012 2777458 2656428 2904544 2753250 2922858 2777616 2886390 2874286 3037686 2886502 2819820 2989272 2838034 2898494 2723114 2656514 3031632 2650526 2959170 2777468 2680742]
Response/bytes (per Connection):  [3930291 3880896 3806719 3823154 3864373 4095120 3913847 3872594 3946831 3897388 3963297 3806674 4004432 3683154 3880859 3798435 3872619 3806753 4086829 4169252 3971550 4012752 3872672 3781954 4128055 3913833 4251649 3880839 4062190 3856114 4053932 3963233 3979791 3757235 3963233 3938513 3740775 3790273 3831466 3889095 3963233 4103312 3641949 3979713 3732561 3905628 3880834 4251641 4029203 3823154 4037450 3922112 3790214 3839707 3716115 3996271 4004511 3946817 3732587 4037392 4103360 3897351 4136307 3987953 4144511 3748995 3889138 3773768 3749074 3864354 3806750 3864430 4020937 3814951 3790195 4020971 3856176 3567717 3880834 3806730 3988023 3823210 3814951 3889077 3971528 4062111 3839711 4020983 4029152 3905569 3913804 3740755 3955059 3897367 3699635 4095133 4086832 3749074 3856114 3790227 3922033 3847874 3699635 3856124 3856187 3955047 4095071 3905553 3864354 4029152 4070357 3658403 3782020 3790195 3757295 3979741 3823233 3913872 3856193 3880834 3864375 3666596 4053916 3864386 3699556 3765554 4020928 3683155 4029152 3781955 3617160 3954992 3748995 3979791 3782034 3930273 3913793 4136271 3930329 3839634 4070352 3864383 3946753 3707857 3617203 4128030 3608995 4029231 3781960 3650173]
Requests Number (per Connection):  [477 471 462 464 469 497 475 470 479 473 481 462 486 447 471 461 470 462 496 506 482 487 470 459 501 475 516 471 493 468 492 481 483 456 481 478 454 460 465 472 481 498 442 483 453 474 471 516 489 464 490 476 460 466 451 485 486 479 453 490 498 473 502 484 503 455 472 458 455 469 462 469 488 463 460 488 468 433 471 462 484 464 463 472 482 493 466 488 489 474 475 454 480 473 449 497 496 455 468 460 476 467 449 468 468 480 497 474 469 489 494 444 459 460 456 483 464 475 468 471 469 445 492 469 449 457 488 447 489 459 439 480 455 483 459 477 475 502 477 466 494 469 479 450 439 501 438 489 459 443]
Requests/sec:  6982.406608072916 KB
Transfer/sec:  16489.907373046874 KB

2023-12-04 18:11:31.057304897 +0800 CST m=+12991.900889065
Running 1m0s myx-test @ https://192.168.12.127:6443/api/v1/namespaces/myx-test/endpoints
300 connections
Requests/bytes (per Connection):  [1633824 1779068 1694378 1809328 1742782 1676236 1645930 1627788 1652014 1658032 1549188 1603566 1639878 1670158 1633884 1567260 1627834 1603566 1555158 1597514 1597586 1694384 1591482 1748810 1543052 1724602 1500788 1633884 1712498 1561204 1748810 1712500 1573326 1597514 1591466 1694370 1700394 1658032 1549100 1694344 1773016 1543048 1609668 1670136 1688290 1561204 1512790 1585412 1567338 1658032 1500690 1633836 1633842 1615736 1603570 1682250 1494698 1573326 1543116 1676236 1706448 1652036 1651982 1561204 1706448 1658084 1549116 1591462 1518842 1712498 1573386 1561288 1470426 1645950 1730654 1639936 1718582 1609686 1645978 1603566 1591462 1579358 1712502 1494634 1809328 1670184 1670136 1591462 1585416 1536996 1718584 1597518 1688324 1543054 1754862 1524892 1579372 1676234 1645928 1736706 1524892 1712498 1573312 1609618 1658032 1785130 1645928 1524904 1561288 1609618 1573386 1760914 1664116 1639878 1621726 1676188 1591464 1718572 1567256 1555152 1633824 1621722 1645946 1615690 1549168 1651982 1536996 1609650 1754882 1591462 1585410 1651980 1500690 1700396 1543058 1482530 1645930 1591462 1724602 1567282 1561266 1658086 1652036 1518846 1736708 1718582 1718550 1736706 1658032 1621722 1639880 1603566 1688292 1633882 1579362 1706484 1639876 1494638 1621722 1742758 1621726 1573384 1609686 1561202 1555178 1561206 1718576 1597514 1549130 1524972 1579358 1506742 1555238 1785120 1549100 1627836 1712532 1567332 1742758 1694344 1682240 1694344 1621722 1591462 1688290 1543138 1597586 1555152 1597516 1718550 1712534 1645928 1694384 1537000 1651980 1682240 1785132 1724602 1779082 1524992 1567256 1561288 1597534 1561204 1621726 1724634 1670174 1549140 1682284 1561288 1724634 1706484 1597514 1518842 1518888 1494708 1524988 1658034 1706484 1555152 1524892 1639934 1555160 1621744 1609684 1664134 1633826 1597586 1639878 1651980 1688336 1615674 1688312 1651980 1518846 1670184 1645960 1718550 1615674 1670136 1627782 1718552 1561288 1670136 1555152 1561206 1561204 1839580 1639936 1567256 1609634 1585416 1779070 1712500 1567314 1476480 1742758 1524988 1549100 1748814 1609618 1736706 1567256 1500684 1712532 1658038 1603636 1512834 1549104 1688308 1688292 1597514 1585424 1549100 1561258 1651982 1488580 1561204 1621722 1664086 1518936 1591466 1603594 1518840 1591462 1639904 1579360 1518840 1458386 1627788 1518926 1700396 1621722 1700396 1785132 1615670 1639892 1518852 1555152 1567256]
Response/bytes (per Connection):  [2224692 2422450 2307109 2463650 2373023 2282396 2241173 2216460 2249429 2257652 2109378 2183493 2232933 2274143 2224722 2134056 2216483 2183493 2117577 2175253 2175289 2307112 2167023 2381251 2101096 2348291 2043466 2224722 2331811 2125814 2381251 2331812 2142303 2175253 2167015 2307105 2315331 2257652 2109334 2307092 2414210 2101094 2191758 2274132 2298851 2125814 2059895 2158774 2134095 2257652 2043417 2224698 2224701 2200006 2183495 2290617 2035207 2142303 2101128 2282396 2323572 2249440 2249413 2125814 2323572 2257678 2109342 2167013 2068135 2331811 2142333 2125856 2002215 2241183 2356531 2232962 2340067 2191767 2241197 2183493 2167013 2150533 2331813 2035175 2463650 2274156 2274132 2167013 2158776 2092854 2340068 2175255 2298868 2101097 2389491 2076374 2150540 2282395 2241172 2364771 2076374 2331811 2142296 2191733 2257652 2430695 2241172 2076380 2125856 2191733 2142333 2397731 2265908 2232933 2208215 2282372 2167014 2340062 2134054 2117574 2224692 2208213 2241181 2199983 2109368 2249413 2092854 2191749 2389501 2167013 2158773 2249412 2043417 2315332 2101099 2018695 2241173 2167013 2348291 2134067 2125845 2257679 2249440 2068137 2364772 2340067 2340051 2364771 2257652 2208213 2232934 2183493 2298852 2224721 2150535 2323590 2232932 2035177 2208213 2373011 2208215 2142332 2191767 2125813 2117587 2125815 2340064 2175253 2109349 2076414 2150533 2051657 2117617 2430690 2109334 2216484 2331828 2134092 2373011 2307092 2290612 2307092 2208213 2167013 2298851 2101139 2175289 2117574 2175254 2340051 2331829 2241172 2307112 2092856 2249412 2290612 2430696 2348291 2422457 2076424 2134054 2125856 2175263 2125814 2208215 2348307 2274151 2109354 2290634 2125856 2348307 2323590 2175253 2068135 2068158 2035212 2076422 2257653 2323590 2117574 2076374 2232961 2117578 2208224 2191766 2265917 2224693 2175289 2232933 2249412 2298874 2199975 2298862 2249412 2068137 2274156 2241188 2340051 2199975 2274132 2216457 2340052 2125856 2274132 2117574 2125815 2125814 2504846 2232962 2134054 2191741 2158776 2422451 2331812 2134083 2010456 2373011 2076422 2109334 2381253 2191733 2364771 2134054 2043414 2331828 2257655 2183528 2059917 2109336 2298860 2298852 2175253 2158780 2109334 2125841 2249413 2026934 2125814 2208213 2265893 2068182 2167015 2183507 2068134 2167013 2232946 2150534 2068134 1985767 2216460 2068177 2315332 2208213 2315332 2430696 2199973 2232940 2068140 2117574 2134054]
Requests Number (per Connection):  [270 294 280 299 288 277 272 269 273 274 256 265 271 276 270 259 269 265 257 264 264 280 263 289 255 285 248 270 283 258 289 283 260 264 263 280 281 274 256 280 293 255 266 276 279 258 250 262 259 274 248 270 270 267 265 278 247 260 255 277 282 273 273 258 282 274 256 263 251 283 260 258 243 272 286 271 284 266 272 265 263 261 283 247 299 276 276 263 262 254 284 264 279 255 290 252 261 277 272 287 252 283 260 266 274 295 272 252 258 266 260 291 275 271 268 277 263 284 259 257 270 268 272 267 256 273 254 266 290 263 262 273 248 281 255 245 272 263 285 259 258 274 273 251 287 284 284 287 274 268 271 265 279 270 261 282 271 247 268 288 268 260 266 258 257 258 284 264 256 252 261 249 257 295 256 269 283 259 288 280 278 280 268 263 279 255 264 257 264 284 283 272 280 254 273 278 295 285 294 252 259 258 264 258 268 285 276 256 278 258 285 282 264 251 251 247 252 274 282 257 252 271 257 268 266 275 270 264 271 273 279 267 279 273 251 276 272 284 267 276 269 284 258 276 257 258 258 304 271 259 266 262 294 283 259 244 288 252 256 289 266 287 259 248 283 274 265 250 256 279 279 264 262 256 258 273 246 258 268 275 251 263 265 251 263 271 261 251 241 269 251 281 268 281 295 267 271 251 257 259]
Requests/sec:  7932.444108072917 KB
Transfer/sec:  18733.554833984374 KB

