2023-12-05 18:32:50.663590585 +0800 CST m=+22321.170898443
Running 1m0s myx-test @ https://192.168.12.127:6443/apis/batch/v1/namespaces/myx-test/jobs
3 connections
Requests/bytes (per Connection):  [46007156 46577716 49659692]
Response/bytes (per Connection):  [48982175 49589627 52870900]
Requests Number (per Connection):  [7419 7511 8008]
Requests/sec:  2315.1784505208334 KB
Transfer/sec:  4780.066178385417 KB

2023-12-05 18:34:30.73619206 +0800 CST m=+22421.243499921
Running 1m0s myx-test @ https://192.168.12.127:6443/apis/batch/v1/namespaces/myx-test/jobs
6 connections
Requests/bytes (per Connection):  [30131938 31700882 30001750 29890116 29741280 31793908]
Response/bytes (per Connection):  [32080397 33750794 31941788 31822936 31664476 33849835]
Requests Number (per Connection):  [4859 5112 4838 4820 4796 5127]
Requests/sec:  2982.7453450520834 KB
Transfer/sec:  6158.367513020833 KB

2023-12-05 18:36:10.804764252 +0800 CST m=+22521.312072108
Running 1m0s myx-test @ https://192.168.12.127:6443/apis/batch/v1/namespaces/myx-test/jobs
9 connections
Requests/bytes (per Connection):  [30367500 30299412 32767486 31006370 32705464 30336632 31235746 32476000 31186208]
Response/bytes (per Connection):  [32331197 32258698 34886370 33011370 34820338 32298324 33255583 34576037 33202837]
Requests Number (per Connection):  [4897 4886 5284 5000 5274 4892 5037 5237 5029]
Requests/sec:  4596.041959635417 KB
Transfer/sec:  9489.2833984375 KB

2023-12-05 18:37:52.605742337 +0800 CST m=+22623.113050194
Running 1m0s myx-test @ https://192.168.12.127:6443/apis/batch/v1/namespaces/myx-test/jobs
15 connections
Requests/bytes (per Connection):  [2065040 2065040 2077424 2065040 2058804 2071202 2027828 2219970 2145662 2263498 2201396 1990620 2015426 2052636 2220086]
Response/bytes (per Connection):  [2198573 2198573 2211759 2198573 2191936 2205136 2158955 2363528 2284408 2409863 2343751 2119341 2145751 2185367 2363644]
Requests Number (per Connection):  [333 333 335 333 332 334 327 358 346 365 355 321 325 331 358]
Requests/sec:  513.341015625 KB
Transfer/sec:  1059.8767903645833 KB

2023-12-05 18:39:32.687431907 +0800 CST m=+22723.194739779
Running 1m0s myx-test @ https://192.168.12.127:6443/apis/batch/v1/namespaces/myx-test/jobs
30 connections
Requests/bytes (per Connection):  [9326706 9388698 9872304 9878568 9797976 9432138 9487954 9407330 9413534 9481694 10126580 9829052 10058472 10021306 10120536 9556174 9897194 9909598 10145224 9866262 9872338 9990192 9984096 10033710 9605738 9853722 9407298 9891054 10101930 9841418]
Response/bytes (per Connection):  [9929810 9995812 10510696 10517361 10431556 10042059 10101484 10015647 10022252 10094823 10781413 10464637 10708894 10669322 10774968 10174115 10537190 10550396 10801260 10504253 10510730 10636203 10629706 10682528 10226887 10490911 10015615 10530649 10755159 10477805]
Requests Number (per Connection):  [1504 1514 1592 1593 1580 1521 1530 1517 1518 1529 1633 1585 1622 1616 1632 1541 1596 1598 1636 1591 1592 1611 1610 1618 1549 1589 1517 1595 1629 1587]
Requests/sec:  4778.626236979167 KB
Transfer/sec:  9866.258740234374 KB

2023-12-05 18:41:12.79461618 +0800 CST m=+22823.301924041
Running 1m0s myx-test @ https://192.168.12.127:6443/apis/batch/v1/namespaces/myx-test/jobs
60 connections
Requests/bytes (per Connection):  [5636956 5450944 5798186 5953244 5767152 5680366 5773396 5705178 5655562 5686572 5953248 5667966 5785770 5512920 5748536 5556334 5531542 5723782 5705176 5599746 5636938 5878742 5649356 5506718 5661764 5940792 5636958 5854020 5711338 5680336 5692736 5736186 5475710 5519122 5729936 5599746 5773396 5971748 5444700 5717536 5748590 6008974 5556332 5878822 5816806 5860222 5500530 5506728 5556334 5767194 5562542 5618352 5537742 5723782 5612150 5767190 5692774 5618352 5469510 5674136]
Response/bytes (per Connection):  [6001465 5803423 6173121 6338204 6140082 6047682 6146727 6074098 6021274 6054289 6338208 6034480 6159903 5869409 6120263 5915630 5889234 6093905 6074096 5961849 6001447 6258890 6014667 5862806 6027877 6324950 6001467 6232564 6080659 6047652 6060854 6107111 5829793 5876012 6100460 5961849 6146727 6357911 5796778 6087258 6120317 6397543 5915628 6258970 6192944 6239167 5856217 5862816 5915630 6140124 5922239 5981658 5895835 6093905 5975055 6140120 6060892 5981658 5823192 6041051]
Requests Number (per Connection):  [909 879 935 960 930 916 931 920 912 917 960 914 933 889 927 896 892 923 920 903 909 948 911 888 913 958 909 944 921 916 918 925 883 890 924 903 931 963 878 922 927 969 896 948 938 945 887 888 896 930 897 906 893 923 905 930 918 906 882 915]
Requests/sec:  5553.180598958334 KB
Transfer/sec:  11465.453304036459 KB

2023-12-05 18:42:52.886266436 +0800 CST m=+22923.393574306
Running 1m0s myx-test @ https://192.168.12.127:6443/apis/batch/v1/namespaces/myx-test/jobs
90 connections
Requests/bytes (per Connection):  [3788980 3671162 3807586 3602964 3733164 3677362 3677346 3714560 3733164 3677348 3609128 3702154 3764158 3671162 3807584 3671162 3702162 3528566 3726962 3832360 3795158 3683550 3695954 3565714 3640136 3726960 3869600 3788976 3392064 3571938 3609126 3739360 3683550 3559512 3733160 3485092 3832392 3584320 3764172 3726962 3509898 3745568 3813768 3522302 3578118 3919178 3652540 3658742 3776578 3658742 3801384 3714558 3633962 3646340 3689750 3677360 3578118 3633938 3726962 3844796 3906814 3850998 3782780 3565756 3807584 3590564 3590526 3764158 3757970 3658742 3782778 3664944 3460284 3671146 3689750 3646362 3720760 3757970 3559532 3609128 3590522 3497494 3503696 3739366 3596724 3646338 3838594 3677362 3683562 3739360]
Response/bytes (per Connection):  [4033991 3908554 4053800 3835945 3974566 3915155 3915139 3954759 3974566 3915141 3842510 3941551 4007565 3908554 4053798 3908554 3941559 3756735 3967963 4080178 4040570 3921744 3934950 3796289 3875523 3967961 4119824 4033987 3611411 3802914 3842508 3981163 3921744 3789686 3974562 3710454 4080210 3816098 4007579 3967963 3736864 3987772 4060383 3750070 3809495 4172610 3888729 3895332 4020787 3895332 4047197 3954757 3868948 3882128 3928345 3915153 3809495 3868924 3967963 4093416 4159444 4100019 4027390 3796331 4053798 3822743 3822705 4007565 4000976 3895332 4027388 3901935 3684042 3908538 3928345 3882150 3961360 4000976 3789706 3842510 3822701 3723658 3730261 3981169 3829304 3882126 4086813 3915155 3921756 3981163]
Requests Number (per Connection):  [611 592 614 581 602 593 593 599 602 593 582 597 607 592 614 592 597 569 601 618 612 594 596 575 587 601 624 611 547 576 582 603 594 574 602 562 618 578 607 601 566 604 615 568 577 632 589 590 609 590 613 599 586 588 595 593 577 586 601 620 630 621 610 575 614 579 579 607 606 590 610 591 558 592 595 588 600 606 574 582 579 564 565 603 580 588 619 593 594 603]
Requests/sec:  5398.452083333334 KB
Transfer/sec:  11145.990852864583 KB

2023-12-05 18:44:33.00906307 +0800 CST m=+23023.516370930
Running 1m0s myx-test @ https://192.168.12.127:6443/apis/batch/v1/namespaces/myx-test/jobs
150 connections
Requests/bytes (per Connection):  [2412334 2548778 2375126 2381316 2449504 2480558 2480480 2406138 2505248 2523832 2424650 2362708 2356438 2399920 2461914 2375128 2486764 2647850 2480562 2474314 2523840 2455662 2455752 2548620 2430916 2505350 2455756 2604584 2381236 2393676 2554926 2548686 2399906 2480558 2492804 2672658 2294414 2350254 2406070 2381330 2554852 2418510 2548778 2455740 2486758 2381268 2573586 2492960 2455642 2492934 2616902 2499070 2474356 2412192 2430806 2480550 2356382 2412290 2387464 2424674 2548778 2567224 2492966 2567226 2579786 2387408 2430946 2468008 2275898 2399914 2424584 2548778 2275902 2282100 2468076 2412342 2536374 2418500 2430942 2443348 2604594 2437034 2511568 2449524 2443346 2548620 2375126 2461954 2530172 2375128 2660254 2455750 2579770 2530014 2430944 2368828 2337802 2468154 2536326 2455752 2319204 2492846 2492804 2430944 2319166 2406140 2399934 2486602 2275892 2325512 2505366 2288302 2399776 2579664 2635594 2598268 2567224 2554822 2480490 2418400 2406140 2610778 2542546 2468128 2499164 2548778 2344086 2523948 2592034 2368928 2399812 2399934 2319310 2455724 2536324 2554980 2337916 2579734 2610798 2641652 2418544 2505360 2294488 2331716 2325402 2542562 2579788 2399938 2313100 2430786]
Response/bytes (per Connection):  [2568323 2713589 2528709 2535300 2607899 2640958 2640880 2561726 2667252 2687039 2581441 2515489 2508818 2555107 2621111 2528711 2647565 2819077 2640962 2634313 2687047 2614458 2614548 2713431 2588108 2667354 2614552 2773004 2535220 2548462 2720138 2713497 2555093 2640958 2654006 2845489 2442784 2502233 2561658 2535314 2720064 2574900 2713589 2614536 2647559 2535252 2740001 2654162 2614438 2654136 2786124 2660673 2634355 2568181 2587998 2640950 2508762 2568279 2541849 2581465 2713589 2733238 2654168 2733240 2746602 2541793 2588138 2627606 2423065 2555101 2581375 2713589 2423069 2429668 2627674 2568331 2700383 2574890 2588134 2601342 2773014 2594627 2673973 2607919 2601340 2713431 2528709 2621151 2693780 2528711 2832283 2614546 2746586 2693622 2588136 2522010 2488979 2627752 2700335 2614548 2469178 2654048 2654006 2588136 2469140 2561728 2555121 2647403 2423059 2475887 2667370 2436271 2554963 2746480 2806019 2766287 2733238 2720034 2640890 2574790 2561728 2779599 2706956 2627726 2660767 2713589 2495664 2687155 2759652 2522110 2554999 2555121 2469284 2614520 2700333 2720192 2489093 2746550 2779619 2812478 2574934 2667364 2442858 2482492 2475777 2706972 2746604 2555125 2462673 2587978]
Requests Number (per Connection):  [389 411 383 384 395 400 400 388 404 407 391 381 380 387 397 383 401 427 400 399 407 396 396 411 392 404 396 420 384 386 412 411 387 400 402 431 370 379 388 384 412 390 411 396 401 384 415 402 396 402 422 403 399 389 392 400 380 389 385 391 411 414 402 414 416 385 392 398 367 387 391 411 367 368 398 389 409 390 392 394 420 393 405 395 394 411 383 397 408 383 429 396 416 408 392 382 377 398 409 396 374 402 402 392 374 388 387 401 367 375 404 369 387 416 425 419 414 412 400 390 388 421 410 398 403 411 378 407 418 382 387 387 374 396 409 412 377 416 421 426 390 404 370 376 375 410 416 387 373 392]
Requests/sec:  6007.574576822916 KB
Transfer/sec:  12403.624430338541 KB

2023-12-05 18:46:13.155056265 +0800 CST m=+23123.662364123
Running 1m0s myx-test @ https://192.168.12.127:6443/apis/batch/v1/namespaces/myx-test/jobs
300 connections
Requests/bytes (per Connection):  [1618512 1630912 1618560 1612388 1606106 1630912 1506952 1463464 1544090 1661986 1736344 1581298 1593706 1537968 1618588 1568896 1581298 1599904 1643316 1500674 1494512 1556492 1519284 1506880 1624786 1519280 1606106 1562692 1674326 1680526 1655724 1581300 1556502 1531742 1537924 1599940 1624710 1568894 1643316 1606106 1469742 1599904 1525480 1537898 1568898 1426312 1612374 1426258 1494556 1562692 1500714 1550298 1525582 1612306 1643358 1531742 1568896 1612388 1606188 1606106 1500774 1668122 1550336 1587500 1593706 1630988 1674386 1599904 1668172 1544092 1593788 1606106 1618586 1525570 1575106 1513078 1655724 1699142 1612320 1537990 1568918 1674330 1599974 1550334 1668124 1568958 1643316 1531686 1519338 1575180 1469670 1513078 1575100 1599916 1475978 1612306 1606104 1475868 1513082 1674362 1637186 1556490 1618510 1593702 1488392 1643316 1537982 1630986 1562712 1575096 1593702 1544108 1699184 1544086 1593702 1587500 1661920 1568896 1469666 1568898 1717738 1562694 1519390 1587500 1599978 1575178 1438684 1500746 1593702 1562754 1513190 1407646 1618572 1668164 1513092 1618510 1649520 1506938 1531684 1593766 1637118 1556548 1506882 1568934 1475960 1519280 1519280 1500678 1519390 1637114 1550290 1544116 1506880 1556516 1816980 1581380 1550388 1668142 1618508 1581302 1568894 1568894 1550388 1469682 1556590 1488270 1550290 1587500 1606104 1612308 1593702 1587504 1668124 1488270 1432574 1494472 1500778 1575096 1630990 1599988 1568914 1699132 1655788 1606188 1525480 1581382 1575188 1606106 1618510 1513192 1513082 1500768 1463464 1630912 1637118 1544086 1599908 1637114 1475894 1444862 1575158 1692934 1593706 1599904 1661922 1544090 1575096 1624786 1544190 1395248 1494478 1624710 1587500 1581310 1581298 1519308 1630916 1482070 1637114 1537924 1612308 1624712 1550366 1482104 1556492 1506878 1581354 1618586 1482088 1606110 1568894 1568896 1661922 1612308 1568956 1581356 1606130 1513152 1686728 1568894 1655720 1649522 1544170 1513078 1537990 1432458 1581298 1711586 1612308 1562696 1630912 1525486 1506880 1556492 1562722 1519280 1587562 1599904 1537888 1568894 1575164 1389170 1562694 1593702 1612386 1599908 1475866 1593786 1488272 1587500 1568930 1630914 1630986 1562758 1618588 1475934 1612308 1463468 1544088 1593702 1624710 1581302 1630916 1680528 1643320 1463462 1674328 1544190 1562764 1606106 1680526 1606122 1661920 1661922 1649548 1482128 1661986 1556552 1544092 1525590]
Response/bytes (per Connection):  [1723173 1736375 1723221 1716648 1709965 1736375 1604395 1558100 1643939 1769454 1848624 1683553 1696763 1637416 1723249 1670349 1683553 1703362 1749581 1597716 1591153 1657143 1617529 1604323 1729848 1617525 1709965 1663744 1782596 1789197 1762791 1683555 1657153 1630789 1637372 1703398 1729772 1670347 1749581 1709965 1564779 1703362 1624126 1637346 1670351 1518542 1716634 1518488 1591197 1663744 1597756 1650548 1624228 1716566 1749623 1630789 1670349 1716648 1710047 1709965 1597816 1775991 1650586 1690156 1696763 1736451 1782656 1703362 1776041 1643941 1696845 1709965 1723247 1624216 1676960 1610922 1762791 1809016 1716580 1637438 1670371 1782600 1703432 1650584 1775993 1670411 1749581 1630733 1617583 1677034 1564707 1610922 1676954 1703374 1571416 1716566 1709963 1571306 1610926 1782632 1743050 1657141 1723171 1696759 1584632 1749581 1637430 1736449 1663764 1676950 1696759 1643957 1809058 1643935 1696759 1690156 1769388 1670349 1564703 1670351 1828815 1663746 1617635 1690156 1703436 1677032 1531716 1597788 1696759 1663806 1611034 1498673 1723233 1776033 1610936 1723171 1756186 1604381 1630731 1696823 1742982 1657199 1604325 1670387 1571398 1617525 1617525 1597720 1617635 1742978 1650540 1643965 1604323 1657167 1934473 1683635 1650638 1776011 1723169 1683557 1670347 1670347 1650638 1564719 1657241 1584510 1650540 1690156 1709963 1716568 1696759 1690160 1775993 1584510 1525205 1591113 1597820 1676950 1736453 1703446 1670367 1809006 1762855 1710047 1624126 1683637 1677042 1709965 1723171 1611036 1610926 1597810 1558100 1736375 1742982 1643935 1703366 1742978 1571332 1538295 1677012 1802407 1696763 1703362 1769390 1643939 1676950 1729848 1644039 1485473 1591119 1729772 1690156 1683565 1683553 1617553 1736379 1577909 1742978 1637372 1716568 1729774 1650616 1577943 1657143 1604321 1683609 1723247 1577927 1709969 1670347 1670349 1769390 1716568 1670409 1683611 1709989 1610996 1795800 1670347 1762787 1756188 1644019 1610922 1637438 1525089 1683553 1822262 1716568 1663748 1736375 1624132 1604323 1657143 1663774 1617525 1690218 1703362 1637336 1670347 1677018 1478994 1663746 1696759 1716646 1703366 1571304 1696843 1584512 1690156 1670383 1736377 1736449 1663810 1723249 1571372 1716568 1558104 1643937 1696759 1729772 1683557 1736379 1789199 1749585 1558098 1782598 1644039 1663816 1709965 1789197 1709981 1769388 1769390 1756214 1577967 1769454 1657203 1643941 1624236]
Requests Number (per Connection):  [261 263 261 260 259 263 243 236 249 268 280 255 257 248 261 253 255 258 265 242 241 251 245 243 262 245 259 252 270 271 267 255 251 247 248 258 262 253 265 259 237 258 246 248 253 230 260 230 241 252 242 250 246 260 265 247 253 260 259 259 242 269 250 256 257 263 270 258 269 249 257 259 261 246 254 244 267 274 260 248 253 270 258 250 269 253 265 247 245 254 237 244 254 258 238 260 259 238 244 270 264 251 261 257 240 265 248 263 252 254 257 249 274 249 257 256 268 253 237 253 277 252 245 256 258 254 232 242 257 252 244 227 261 269 244 261 266 243 247 257 264 251 243 253 238 245 245 242 245 264 250 249 243 251 293 255 250 269 261 255 253 253 250 237 251 240 250 256 259 260 257 256 269 240 231 241 242 254 263 258 253 274 267 259 246 255 254 259 261 244 244 242 236 263 264 249 258 264 238 233 254 273 257 258 268 249 254 262 249 225 241 262 256 255 255 245 263 239 264 248 260 262 250 239 251 243 255 261 239 259 253 253 268 260 253 255 259 244 272 253 267 266 249 244 248 231 255 276 260 252 263 246 243 251 252 245 256 258 248 253 254 224 252 257 260 258 238 257 240 256 253 263 263 252 261 238 260 236 249 257 262 255 263 271 265 236 270 249 252 259 271 259 268 268 266 239 268 251 249 246]
Requests/sec:  7689.114095052083 KB
Transfer/sec:  15875.438167317709 KB

