2023-12-04 19:22:32.275890127 +0800 CST m=+17253.119474296
Running 1m0s myx-test @ https://192.168.12.127:6443/api/v1/namespaces/myx-test/limitranges
3 connections
Requests/bytes (per Connection):  [35546321 38529260 35942784]
Response/bytes (per Connection):  [48408613 52471000 48948582]
Requests Number (per Connection):  [5827 6316 5892]
Requests/sec:  1790.6634928385417 KB
Transfer/sec:  4229.2734375 KB

2023-12-04 19:24:12.50430083 +0800 CST m=+17353.347885020
Running 1m0s myx-test @ https://192.168.12.127:6443/api/v1/namespaces/myx-test/limitranges
6 connections
Requests/bytes (per Connection):  [32550992 32026336 30409783 32136196 30415912 32526588]
Response/bytes (per Connection):  [44329516 43615043 41413529 43764608 41421851 44296284]
Requests Number (per Connection):  [5336 5250 4985 5268 4986 5332]
Requests/sec:  3093.518994140625 KB
Transfer/sec:  7306.42314453125 KB

2023-12-04 19:25:52.784585408 +0800 CST m=+17453.628169577
Running 1m0s myx-test @ https://192.168.12.127:6443/api/v1/namespaces/myx-test/limitranges
9 connections
Requests/bytes (per Connection):  [29854752 27914740 28585824 27615889 29708338 28756614 28579691 28164835 29995073]
Response/bytes (per Connection):  [40657581 38015690 38929557 37608647 40458194 39162162 38921233 38356295 40848664]
Requests Number (per Connection):  [4894 4576 4686 4527 4870 4714 4685 4617 4917]
Requests/sec:  4218.355403645834 KB
Transfer/sec:  9963.114892578125 KB

2023-12-04 19:27:33.042150476 +0800 CST m=+17553.885734664
Running 1m0s myx-test @ https://192.168.12.127:6443/api/v1/namespaces/myx-test/limitranges
15 connections
Requests/bytes (per Connection):  [18294701 19380641 18075069 18587527 19734327 19209817 19587911 19362230 19752706 19533004 19679536 18374010 18203190 19551305 19392685]
Response/bytes (per Connection):  [24914593 26393398 24615507 25313366 26875176 26160776 26675788 26368420 26900138 26601017 26800463 25022595 24789975 26625940 26409935]
Requests Number (per Connection):  [2999 3177 2963 3047 3235 3149 3211 3174 3238 3202 3226 3012 2984 3205 3179]
Requests/sec:  4666.644840494791 KB
Transfer/sec:  11021.90341796875 KB

2023-12-04 19:29:13.270028827 +0800 CST m=+17654.113613008
Running 1m0s myx-test @ https://192.168.12.127:6443/api/v1/namespaces/myx-test/limitranges
30 connections
Requests/bytes (per Connection):  [7820584 7918142 8137826 7912097 8442834 8064616 8461145 8308562 8375609 8113422 8381794 8406104 8027968 8119505 7887535 8284088 7802281 8644069 8607427 7991248 8094993 8424497 8448811 8424437 7905974 8198734 8272044 8180433 8436607 8107303]
Response/bytes (per Connection):  [10650407 10783306 11082418 10775026 11497797 10982723 11522725 11314996 11406352 11049186 11414702 11447887 10932854 11057485 10741715 11281729 10625483 11771912 11722046 10882949 11024199 11472856 11506043 11472826 10766707 11165447 11265192 11140524 11489426 11040869]
Requests Number (per Connection):  [1282 1298 1334 1297 1384 1322 1387 1362 1373 1330 1374 1378 1316 1331 1293 1358 1279 1417 1411 1310 1327 1381 1385 1381 1296 1344 1356 1341 1383 1329]
Requests/sec:  4007.172672526042 KB
Transfer/sec:  9464.3306640625 KB

2023-12-04 19:30:53.493458783 +0800 CST m=+17754.337042965
Running 1m0s myx-test @ https://192.168.12.127:6443/api/v1/namespaces/myx-test/limitranges
60 connections
Requests/bytes (per Connection):  [3190401 3288133 3263611 3342918 3312417 3251405 3208700 3208842 3342918 3440530 3233184 3318594 3275847 3324635 3403926 3312497 3336817 3239237 3373515 3367390 3025758 3281912 3373459 3300211 3269798 3190401 3349017 3086688 3288015 3294110 3312419 3257510 3324663 3172154 3373425 3159894 3440530 3324615 3312413 3147706 3117191 3385627 3422227 3318520 3318612 3318626 3312415 3440534 3385625 3275809 3373421 3202603 3349019 3269706 3373421 3391728 3056291 3458833 3220904 3422241]
Response/bytes (per Connection):  [4344873 4477859 4444568 4552569 4511031 4427950 4369795 4369866 4552569 4685495 4403067 4519377 4461201 4527655 4635648 4511071 4544261 4411351 4594155 4585835 4120599 4469491 4594127 4494413 4452919 4344873 4560876 4203639 4477800 4486105 4511032 4436260 4527669 4319977 4594110 4303332 4685495 4527645 4511029 4286723 4245178 4610726 4660571 4519340 4519386 4519393 4511030 4685497 4610725 4461182 4594108 4361489 4560877 4452873 4594108 4619034 4162153 4710419 4386412 4660578]
Requests Number (per Connection):  [523 539 535 548 543 533 526 526 548 564 530 544 537 545 558 543 547 531 553 552 496 538 553 541 536 523 549 506 539 540 543 534 545 520 553 518 564 545 543 516 511 555 561 544 544 544 543 564 555 537 553 525 549 536 553 556 501 567 528 561]
Requests/sec:  3218.319791666667 KB
Transfer/sec:  7601.187451171875 KB

2023-12-04 19:32:33.766679334 +0800 CST m=+17854.610263517
Running 1m0s myx-test @ https://192.168.12.127:6443/api/v1/namespaces/myx-test/limitranges
90 connections
Requests/bytes (per Connection):  [3818782 3855382 3904146 3696764 3678457 3721168 3733370 3617453 3800479 3806530 3702865 3727249 3605271 3745572 3788235 3660160 3623556 3739471 3654059 3538174 3446681 3684556 3550346 3556447 3806580 3751643 3745572 3696752 3885815 3623568 3873689 3830928 3763873 3696754 3672360 3690663 3550346 3586950 3532085 3879718 3812631 3525942 3849285 3605251 3812681 3867588 3751673 3983503 3806580 3690663 3495469 3721170 3684564 3898091 3818782 3672362 3672362 3727269 3727269 3879790 3678463 3818782 3495439 3763873 3623568 3824829 3751671 3544283 3690663 3830984 3830982 3635756 3672362 3782176 3641865 3788277 3745572 3763839 3629657 3794378 3837083 3818782 3696760 3605269 3776075 3568649 3751643 3824829 3757774 3965200]
Response/bytes (per Connection):  [5200586 5250431 5316873 5034427 5009501 5067659 5084275 4926424 5175662 5183945 5042735 5075957 4909818 5100891 5159025 4984580 4934733 5092583 4976272 4818437 4693828 5017808 4835038 4843346 5183970 5109184 5100891 5034421 5291935 4934739 5275357 5217174 5125814 5034422 5001195 5026119 4835038 4884885 4810135 5283629 5192253 4801806 5242125 4909808 5192278 5267049 5109199 5424899 5183970 5026119 4760282 5067660 5017812 5308588 5200586 5001196 5001196 5075967 5075967 5283665 5009504 5200586 4760267 5125814 4934739 5208867 5109198 4826749 5026119 5217202 5217201 4951348 5001196 5150738 4959660 5159046 5100891 5125797 4943041 5167354 5225509 5200586 5034425 4909817 5142430 4859962 5109184 5208867 5117507 5399975]
Requests Number (per Connection):  [626 632 640 606 603 610 612 593 623 624 607 611 591 614 621 600 594 613 599 580 565 604 582 583 624 615 614 606 637 594 635 628 617 606 602 605 582 588 579 636 625 578 631 591 625 634 615 653 624 605 573 610 604 639 626 602 602 611 611 636 603 626 573 617 594 627 615 581 605 628 628 596 602 620 597 621 614 617 595 622 629 626 606 591 619 585 615 627 616 650]
Requests/sec:  5454.994742838541 KB
Transfer/sec:  12883.864306640626 KB

2023-12-04 19:34:14.037749965 +0800 CST m=+17954.881334148
Running 1m0s myx-test @ https://192.168.12.127:6443/api/v1/namespaces/myx-test/limitranges
150 connections
Requests/bytes (per Connection):  [2598702 2537612 2476684 2488966 2476764 2330312 2452358 2488872 2324247 2537772 2513368 2379150 2543873 2385251 2403478 2385161 2513284 2354604 2586454 2476726 2348633 2373053 2385255 2263237 2433899 2440158 2305874 2409645 2366918 2421853 2433999 2397295 2391316 2415756 2598736 2397431 2366934 2373033 2269334 2488910 2427902 2495065 2409609 2482863 2610970 2360769 2482847 2531517 2507131 2336371 2525486 2513368 2482865 2403400 2464454 2421825 2543759 2446259 2269338 2409609 2464430 2580395 2336387 2415698 2598778 2397333 2458359 2562176 2556073 2501010 2421855 2330348 2464562 2403554 2366864 2458395 2360847 2324171 2434003 2305940 2556075 2421725 2391236 2293742 2360841 2470661 2397457 2318142 2458461 2330348 2238703 2482863 2379150 2342544 2507267 2409497 2482807 2507267 2379116 2354644 2397457 2476604 2293594 2470663 2324245 2415756 2543829 2324243 2433991 2458459 2299747 2519465 2476762 2476764 2379150 2470531 2251033 2385103 2366908 2415754 2433901 2373049 2501008 2330320 2421855 2244848 2379118 2348587 2415758 2366910 2397423 2543811 2397335 2464536 2397455 2421843 2318146 2464408 2421839 2330344 2464532 2543785 2427956 2324137 2562116 2434057 2440158 2495065 2488966 2354746]
Response/bytes (per Connection):  [3539046 3455926 3372887 3389543 3372927 3173521 3339694 3389496 3165231 3456006 3422774 3240000 3464314 3248308 3273194 3248263 3422732 3206697 3522407 3372908 3198454 3231694 3248310 3082151 3314692 3323079 3140272 3281535 3223369 3298154 3314742 3264845 3256598 3289848 3539063 3264913 3223377 3231684 3090457 3389515 3306436 3397850 3281517 3381234 3555695 3215037 3381226 3447621 3414398 3181808 3439348 3422774 3381235 3273155 3356257 3298140 3464257 3331387 3090459 3281517 3356245 3514120 3181816 3289819 3539084 3264864 3347952 3489238 3480929 3406080 3298155 3173539 3356311 3273232 3223342 3347970 3215076 3165193 3314744 3140305 3480930 3298090 3256558 3123691 3215073 3364618 3264926 3156921 3348003 3173539 3048854 3381234 3240000 3190152 3414466 3281461 3381206 3414466 3239983 3206717 3264926 3372847 3123617 3364619 3165230 3289848 3464292 3165229 3314738 3348002 3131951 3431080 3372926 3372927 3240000 3364553 3065534 3248234 3223364 3289847 3314693 3231692 3406079 3173525 3298155 3057184 3239984 3198431 3289849 3223365 3264909 3464283 3264865 3356298 3264925 3298149 3156923 3356234 3298147 3173537 3356296 3464270 3306463 3165176 3489208 3314771 3323079 3397850 3389543 3206768]
Requests Number (per Connection):  [426 416 406 408 406 382 402 408 381 416 412 390 417 391 394 391 412 386 424 406 385 389 391 371 399 400 378 395 388 397 399 393 392 396 426 393 388 389 372 408 398 409 395 407 428 387 407 415 411 383 414 412 407 394 404 397 417 401 372 395 404 423 383 396 426 393 403 420 419 410 397 382 404 394 388 403 387 381 399 378 419 397 392 376 387 405 393 380 403 382 367 407 390 384 411 395 407 411 390 386 393 406 376 405 381 396 417 381 399 403 377 413 406 406 390 405 369 391 388 396 399 389 410 382 397 368 390 385 396 388 393 417 393 404 393 397 380 404 397 382 404 417 398 381 420 399 400 409 408 386]
Requests/sec:  5920.769986979167 KB
Transfer/sec:  13983.94208984375 KB

2023-12-04 19:35:54.297560729 +0800 CST m=+18055.141144898
Running 1m0s myx-test @ https://192.168.12.127:6443/api/v1/namespaces/myx-test/limitranges
300 connections
Requests/bytes (per Connection):  [1372523 1409189 1421391 1397007 1396925 1476232 1451832 1451832 1580029 1470133 1470223 1329816 1390928 1384725 1342120 1421405 1299311 1512858 1409261 1360407 1409147 1433659 1396921 1494535 1360317 1457999 1360439 1439752 1531141 1372611 1506837 1482333 1457931 1427558 1500636 1543415 1433527 1512842 1506737 1573868 1457999 1457931 1403022 1555569 1360317 1500734 1470151 1323803 1512848 1543341 1372523 1403076 1555633 1384725 1610450 1323775 1506785 1604353 1476286 1329904 1476254 1360389 1427462 1409123 1268830 1451876 1409125 1445769 1439686 1445733 1500636 1494535 1372667 1433527 1458053 1390820 1415224 1476340 1555543 1415290 1409123 1622652 1506737 1488434 1458009 1457931 1494645 1451908 1506737 1464052 1403054 1384721 1531139 1512836 1311549 1439726 1403070 1390880 1372653 1488512 1464034 1482425 1543435 1390924 1409243 1384733 1439666 1482437 1348193 1384865 1329976 1518939 1494539 1445805 1457933 1482447 1323711 1598276 1390960 1335919 1305506 1397049 1439674 1384725 1397059 1403022 1500636 1488434 1396923 1586048 1549442 1354308 1396923 1378766 1427510 1378684 1427426 1494605 1445729 1433527 1518975 1549442 1451830 1470221 1549520 1525042 1549442 1445729 1427522 1464150 1421369 1360321 1506785 1476234 1336077 1512838 1500634 1342068 1506843 1457929 1476350 1439628 1531139 1427520 1317616 1506787 1360317 1427550 1439626 1348183 1409227 1396923 1500738 1378660 1488434 1543439 1360461 1403026 1323715 1348229 1494569 1464032 1439656 1445761 1518937 1427426 1494537 1482333 1348117 1384721 1494539 1372573 1494547 1506737 1470133 1494587 1427458 1512838 1415224 1342092 1506735 1384723 1360317 1500638 1403080 1592149 1500640 1464034 1366418 1464032 1592149 1421325 1531143 1470131 1421329 1482447 1476232 1519035 1451828 1445729 1433527 1421373 1653157 1506749 1378668 1470135 1476302 1500636 1457931 1464056 1451948 1342068 1366418 1482333 1409141 1445729 1366498 1518937 1457931 1604351 1366560 1506737 1348135 1561644 1525078 1360317 1421385 1403086 1390820 1476232 1488546 1555543 1464104 1336041 1494593 1421325 1494535 1439632 1518939 1470143 1457931 1476232 1335917 1543341 1457933 1433631 1415292 1482337 1531237 1415224 1445727 1433527 1427458 1378620 1470133 1433583 1537336 1299331 1445799 1488490 1427430 1488434 1543373 1470249 1415314 1476318 1488438 1299313 1415252 1323785 1457929 1409243 1433641 1451830 1451828 1445733 1396925 1561728 1506737 1506739]
Response/bytes (per Connection):  [1869199 1919077 1935693 1902471 1902430 2010431 1977201 1977201 2151707 2002124 2002169 1811043 1894174 1885815 1827710 1935700 1769503 2060289 1919113 1852626 1919056 1952342 1902428 2035355 1852581 1985542 1852642 1960646 2085203 1869243 2052021 2018739 1985508 1944034 2043663 2101855 1952276 2060281 2051971 2143369 1985542 1985508 1910736 2118447 1852581 2043712 2002133 1802779 2060284 2101818 1869199 1910763 2118479 1885815 2193205 1802765 2051995 2184899 2010458 1811087 2010442 1852617 1943986 1919044 1727975 1977223 1919045 1968912 1960613 1968894 2043663 2035355 1869271 1952276 1985569 1894120 1927352 2010485 2118434 1927385 1919044 2209821 2051971 2027047 1985547 1985508 2035410 1977239 2051971 1993826 1910752 1885813 2085202 2060278 1786137 1960633 1910760 1894150 1869264 2027086 1993817 2018785 2101865 1894172 1919104 1885819 1960603 2018791 1836004 1885885 1811123 2068587 2035357 1968930 1985509 2018796 1802733 2176603 1894190 1819352 1777858 1902492 1960607 1885815 1902497 1910736 2043663 2027047 1902429 2159974 2110126 1844319 1902429 1877578 1944010 1877537 1943968 2035390 1968892 1952276 2068605 2110126 1977200 2002168 2110165 2076896 2110126 1968892 1944016 1993875 1935682 1852583 2051995 2010432 1819431 2060279 2043662 1827684 2052024 1985507 2010490 1960584 2085202 1944015 1794428 2051996 1852581 1944030 1960583 1835999 1919096 1902429 2043714 1877525 2027047 2101867 1852653 1910738 1802735 1836022 2035372 1993816 1960598 1968908 2068586 1943968 2035356 2018739 1835966 1885813 2035357 1869224 2035361 2051971 2002124 2035381 1943984 2060279 1927352 1827696 2051970 1885814 1852581 2043664 1910765 2168282 2043665 1993817 1860889 1993816 2168282 1935660 2085204 2002123 1935662 2018796 2010431 2068635 1977199 1968892 1952276 1935684 2251361 2051977 1877529 2002125 2010466 2043663 1985508 1993828 1977259 1827684 1860889 2018739 1919053 1968892 1860929 2068586 1985508 2184898 1860960 2051971 1835975 2126742 2076914 1852581 1935690 1910768 1894120 2010431 2027103 2118434 1993852 1819413 2035384 1935660 2035355 1960586 2068587 2002129 1985508 2010431 1819351 2101818 1985509 1952328 1927386 2018741 2085251 1927352 1968891 1952276 1943984 1877505 2002124 1952304 2093558 1769513 1968927 2027075 1943970 2027047 2101834 2002182 1927397 2010474 2027049 1769504 1927366 1802770 1985507 1919104 1952333 1977200 1977199 1968894 1902430 2126784 2051971 2051972]
Requests Number (per Connection):  [225 231 233 229 229 242 238 238 259 241 241 218 228 227 220 233 213 248 231 223 231 235 229 245 223 239 223 236 251 225 247 243 239 234 246 253 235 248 247 258 239 239 230 255 223 246 241 217 248 253 225 230 255 227 264 217 247 263 242 218 242 223 234 231 208 238 231 237 236 237 246 245 225 235 239 228 232 242 255 232 231 266 247 244 239 239 245 238 247 240 230 227 251 248 215 236 230 228 225 244 240 243 253 228 231 227 236 243 221 227 218 249 245 237 239 243 217 262 228 219 214 229 236 227 229 230 246 244 229 260 254 222 229 226 234 226 234 245 237 235 249 254 238 241 254 250 254 237 234 240 233 223 247 242 219 248 246 220 247 239 242 236 251 234 216 247 223 234 236 221 231 229 246 226 244 253 223 230 217 221 245 240 236 237 249 234 245 243 221 227 245 225 245 247 241 245 234 248 232 220 247 227 223 246 230 261 246 240 224 240 261 233 251 241 233 243 242 249 238 237 235 233 271 247 226 241 242 246 239 240 238 220 224 243 231 237 224 249 239 263 224 247 221 256 250 223 233 230 228 242 244 255 240 219 245 233 245 236 249 241 239 242 219 253 239 235 232 243 251 232 237 235 234 226 241 235 252 213 237 244 234 244 253 241 232 242 244 213 232 217 239 231 235 238 238 237 229 256 247 247]
Requests/sec:  7064.768131510416 KB
Transfer/sec:  16685.89169921875 KB

