2023-12-04 10:53:11.594854675 +0800 CST m=+1865.274159538
Running 1m0s myx-test @ https://192.168.12.127:6443/api/v1/namespaces
3 connections
Requests/bytes (per Connection):  [36289920 37034728 39900286]
Response/bytes (per Connection):  [50558762 51596458 55588690]
Requests Number (per Connection):  [6041 6165 6642]
Requests/sec:  1842.8537434895834 KB
Transfer/sec:  4410.3001953125 KB

2023-12-04 10:54:51.896928685 +0800 CST m=+1965.576233526
Running 1m0s myx-test @ https://192.168.12.127:6443/api/v1/namespaces
6 connections
Requests/bytes (per Connection):  [33382306 33322386 32553350 30817290 32457256 31015494]
Response/bytes (per Connection):  [46507940 46424400 45353028 42934350 45219142 43210500]
Requests Number (per Connection):  [5557 5547 5419 5130 5403 5163]
Requests/sec:  3150.1966471354167 KB
Transfer/sec:  7539.020865885416 KB

2023-12-04 10:56:32.110182951 +0800 CST m=+2065.789487804
Running 1m0s myx-test @ https://192.168.12.127:6443/api/v1/namespaces
9 connections
Requests/bytes (per Connection):  [25188466 26678240 25332620 25200480 27375146 26612280 27495298 26552078 27429216]
Response/bytes (per Connection):  [35092332 37167882 35293174 35109070 38138780 37075940 38306172 36992118 38214108]
Requests Number (per Connection):  [4193 4441 4217 4195 4557 4430 4577 4420 4566]
Requests/sec:  3871.481510416667 KB
Transfer/sec:  9265.192057291666 KB

2023-12-04 10:58:12.350759864 +0800 CST m=+2166.030064728
Running 1m0s myx-test @ https://192.168.12.127:6443/api/v1/namespaces
15 connections
Requests/bytes (per Connection):  [18490318 18880798 18820692 18520336 17571320 18520446 18718644 18940958 18520358 18802780 17511140 18406300 17607282 17667338 17595306]
Response/bytes (per Connection):  [25760554 26304564 26220838 25802382 24480170 25802492 26078636 26388344 25802404 26195840 24396370 25643468 24530304 24613980 24513604]
Requests Number (per Connection):  [3078 3143 3133 3083 2925 3083 3116 3153 3083 3130 2915 3064 2931 2941 2929]
Requests/sec:  4468.978125 KB
Transfer/sec:  10695.116634114584 KB

2023-12-04 10:59:52.575660632 +0800 CST m=+2266.254965486
Running 1m0s myx-test @ https://192.168.12.127:6443/api/v1/namespaces
30 connections
Requests/bytes (per Connection):  [10807074 10098312 10500750 9443342 10566760 10266396 10674948 10704940 9725668 9773890 9617674 10296554 9593526 10518698 10200286 10374566 10500678 10146304 10554744 9785904 9395396 9881934 10194362 10182258 10434592 10572768 10674900 9617572 9557612 10176388]
Response/bytes (per Connection):  [15056312 14068834 14629526 13156406 14721518 14303054 14872222 14914024 13549746 13616864 13399236 14345022 13365640 14654560 14210962 14453740 14629454 14135722 14704778 13633602 13089564 13767424 14202676 14185848 14537386 14729888 14872174 13399134 13315554 14177616]
Requests Number (per Connection):  [1799 1681 1748 1572 1759 1709 1777 1782 1619 1627 1601 1714 1597 1751 1698 1727 1748 1689 1757 1629 1564 1645 1697 1695 1737 1760 1777 1601 1591 1694]
Requests/sec:  4961.5689453125 KB
Transfer/sec:  11873.97919921875 KB

2023-12-04 11:01:32.846236089 +0800 CST m=+2366.525540933
Running 1m0s myx-test @ https://192.168.12.127:6443/api/v1/namespaces
60 connections
Requests/bytes (per Connection):  [5340454 5220298 5034054 5244328 5292392 5238376 5448594 5046072 5352488 5478634 5400534 5190264 5208286 5136188 5418554 5166226 5442588 5352468 5514680 5328464 5346462 5016036 5016128 5388516 5064098 5292390 4962008 5250388 5424564 5040188 5190260 5334446 5166308 5148290 5334446 5220360 5274368 5286384 5364486 5298398 5124172 5532704 5172236 5328438 5190260 5292402 5040064 5064094 5232318 5334446 5208282 5274412 5256348 5298400 5178246 5232366 5238322 5478634 5364486 5346460]
Response/bytes (per Connection):  [7440272 7272876 7013410 7306354 7373314 7298040 7590928 7030152 7457030 7632778 7523972 7231032 7256140 7155698 7549078 7197546 7582560 7457010 7682996 7423558 7448642 6988306 6988398 7507230 7055264 7373312 6913020 7314776 7557450 7021906 7231028 7431902 7197628 7172524 7431902 7272938 7348204 7364944 7473752 7381682 7138958 7708106 7205918 7423532 7231028 7373324 7021782 7055260 7289620 7431902 7256136 7348248 7323098 7381684 7214290 7289668 7297986 7632778 7473752 7448640]
Requests Number (per Connection):  [889 869 838 873 881 872 907 840 891 912 899 864 867 855 902 860 906 891 918 887 890 835 835 897 843 881 826 874 903 839 864 888 860 857 888 869 878 880 893 882 853 921 861 887 864 881 839 843 871 888 867 878 875 882 862 871 872 912 893 890]
Requests/sec:  5134.432877604167 KB
Transfer/sec:  12287.67607421875 KB

2023-12-04 11:03:13.095534091 +0800 CST m=+2466.774838966
Running 1m0s myx-test @ https://192.168.12.127:6443/api/v1/namespaces
90 connections
Requests/bytes (per Connection):  [3868704 4187114 4042932 4168946 4103006 4265124 4205028 3946768 4223162 4096990 4163080 4180964 3880682 4211026 4211054 4103004 4133044 4283148 4036922 4042930 4175104 4181106 4379278 4133004 3964714 4186970 4313278 4090990 4114962 4102970 4090988 4283082 4084982 4145064 4151068 4289186 4253084 4169016 3934786 4205088 4241142 3862696 4175098 4181106 4006884 4121028 4127024 4144996 4301182 3976846 4331178 3994868 4000774 4024898 4157076 4156918 4301228 4145064 4127012 4355302 4199068 4157074 4198972 3946802 4115010 4169092 4042844 4175098 4115006 4078978 3988836 4186974 4066820 4385344 4277232 3940686 4217146 4349210 4030914 4187118 4000876 4048934 4024810 4121028 4066848 4343256 4126932 4145020 4373358 3934786]
Response/bytes (per Connection):  [5389832 5833428 5632558 5808174 5716252 5942144 5858428 5498602 5883648 5707874 5799946 5824916 5406534 5866788 5866816 5716250 5758100 5967254 5624186 5632556 5816694 5825058 6101176 5758060 5523634 5833284 6009194 5699512 5732932 5716216 5699510 5967188 5691142 5774844 5783210 5975654 5925380 5808244 5481896 5858488 5908714 5381462 5816688 5825058 5582338 5741360 5749718 5774776 5992374 5540490 6034180 5565598 5573866 5607438 5791580 5791422 5992420 5774844 5749706 6067752 5850106 5791578 5850010 5498636 5732980 5808320 5632470 5816688 5732976 5682776 5557204 5833288 5665894 6109604 5958976 5490158 5875270 6059298 5615816 5833432 5573968 5640922 5607350 5741360 5665922 6050982 5749626 5774800 6092894 5481896]
Requests Number (per Connection):  [644 697 673 694 683 710 700 657 703 682 693 696 646 701 701 683 688 713 672 673 695 696 729 688 660 697 718 681 685 683 681 713 680 690 691 714 708 694 655 700 706 643 695 696 667 686 687 690 716 662 721 665 666 670 692 692 716 690 687 725 699 692 699 657 685 694 673 695 685 679 664 697 677 730 712 656 702 724 671 697 666 674 670 686 677 723 687 690 728 655]
Requests/sec:  6060.363606770833 KB
Transfer/sec:  14503.602311197918 KB

2023-12-04 11:04:53.416565737 +0800 CST m=+2567.095870588
Running 1m0s myx-test @ https://192.168.12.127:6443/api/v1/namespaces
150 connections
Requests/bytes (per Connection):  [2553036 2546986 2589042 2492950 2426990 2505092 2613182 2553154 2438944 2378928 2613116 2492968 2583158 2547098 2486910 2517106 2649120 2523040 2613104 2474916 2402800 2426994 2679266 2781442 2529010 2378836 2673210 2661148 2504934 2625184 2475006 2360894 2565168 2432840 2505016 2511098 2487068 2709332 2601200 2457028 2577170 2577186 2589162 2589086 2625090 2372786 2439006 2330786 2414884 2595208 2553006 2619238 2505052 2504934 2691188 2456950 2420982 2486910 2655210 2474946 2547052 2396792 2667302 2583034 2487000 2402958 2517010 2450894 2607224 2709286 2408966 2516994 2595052 2517108 2523020 2565136 2601166 2378930 2721374 2667144 2553056 2469014 2474962 2655130 2559100 2463036 2697328 2493076 2685306 2546992 2510942 2475052 2420822 2378928 2505090 2469044 2457014 2841396 2631110 2408918 2522956 2438848 2450864 2529122 2492916 2457028 2342880 2625118 2444956 2655286 2468928 2613232 2577186 2486908 2522956 2661228 2360848 2751412 2535130 2523114 2463036 2420976 2469016 2462906 2745404 2613074 2463036 2474966 2649278 2505090 2493064 2733230 2559162 2468886 2559162 2619082 2330864 2541086 2480958 2462878 2372918 2721318 2763286 2504934 2546988 2487068 2439004 2637122 2607066 2595142]
Response/bytes (per Connection):  [3556886 3548474 3607064 3473180 3381238 3490046 3640652 3557004 3397916 3314280 3640586 3473198 3598818 3548586 3464778 3506784 3690762 3515080 3640574 3448060 3347600 3381242 3732718 3875048 3523412 3314188 3724300 3707514 3489888 3657378 3448150 3289160 3573742 3389450 3489970 3498414 3464936 3774594 3623946 3423086 3590468 3590484 3607184 3607108 3657284 3305776 3397978 3247242 3364408 3615592 3556856 3649070 3490006 3489888 3749364 3423008 3372868 3464778 3699214 3448090 3548540 3339230 3716030 3598694 3464868 3347758 3506688 3414590 3632332 3774548 3356128 3506672 3615436 3506786 3515060 3573710 3623912 3314282 3791360 3715872 3556906 3439796 3448106 3699134 3565312 3431456 3757866 3473306 3741120 3548480 3498258 3448196 3372708 3314280 3490044 3439826 3423072 3958622 3665666 3356080 3514996 3397820 3414560 3523524 3473146 3423086 3264060 3657312 3406290 3699290 3439710 3640702 3590484 3464776 3514996 3707594 3289114 3833208 3531894 3515154 3431456 3372862 3439798 3431326 3824838 3640544 3431456 3448110 3690920 3490044 3473294 3807940 3565374 3439668 3565374 3648914 3247320 3540212 3456464 3431298 3305908 3791304 3849806 3489888 3548476 3464936 3397976 3674040 3632174 3615526]
Requests Number (per Connection):  [425 424 431 415 404 417 435 425 406 396 435 415 430 424 414 419 441 420 435 412 400 404 446 463 421 396 445 443 417 437 412 393 427 405 417 418 414 451 433 409 429 429 431 431 437 395 406 388 402 432 425 436 417 417 448 409 403 414 442 412 424 399 444 430 414 400 419 408 434 451 401 419 432 419 420 427 433 396 453 444 425 411 412 442 426 410 449 415 447 424 418 412 403 396 417 411 409 473 438 401 420 406 408 421 415 409 390 437 407 442 411 435 429 414 420 443 393 458 422 420 410 403 411 410 457 435 410 412 441 417 415 455 426 411 426 436 388 423 413 410 395 453 460 417 424 414 406 439 434 432]
Requests/sec:  6185.787239583334 KB
Transfer/sec:  14803.7732421875 KB

2023-12-04 11:06:33.74834252 +0800 CST m=+2667.427647373
Running 1m0s myx-test @ https://192.168.12.127:6443/api/v1/namespaces
300 connections
Requests/bytes (per Connection):  [1429754 1501890 1591906 1297670 1459738 1327562 1393652 1489774 1339578 1435708 1495862 1453726 1453730 1585900 1411672 1339578 1555902 1363754 1453758 1495780 1387642 1519812 1519812 1363614 1393648 1531828 1321658 1417684 1387644 1477790 1519814 1399682 1441786 1543844 1357602 1513804 1477774 1519906 1507798 1321554 1573882 1345588 1441748 1351618 1429700 1453726 1315624 1339690 1417680 1591910 1489774 1315546 1387640 1423692 1303644 1387646 1573958 1465742 1363610 1399656 1357602 1369642 1333608 1447720 1321646 1405668 1345586 1513804 1411676 1411676 1531828 1483770 1363608 1441824 1471754 1327620 1465746 1417794 1339582 1453738 1405712 1363706 1351598 1375630 1429698 1459738 1369648 1537836 1351594 1525824 1525820 1405664 1435704 1459806 1441716 1411672 1471750 1303588 1393676 1441774 1315576 1447776 1489772 1339582 1345590 1447762 1477864 1531918 1477760 1483766 1591906 1513900 1309540 1399660 1495782 1501888 1399656 1357720 1471798 1279498 1465742 1447836 1399686 1471860 1429696 1531828 1495782 1519814 1339578 1411754 1543882 1375664 1417800 1447760 1597914 1441714 1261638 1471750 1465768 1429694 1453726 1471854 1477794 1399682 1333724 1327618 1603988 1465742 1399660 1537878 1501790 1501792 1513804 1393700 1405670 1405664 1465824 1393762 1435702 1369622 1297542 1303592 1375660 1513804 1369616 1513826 1429746 1489804 1525824 1513810 1387640 1345690 1399660 1411676 1513816 1411672 1357606 1399656 1435812 1483764 1369730 1369616 1435704 1369618 1519812 1471752 1471750 1333574 1441714 1387640 1429772 1423704 1327656 1501846 1339734 1315704 1537836 1387704 1567876 1405670 1477856 1621950 1453726 1615938 1315546 1441712 1429774 1441712 1459734 1417808 1333574 1357676 1381634 1465820 1417680 1387640 1345688 1495852 1405776 1351596 1387640 1381636 1417792 1381744 1459734 1369758 1375628 1471860 1459736 1399672 1339698 1375630 1285658 1333712 1429696 1393670 1429700 1357602 1507800 1375654 1381632 1423776 1519896 1387646 1423692 1573886 1525828 1459738 1309658 1387748 1483870 1321628 1453730 1363614 1327566 1483766 1519816 1303598 1549870 1465742 1471750 1381632 1477856 1357606 1441758 1405664 1453726 1393728 1549850 1435748 1447718 1435704 1447836 1645978 1345586 1441832 1375750 1423692 1459734 1483766 1339578 1465748 1531828 1399656 1423762 1519816 1297528 1537836 1465746 1447732 1549928 1405668 1369720 1411782 1429694 1441802 1477762 1387782 1417680 1501860]
Response/bytes (per Connection):  [1991910 2092390 2217836 1807862 2033704 1849564 1941636 2075550 1866304 2000226 2084000 2025330 2025334 2209468 1966742 1866304 2167660 1899928 2025362 2083918 1933264 2117398 2117398 1899788 1941632 2134138 1841298 1975116 1933266 2058842 2117400 1950028 2008666 2150878 1891414 2109028 2058826 2117492 2100660 1841194 2192726 1874676 2008628 1883068 1991856 2025330 1832902 1866416 1975112 2217840 2075550 1832824 1933262 1983486 1816198 1933268 2192802 2042070 1899784 1950002 1891414 1908178 1857972 2016962 1841286 1958376 1874674 2109028 1966746 1966746 2134138 2067184 1899782 2008704 2050444 1849622 2042074 1975226 1866308 2025342 1958420 1899880 1883048 1916528 1991854 2033704 1908184 2142508 1883044 2125772 2125768 1958372 2000222 2033772 2008596 1966742 2050440 1816142 1941660 2008654 1832854 2017018 2075548 1866308 1874678 2017004 2058916 2134228 2058812 2067180 2217836 2109124 1824456 1950006 2083920 2092388 1950002 1891532 2050488 1782604 2042070 2017078 1950032 2050550 1991852 2134138 2083920 2117400 1866304 1966824 2150916 1916562 1975232 2017002 2226206 2008594 1757658 2050440 2042096 1991850 2025330 2050544 2058846 1950028 1858088 1849620 2234642 2042070 1950006 2142550 2092290 2092292 2109028 1941684 1958378 1958372 2042152 1941746 2000220 1908158 1807734 1816146 1916558 2109028 1908152 2109050 1991902 2075580 2125772 2109034 1933262 1874778 1950006 1966746 2109040 1966742 1891418 1950002 2000330 2067178 1908266 1908152 2000222 1908154 2117398 2050442 2050440 1857938 2008594 1933262 1991928 1983498 1849658 2092346 1866460 1832982 2142508 1933326 2184358 1958378 2058908 2259690 2025330 2251316 1832824 2008592 1991930 2008592 2033700 1975240 1857938 1891488 1924894 2042148 1975112 1933262 1874776 2083990 1958484 1883046 1933262 1924896 1975224 1925004 2033700 1908294 1916526 2050550 2033702 1950018 1866424 1916528 1791126 1858076 1991852 1941654 1991856 1891414 2100662 1916552 1924892 1983570 2117482 1933268 1983486 2192730 2125776 2033704 1824574 1933370 2067284 1841268 2025334 1899788 1849568 2067180 2117402 1816152 2159266 2042070 2050440 1924892 2058908 1891418 2008638 1958372 2025330 1941712 2159246 2000266 2016960 2000222 2017078 2293166 1874674 2008712 1916648 1983486 2033700 2067180 1866304 2042076 2134138 1950002 1983556 2117402 1807720 2142508 2042074 2016974 2159324 1958376 1908256 1966852 1991850 2008682 2058814 1933404 1975112 2092360]
Requests Number (per Connection):  [238 250 265 216 243 221 232 248 223 239 249 242 242 264 235 223 259 227 242 249 231 253 253 227 232 255 220 236 231 246 253 233 240 257 226 252 246 253 251 220 262 224 240 225 238 242 219 223 236 265 248 219 231 237 217 231 262 244 227 233 226 228 222 241 220 234 224 252 235 235 255 247 227 240 245 221 244 236 223 242 234 227 225 229 238 243 228 256 225 254 254 234 239 243 240 235 245 217 232 240 219 241 248 223 224 241 246 255 246 247 265 252 218 233 249 250 233 226 245 213 244 241 233 245 238 255 249 253 223 235 257 229 236 241 266 240 210 245 244 238 242 245 246 233 222 221 267 244 233 256 250 250 252 232 234 234 244 232 239 228 216 217 229 252 228 252 238 248 254 252 231 224 233 235 252 235 226 233 239 247 228 228 239 228 253 245 245 222 240 231 238 237 221 250 223 219 256 231 261 234 246 270 242 269 219 240 238 240 243 236 222 226 230 244 236 231 224 249 234 225 231 230 236 230 243 228 229 245 243 233 223 229 214 222 238 232 238 226 251 229 230 237 253 231 237 262 254 243 218 231 247 220 242 227 221 247 253 217 258 244 245 230 246 226 240 234 242 232 258 239 241 239 241 274 224 240 229 237 243 247 223 244 255 233 237 253 216 256 244 241 258 234 228 235 238 240 246 231 236 250]
Requests/sec:  6985.09833984375 KB
Transfer/sec:  16716.675227864584 KB

