2023-12-04 12:49:34.316824185 +0800 CST m=+2057.871130637
Running 1m0s myx-test @ https://192.168.12.127:6443/api/v1/nodes
3 connections
Requests/bytes (per Connection):  [13232598 9036421 12094787]
Response/bytes (per Connection):  [5011819 3487073 4528354]
Requests Number (per Connection):  [2198 1501 2009]
Requests/sec:  559.30673828125 KB
Transfer/sec:  771.3387369791667 KB

2023-12-04 12:51:14.46298469 +0800 CST m=+2158.017291154
Running 1m0s myx-test @ https://192.168.12.127:6443/api/v1/nodes
6 connections
Requests/bytes (per Connection):  [8127362 5032908 5111281 7712007 7663839 8061121]
Response/bytes (per Connection):  [3358052 2035368 2045764 3103137 2839194 2891362]
Requests Number (per Connection):  [1350 836 849 1281 1273 1339]
Requests/sec:  678.8495768229167 KB
Transfer/sec:  943.7076009114584 KB

2023-12-04 12:52:54.575026239 +0800 CST m=+2258.129332733
Running 1m0s myx-test @ https://192.168.12.127:6443/api/v1/nodes
9 connections
Requests/bytes (per Connection):  [6688515 3943197 3852994 6531929 6568131 6628377 3852914 6261114 6519889]
Response/bytes (per Connection):  [2710968 1443679 1422370 2375483 2695164 2703120 1422290 2654826 2688754]
Requests Number (per Connection):  [1111 655 640 1085 1091 1101 640 1040 1083]
Requests/sec:  827.5888671875 KB
Transfer/sec:  1155.0083658854167 KB

2023-12-04 12:54:34.860577589 +0800 CST m=+2358.414884054
Running 1m0s myx-test @ https://192.168.12.127:6443/api/v1/nodes
15 connections
Requests/bytes (per Connection):  [2907765 2913826 4852432 2949874 2943853 4792212 5165366 5105158 2931811 5026887 4647718 4996786 4864330 4894429 4792190]
Response/bytes (per Connection):  [1298094 1298926 1840024 1303600 1302808 2003832 2052788 1615525 1301224 1767428 1526866 2030620 2013202 1683221 2003810]
Requests Number (per Connection):  [483 484 806 490 489 796 858 848 487 835 772 830 808 813 796]
Requests/sec:  1038.1614095052084 KB
Transfer/sec:  1445.7455240885417 KB

2023-12-04 12:56:15.111547437 +0800 CST m=+2458.665853892
Running 1m0s myx-test @ https://192.168.12.127:6443/api/v1/nodes
30 connections
Requests/bytes (per Connection):  [4460945 2438261 4340659 4045654 4352651 4497217 4358736 2504402 2450305 4376801 2396016 2534463 4051675 4051679 4003509 4063719 4382820 4467058 4147993 2462347 4208133 4015551 2438153 4135967 4093826 2420200 2474229 2474243 4424961 4412899]
Response/bytes (per Connection):  [1960160 778484 1486486 1466784 1488020 1507090 1488876 1245074 837316 1491254 772842 1248990 1543904 1858761 1442160 1450080 1759192 1961044 1919116 781654 1926966 1453285 1207721 1459580 1454042 776110 1040685 1107486 1955550 1953946]
Requests Number (per Connection):  [741 405 721 672 723 747 724 416 407 727 398 421 673 673 665 675 728 742 689 409 699 667 405 687 680 402 411 411 735 733]
Requests/sec:  1781.98359375 KB
Transfer/sec:  2478.9669596354165 KB

2023-12-04 12:57:55.320432953 +0800 CST m=+2558.874739411
Running 1m0s myx-test @ https://192.168.12.127:6443/api/v1/nodes
60 connections
Requests/bytes (per Connection):  [2191376 3666329 3431534 3660326 3473727 2203450 3473685 3419494 3660326 3455670 2113141 2227462 3521847 3726519 3738599 3419496 2191386 2209475 3768702 3545931 3702473 2233423 3461639 2173351 3624200 3485765 3473681 2173291 3648284 2167324 3654307 3750639 3419494 3455670 3461689 2119158 2125181 2167324 2167318 3672348 3557973 3497777 3696424 3684410 3467672 3479702 3684386 2143134 2197413 3774719 3696452 2257637 3449603 3455618 2082962 3732576 3684410 2143246 2221517 3762675]
Response/bytes (per Connection):  [1146710 1397804 1366940 1463817 1372530 747604 1372488 1222243 1397030 1370160 735730 1036930 1378818 1405704 1407326 1365360 1194425 920138 1411284 1381986 1402574 789596 1370900 1172995 1392278 1374110 1372484 743590 1395446 742852 1396240 1408908 1365358 1370160 1370950 736518 737312 742852 1200814 1398594 1383570 1261172 1401754 1505149 1209507 1306489 1400174 739578 1204764 1641056 1525815 754730 1369322 1207911 731696 1406532 1505149 739690 978968 1410486]
Requests Number (per Connection):  [364 609 570 608 577 366 577 568 608 574 351 370 585 619 621 568 364 367 626 589 615 371 575 361 602 579 577 361 606 360 607 623 568 574 575 352 353 360 360 610 591 581 614 612 576 578 612 356 365 627 614 375 573 574 346 620 612 356 369 625]
Requests/sec:  3042.0791015625 KB
Transfer/sec:  4234.511881510417 KB

2023-12-04 12:59:35.588828482 +0800 CST m=+2659.143134956
Running 1m0s myx-test @ https://192.168.12.127:6443/api/v1/nodes
90 connections
Requests/bytes (per Connection):  [1992711 1992725 3004085 2004767 3022124 3208769 3287110 3317147 3335294 3371326 3082332 3268973 3088437 3226828 3010186 3088413 3311136 1968589 3287036 1950580 3256931 2979977 3299104 3064269 3214814 3070290 3208765 3274998 3226890 1974664 1962622 3076345 3040287 3268973 2992033 3088347 3184681 3094396 1950560 3347248 3082360 2016809 1974614 1962620 1974662 3046264 3293131 1962568 1992727 3022142 1944555 1980685 3365361 3299076 3088353 1980625 3293057 1968615 3076469 1998746 3052229 3287040 3118452 3040237 3040187 1986658 1968641 3094474 3088353 3268975 1986704 3142636 3004061 3148687 2016809 1986704 1986704 3305099 3383368 1968589 3335260 3299078 2010788 2016755 1998682 1986704 3250910 3130494 3022224 3010150]
Response/bytes (per Connection):  [929782 719894 852782 845511 1313102 1337648 1195356 951182 1354364 1311317 1139741 1316939 1321896 996544 910900 863904 1351122 716674 1347938 714352 1343978 1307558 1349548 1318644 880496 1319436 1175447 1346358 1053852 717520 839969 862294 943479 1345562 1309156 1321806 876508 864658 838365 1355860 1321048 723062 755634 715934 917879 858358 1348804 715882 796224 1313120 713556 718312 1358286 1196864 1321812 718252 1348730 716700 1263140 720686 1317062 1347942 1325766 857560 1315478 785843 945710 1322704 1321812 983006 719102 1080968 986332 1224905 923423 719102 719102 1350314 1217491 716674 1201674 1349522 722270 723008 720622 976709 1343186 1327350 1313202 853618]
Requests Number (per Connection):  [331 331 499 333 502 533 546 551 554 560 512 543 513 536 500 513 550 327 546 324 541 495 548 509 534 510 533 544 536 328 326 511 505 543 497 513 529 514 324 556 512 335 328 326 328 506 547 326 331 502 323 329 559 548 513 329 547 327 511 332 507 546 518 505 505 330 327 514 513 543 330 522 499 523 335 330 330 549 562 327 554 548 334 335 332 330 540 520 502 500]
Requests/sec:  4063.376513671875 KB
Transfer/sec:  5611.475179036458 KB

2023-12-04 13:01:15.894826895 +0800 CST m=+2759.449133389
Running 1m0s myx-test @ https://192.168.12.127:6443/api/v1/nodes
150 connections
Requests/bytes (per Connection):  [2697058 2709130 2715117 1631535 2691011 2347930 2402137 2612734 2648934 2739145 2727175 2811395 2522543 2715103 2359992 1727811 1667601 1649582 2618855 1679643 1691685 2396116 2666933 2395996 1661580 2372036 2679095 2390095 1637498 1667605 2402139 1685704 2383938 2690977 2426193 1667647 2715219 2769408 2420200 2353823 2678971 2402137 2438225 1703729 2390095 1679643 2667055 2353905 2636950 2414177 2709042 2769406 2402073 2715063 2769408 2378059 1667601 2673074 2365927 2654887 1643557 1643519 2402063 1685702 2624882 1613452 2396102 2618729 1661580 1691683 1661580 1643567 2648888 2709142 1697706 2733240 1691685 2275700 2420200 1637496 2709174 2426133 1649538 2426123 2751225 2498469 1721788 2329891 2444284 1673622 1697704 2371960 2661034 1661628 1673622 1685664 2366011 2679095 2673074 2799425 1733830 2660882 2438255 2426209 2420082 2787325 1673622 1673622 2685114 2396116 2666899 2359990 2733282 1655609 2709098 2703019 1679685 2703113 1685664 2612866 1697740 1673662 2384012 2359952 2414041 1685664 2432110 1679685 2426221 1691685 2733256 1739851 1709748 2775269 1685664 1697706 2341929 2751345 2384002 1709746 2672916 2366013 2317819 2414041 2654867 2366017 1697704 2317849 1703725 2462343]
Response/bytes (per Connection):  [812434 1272016 814806 672444 811616 766588 869144 801316 1264110 1275886 1274374 1285388 789560 1272760 768192 685056 677136 674804 1260176 678720 680304 772942 1266422 1087675 676344 1141877 1153634 1058380 434653 677140 773736 679552 771222 1097812 776874 677182 1177466 1041479 833356 767252 810034 869144 1236416 681890 772150 497441 1075724 1225302 1253043 775316 1071567 1098723 773670 1158228 1051020 770572 677136 809366 768898 1264834 607221 673970 1231628 679550 1260974 670048 1230896 1174181 676344 518105 676344 645395 1264064 814060 681096 1275210 518107 785729 1062340 444192 1272060 776814 674760 1234772 1277508 786402 560229 1021843 1046426 677928 681094 1227670 807784 676392 677928 679512 950261 810158 1248252 1283876 580895 807632 778478 1234858 775992 1282234 677928 677928 810948 772942 808420 768190 817284 675602 814016 937199 678762 813260 584102 801448 681130 677968 771296 768152 775180 507774 1101956 678762 776902 680304 1275226 686638 682680 1280636 679512 642932 1223784 1277628 771286 539563 990487 931181 762622 775180 806846 768988 681094 1153833 681886 1239618]
Requests Number (per Connection):  [448 450 451 271 447 390 399 434 440 455 453 467 419 451 392 287 277 274 435 279 281 398 443 398 276 394 445 397 272 277 399 280 396 447 403 277 451 460 402 391 445 399 405 283 397 279 443 391 438 401 450 460 399 451 460 395 277 444 393 441 273 273 399 280 436 268 398 435 276 281 276 273 440 450 282 454 281 378 402 272 450 403 274 403 457 415 286 387 406 278 282 394 442 276 278 280 393 445 444 465 288 442 405 403 402 463 278 278 446 398 443 392 454 275 450 449 279 449 280 434 282 278 396 392 401 280 404 279 403 281 454 289 284 461 280 282 389 457 396 284 444 393 385 401 441 393 282 385 283 409]
Requests/sec:  5510.55576171875 KB
Transfer/sec:  7651.548388671875 KB

2023-12-04 13:02:56.263284305 +0800 CST m=+2859.817590763
Running 1m0s myx-test @ https://192.168.12.127:6443/api/v1/nodes
300 connections
Requests/bytes (per Connection):  [1312426 1354523 1697706 1372582 1661598 1336482 1691685 1830164 1781998 1667601 1715767 1709780 1824141 1384622 1794038 1824143 1342521 1372606 1667647 1294341 1288390 1751893 1318397 1800061 1733830 1318407 1342477 1300494 1318395 1769968 1312376 1908429 1300402 1751893 1733830 1342481 1956551 1306429 1709758 1842206 1818122 1324418 1733830 1745892 1836171 1878306 1739861 1812101 1673622 1836185 1733830 1769956 1769956 1336524 1908435 1306379 1818122 1848211 1914446 1775989 1739851 1932477 1661582 1739851 1872287 1842204 1757912 1294437 1378605 1715797 1769956 1330439 1727809 1818122 1294313 1878330 1306389 1908435 1763935 1788019 1685704 1336460 1661628 1324416 1763935 1342477 1294309 1794038 1360540 1378607 1824143 1842206 1348580 1745886 1378601 1866268 1788017 1294429 1258303 1944555 1288442 1836185 1763935 1306357 1721788 1384622 1781996 1312500 1878330 1360538 1824141 1902412 1836179 1360544 1866268 1336466 1902412 1842204 1733832 1691685 1348638 1709748 1312376 1709752 1300454 1330515 1763949 1330447 1848225 1842194 1354657 1782004 1745892 1824143 1739851 1812101 1703727 1601440 1872309 1330439 1860267 1691689 1824143 1661584 1818118 1806080 1330439 1366651 1860249 1342481 1637554 1914456 1252204 1306351 1336566 1836185 1661624 1932507 1661580 1318555 1685700 1673644 1848225 1788017 1324478 1342479 1336460 1366561 1336566 1769956 1884325 1854246 1769966 1709778 1360542 1721788 1721818 1733854 1318507 1769966 1818122 1360540 1860267 1715767 1282395 1794038 1318457 1318393 1751899 1330529 1715799 1781996 1282273 1366559 1830164 1806080 1655559 1830156 1276252 1336542 1824143 1866290 1324414 1721788 1896393 1324420 1836175 1806080 1842192 1691723 1824143 1330473 1709748 1324564 1824143 1324520 1890370 1818118 1769956 1860267 1324510 1739851 1366561 1757914 1794042 1378607 1914418 1794038 1649538 1709748 1824143 1782002 1366565 1745872 1318449 1378687 1318493 1878330 1697706 1300370 1884323 1745872 1763935 1842192 1330541 1354653 1842192 1775975 1709780 1860263 1842204 1661580 1878330 1306455 1294459 1697706 1727809 1769956 1878304 1800059 1794042 1842204 1914454 1288380 1727809 1757912 1775975 1872309 1733854 1342481 1836171 1745892 1685672 1836185 1806080 1727811 1788017 1727813 1757912 1836185 1763933 1324456 1378687 1763935 1812101 1721788 1818122 1312500 1336456 1824137 1794038 1408750 1258189 1655609 1733830 1360644 1806080 1824143 1661628 1330563]
Response/bytes (per Connection):  [172504 635966 681096 256698 542788 175644 680304 698516 692182 476775 683470 682712 716804 477723 674682 697724 634422 180394 677182 628074 312499 611894 631214 694558 685846 631224 634378 590834 631212 690610 506389 708804 199561 688222 685846 634382 715094 629704 587280 757346 696932 632006 685846 687450 699294 704826 686648 696140 487108 747013 685846 690598 690598 633654 708810 629654 696932 700876 709592 691402 686638 711936 676346 686638 704036 747803 689012 628170 639132 683500 690598 566011 685054 696932 484931 809801 629664 708810 689806 692974 679552 633590 666851 355315 689806 271820 370435 693764 636754 553265 697724 700100 635252 687444 639128 703246 664349 628162 337180 713556 627404 699308 632560 629632 684262 639920 692180 630546 704850 283735 697722 708016 699302 636758 703246 633596 708016 700098 685848 680304 578064 682680 172454 682684 628958 289398 689820 174838 758136 700088 578854 692188 687450 697724 686638 696140 681888 668494 704058 632798 702474 680308 697724 676348 696928 695348 632798 389570 702456 634382 673234 709602 622540 305232 633696 747013 657306 855081 485524 612290 679548 677950 700890 664349 632066 558052 175622 637546 433335 690598 705616 701682 690608 682710 636756 674721 684292 685870 631324 690608 716014 636754 702474 683470 416684 674682 631274 631210 630982 346658 683502 692180 397480 294068 698516 695348 675552 698508 625672 328360 726347 703268 632002 684262 840800 632008 699298 695348 700086 680342 697724 174864 682680 632152 697724 632108 706432 696928 690598 702474 345868 667556 637546 689014 693768 562806 709564 674682 674760 682680 697724 692186 608927 601561 631266 639214 354621 704850 681096 628874 705614 687430 651642 700086 403916 636096 700086 643683 682712 702470 700098 609557 704850 629730 532782 528440 685054 690598 704824 694556 693768 747803 709600 627342 685054 689012 643683 799468 685870 634382 699294 687450 679520 699308 695348 685056 664349 685058 689012 747013 689804 632044 391148 632560 696140 684262 696932 468349 213782 697718 693764 261492 623296 675602 580895 636858 695348 697724 676392 632922]
Requests Number (per Connection):  [218 225 282 228 276 222 281 304 296 277 285 284 303 230 298 303 223 228 277 215 214 291 219 299 288 219 223 216 219 294 218 317 216 291 288 223 325 217 284 306 302 220 288 290 305 312 289 301 278 305 288 294 294 222 317 217 302 307 318 295 289 321 276 289 311 306 292 215 229 285 294 221 287 302 215 312 217 317 293 297 280 222 276 220 293 223 215 298 226 229 303 306 224 290 229 310 297 215 209 323 214 305 293 217 286 230 296 218 312 226 303 316 305 226 310 222 316 306 288 281 224 284 218 284 216 221 293 221 307 306 225 296 290 303 289 301 283 266 311 221 309 281 303 276 302 300 221 227 309 223 272 318 208 217 222 305 276 321 276 219 280 278 307 297 220 223 222 227 222 294 313 308 294 284 226 286 286 288 219 294 302 226 309 285 213 298 219 219 291 221 285 296 213 227 304 300 275 304 212 222 303 310 220 286 315 220 305 300 306 281 303 221 284 220 303 220 314 302 294 309 220 289 227 292 298 229 318 298 274 284 303 296 227 290 219 229 219 312 282 216 313 290 293 306 221 225 306 295 284 309 306 276 312 217 215 282 287 294 312 299 298 306 318 214 287 292 295 311 288 223 305 290 280 305 300 287 297 287 292 305 293 220 229 293 301 286 302 218 222 303 298 234 209 275 288 226 300 303 276 221]
Requests/sec:  7974.3162109375 KB
Transfer/sec:  11058.423649088541 KB

