2023-12-04 20:46:57.865700653 +0800 CST m=+22318.709284822
Running 1m0s myx-test @ https://192.168.12.127:6443/api/v1/namespaces/myx-test/persistentvolumeclaims
3 connections
Requests/bytes (per Connection):  [4118494 6843508 6998352]
Response/bytes (per Connection):  [5656232 9398699 9611346]
Requests Number (per Connection):  [665 1105 1130]
Requests/sec:  292.32347005208334 KB
Transfer/sec:  693.792822265625 KB

2023-12-04 20:48:38.248776247 +0800 CST m=+22419.092360413
Running 1m0s myx-test @ https://192.168.12.127:6443/api/v1/namespaces/myx-test/persistentvolumeclaims
6 connections
Requests/bytes (per Connection):  [3740734 6242738 6329530 3647850 6143716 6236662]
Response/bytes (per Connection):  [5137403 8573641 8692763 5009826 8437586 8565194]
Requests Number (per Connection):  [604 1008 1022 589 992 1007]
Requests/sec:  526.38720703125 KB
Transfer/sec:  1249.310595703125 KB

2023-12-04 20:50:18.560525136 +0800 CST m=+22519.404109318
Running 1m0s myx-test @ https://192.168.12.127:6443/api/v1/namespaces/myx-test/persistentvolumeclaims
9 connections
Requests/bytes (per Connection):  [5995028 6087996 3542544 3356724 5902214 5840274 5635876 5858856 3474400]
Response/bytes (per Connection):  [8233426 8361045 4865220 4610040 8105884 8020824 7740128 8046342 4771649]
Requests Number (per Connection):  [968 983 572 542 953 943 910 946 561]
Requests/sec:  743.716015625 KB
Transfer/sec:  1765.11181640625 KB

2023-12-04 20:51:58.86207071 +0800 CST m=+22619.705654889
Running 1m0s myx-test @ https://192.168.12.127:6443/api/v1/namespaces/myx-test/persistentvolumeclaims
15 connections
Requests/bytes (per Connection):  [5282914 3102852 5369544 3195682 5561552 5307616 3034644 5425296 3009996 5289096 3139982 5233284 5196122 5245668 5295218]
Response/bytes (per Connection):  [7255334 4261335 7374375 4388885 7638058 7289321 4167732 7450932 4133772 7263834 4312354 7187247 7136212 7204257 7272304]
Requests Number (per Connection):  [853 501 867 516 898 857 490 876 486 854 507 845 839 847 855]
Requests/sec:  1117.9926106770833 KB
Transfer/sec:  2653.40849609375 KB

2023-12-04 20:53:39.19614741 +0800 CST m=+22720.039731591
Running 1m0s myx-test @ https://192.168.12.127:6443/api/v1/namespaces/myx-test/persistentvolumeclaims
30 connections
Requests/bytes (per Connection):  [4682034 4669804 4682094 2669208 4744038 2632046 4812104 4818298 4719344 2737470 2632046 2718852 4663606 2656900 4725480 4663572 4700720 5010306 4700772 4824554 4737806 4638760 2650728 2824054 4632642 4706956 2638344 4570644 2700204 4886580]
Response/bytes (per Connection):  [6430221 6413288 6430251 3665883 6515313 3614848 6608845 6617351 6481330 3759513 3614848 3733977 6404780 3648911 6489807 6404763 6455791 6881034 6455817 6625888 6506788 6370721 3640416 3878531 6362253 6464318 3623406 6277164 3708426 6710991]
Requests Number (per Connection):  [756 754 756 431 766 425 777 778 762 442 425 439 753 429 763 753 759 809 759 779 765 749 428 456 748 760 426 738 436 789]
Requests/sec:  1976.72470703125 KB
Transfer/sec:  4691.494775390625 KB

2023-12-04 20:55:19.449979397 +0800 CST m=+22820.293563568
Running 1m0s myx-test @ https://192.168.12.127:6443/api/v1/namespaces/myx-test/persistentvolumeclaims
60 connections
Requests/bytes (per Connection):  [2780854 3895582 4044212 2706420 3784092 3796480 4137132 4205130 2749760 3920352 3833642 4254780 4069004 4248504 4124748 4124752 2768308 4000876 3914162 4087578 3839838 4081396 3833642 2669324 2687948 2675402 3963712 4106154 2706528 2700336 2663040 2663016 3976026 4025648 3938878 3976100 2650742 4062810 4075202 2663174 2731146 4155720 2663140 3963712 4112326 2718758 2762202 3969874 4081392 3790286 4174198 2687948 4130812 3864564 2632050 4137118 3963700 3957518 3920352 2706372]
Response/bytes (per Connection):  [3819068 5350052 5554183 3716943 5196945 5213957 5681778 5775276 3776476 5384073 5264992 5843373 5588215 5834826 5664768 5664770 3801977 5494652 5375569 5613729 5273499 5605229 5264992 3665941 3691480 3674389 5443616 5639244 3716997 3708492 3657390 3657378 5460591 5528674 5409563 5460628 3640423 5579709 5596723 3657457 3750942 5707299 3657440 5443616 5647739 3733930 3793515 5452106 5605227 5205451 5732765 3691480 5673209 5307498 3614850 5681771 5443610 5435110 5384073 3716919]
Requests Number (per Connection):  [449 629 653 437 611 613 668 679 444 633 619 687 657 686 666 666 447 646 632 660 620 659 619 431 434 432 640 663 437 436 430 430 642 650 636 642 428 656 658 430 441 671 430 640 664 439 446 641 659 612 674 434 667 624 425 668 640 639 633 437]
Requests/sec:  3491.674348958333 KB
Transfer/sec:  8287.028955078125 KB

2023-12-04 20:56:59.711404798 +0800 CST m=+22920.554988981
Running 1m0s myx-test @ https://192.168.12.127:6443/api/v1/namespaces/myx-test/persistentvolumeclaims
90 connections
Requests/bytes (per Connection):  [3158648 3115178 2155282 3115266 2043736 2935680 2043796 2985092 3003674 3102776 2947930 2031406 2111902 3003674 3065614 2031352 3158520 2105650 2080928 3158520 2978930 2910924 2037602 3040996 2074764 3084352 3121356 3183318 2037602 2917092 3053226 2186188 2031408 2947958 3183292 3053350 3102848 2043794 3121406 2087150 2954234 2960432 3053224 3158580 2080884 2941894 3022382 2056182 3078158 3115248 2960476 3071904 3016220 3065614 3084266 2161380 2136702 3140054 2954260 2093306 3177260 2985138 3065612 2080956 3022414 2111926 3102772 3127630 3201876 2118120 2947996 2080958 2043756 2929350 2130508 3040996 2099502 3028510 2954282 2972746 2954160 2105732 3016204 3016214 2142896 3077998 2929392 2111926 3034674 3059478]
Response/bytes (per Connection):  [4337914 4278316 2959973 4278360 2806838 4031706 2806868 4099684 4125202 4261297 4048649 2789855 2900420 4125202 4210262 2789828 4337850 2891885 2857888 4337850 4091194 3997692 2798362 4176317 2849397 4235858 4286814 4371885 2798362 4006185 4193250 3002471 2789856 4048663 4371872 4193312 4261333 2806867 4286839 2866408 4057210 4065718 4193249 4337880 2857866 4040222 4150783 2823879 4227352 4278351 4065740 4218816 4142293 4210262 4235815 2968431 2934456 4312390 4057223 2874895 4363447 4099707 4210261 2857902 4150799 2900432 4261295 4295360 4397391 2908938 4048682 2857903 2806848 4023132 2925950 4176317 2883402 4159256 4057234 4082693 4057173 2891926 4142285 4142290 2942962 4227272 4023153 2900432 4167747 4201785]
Requests Number (per Connection):  [510 503 348 503 330 474 330 482 485 501 476 328 341 485 495 328 510 340 336 510 481 470 329 491 335 498 504 514 329 471 493 353 328 476 514 493 501 330 504 337 477 478 493 510 336 475 488 332 497 503 478 496 487 495 498 349 345 507 477 338 513 482 495 336 488 341 501 505 517 342 476 336 330 473 344 491 339 489 477 480 477 340 487 487 346 497 473 341 490 494]
Requests/sec:  3992.9778971354167 KB
Transfer/sec:  9476.792822265625 KB

2023-12-04 20:58:40.146383365 +0800 CST m=+23020.989967546
Running 1m0s myx-test @ https://192.168.12.127:6443/api/v1/namespaces/myx-test/persistentvolumeclaims
150 connections
Requests/bytes (per Connection):  [2619676 2793242 1994230 2793162 1963276 2576458 2663162 1975664 2594922 1975658 2613586 2768322 2570122 2768328 2619814 2755922 2873648 2533102 2681596 1950888 2756074 1932306 2762274 2601234 1932282 2588846 2533102 1957082 2799436 1919918 1957056 1969468 2588772 1969468 2817860 2588846 2687928 2650706 2663172 2718918 2656820 2526752 1969468 2743640 2043794 2588846 1944666 1938498 2768468 2737346 2613622 1969432 1994212 2582654 2557878 2539298 2774514 2712710 2743692 2712724 1888940 1926112 2545490 2545458 1957082 2526870 2619770 2619682 2762212 2012824 2501992 1919918 2663014 1981818 1944666 2526908 2570132 2743676 2588744 1969468 2595040 2644584 2824206 2545340 2817970 2669366 2644592 2774630 2551590 1919918 1969468 1981852 2545410 1969468 2533024 1926112 2557846 2626010 2694108 2006628 1926090 1988032 2725110 2019018 1919898 2601110 2557878 1932306 2006632 2582528 1932306 2619696 2725010 1919918 2520686 2588740 1857980 1919918 2539296 2737416 2718838 2830248 2780854 2489746 1981856 2731306 2768310 1932302 2520716 2762274 2799356 1969434 2483552 2595040 2731290 1988010 2687948 1857980 2725100 1969468 1913718 2706530 2570236 2613622 2533102 2656978 2656850 1926112 2793128 2712724]
Response/bytes (per Connection):  [3597845 3836080 2738813 3836040 2696291 3538373 3657451 2713303 3563832 2713300 3589391 3801984 3529796 3801987 3597914 3784966 3946600 3478832 3682895 2679279 3785042 2653761 3793551 3572397 2653749 3555385 3478832 2687785 3844586 2636749 2687772 2704796 3555348 2704796 3870025 3555385 3691470 3640405 3657456 3734010 3648871 3470248 2704796 3768007 2806867 3555385 2670759 2662266 3802057 3759451 3589409 2704778 2738804 3546880 3512856 3487339 3810489 3725497 3768033 3725504 2594215 2645255 3495844 3495828 2687785 3470307 3597892 3597848 3793520 2764337 3436232 2636749 3657377 2721789 2670759 3470326 3529801 3768025 3555334 2704796 3563891 3631935 3878607 3495769 3870080 3665962 3631939 3810547 3504303 2636749 2704796 2721806 3495804 2704796 3478793 2645255 3512840 3606421 3699969 2755830 2645244 2730305 3742515 2772843 2636739 3572335 3512856 2653761 2755832 3546817 2653761 3597855 3742465 2636749 3461806 3555332 2551690 2636749 3487338 3759486 3733970 3887037 3819068 3419291 2721808 3751022 3801978 2653759 3461821 3793551 3844546 2704779 3410785 3563891 3751014 2730294 3691480 2551690 3742510 2704796 2628240 3716998 3529853 3589409 3478832 3648950 3648886 2645255 3836023 3725504]
Requests Number (per Connection):  [423 451 322 451 317 416 430 319 419 319 422 447 415 447 423 445 464 409 433 315 445 312 446 420 312 418 409 316 452 310 316 318 418 318 455 418 434 428 430 439 429 408 318 443 330 418 314 313 447 442 422 318 322 417 413 410 448 438 443 438 305 311 411 411 316 408 423 423 446 325 404 310 430 320 314 408 415 443 418 318 419 427 456 411 455 431 427 448 412 310 318 320 411 318 409 311 413 424 435 324 311 321 440 326 310 420 413 312 324 417 312 423 440 310 407 418 300 310 410 442 439 457 449 402 320 441 447 312 407 446 452 318 401 419 441 321 434 300 440 318 309 437 415 422 409 429 429 311 451 438]
Requests/sec:  5912.05556640625 KB
Transfer/sec:  14031.459814453125 KB

2023-12-04 21:00:20.642078456 +0800 CST m=+23121.485662633
Running 1m0s myx-test @ https://192.168.12.127:6443/api/v1/namespaces/myx-test/persistentvolumeclaims
300 connections
Requests/bytes (per Connection):  [1579348 1207632 1473968 1461696 1566886 1189192 1473968 1461580 1189144 1480162 1529770 1220180 1548388 1529714 1480156 1480162 1467808 1498774 1195324 1535902 1449188 1430608 1566964 1220020 1486472 1455496 1467858 1207632 1232420 1443020 1467768 1220164 1542100 1573156 1182890 1244874 1244796 1257184 1635002 1511130 1517320 1207710 1257178 1207772 1492546 1523514 1250988 1542094 1498854 1535906 1536004 1244838 1678358 1498742 1220020 1473968 1511190 1238610 1579326 1554516 1548348 1579262 1430610 1473968 1535982 1560676 1511126 1189046 1517406 1511130 1548290 1257244 1566872 1486474 1511238 1529708 1548288 1616420 1201548 1158242 1641196 1226362 1492624 1542096 1504932 1251070 1201438 1486472 1473966 1480156 1182858 1486464 1591714 1207754 1548288 1232426 1176690 1511174 1591682 1610232 1244796 1461620 1170470 1504936 1548290 1182944 1511198 1535902 1251128 1449318 1492546 1220152 1232408 1467770 1201440 1213886 1480156 1207764 1461682 1597844 1517324 1263442 1213826 1573064 1535902 1591706 1498738 1480250 1523512 1498742 1535902 1442998 1213894 1542094 1226352 1573074 1424416 1659778 1610226 1288152 1505044 1436804 1548294 1492546 1294432 1238744 1189052 1529712 1207792 1220020 1604082 1529708 1182876 1288298 1523518 1220114 1505014 1517430 1467888 1542096 1517320 1474048 1238712 1486350 1182984 1281956 1207650 1269584 1529814 1498738 1542098 1176706 1535900 1442994 1641196 1585540 1554484 1523518 1628882 1238694 1158120 1176770 1573148 1498738 1548290 1573160 1257182 1529712 1467854 1480280 1486470 1591690 1424412 1604032 1220088 1170470 1213828 1573156 1504968 1498830 1560680 1474042 1554484 1183014 1213828 1573156 1480162 1492544 1189124 1170566 1207792 1133320 1517320 1474048 1424416 1529708 1610228 1232532 1566870 1449188 1604068 1220072 1207764 1523514 1275782 1467774 1486368 1511152 1542094 1238602 1176670 1604050 1505046 1535902 1449276 1504972 1244836 1176676 1560686 1455512 1554484 1517402 1288188 1164276 1195404 1504936 1213980 1158240 1591694 1535958 1176698 1473964 1195246 1442994 1517320 1474086 1182900 1467768 1257180 1566872 1511130 1170620 1585452 1560676 1498758 1213900 1226214 1597872 1189052 1554482 1430626 1511158 1591688 1170628 1517320 1480240 1207632 1566914 1467770 1442994 1536006 1498738 1498742 1442994 1226324 1473964 1486388 1579290 1647390 1492544 1170474 1585452 1517320 1523608 1467770 1158082 1486470 1152000 1232408 1455488]
Response/bytes (per Connection):  [2168969 1658571 2024326 2007372 2151920 1633124 2024326 2007314 1633100 2032832 2100908 1675663 2126444 2100880 2032829 2032832 2015837 2058365 1641599 2109383 1990300 1964783 2151959 1675583 2041396 1998863 2015862 1658571 1692601 1981807 2015817 1675655 2117891 2160464 1624564 1709646 1709607 1726619 2245477 2075361 2083865 1658610 1726616 1658641 2049842 2092371 1718112 2117888 2058405 2109385 2109434 1709628 2305018 2058349 1675583 2024326 2075391 1701105 2168958 2134917 2126424 2168926 1964784 2024326 2109423 2143406 2075359 1633051 2083908 2075361 2126395 1726649 2151913 2041397 2075415 2100877 2126394 2219959 1650120 1590604 2253983 1684163 2049881 2117889 2066853 1718153 1650065 2041396 2024325 2032829 1624548 2041392 2185970 1658632 2126394 1692604 1616055 2075383 2185954 2211456 1709607 2007334 1607536 2066855 2126395 1624591 2075395 2109383 1718182 1990365 2049842 1675649 1692595 2015818 1650066 1667107 2032829 1658637 2007365 2194444 2083867 1735157 1667077 2160418 2109383 2185966 2058347 2032876 2092370 2058349 2109383 1981796 1667111 2117888 1684158 2160423 1956278 2279501 2211453 1769148 2066909 1973290 2126397 2049842 1777697 1701172 1633054 2100879 1658651 1675583 2202972 2100877 1624557 1769221 2092373 1675630 2066894 2083920 2015877 2117889 2083865 2024366 1701156 2041335 1624611 1760641 1658580 1743637 2100930 2058347 2117890 1616063 2109382 1981794 2253983 2177474 2134901 2092373 2237008 1701147 1590543 1616095 2160460 2058347 2126395 2160466 1726618 2100879 2015860 2032891 2041395 2185958 1956276 2202947 1675617 1607536 1667078 2160464 2066871 2058393 2143408 2024363 2134901 1624626 1667078 2160464 2032832 2049841 1633090 1607584 1658651 1556507 2083865 2024366 1956278 2100877 2211454 1692657 2151912 1990300 2202965 1675609 1658637 2092371 1752145 2015820 2041344 2075372 2117888 1701101 1616045 2202956 2066910 2109383 1990344 2066873 1709627 1616048 2143411 1998871 2134901 2083906 1769166 1599030 1641639 2066855 1667154 1590603 2185960 2109411 1616059 2024324 1641560 1981794 2083865 2024385 1624569 2015817 1726617 2151913 2075361 1607611 2177430 2143406 2058357 1667114 1684089 2194458 1633054 2134900 1964792 2075375 2185957 1607615 2083865 2032871 1658571 2151934 2015818 1981794 2109435 2058347 2058349 1981794 1684144 2024324 2041354 2168940 2262489 2049841 1607538 2177430 2083865 2092418 2015818 1590524 2041395 1582074 1692595 1998859]
Requests Number (per Connection):  [255 195 238 236 253 192 238 236 192 239 247 197 250 247 239 239 237 242 193 248 234 231 253 197 240 235 237 195 199 233 237 197 249 254 191 201 201 203 264 244 245 195 203 195 241 246 202 249 242 248 248 201 271 242 197 238 244 200 255 251 250 255 231 238 248 252 244 192 245 244 250 203 253 240 244 247 250 261 194 187 265 198 241 249 243 202 194 240 238 239 191 240 257 195 250 199 190 244 257 260 201 236 189 243 250 191 244 248 202 234 241 197 199 237 194 196 239 195 236 258 245 204 196 254 248 257 242 239 246 242 248 233 196 249 198 254 230 268 260 208 243 232 250 241 209 200 192 247 195 197 259 247 191 208 246 197 243 245 237 249 245 238 200 240 191 207 195 205 247 242 249 190 248 233 265 256 251 246 263 200 187 190 254 242 250 254 203 247 237 239 240 257 230 259 197 189 196 254 243 242 252 238 251 191 196 254 239 241 192 189 195 183 245 238 230 247 260 199 253 234 259 197 195 246 206 237 240 244 249 200 190 259 243 248 234 243 201 190 252 235 251 245 208 188 193 243 196 187 257 248 190 238 193 233 245 238 191 237 203 253 244 189 256 252 242 196 198 258 192 251 231 244 257 189 245 239 195 253 237 233 248 242 242 233 198 238 240 255 266 241 189 256 245 246 237 187 240 186 199 235]
Requests/sec:  6924.396158854167 KB
Transfer/sec:  16434.127392578124 KB

