2023-12-04 15:09:09.138496929 +0800 CST m=+2049.982081098
Running 1m0s myx-test @ https://192.168.12.127:6443/api/v1/persistentvolumes
3 connections
Requests/bytes (per Connection):  [6967086 6979492 4328980]
Response/bytes (per Connection):  [9975633 9993296 6198410]
Requests Number (per Connection):  [1133 1135 704]
Requests/sec:  297.45374348958336 KB
Transfer/sec:  723.354443359375 KB

2023-12-04 15:10:49.495536654 +0800 CST m=+2150.339120837
Running 1m0s myx-test @ https://192.168.12.127:6443/api/v1/persistentvolumes
6 connections
Requests/bytes (per Connection):  [6302964 6260014 3523516 3541976 6339804 6303064]
Response/bytes (per Connection):  [9024732 8963147 5045048 5071468 9077532 9024782]
Requests Number (per Connection):  [1025 1018 573 576 1031 1025]
Requests/sec:  525.2496419270833 KB
Transfer/sec:  1277.311962890625 KB

2023-12-04 15:12:29.799487119 +0800 CST m=+2250.643071295
Running 1m0s myx-test @ https://192.168.12.127:6443/api/v1/persistentvolumes
9 connections
Requests/bytes (per Connection):  [3074642 5663486 5571238 3129942 5743398 5878704 5651148 3345174 5774180]
Response/bytes (per Connection):  [4402321 8109073 7976999 4481541 8223519 8417232 8091444 4789707 8267560]
Requests Number (per Connection):  [500 921 906 509 934 956 919 544 939]
Requests/sec:  713.4100260416667 KB
Transfer/sec:  1734.8845703125 KB

2023-12-04 15:14:10.162015179 +0800 CST m=+2351.005599360
Running 1m0s myx-test @ https://192.168.12.127:6443/api/v1/persistentvolumes
15 connections
Requests/bytes (per Connection):  [5024006 4925512 2945594 4827142 4937812 5190062 2927120 3160772 5165354 5017760 5023908 5220700 2951586 4943960 3013100]
Response/bytes (per Connection):  [7193413 7052486 4217467 6911621 7070096 7431151 4191040 4525606 7395877 7184560 7193364 7475120 4226193 7078900 4314250]
Requests Number (per Connection):  [817 801 479 785 803 844 476 514 840 816 817 849 480 804 490]
Requests/sec:  1062.4086588541666 KB
Transfer/sec:  2583.5861328125 KB

2023-12-04 15:15:50.626540458 +0800 CST m=+2451.470124647
Running 1m0s myx-test @ https://192.168.12.127:6443/api/v1/persistentvolumes
30 connections
Requests/bytes (per Connection):  [4489032 4408926 4710270 2730350 2748658 4476732 2748782 4661228 4482884 2730350 2767154 4661226 2724042 4575108 4415218 4538072 2754790 2785578 4476732 4452062 4833392 4482758 4722608 4618092 4728718 4372146 2705752 2754896 4372156 4556656]
Response/bytes (per Connection):  [6427416 6312873 6744315 3909295 3935639 6409806 3935701 6673954 6418612 3909295 3962077 6673953 3900411 6550674 6321749 6497776 3944435 3988479 6409806 6374551 6920476 6418549 6761944 6612276 6770729 6260103 3874076 3944488 6260108 6524258]
Requests Number (per Connection):  [730 717 766 444 447 728 447 758 729 444 450 758 443 744 718 738 448 453 728 724 786 729 768 751 769 711 440 448 711 741]
Requests/sec:  1928.4565104166666 KB
Transfer/sec:  4689.6515625 KB

2023-12-04 15:17:30.937250637 +0800 CST m=+2551.780834805
Running 1m0s myx-test @ https://192.168.12.127:6443/api/v1/persistentvolumes
60 connections
Requests/bytes (per Connection):  [2595054 2588904 3960152 3953926 4052368 3966212 2656552 2637944 2601204 3972452 2668730 2644252 4113880 4064700 3990822 3996982 4033946 4052384 4120018 3990902 4058546 4046248 2570370 3929402 2551930 3960064 4138464 2588778 3941688 2558094 3929404 2619496 3990882 4009346 3892504 4009262 2681026 3984656 2631796 2644194 3984748 4064700 4021614 3910952 2576516 3892504 4076996 4120042 2619652 3990818 4144636 2631948 2668852 4027800 3867860 3960148 4095382 3960152 2662588 4070848]
Response/bytes (per Connection):  [3715587 3706782 5670196 5661353 5802254 5678956 3803636 3777142 3724392 5687806 3821185 3786026 5890310 5819880 5714181 5722991 5775853 5802262 5899109 5714221 5811073 5793464 3680325 5626171 3653915 5670152 5925522 3706719 5643774 3662727 5626172 3750728 5714211 5740633 5573342 5740591 3838793 5705368 3768338 3785997 5705414 5819880 5758227 5599756 3689128 5573342 5837488 5899121 3750806 5714179 5934338 3768414 3821246 5767050 5538100 5670194 5863871 5670196 3812384 5828684]
Requests Number (per Connection):  [422 421 644 643 659 645 432 429 423 646 434 430 669 661 649 650 656 659 670 649 660 658 418 639 415 644 673 421 641 416 639 426 649 652 633 652 436 648 428 430 648 661 654 636 419 633 663 670 426 649 674 428 434 655 629 644 666 644 433 662]
Requests/sec:  3462.66748046875 KB
Transfer/sec:  8420.576904296875 KB

2023-12-04 15:19:11.284908223 +0800 CST m=+2652.128492411
Running 1m0s myx-test @ https://192.168.12.127:6443/api/v1/persistentvolumes
90 connections
Requests/bytes (per Connection):  [3339020 3314544 3308272 2336748 3529672 2342916 3388318 3326720 3425136 2256818 3375920 3302126 3339020 3271372 2299868 3314422 3357470 3382070 3351328 3234474 3339134 3425172 2281414 2293590 3412822 2318194 3418968 3418968 3320598 2349062 3240622 3234536 3308272 2336746 3443568 2299796 2275190 3449716 2275264 3345214 2361336 3320572 3339024 3271470 2299762 3431268 2232214 3351322 3308270 3332986 3412908 3289822 2305932 2330612 2256798 3375918 3400518 2287564 2299866 2306012 3431332 3412832 3296100 3406668 3345170 2318300 3529664 3418976 2330530 3382152 3326724 3468238 2275268 3302162 3449716 3271374 3289820 2299738 2293718 3357470 3234578 3252926 2330610 2342912 2262914 3289950 3406668 2312162 3394368 3388316]
Response/bytes (per Connection):  [4780900 4745742 4736876 3345774 5053856 3354588 4851389 4763290 4904178 3231319 4833730 4728073 4780900 4684046 3292954 4745681 4807315 4842535 4798514 4631217 4780957 4904196 3266537 3284085 4886561 3319307 4895364 4895364 4754499 3363391 4640021 4631248 4736876 3345773 4930584 3292918 3257695 4939388 3257732 4789727 3380988 4754486 4780902 4684095 3292901 4912974 3196097 4798511 4736875 4772153 4886604 4710461 3301716 3336976 3231309 4833729 4868949 3275342 3292953 3301756 4913006 4886566 4719330 4877754 4789705 3319360 5053852 4895368 3336935 4842576 4763292 4965839 3257734 4728091 4939388 4684047 4710460 3292889 3284149 4807315 4631269 4657633 3336975 3354586 3240097 4710525 4877754 3310561 4860144 4851388]
Requests Number (per Connection):  [543 539 538 380 574 381 551 541 557 367 549 537 543 532 374 539 546 550 545 526 543 557 371 373 555 377 556 556 540 382 527 526 538 380 560 374 370 561 370 544 384 540 543 532 374 558 363 545 538 542 555 535 375 379 367 549 553 372 374 375 558 555 536 554 544 377 574 556 379 550 541 564 370 537 561 532 535 374 373 546 526 529 379 381 368 535 554 376 552 551]
Requests/sec:  4402.97216796875 KB
Transfer/sec:  10707.227783203125 KB

2023-12-04 15:20:51.657083252 +0800 CST m=+2752.500667452
Running 1m0s myx-test @ https://192.168.12.127:6443/api/v1/persistentvolumes
150 connections
Requests/bytes (per Connection):  [1893962 2742648 1936996 1893962 2736480 2699468 2613346 2668698 1887828 1918578 2693450 2699552 1955476 2730192 2742638 1887830 2570454 1893978 2631918 2847076 2711770 2699544 2699442 2724146 2779548 1949292 2693388 2644118 1918578 1918578 2680992 2644208 1900112 2767150 2693322 2705606 1949328 2877788 2570326 1924728 2773262 1961626 2847156 2662698 2668768 2693400 1936998 2613344 2558154 2607230 1955454 1863230 1869380 2631952 2607322 2668752 2693452 1900128 2736438 1887830 1930850 2601114 2631796 2576546 2693386 1973926 2681152 2613382 2779444 2619496 2705752 1924728 1900112 1918578 1924702 2834896 2564192 2693430 1869378 1893964 2588772 2767092 1918576 2724200 2662702 1906278 2810298 2736342 2693294 2662544 2754890 2607314 2601204 2631952 2767196 2619494 1955478 2687182 2656502 2650244 2644100 1906278 2785698 2650246 1906278 2699580 2601134 2761100 1930878 2699602 2564304 2736346 2773240 1887830 2742648 1930848 2705702 2687288 2767140 2607212 2625644 2705606 2625644 1930878 1893962 2730230 1930876 2742492 1820180 2748706 2613346 2619652 2539548 2767154 1924728 1949322 1832482 1906258 2724104 1906258 1924728 2668852 2742548 1924728 2607354 2767100 2730262 1930872 1906280 2797998]
Response/bytes (per Connection):  [2711821 3926904 2773448 2711821 3918090 3865204 3741923 3821169 2703024 2747049 3856465 3865246 2799878 3909216 3926899 2703025 3680367 2711829 3768399 4076528 3882815 3865242 3865191 3900463 3979734 2791056 3856434 3785959 2747049 2747049 3838776 3786004 2720626 3962075 3856401 3874003 2791074 4120534 3680303 2755854 3970861 2808683 4076568 3812439 3821204 3856440 2773449 3741922 3662757 3733135 2799867 2667805 2676610 3768416 3733181 3821196 3856466 2720634 3918069 2703025 2764645 3724347 3768338 3689143 3856433 2826293 3838856 3741941 3979682 3750728 3874076 2755854 2720626 2747049 2755841 4058978 3671506 3856455 2676609 2711822 3706716 3962046 2747048 3900490 3812441 2729439 4023759 3918021 3856387 3812362 3944485 3733177 3724392 3768416 3962098 3750727 2799879 3847601 3803611 3794752 3785950 2729439 3988539 3794753 2729439 3865260 3724357 3953320 2764659 3865271 3671562 3918023 3970850 2703025 3926904 2764644 3874051 3847654 3962070 3733126 3759532 3874003 3759532 2764659 2711821 3909235 2764658 3926826 2606170 3935663 3741923 3750806 3636264 3962077 2755854 2791071 2623781 2729429 3900442 2729429 2755854 3821246 3926854 2755854 3733197 3962050 3909251 2764656 2729440 4006149]
Requests Number (per Connection):  [308 446 315 308 445 439 425 434 307 312 438 439 318 444 446 307 418 308 428 463 441 439 439 443 452 317 438 430 312 312 436 430 309 450 438 440 317 468 418 313 451 319 463 433 434 438 315 425 416 424 318 303 304 428 424 434 438 309 445 307 314 423 428 419 438 321 436 425 452 426 440 313 309 312 313 461 417 438 304 308 421 450 312 443 433 310 457 445 438 433 448 424 423 428 450 426 318 437 432 431 430 310 453 431 310 439 423 449 314 439 417 445 451 307 446 314 440 437 450 424 427 440 427 314 308 444 314 446 296 447 425 426 413 450 313 317 298 310 443 310 313 434 446 313 424 450 444 314 310 455]
Requests/sec:  5932.465657552083 KB
Transfer/sec:  14426.693603515625 KB

2023-12-04 15:22:32.056575306 +0800 CST m=+2852.900159483
Running 1m0s myx-test @ https://192.168.12.127:6443/api/v1/persistentvolumes
300 connections
Requests/bytes (per Connection):  [1641902 1826330 1727934 1703342 1635686 1777144 1684884 1740268 1672584 1721782 1604936 1703364 1414294 1752534 1734084 1715634 1691084 1334470 1691036 1648050 1660286 1432800 1758702 1678734 1322048 1408148 1660286 1371244 1315906 1740234 1764832 1660286 1611138 1783282 1623386 1857076 1746394 1309802 1838630 1746392 1629536 1352798 1395900 1660298 1814030 1850930 1703380 1358972 1401994 1709522 1389784 1721822 1850930 1297450 1703334 1672642 1697188 1746384 1371358 1672604 1734086 1678740 1672640 1691036 1740268 1420446 1629580 1721784 1352794 1586572 1672618 1721784 1727962 1611100 1322046 1678734 1359054 1395970 1352838 1641836 1666436 1746382 1832480 1783282 1703366 1777146 1740264 1740232 1371244 1648040 1752532 1334356 1389692 1445132 1334348 1629568 1727938 1383570 1703338 1309748 1315976 1647986 1303646 1703334 1740232 1684886 1365098 1395846 1789432 1740248 1346646 1617284 1346648 1654136 1383596 1395944 1328200 1371248 1660286 1408234 1740234 1684938 1641894 1291300 1660286 1678734 1334434 1666436 1641870 1377394 1666436 1715634 1365158 1771006 1795580 1623396 1395848 1709484 1703334 1555738 1322050 1727934 1684884 1697186 1352794 1641840 1359020 1580338 1697184 1660286 1641836 1629552 1383558 1678734 1395988 1734120 1709484 1629536 1617238 1691034 1678788 1328336 1770998 1604942 1402124 1488096 1611086 1697220 1648052 1297450 1334470 1666486 1408142 1482050 1727934 1598792 1691034 1303600 1783282 1309746 1635686 1383546 1660284 1352794 1678764 1315896 1340572 1666440 1561890 1709484 1309812 1352838 1709484 1826338 1684884 1383596 1678736 1617296 1727942 1678736 1654136 1383548 1346696 1678738 1586546 1432746 1604952 1389696 1315942 1660286 1691034 1672584 1795596 1715634 1297548 1703338 1660286 1721822 1346776 1715634 1359054 1358948 1654198 1709484 1365098 1684936 1426610 1709484 1654140 1315900 1377398 1346796 1672586 1641836 1734088 1297548 1365138 1358944 1715634 1764832 1715634 1555760 1789432 1740246 1346706 1371308 1678734 1752562 1654136 1795598 1629554 1365094 1746416 1703382 1604936 1389694 1684908 1383548 1647990 1727964 1721784 1672586 1365120 1703334 1389696 1678734 1789432 1371372 1561968 1383692 1697184 1709484 1420446 1703336 1654136 1672586 1734088 1875530 1605012 1635686 1740234 1322078 1703334 1611088 1358944 1371324 1734084 1389728 1850930 1740234 1315900 1272856 1715634 1709510 1740268 1795582 1328194 1740268 1414318 1629600]
Response/bytes (per Connection):  [2350861 2614975 2474097 2438881 2342023 2544542 2412462 2491724 2394852 2465291 2297998 2438892 2025047 2509317 2482902 2456487 2421292 1910645 2421268 2359665 2377243 2051490 2518131 2403657 1892974 2016244 2377243 1963412 1884173 2491707 2526926 2377243 2306829 2553341 2324413 2658998 2500517 1875391 2632585 2500516 2333218 1936999 1998660 2377249 2597365 2650195 2438900 1945816 2007437 2447701 1989872 2465311 2650195 1857755 2438877 2394881 2430074 2500512 1963469 2394862 2482903 2403660 2394880 2421268 2491724 2033853 2333240 2465292 1936997 2271626 2394869 2465292 2474111 2306810 1892973 2403657 1945857 1998695 1937019 2350828 2386048 2500511 2623780 2553341 2438893 2544543 2491722 2491706 1963412 2359660 2509316 1910588 1989826 2069116 1910584 2333234 2474099 1981035 2438879 1875364 1884208 2359633 1866583 2438877 2491706 2412463 1954609 1998633 2562146 2491714 1928193 2315632 1928194 2368438 1981048 1998682 1901780 1963414 2377243 2016287 2491707 2412489 2350857 1848950 2377243 2403657 1910627 2386048 2350845 1972217 2386048 2456487 1954639 2535743 2570950 2324418 1998634 2447682 2438877 2227559 1892975 2474097 2412462 2430073 1936997 2350830 1945840 2262779 2430072 2377243 2350828 2333226 1981029 2403657 1998704 2482920 2447682 2333218 2315609 2421267 2403684 1901848 2535739 2298001 2007502 2130708 2306803 2430090 2359666 1857755 1910645 2386073 2016241 2121955 2474097 2289196 2421267 1866560 2553341 1875363 2342023 1981023 2377242 1936997 2403672 1884168 1919426 2386050 2236365 2447682 1875396 1937019 2447682 2614979 2412462 1981048 2403658 2315638 2474101 2403658 2368438 1981024 1928218 2403659 2271613 2051463 2298006 1989828 1884191 2377243 2421267 2394852 2570958 2456487 1857804 2438879 2377243 2465311 1928258 2456487 1945857 1945804 2368469 2447682 1954609 2412488 2042665 2447682 2368440 1884170 1972219 1928268 2394853 2350828 2482904 1857804 1954629 1945802 2456487 2526926 2456487 2227570 2562146 2491713 1928223 1963444 2403657 2509331 2368438 2570959 2333227 1954607 2500528 2438901 2297998 1989827 2412474 1981024 2359635 2474112 2465292 2394853 1954620 2438877 1989828 2403657 2562146 1963476 2236404 1981096 2430072 2447682 2033853 2438878 2368438 2394853 2482904 2685415 2298036 2342023 2491707 1892989 2438877 2306804 1945802 1963452 2482902 1989844 2650195 2491707 1884170 1822538 2456487 2447695 2491724 2570951 1901777 2491724 2025059 2333250]
Requests Number (per Connection):  [267 297 281 277 266 289 274 283 272 280 261 277 230 285 282 279 275 217 275 268 270 233 286 273 215 229 270 223 214 283 287 270 262 290 264 302 284 213 299 284 265 220 227 270 295 301 277 221 228 278 226 280 301 211 277 272 276 284 223 272 282 273 272 275 283 231 265 280 220 258 272 280 281 262 215 273 221 227 220 267 271 284 298 290 277 289 283 283 223 268 285 217 226 235 217 265 281 225 277 213 214 268 212 277 283 274 222 227 291 283 219 263 219 269 225 227 216 223 270 229 283 274 267 210 270 273 217 271 267 224 271 279 222 288 292 264 227 278 277 253 215 281 274 276 220 267 221 257 276 270 267 265 225 273 227 282 278 265 263 275 273 216 288 261 228 242 262 276 268 211 217 271 229 241 281 260 275 212 290 213 266 225 270 220 273 214 218 271 254 278 213 220 278 297 274 225 273 263 281 273 269 225 219 273 258 233 261 226 214 270 275 272 292 279 211 277 270 280 219 279 221 221 269 278 222 274 232 278 269 214 224 219 272 267 282 211 222 221 279 287 279 253 291 283 219 223 273 285 269 292 265 222 284 277 261 226 274 225 268 281 280 272 222 277 226 273 291 223 254 225 276 278 231 277 269 272 282 305 261 266 283 215 277 262 221 223 282 226 301 283 214 207 279 278 283 292 216 283 230 265]
Requests/sec:  7740.92080078125 KB
Transfer/sec:  18824.522314453126 KB

