2023-12-04 22:11:42.532100077 +0800 CST m=+27403.375684247
Running 1m0s myx-test @ https://192.168.12.127:6443/api/v1/namespaces/myx-test/pods
3 connections
Requests/bytes (per Connection):  [47658900 44818418 43892014]
Response/bytes (per Connection):  [29683743 28813151 28207991]
Requests Number (per Connection):  [7819 7353 7201]
Requests/sec:  2219.5529296875 KB
Transfer/sec:  3630.7652506510417 KB

2023-12-04 22:13:22.632400394 +0800 CST m=+27503.475984563
Running 1m0s myx-test @ https://192.168.12.127:6443/api/v1/namespaces/myx-test/pods
6 connections
Requests/bytes (per Connection):  [33597010 30616482 30689762 33316764 31226064 31030998]
Response/bytes (per Connection):  [20938692 19681423 19711071 20747334 20066243 19943067]
Requests Number (per Connection):  [5512 5023 5035 5466 5123 5091]
Requests/sec:  3100.212890625 KB
Transfer/sec:  5071.04345703125 KB

2023-12-04 22:15:02.713148905 +0800 CST m=+27603.556733093
Running 1m0s myx-test @ https://192.168.12.127:6443/api/v1/namespaces/myx-test/pods
9 connections
Requests/bytes (per Connection):  [25417246 27794446 25478212 27879772 27739582 27776158 27757874 27904170 25697620]
Response/bytes (per Connection):  [16336738 17858488 16374410 17362558 17824081 17297125 17285740 17927862 16517912]
Requests Number (per Connection):  [4170 4560 4180 4574 4551 4557 4554 4578 4216]
Requests/sec:  3962.322265625 KB
Transfer/sec:  6481.607975260416 KB

2023-12-04 22:16:42.820380533 +0800 CST m=+27703.663964711
Running 1m0s myx-test @ https://192.168.12.127:6443/api/v1/namespaces/myx-test/pods
15 connections
Requests/bytes (per Connection):  [22680550 22576764 23722774 21522456 22601158 23210724 23064582 23241350 23338804 21565144 21272436 22515964 21613848 21321190 22583018]
Response/bytes (per Connection):  [14567885 14522480 14776490 13822767 14536654 14463366 14354332 14463953 14533289 13847570 13676656 14463824 13886268 13709200 14506157]
Requests Number (per Connection):  [3721 3704 3892 3531 3708 3808 3784 3813 3829 3538 3490 3694 3546 3498 3705]
Requests/sec:  5482.271516927083 KB
Transfer/sec:  8967.474820963542 KB

2023-12-04 22:18:22.90602053 +0800 CST m=+27803.749604712
Running 1m0s myx-test @ https://192.168.12.127:6443/api/v1/namespaces/myx-test/pods
30 connections
Requests/bytes (per Connection):  [13641248 14019062 13994718 13909464 12952452 13799614 13592454 13781324 13903384 13952110 13013404 13927714 13817944 13860572 13543606 13848396 13403464 12793964 12915880 13946044 13897232 13007314 12964648 13165768 13708334 13659566 12879278 13056084 13671600 12964648]
Response/bytes (per Connection):  [8491306 9016198 8718428 8655414 8322547 8877450 8734318 8866261 8649807 8684611 8361897 8671423 8883603 8915960 8713806 8631956 8617483 8222311 8299331 8677374 8652896 8357234 8329915 8462230 8528529 8769095 8279469 8387820 8796887 8329915]
Requests Number (per Connection):  [2238 2300 2296 2282 2125 2264 2230 2261 2281 2289 2135 2285 2267 2274 2222 2272 2199 2099 2119 2288 2280 2134 2127 2160 2249 2241 2113 2142 2243 2127]
Requests/sec:  6601.420735677083 KB
Transfer/sec:  10799.1009765625 KB

2023-12-04 22:20:03.924307675 +0800 CST m=+27904.767891863
Running 1m0s myx-test @ https://192.168.12.127:6443/api/v1/namespaces/myx-test/pods
60 connections
Requests/bytes (per Connection):  [6003814 5942898 5583272 5845390 6034354 5888008 5906274 5784402 6003884 5997738 6034358 5833202 5906246 5753900 5839298 5918542 5564986 5900194 5875874 5802724 5729534 5894156 5967266 5991550 5644232 5729550 5973250 5601562 5833202 5857584 5650326 5936830 6113448 5705190 5760040 5680782 5760052 5973400 5753956 5839296 6137988 5912356 5808786 5814914 5918510 5772240 5510122 5875858 5918544 5747856 5875800 5979422 5784436 5790532 5772240 5839298 5851428 5601556 5869776 5924640]
Response/bytes (per Connection):  [3861353 3817527 3587214 3752721 3753574 3786478 3800745 3718129 3733963 3855012 3872354 3744797 3687185 3701812 3633112 3681821 3575465 3678044 3771558 3610610 3684282 3783585 3835059 3743947 3625444 3682324 3734464 3598403 3744797 3644499 3629547 3810348 3942199 3663954 3700039 3651458 3698641 3715708 3694818 3748900 3816287 3689260 3733421 3618292 3685625 3706565 3541058 3657244 3798599 3691273 3664310 3728655 3713933 3717756 3706565 3633112 3648132 3598961 3768015 3802422]
Requests Number (per Connection):  [985 975 916 959 990 966 969 949 985 984 990 957 969 944 958 971 913 968 964 952 940 967 979 983 926 940 980 919 957 961 927 974 1003 936 945 932 945 980 944 958 1007 970 953 954 971 947 904 964 971 943 964 981 949 950 947 958 960 919 963 972]
Requests/sec:  5705.092220052084 KB
Transfer/sec:  9332.621110026043 KB

2023-12-04 22:21:44.064245813 +0800 CST m=+28004.907829982
Running 1m0s myx-test @ https://192.168.12.127:6443/api/v1/namespaces/myx-test/pods
90 connections
Requests/bytes (per Connection):  [2499116 2468614 2511150 2517356 2365012 2364924 2468554 2444254 2456288 2541628 2358758 2535692 2383296 2590534 2529594 2389356 2633224 2535608 2499008 2377200 2511190 2450350 2480812 2413760 2663704 2486926 2523500 2419876 2505212 2584364 2560036 2529596 2511246 2358912 2377200 2456300 2377200 2377148 2450336 2371104 2425970 2553978 2480720 2395420 2511256 2523500 2572200 2517246 2450266 2383182 2346654 2517348 2505102 2480672 2517404 2535674 2389396 2566072 2566170 2541664 2535692 2523494 2492862 2493002 2486894 2431922 2371016 2559916 2462542 2553906 2395466 2541750 2444258 2389376 2590396 2517404 2480814 2578316 2547724 2389322 2450350 2560040 2590552 2493022 2401534 2413776 2559918 2553946 2371010 2547810]
Response/bytes (per Connection):  [1549494 1582735 1576474 1616395 1513826 1525018 1590289 1564083 1591875 1595271 1483035 1621708 1478555 1607787 1618165 1534154 1683436 1582326 1612480 1474850 1621526 1519582 1540555 1546928 1650073 1541812 1614062 1500515 1602593 1613324 1642318 1617885 1564788 1510281 1521750 1590477 1521750 1528466 1569866 1471145 1504766 1583111 1601293 1542175 1613132 1614062 1653602 1580179 1578820 1540123 1511029 1617515 1616865 1607167 1560609 1624228 1529118 1653695 1641103 1590923 1621708 1614902 1565359 1548237 1595042 1574345 1529401 1606386 1575552 1642691 1536017 1630569 1515607 1531636 1624911 1560609 1540283 1654625 1649780 1538350 1567906 1641758 1656675 1545517 1543478 1544688 1657146 1637655 1529959 1588376]
Requests Number (per Connection):  [410 405 412 413 388 388 405 401 403 417 387 416 391 425 415 392 432 416 410 390 412 402 407 396 437 408 414 397 411 424 420 415 412 387 390 403 390 390 402 389 398 419 407 393 412 414 422 413 402 391 385 413 411 407 413 416 392 421 421 417 416 414 409 409 408 399 389 420 404 419 393 417 401 392 425 413 407 423 418 392 402 420 425 409 394 396 420 419 389 418]
Requests/sec:  3635.83759765625 KB
Transfer/sec:  5947.431591796875 KB

2023-12-04 22:23:24.190080974 +0800 CST m=+28105.033665148
Running 1m0s myx-test @ https://192.168.12.127:6443/api/v1/namespaces/myx-test/pods
150 connections
Requests/bytes (per Connection):  [2505152 2773370 2590552 2706254 2718566 2700156 2626970 2724504 2645416 2645348 2834228 2712312 2675738 2614836 2706308 2675736 2620874 2828192 2633224 2688070 2712400 2724644 2657480 2730600 2864706 2627128 2840414 2822168 2681834 2730670 2694054 2681908 2742848 2523500 2779366 2681990 2621034 2688062 2730600 2657448 2767272 2724662 2486924 2639282 2560074 2773362 2694066 2730614 2663544 2724568 2614796 2578346 2578204 2627062 2803756 2614936 2718502 2810002 2621032 2627130 2614780 2748918 2517404 2584458 2620950 2462486 2584458 2681990 2718566 2602746 2639304 2791672 2553910 2858770 2651376 2767262 2736696 2834388 2651512 2553822 2444258 2572190 2791716 2663606 2816072 2651354 2614778 2779444 2614912 2687928 2834228 2700120 2602588 2754998 2688058 2755120 2779366 2694182 2797680 2675792 2566170 2669778 2675896 2602648 2706216 2651354 2755142 2633088 2779478 2645416 2486924 2547878 2761238 2614938 2736758 2633224 2633224 2633146 2675736 2651400 2645258 2444254 2621024 2541666 2755140 2694120 2730758 2639320 2706350 2645416 2663602 2560074 2627128 2779524 2681938 2621032 2529508 2675894 2688078 2590552 2669800 2889248 2614936 2633106 2724504 2706232 2724662 2730756 2566170 2462540]
Response/bytes (per Connection):  [1610429 1724373 1656675 1691230 1737238 1741439 1699759 1761207 1691082 1647384 1830581 1699555 1730343 1632937 1737986 1730623 1643708 1818922 1683436 1667067 1742369 1743299 1715238 1765030 1849976 1679613 1822650 1805865 1734166 1702246 1738456 1724934 1711286 1564314 1740582 1714300 1675510 1667881 1710670 1719154 1775656 1741061 1591124 1692015 1637280 1780319 1683276 1709040 1722977 1699083 1637829 1650707 1668895 1688289 1810628 1671967 1745352 1739809 1624138 1627571 1691833 1772863 1560609 1601636 1686424 1582828 1652572 1714300 1737238 1664041 1689217 1733858 1642131 1769449 1712253 1776774 1768853 1810155 1695187 1602409 1515607 1654720 1728422 1715143 1746776 1662233 1640003 1785820 1674763 1738269 1774199 1745915 1684187 1778644 1668425 1708638 1795894 1721946 1748709 1723629 1641103 1709172 1710197 1676633 1695850 1715051 1760176 1648400 1726720 1691082 1591124 1579950 1763999 1620161 1706765 1683436 1631548 1693510 1730623 1709175 1711228 1564083 1676628 1641201 1706192 1676480 1744884 1687259 1732670 1638958 1715703 1586816 1627843 1721012 1720734 1675790 1579165 1710477 1718961 1656675 1706374 1845122 1671967 1698546 1706965 1747780 1741061 1745164 1641103 1527264]
Requests Number (per Connection):  [411 455 425 444 446 443 431 447 434 434 465 445 439 429 444 439 430 464 432 441 445 447 436 448 470 431 466 463 440 448 442 440 450 414 456 440 430 441 448 436 454 447 408 433 420 455 442 448 437 447 429 423 423 431 460 429 446 461 430 431 429 451 413 424 430 404 424 440 446 427 433 458 419 469 435 454 449 465 435 419 401 422 458 437 462 435 429 456 429 441 465 443 427 452 441 452 456 442 459 439 421 438 439 427 444 435 452 432 456 434 408 418 453 429 449 432 432 432 439 435 434 401 430 417 452 442 448 433 444 434 437 420 431 456 440 430 415 439 441 425 438 474 429 432 447 444 447 448 421 404]
Requests/sec:  6524.949446614583 KB
Transfer/sec:  10672.831624348959 KB

2023-12-04 22:25:04.358179946 +0800 CST m=+28205.201764104
Running 1m0s myx-test @ https://192.168.12.127:6443/api/v1/namespaces/myx-test/pods
300 connections
Requests/bytes (per Connection):  [1273922 1395776 1292152 1310498 1389686 1286052 1298248 1267768 1340918 1267852 1328728 1286056 1255576 1243426 1273940 1279962 1206820 1334824 1316534 1347018 1389680 1231272 1328724 1347168 1206940 1359224 1225098 1395876 1395776 1261792 1280096 1273988 1292152 1273966 1286178 1304342 1334822 1383584 1212906 1334896 1359202 1261672 1334910 1407972 1444544 1310512 1231192 1371404 1310438 1395782 1280118 1389740 1267868 1322630 1304342 1280092 1340918 1194618 1359320 1292286 1371492 1334820 1383692 1231336 1365298 1365302 1426358 1371394 1371414 1255576 1280028 1328728 1231194 1267896 1292218 1249624 1298396 1261832 1310436 1377636 1219118 1383682 1432404 1334858 1383590 1298246 1340920 1493314 1219160 1322636 1273864 1292274 1255576 1279986 1170288 1365298 1365302 1316660 1383640 1261722 1322630 1377492 1334824 1151948 1261674 1377594 1420220 1273862 1225098 1340918 1371392 1316688 1286178 1194642 1158142 1267764 1267776 1261832 1304428 1212902 1347012 1316534 1340914 1255574 1389782 1322644 1426260 1243442 1274006 1340918 1341046 1377492 1322728 1359240 1176342 1267764 1298384 1286056 1273864 1468928 1401930 1237290 1273940 1261674 1365302 1383588 1334822 1377490 1328722 1347016 1334822 1371394 1298278 1273862 1267910 1401876 1347010 1347172 1273960 1359206 1280102 1322630 1310558 1249602 1401998 1371394 1414064 1359264 1359202 1347116 1341048 1395792 1328722 1200710 1225098 1292310 1261766 1322756 1310468 1225098 1371520 1341004 1255586 1225250 1347072 1261702 1347012 1322628 1304340 1292152 1328838 1395824 1328858 1267768 1219002 1340966 1371482 1353106 1279960 1280048 1273944 1340930 1359330 1304366 1383622 1249584 1145852 1334822 1292300 1273860 1279956 1151948 1389684 1298326 1365346 1249482 1316530 1249482 1407974 1304344 1249588 1365448 1316536 1286052 1383644 1316536 1298288 1304346 1280118 1383590 1353208 1139838 1383590 1383706 1237428 1389808 1322768 1310492 1469022 1310562 1408040 1279960 1286128 1261812 1279986 1243386 1261672 1298302 1340956 1243542 1182586 1249558 1298406 1316616 1322632 1255736 1243544 1182478 1292278 1206818 1371394 1304424 1341002 1310438 1322674 1328866 1377578 1225098 1316534 1279956 1182428 1212954 1340918 1267874 1371484 1365370 1395776 1298244 1261674 1249640 1243380 1286144 1267842 1328820 1304344 1359344 1353174 1334980 1243544 1334818 1322694 1322762 1273864 1206968 1353250 1401874 1353154 1267782 1176400 1310440]
Response/bytes (per Connection):  [817195 874267 836220 840133 897668 807033 840043 820928 840380 785046 859158 832397 813282 800038 814957 828294 781018 836403 825560 843541 898226 763360 832968 824785 765628 849047 793887 862037 902049 801715 786206 783859 836220 811599 816727 818150 836675 894403 786241 853747 878831 791943 851787 881407 932633 812613 797990 858089 847969 901491 808428 890672 808056 855615 844146 811504 840380 750916 864003 819152 874167 836673 880693 779522 855470 855200 908294 886477 883959 813282 819618 859158 797710 779610 827544 766593 821015 772101 847967 871834 775234 882093 890247 858503 893845 840323 840108 963219 746166 854775 824751 795246 788238 825216 752484 882654 882376 835562 887409 810669 829265 890302 862981 724709 816825 877150 909787 824749 793887 867084 886757 832206 816727 771412 738962 821206 819808 796679 832952 786519 870905 851792 867362 813280 885356 853655 920604 798080 781685 840380 850574 890302 843023 874075 738169 795918 822695 806763 799353 947925 898598 776851 814957 791671 882376 866587 863261 890300 833240 843813 863261 886477 836125 824749 802740 905594 870903 824789 812439 878553 785390 855615 806905 769311 889924 886477 913518 844155 878831 831309 824070 900091 859716 754891 793887 816074 780255 813499 818049 769441 870529 855890 811882 774299 863351 813187 870905 829263 844144 810468 845168 868287 816388 795648 790064 860928 875285 848060 803058 791912 789295 865404 862603 841068 889647 796027 743908 863261 817192 825029 803328 747731 897948 804387 876780 809179 825830 784261 909137 843866 795467 863346 851512 832675 886849 851512 834725 817606 808428 893845 862138 706969 893845 851909 759727 881998 812141 840973 936175 832019 900743 828574 823163 799197 825216 805356 791943 807377 862046 761258 723664 799385 819897 815230 855335 768396 785210 760410 819990 757238 859175 807820 856170 821855 823555 841530 852008 769441 851792 803328 766846 780085 867084 782328 875005 873702 902049 840321 816825 789033 781098 795617 811414 847406 817878 834371 866334 843397 760986 836945 847219 838827 799353 739030 856822 905592 869134 818968 754349 821583]
Requests Number (per Connection):  [209 229 212 215 228 211 213 208 220 208 218 211 206 204 209 210 198 219 216 221 228 202 218 221 198 223 201 229 229 207 210 209 212 209 211 214 219 227 199 219 223 207 219 231 237 215 202 225 215 229 210 228 208 217 214 210 220 196 223 212 225 219 227 202 224 224 234 225 225 206 210 218 202 208 212 205 213 207 215 226 200 227 235 219 227 213 220 245 200 217 209 212 206 210 192 224 224 216 227 207 217 226 219 189 207 226 233 209 201 220 225 216 211 196 190 208 208 207 214 199 221 216 220 206 228 217 234 204 209 220 220 226 217 223 193 208 213 211 209 241 230 203 209 207 224 227 219 226 218 221 219 225 213 209 208 230 221 221 209 223 210 217 215 205 230 225 232 223 223 221 220 229 218 197 201 212 207 217 215 201 225 220 206 201 221 207 221 217 214 212 218 229 218 208 200 220 225 222 210 210 209 220 223 214 227 205 188 219 212 209 210 189 228 213 224 205 216 205 231 214 205 224 216 211 227 216 213 214 210 227 222 187 227 227 203 228 217 215 241 215 231 210 211 207 210 204 207 213 220 204 194 205 213 216 217 206 204 194 212 198 225 214 220 215 217 218 226 201 216 210 194 199 220 208 225 224 229 213 207 205 204 211 208 218 214 223 222 219 204 219 217 217 209 198 222 230 222 208 193 215]
Requests/sec:  6391.920703125 KB
Transfer/sec:  10454.740266927083 KB

