2023-12-04 23:36:15.717684478 +0800 CST m=+32476.561268646
Running 1m0s myx-test @ https://192.168.12.127:6443/api/v1/namespaces/myx-test/podtemplates
3 connections
Requests/bytes (per Connection):  [34128152 33800624 36544134]
Response/bytes (per Connection):  [49793374 49315532 53318431]
Requests Number (per Connection):  [5523 5470 5914]
Requests/sec:  1700.4054361979167 KB
Transfer/sec:  4181.319124348958 KB

2023-12-04 23:37:55.944885285 +0800 CST m=+32576.788469472
Running 1m0s myx-test @ https://192.168.12.127:6443/api/v1/namespaces/myx-test/podtemplates
6 connections
Requests/bytes (per Connection):  [28264002 27170304 28542022 27367936 26119776 26274166]
Response/bytes (per Connection):  [41237525 39641774 41643205 39930222 38109090 38334435]
Requests Number (per Connection):  [4574 4397 4619 4429 4227 4252]
Requests/sec:  2665.00986328125 KB
Transfer/sec:  6553.295198567708 KB

2023-12-04 23:39:37.349501975 +0800 CST m=+32678.193086153
Running 1m0s myx-test @ https://192.168.12.127:6443/api/v1/namespaces/myx-test/podtemplates
9 connections
Requests/bytes (per Connection):  [21232022 22659408 22288618 21232000 22986936 21281348 21905474 22974574 22387450]
Response/bytes (per Connection):  [30977747 33060346 32519391 30977736 33538188 31049818 31960407 33520155 32663623]
Requests Number (per Connection):  [3436 3667 3607 3436 3720 3444 3545 3718 3623]
Requests/sec:  3238.0831705729165 KB
Transfer/sec:  7962.487646484375 KB

2023-12-04 23:41:17.590240642 +0800 CST m=+32778.433824820
Running 1m0s myx-test @ https://192.168.12.127:6443/api/v1/namespaces/myx-test/podtemplates
15 connections
Requests/bytes (per Connection):  [13903300 14824060 14002216 14836420 14725218 14922938 13903428 14793162 15071254 14026866 14811702 14824060 13816912 14688150 14694284]
Response/bytes (per Connection):  [20285150 21628504 20429424 21646536 21484267 21772759 20285214 21583425 21989141 20465453 21610473 21628504 20158992 21430177 21439170]
Requests Number (per Connection):  [2250 2399 2266 2401 2383 2415 2250 2394 2439 2270 2397 2399 2236 2377 2378]
Requests/sec:  3545.6375325520835 KB
Transfer/sec:  8718.768863932291 KB

2023-12-04 23:42:58.158547995 +0800 CST m=+32879.002132167
Running 1m0s myx-test @ https://192.168.12.127:6443/api/v1/namespaces/myx-test/podtemplates
30 connections
Requests/bytes (per Connection):  [8589212 8651018 8564406 8131816 8273992 8020730 8694262 8756114 8409910 8620162 8607728 8113436 8508878 8601484 8218368 8094896 8749800 8780734 8496580 8922834 8650922 8756062 8070046 8644766 8100984 8626204 8137998 8650928 8026918 8613974]
Response/bytes (per Connection):  [12531746 12621909 12495639 11864524 12071910 11702313 12685013 12775199 12270241 12576851 12558782 11837556 12414541 12549734 11990764 11810508 12766116 12811213 12396540 13018561 12621861 12775173 11774379 12612857 11819478 12585798 11873541 12621864 11711333 12567831]
Requests Number (per Connection):  [1390 1400 1386 1316 1339 1298 1407 1417 1361 1395 1393 1313 1377 1392 1330 1310 1416 1421 1375 1444 1400 1417 1306 1399 1311 1396 1317 1400 1299 1394]
Requests/sec:  4135.50068359375 KB
Transfer/sec:  10169.253531901042 KB

2023-12-04 23:44:38.422993317 +0800 CST m=+32979.266577488
Running 1m0s myx-test @ https://192.168.12.127:6443/api/v1/namespaces/myx-test/podtemplates
60 connections
Requests/bytes (per Connection):  [4034990 4022676 3979468 4028910 4220480 4313178 3998012 4004192 4072170 4381056 4251380 4127734 4059810 4133856 4140146 4041208 4047446 3905314 4288384 4010334 4442894 4350256 4239026 4004188 4103064 4214186 4065914 4127664 3917674 4183402 4103068 4059806 3948516 4251380 4387336 4096856 4047446 4282122 3979468 3942318 4356362 4047446 4096884 3948492 4047392 4208004 4214208 4232742 4275960 3998008 3960850 4208092 3948574 3874416 4140008 4022730 4201934 4016450 4195652 4115372]
Response/bytes (per Connection):  [5887173 5869164 5806078 5878207 6157698 6292937 5833128 5842144 5941319 6392062 6202778 6022435 5923287 6031422 6040493 5896208 5905253 5697889 6256836 5851141 6482241 6347032 6184749 5842142 5986396 6148625 5932265 6022400 5715921 6103603 5986398 5923285 5760972 6202778 6401128 5977366 5905253 6247779 5806078 5751947 6356011 5905253 5977380 5760960 5905226 6139608 6148636 6175681 6238772 5833126 5778991 6139652 5761001 5652810 6040424 5869191 6130647 5860125 6121580 6004402]
Requests Number (per Connection):  [653 651 644 652 683 698 647 648 659 709 688 668 657 669 670 654 655 632 694 649 719 704 686 648 664 682 658 668 634 677 664 657 639 688 710 663 655 693 644 638 705 655 663 639 655 681 682 685 692 647 641 681 639 627 670 651 680 650 679 666]
Requests/sec:  4018.8298177083334 KB
Transfer/sec:  9882.363118489584 KB

2023-12-04 23:46:19.421506227 +0800 CST m=+33080.265090404
Running 1m0s myx-test @ https://192.168.12.127:6443/api/v1/namespaces/myx-test/podtemplates
90 connections
Requests/bytes (per Connection):  [2718792 2848568 2805434 2632276 2768346 2848570 2873446 2824008 2854758 2774440 2718890 2793110 2731152 2959860 2650816 2805310 2947544 2879626 2836368 2792964 2842548 2898034 2972164 2595354 2823888 2793054 2768242 2656994 2786772 2644692 2780632 2694194 2786930 2879626 2743512 2922806 2725132 2780668 2823930 2793086 2984658 2706434 2799136 3151502 2935132 2959962 2848644 2922726 2891864 2842390 2848634 2990864 2898166 2922796 2879622 2805448 2891828 2817680 2854802 2830188 2867208 2836298 2928906 2774470 2935086 2830188 2731152 2885738 2972176 2657076 2922868 2848568 2898040 2780644 2885648 2768390 2774412 2786776 2935086 2817828 2935118 2737338 2626254 2731216 2774524 2786828 2799290 2972324 2817684 2817716]
Response/bytes (per Connection):  [3966836 4156170 4093121 3840614 4039021 4156171 4192313 4120186 4165191 4047994 3966885 4075107 3984868 4318484 3867662 4093059 4300474 4201329 4138218 4075034 4147234 4228311 4336488 3786597 4120126 4075079 4038969 3876677 4066012 3858674 4057016 3930833 4066091 4201329 4002900 4264401 3975932 4057034 4120147 4075095 4354587 3948805 4084046 4598011 4282416 4318535 4156208 4264361 4219300 4147155 4156203 4363616 4228377 4264396 4201327 4093128 4219282 4111096 4165213 4129202 4183268 4138183 4273377 4048009 4282393 4129202 3984868 4210311 4336494 3876718 4264432 4156170 4228314 4057022 4210266 4039043 4047980 4066014 4282393 4111170 4282409 3993887 3831677 3984900 4048036 4066040 4084123 4336568 4111098 4111114]
Requests Number (per Connection):  [440 461 454 426 448 461 465 457 462 449 440 452 442 479 429 454 477 466 459 452 460 469 481 420 457 452 448 430 451 428 450 436 451 466 444 473 441 450 457 452 483 438 453 510 475 479 461 473 468 460 461 484 469 473 466 454 468 456 462 458 464 459 474 449 475 458 442 467 481 430 473 461 469 450 467 448 449 451 475 456 475 443 425 442 449 451 453 481 456 456]
Requests/sec:  4140.52509765625 KB
Transfer/sec:  10181.612744140624 KB

2023-12-04 23:47:59.738116869 +0800 CST m=+33180.581701062
Running 1m0s myx-test @ https://192.168.12.127:6443/api/v1/namespaces/myx-test/podtemplates
150 connections
Requests/bytes (per Connection):  [1934118 2008270 1995870 1989732 1965016 1965016 1878500 1940298 1946478 1927936 1897030 1866134 1927938 1884678 1903218 2045354 1958836 2063864 1847602 1965016 2014456 1866136 2039176 1965016 2008276 2045354 1946448 1878490 2020626 1927914 2008274 1927914 1915578 2002048 1859960 1804340 1878492 1909398 1965016 1841420 1859960 1971160 1952652 1878500 1946478 2032996 2100958 1934118 2051534 1816702 1884680 1841420 1971198 2094794 1977376 1897026 1971198 1804342 1995890 2063894 1971198 1847600 1921758 1909398 1804358 2014404 1903218 1977378 1965016 1890858 1866138 1983514 1909398 1995868 2020620 1958836 1940298 1989736 1915578 1878500 1971160 1995912 2063832 2100974 2088538 2057698 1940298 2020582 1829070 1878492 2032954 1773442 2014452 1989736 1989736 1822880 1995914 1866140 1884680 1878500 1897038 1971192 2014454 1940266 1884680 1810520 1934118 1897040 2008276 1921758 1915578 2008224 1841420 1921758 1965018 1927936 1909400 1872320 1921758 1816714 2008264 1977372 1841420 2026812 1952626 2032938 1952656 2020636 1971198 1866140 2002048 1971158 1934114 1921758 2076252 2008266 1940296 1847600 2032978 2008226 1890860 2032938 1921758 1971196 2051534 2026760 1921758 1971160 1934092 1946446]
Response/bytes (per Connection):  [2821897 2930085 2912033 2903038 2866976 2866976 2740754 2830913 2839929 2812880 2767797 2722719 2812881 2749769 2776817 2984183 2857960 3011216 2695675 2866976 2939104 2722720 2975168 2866976 2930088 2984183 2839914 2740749 2948115 2812869 2930087 2812869 2794849 2921048 2713706 2632562 2740750 2785833 2866976 2686658 2713706 2875974 2848942 2740754 2839929 2966152 3065319 2821897 2993199 2650595 2749770 2686658 2875993 3056311 2885008 2767795 2875993 2632563 2912043 3011231 2875993 2695674 2803865 2785833 2632571 2939078 2776817 2885009 2866976 2758785 2722721 2894003 2785833 2912032 2948112 2857960 2830913 2903040 2794849 2740754 2875974 2912054 3011200 3065327 3047257 3002207 2830913 2948093 2668631 2740750 2966131 2587483 2939102 2903040 2903040 2659610 2912055 2722722 2749770 2740754 2767801 2875990 2939103 2830897 2749770 2641578 2821897 2767802 2930088 2803865 2794849 2930062 2686658 2803865 2866977 2812880 2785834 2731738 2803865 2650601 2930082 2885006 2686658 2957134 2848929 2966123 2848944 2948120 2875993 2722722 2921048 2875973 2821895 2803865 3029262 2930083 2830912 2695674 2966143 2930063 2758786 2966123 2803865 2875992 2993199 2957108 2803865 2875974 2821884 2839913]
Requests Number (per Connection):  [313 325 323 322 318 318 304 314 315 312 307 302 312 305 308 331 317 334 299 318 326 302 330 318 325 331 315 304 327 312 325 312 310 324 301 292 304 309 318 298 301 319 316 304 315 329 340 313 332 294 305 298 319 339 320 307 319 292 323 334 319 299 311 309 292 326 308 320 318 306 302 321 309 323 327 317 314 322 310 304 319 323 334 340 338 333 314 327 296 304 329 287 326 322 322 295 323 302 305 304 307 319 326 314 305 293 313 307 325 311 310 325 298 311 318 312 309 303 311 294 325 320 298 328 316 329 316 327 319 302 324 319 313 311 336 325 314 299 329 325 306 329 311 319 332 328 311 319 313 315]
Requests/sec:  4753.930696614583 KB
Transfer/sec:  11689.980810546875 KB

2023-12-04 23:49:40.04809982 +0800 CST m=+33280.891683987
Running 1m0s myx-test @ https://192.168.12.127:6443/api/v1/namespaces/myx-test/podtemplates
300 connections
Requests/bytes (per Connection):  [1266700 1124566 1130746 1167900 1303776 1316138 1198878 1069098 1192544 1235814 1161690 1174066 1235960 1056670 1143252 1217322 1186506 1211084 1130904 1254402 1192702 1149330 1087644 1223444 1254414 1087562 1272964 1174004 1167982 1099958 1056626 1106026 1155498 1167824 1093750 1180340 1180184 1174104 1093732 1136956 1056588 1149442 1167912 1124632 1106184 1167926 1093668 1229622 1038066 1180182 1291416 1130856 1093792 1260668 1186438 1112320 1081306 1038170 1050458 1174090 1340858 1235852 1254432 1186482 1161802 1285250 1167824 1106154 1223542 1174146 1229622 1186462 1303898 1118464 1192564 1223574 1174118 1143248 1167824 1198738 1223536 1118384 1266710 1143224 1143104 1155622 1229668 1328496 1068946 1198784 1223442 1149284 1112218 1204904 1180184 1143138 1248162 1204898 1198828 1155616 1112224 1192702 1211232 1192688 1136998 1174072 1223442 1266728 1112354 1093666 1149304 1248244 1198724 1167860 1155488 1198752 1136924 1149284 1075284 1217272 1235960 1174004 1149360 1161802 1180184 1118384 1180332 1137018 1223442 1223444 1118462 1167824 1204904 1106026 1217264 1081340 1167856 1099906 1248220 1186364 1266818 1242096 1180342 1266702 1087514 1186472 1143116 1229622 1248250 1167978 1106072 1217420 1217398 1087538 1211208 1260522 1254500 1204898 1248162 1186366 1180326 1149356 1180342 1019518 1229678 1254342 1235802 1130788 1161716 1205040 1161694 1118544 1112206 1260520 1118464 1217262 1137082 1180340 1143110 1192544 1192688 1174132 1167824 1118384 1180184 1174162 1254342 1025778 1161644 1198726 1167824 1174162 1075126 1155536 1186472 1223492 1136926 1130754 1235802 1235802 1167874 1198724 1130868 1186364 1161802 1118430 1167824 1273038 1062904 1099960 1217262 1081464 1260630 1174052 1235802 1198810 1155466 1272882 1204904 1155590 1180342 1149442 1174004 1106026 1242090 1075176 1211098 1260678 1155606 1137028 1143154 1068948 1174156 1180218 1155490 1235802 1211242 1149336 1106060 1075128 1149284 1192544 1068946 1192620 1248234 1174160 1093794 1211184 1223442 1198722 1223438 1297744 1174004 1192546 1161760 1279114 1155526 1161720 1272880 1273038 1242114 1229706 1099956 1130800 1235900 1192594 1155614 1211242 1248222 1174000 1069106 1075128 1217264 1186364 1223590 1174004 1149284 1149334 1124702 1124618 1124566 1186372 1056746 1211214 1217264 1174162 1217366 1198862 1223600 1161708 1310100 1155482 1248158 1174134 1130770 1130758 1124724 1143222 1167824 1186506]
Response/bytes (per Connection):  [1848180 1640815 1649831 1703964 1902274 1920307 1749083 1559747 1739990 1803107 1694933 1712973 1803180 1541681 1667936 1776083 1731045 1767038 1649910 1830179 1740069 1676901 1586798 1785070 1830185 1586757 1857238 1712942 1704005 1604807 1541659 1613767 1685911 1703926 1595777 1722036 1721958 1712992 1595768 1658862 1541640 1676957 1703970 1640848 1613846 1703977 1595736 1794085 1514601 1721957 1884242 1649886 1595798 1839238 1731011 1622840 1577703 1514653 1532649 1712985 1956371 1803126 1830194 1731033 1694989 1875233 1703926 1613831 1785119 1713013 1794085 1731023 1902335 1631838 1740000 1785135 1712999 1667934 1703926 1749013 1785116 1631798 1848185 1667922 1667862 1685973 1794108 1938338 1559671 1749036 1785069 1676878 1622789 1758022 1721958 1667879 1821133 1758019 1749058 1685970 1622792 1740069 1767112 1740062 1658883 1712976 1785069 1848194 1622857 1595735 1676888 1821174 1749006 1703944 1685906 1749020 1658846 1676878 1568766 1776058 1803180 1712942 1676916 1694989 1721958 1631798 1722032 1658893 1785069 1785070 1631837 1703926 1758022 1613767 1776054 1577720 1703942 1604781 1821162 1730974 1848239 1812174 1722037 1848181 1586733 1731028 1667868 1794085 1821177 1704003 1613790 1776132 1776121 1586745 1767100 1839165 1830228 1758019 1821133 1730975 1722029 1676914 1722037 1487549 1794113 1830149 1803101 1649852 1694946 1758090 1694935 1631878 1622783 1839164 1631838 1776053 1658925 1722036 1667865 1739990 1740062 1713006 1703926 1631798 1721958 1713021 1830149 1496605 1694910 1749007 1703926 1713021 1568687 1685930 1731028 1785094 1658847 1649835 1803101 1803101 1703951 1749006 1649892 1730974 1694989 1631821 1703926 1857275 1550724 1604808 1776053 1577782 1839219 1712966 1803101 1749049 1685895 1857197 1758022 1685957 1722037 1676957 1712942 1613767 1812171 1568712 1767045 1839243 1685965 1658898 1667887 1559672 1713018 1721975 1685907 1803101 1767117 1676904 1613784 1568688 1676878 1739990 1559671 1740028 1821169 1713020 1595799 1767088 1785069 1749005 1785067 1893332 1712942 1739991 1694968 1866239 1685925 1694948 1857196 1857275 1812183 1794127 1604806 1649858 1803150 1740015 1685969 1767117 1821163 1712940 1559751 1568688 1776054 1730974 1785143 1712942 1676878 1676903 1640883 1640841 1640815 1730978 1541719 1767103 1776054 1713021 1776105 1749075 1785148 1694942 1911362 1685903 1821131 1713007 1649843 1649837 1640894 1667921 1703926 1731045]
Requests Number (per Connection):  [205 182 183 189 211 213 194 173 193 200 188 190 200 171 185 197 192 196 183 203 193 186 176 198 203 176 206 190 189 178 171 179 187 189 177 191 191 190 177 184 171 186 189 182 179 189 177 199 168 191 209 183 177 204 192 180 175 168 170 190 217 200 203 192 188 208 189 179 198 190 199 192 211 181 193 198 190 185 189 194 198 181 205 185 185 187 199 215 173 194 198 186 180 195 191 185 202 195 194 187 180 193 196 193 184 190 198 205 180 177 186 202 194 189 187 194 184 186 174 197 200 190 186 188 191 181 191 184 198 198 181 189 195 179 197 175 189 178 202 192 205 201 191 205 176 192 185 199 202 189 179 197 197 176 196 204 203 195 202 192 191 186 191 165 199 203 200 183 188 195 188 181 180 204 181 197 184 191 185 193 193 190 189 181 191 190 203 166 188 194 189 190 174 187 192 198 184 183 200 200 189 194 183 192 188 181 189 206 172 178 197 175 204 190 200 194 187 206 195 187 191 186 190 179 201 174 196 204 187 184 185 173 190 191 187 200 196 186 179 174 186 193 173 193 202 190 177 196 198 194 198 210 190 193 188 207 187 188 206 206 201 199 178 183 200 193 187 196 202 190 173 174 197 192 198 190 186 186 182 182 182 192 171 196 197 190 197 194 198 188 212 187 202 190 183 183 182 185 189 192]
Requests/sec:  5737.679329427084 KB
Transfer/sec:  14108.999039713543 KB

