2023-12-05 01:00:50.229131211 +0800 CST m=+37551.072715383
Running 1m0s myx-test @ https://192.168.12.127:6443/api/v1/namespaces/myx-test/replicationcontrollers
3 connections
Requests/bytes (per Connection):  [30460883 28535449 28107583]
Response/bytes (per Connection):  [45890915 42990147 42345536]
Requests Number (per Connection):  [4841 4535 4467]
Requests/sec:  1417.7069498697917 KB
Transfer/sec:  3553.5565266927083 KB

2023-12-05 01:02:30.477236291 +0800 CST m=+37651.320820473
Running 1m0s myx-test @ https://192.168.12.127:6443/api/v1/namespaces/myx-test/replicationcontrollers
6 connections
Requests/bytes (per Connection):  [25263461 27578945 26307957 27446952 25383074 26219911]
Response/bytes (per Connection):  [38060733 41549203 39634342 41350203 38240876 39501650]
Requests Number (per Connection):  [4015 4383 4181 4362 4034 4167]
Requests/sec:  2574.8746744791665 KB
Transfer/sec:  6454.057731119791 KB

2023-12-05 01:04:10.721473406 +0800 CST m=+37751.565057580
Running 1m0s myx-test @ https://192.168.12.127:6443/api/v1/namespaces/myx-test/replicationcontrollers
9 connections
Requests/bytes (per Connection):  [20789646 20928092 20852570 20814806 21142034 19682226 19468162 20896587 19474489]
Response/bytes (per Connection):  [31320707 31529267 31415504 31358621 31851577 29652301 29329930 31481847 29339427]
Requests Number (per Connection):  [3304 3326 3314 3308 3360 3128 3094 3321 3095]
Requests/sec:  2995.5828776041667 KB
Transfer/sec:  7508.590380859375 KB

2023-12-05 01:05:51.609487581 +0800 CST m=+37852.453071775
Running 1m0s myx-test @ https://192.168.12.127:6443/api/v1/namespaces/myx-test/replicationcontrollers
15 connections
Requests/bytes (per Connection):  [14107178 15208383 14031822 14151369 15214706 14037959 15246175 15025950 15221005 13987729 15145491 15019633 15214710 15258751 14893777]
Response/bytes (per Connection):  [21253296 22912261 21139616 21319726 22921756 21149018 22969158 22637373 22931239 21073235 22817480 22627881 22921758 22988113 22438283]
Requests Number (per Connection):  [2242 2417 2230 2249 2418 2231 2423 2388 2419 2223 2407 2387 2418 2425 2367]
Requests/sec:  3609.45048828125 KB
Transfer/sec:  9047.279150390625 KB

2023-12-05 01:07:31.882326448 +0800 CST m=+37952.725910624
Running 1m0s myx-test @ https://192.168.12.127:6443/api/v1/namespaces/myx-test/replicationcontrollers
30 connections
Requests/bytes (per Connection):  [8739901 8664459 8507226 8544858 8142240 8494482 8507100 8400193 8028974 8494596 8488347 8047779 8513433 8570118 8582590 8588929 8431600 8645508 8047837 8047721 8544836 8532268 8538599 8035225 8551275 8135947 8274345 8683394 8249219 8261805]
Response/bytes (per Connection):  [13167182 13053459 12816505 12873322 12266669 12797466 12816442 12655319 12096033 12797523 12788065 12124436 12825942 12911286 12930189 12939692 12702690 13024983 12124465 12124407 12873311 12854360 12863859 12105492 12882864 12257189 12465725 13081927 12427828 12446788]
Requests Number (per Connection):  [1389 1377 1352 1358 1294 1350 1352 1335 1276 1350 1349 1279 1353 1362 1364 1365 1340 1374 1279 1279 1358 1356 1357 1277 1359 1293 1315 1380 1311 1313]
Requests/sec:  4106.3607421875 KB
Transfer/sec:  10292.809602864583 KB

2023-12-05 01:09:12.585945966 +0800 CST m=+38053.429530132
Running 1m0s myx-test @ https://192.168.12.127:6443/api/v1/namespaces/myx-test/replicationcontrollers
60 connections
Requests/bytes (per Connection):  [3693553 3800530 3825704 3882339 3813116 3668383 3706139 3901212 3680969 3750188 3787942 3712432 3649542 3687290 3794239 3680967 3725018 3831997 3838288 3863460 3636962 3561404 3813104 3706139 3668389 3699846 3938974 3441841 3599162 3731309 3869751 3580329 3762776 3712452 3787946 3838290 3592869 3737604 3819397 4008193 3825704 3813104 3901186 3882335 3655833 3712432 3787946 3618039 3806825 3800524 3876044 3775360 3970439 3850850 3838268 3529995 3863440 3850874 3838288 3781653]
Response/bytes (per Connection):  [5564541 5725699 5763620 5848939 5744659 5526622 5583501 5877376 5545582 5649860 5706738 5592981 5498201 5555076 5716220 5545581 5611941 5773100 5782579 5820499 5479244 5365463 5744653 5583501 5526625 5574021 5934258 5185345 5422343 5621420 5829978 5393926 5668821 5592991 5706740 5782580 5412863 5630901 5754133 6038536 5763620 5744653 5877363 5848937 5507680 5592981 5706740 5450782 5735180 5725696 5839458 5687780 5981658 5801527 5782569 5318091 5820489 5801539 5782579 5697260]
Requests Number (per Connection):  [587 604 608 617 606 583 589 620 585 596 602 590 580 586 603 585 592 609 610 614 578 566 606 589 583 588 626 547 572 593 615 569 598 590 602 610 571 594 607 637 608 606 620 617 581 590 602 575 605 604 616 600 631 612 610 561 614 612 610 601]
Requests/sec:  3674.79140625 KB
Transfer/sec:  9211.058317057292 KB

2023-12-05 01:10:52.903057567 +0800 CST m=+38153.746641744
Running 1m0s myx-test @ https://192.168.12.127:6443/api/v1/namespaces/myx-test/replicationcontrollers
90 connections
Requests/bytes (per Connection):  [2919698 2850333 3001505 2862905 2749649 2768512 2755966 2825305 2844170 2875491 2856614 2869198 2850437 2768512 2856770 2919688 2913323 2768512 2730874 2988921 2812583 2630202 2919540 2850477 2762379 2800135 2869356 2875561 2825247 2730914 2837893 2705742 2730914 2793684 2938419 2756056 2856692 2863029 2825191 2756084 2875537 2900661 2944870 2881940 2951053 2806362 2749793 2831456 2837893 2837733 2869356 2875643 2680472 2976229 2938419 2806428 2806338 2806326 2913351 2875577 2938577 2787391 2818918 2762365 2913347 2925953 2730810 2963591 2825281 2862953 2724621 2812581 2919570 2774871 2919698 2737071 2831496 2762285 2743448 2768590 2819014 2825305 2869276 2787469 2737049 2749793 2995194 2850407 2737189 2963591]
Response/bytes (per Connection):  [4398593 4294242 4521832 4313195 4142564 4170996 4152056 4256394 4284827 4332155 4303716 4322675 4294294 4170996 4303794 4398588 4389072 4170996 4114176 4502873 4237366 3962504 4398514 4294314 4161596 4218475 4322754 4332190 4256365 4114196 4275355 4076276 4114196 4208916 4426954 4152101 4303755 4313257 4256337 4152115 4332178 4370074 4436513 4341713 4445938 4227922 4142636 4265803 4275355 4275275 4322754 4332231 4038307 4483860 4426954 4227955 4227910 4227904 4389086 4332198 4427033 4199436 4246867 4161589 4389084 4408054 4114144 4464874 4256382 4313219 4104716 4237365 4398529 4180509 4398593 4123608 4265823 4161549 4133130 4171035 4246915 4256394 4322714 4199475 4123597 4142636 4512343 4294279 4123667 4464874]
Requests Number (per Connection):  [464 453 477 455 437 440 438 449 452 457 454 456 453 440 454 464 463 440 434 475 447 418 464 453 439 445 456 457 449 434 451 430 434 444 467 438 454 455 449 438 457 461 468 458 469 446 437 450 451 451 456 457 426 473 467 446 446 446 463 457 467 443 448 439 463 465 434 471 449 455 433 447 464 441 464 435 450 439 436 440 448 449 456 443 435 437 476 453 435 471]
Requests/sec:  4152.663118489583 KB
Transfer/sec:  10408.857275390625 KB

2023-12-05 01:12:33.344633718 +0800 CST m=+38254.188217886
Running 1m0s myx-test @ https://192.168.12.127:6443/api/v1/namespaces/myx-test/replicationcontrollers
150 connections
Requests/bytes (per Connection):  [1912850 2032415 1988334 1812168 1969487 1843631 1881387 2070167 1963192 1994625 1755529 1950588 1919133 1912852 2026122 2000950 2051294 2032415 2026122 1982073 1925436 1931729 1925426 1919145 1925438 1982073 1969487 1944315 1982071 1900264 1912852 2051294 2032415 1831061 1887680 2007245 1881387 1906557 1963194 1875096 2000916 1963172 1931731 2044985 2107929 1956879 2126808 1956901 2032415 1919143 2082695 2000950 1969461 2007243 1963170 1925424 2026122 1906559 2051280 2019829 2000914 2013518 1938022 2038660 1925438 1925436 1988366 1875094 1875098 2038708 1831043 1887680 1912852 1931725 2013536 1906557 2007205 2013522 1950588 2095277 1893971 1982043 1969469 1912852 1988364 1881391 1868801 1938024 2013532 1969487 1919145 1982041 1994625 2044951 1912852 1956901 1969487 1856215 1887680 2013536 1994659 1837354 1931731 2196027 1994623 1931731 1938024 2032415 1805873 2038708 2038708 1963194 1988364 1912852 1824752 1963192 1982071 1856217 2082757 1805873 1982043 2000916 1950608 1950606 2095339 1887680 2019789 2019829 1893971 2057587 1887680 1956879 1919133 1988364 1956901 2013536 1963190 2032415 1856215 1938022 1988366 2170857 1875094 1824772 2082757 1862508 1938006 1887680 2070173 1931725]
Response/bytes (per Connection):  [2881809 3061928 2995553 2730132 2967129 2777531 2834410 3118805 2957648 3005032 2644811 2938679 2891284 2881810 3052448 3014528 3090368 3061928 3052448 2986089 2900769 2910249 2900764 2891290 2900770 2986089 2967129 2929209 2986088 2862849 2881810 3090368 3061928 2758579 2843890 3024009 2834410 2872329 2957649 2824931 3014511 2957638 2910250 3080880 3175687 2948158 3204127 2948169 3061928 2891289 3137736 3014528 2967116 3024008 2957637 2900763 3052448 2872330 3090361 3042968 3014510 3033479 2919729 3071384 2900770 2900769 2995569 2824930 2824932 3071408 2758570 2843890 2881810 2910247 3033488 2872329 3023989 3033481 2938679 3156694 2853369 2986074 2967120 2881810 2995568 2834412 2815450 2919730 3033486 2967129 2891290 2986073 3005032 3080863 2881810 2948169 2967129 2796490 2843890 3033488 3005049 2768059 2910250 3308405 3005031 2910250 2919730 3061928 2720651 3071408 3071408 2957649 2995568 2881810 2749091 2957648 2986088 2796491 3137767 2720651 2986074 3014511 2938689 2938688 3156725 2843890 3042948 3042968 2853369 3099848 2843890 2948158 2891284 2995568 2948169 3033488 2957647 3061928 2796490 2919729 2995569 3270486 2824930 2749101 3137767 2805970 2919721 2843890 3118808 2910247]
Requests Number (per Connection):  [304 323 316 288 313 293 299 329 312 317 279 310 305 304 322 318 326 323 322 315 306 307 306 305 306 315 313 309 315 302 304 326 323 291 300 319 299 303 312 298 318 312 307 325 335 311 338 311 323 305 331 318 313 319 312 306 322 303 326 321 318 320 308 324 306 306 316 298 298 324 291 300 304 307 320 303 319 320 310 333 301 315 313 304 316 299 297 308 320 313 305 315 317 325 304 311 313 295 300 320 317 292 307 349 317 307 308 323 287 324 324 312 316 304 290 312 315 295 331 287 315 318 310 310 333 300 321 321 301 327 300 311 305 316 311 320 312 323 295 308 316 345 298 290 331 296 308 300 329 307]
Requests/sec:  4787.100960286459 KB
Transfer/sec:  11999.121337890625 KB

2023-12-05 01:14:14.0268832 +0800 CST m=+38354.870467382
Running 1m0s myx-test @ https://192.168.12.127:6443/api/v1/namespaces/myx-test/replicationcontrollers
300 connections
Requests/bytes (per Connection):  [1145166 1182902 1113795 1164009 1164141 1157718 1195522 1063441 1082204 1038153 1088649 1226937 1157766 1164047 1157872 1151555 1120098 1063325 1082312 1164011 1082360 1126383 1057190 1120008 1057032 1132662 1107532 1094946 1057032 1170302 1151425 1132546 1189199 1208164 1025725 1063331 1145132 1132544 1220754 1025727 1031860 1145254 1120054 981676 1170366 1189211 1038153 1120118 1157788 1151425 1038233 1201767 1082234 1151435 1025569 1226983 1145130 1107382 1145212 1145288 1031932 1164167 1107394 1088585 1107376 1170302 1183034 1145288 1138953 1094868 1189329 1126295 1094804 1113787 1176649 1019274 1208148 1094910 1220746 1044534 1132612 1145232 1082204 1038231 1151493 1113751 1151581 1189181 1170302 1101081 1170302 1082290 1031896 1170418 1164059 1101107 1113825 1233354 1101241 1151437 1164125 1101081 1088497 1057190 1044446 1157806 1069618 1107532 1182888 1189181 1170312 1170436 1113667 1157716 1157740 1126253 1132546 1120118 1113667 1145132 1094788 1157874 1088551 1157858 1082204 1076033 1050897 1107532 1120118 1201781 1183046 1025569 1157784 1170378 1044512 1038201 1176691 1082202 1157716 1094946 1183028 1063419 1164041 1088653 1138905 1182888 1189269 1038153 1252141 1239523 1076067 1208156 1283668 1012981 1195474 1088615 1050739 1157816 1151481 1012983 1113715 1119960 1101215 1176705 1063325 1032018 1119960 1050897 1038311 1031942 1170302 1076069 1145288 1226947 1126411 1145290 1126409 1126253 1113805 1176595 1208106 1101181 1120118 1088655 1050859 1038177 1107424 1119960 1170302 1107532 1069628 1113755 1094790 1132562 1164067 1126293 1025615 1088529 1019274 1283730 1069770 1132628 1038155 1038153 1113693 1006798 1157716 1227095 1176595 1132546 1082248 1189251 1170302 1107374 1006828 1120118 1019276 1120014 1151425 1138995 1126253 1182888 1201885 1075967 1101113 1107374 1120062 1113749 1069682 1038311 1063409 1138839 1120118 1227007 1182888 1063481 1170352 1082202 1050739 1208054 1107506 1088599 1164109 1239597 1013141 1170302 1239579 1082208 1170324 1157842 1132546 1113717 1006690 1151569 1107454 1132670 1088637 1138903 1107374 1195474 1132552 1138951 1151503 1126393 1138893 1101169 1164103 1025727 1101083 1031898 1120118 1176597 1076007 1233230 1195544 987943 1132594 1101081 1157754 1126411 962689 1069616 1101083 1189181 1183020 969090 1201807 1126355 1132546 1101083 1126251 1057032 1000397 1182956 1107374 1296158 950179 1157716 1069620 1164075]
Response/bytes (per Connection):  [1725280 1782149 1677927 1753702 1753768 1744223 1801126 1602082 1630464 1564104 1640020 1848501 1744247 1753721 1744300 1734808 1687412 1602024 1630518 1753703 1630542 1696888 1592623 1687367 1592544 1706361 1668462 1649502 1592544 1763182 1734743 1706303 1791631 1820114 1545223 1602027 1725263 1706302 1839076 1545224 1554624 1725324 1687390 1478864 1763214 1791637 1564104 1687422 1744258 1734743 1564144 1810582 1630479 1734748 1545145 1848524 1725262 1668387 1725303 1725341 1554660 1753781 1668393 1639988 1668384 1763182 1782215 1725341 1715840 1649463 1791696 1696844 1649431 1677923 1772689 1535664 1820106 1649484 1839072 1573628 1706336 1725313 1630464 1564143 1734777 1677905 1734821 1791622 1763182 1658903 1763182 1630507 1554642 1763240 1753727 1658916 1677942 1858043 1658983 1734749 1753760 1658903 1639944 1592623 1573584 1744267 1611504 1668462 1782142 1791622 1763187 1763249 1677863 1744222 1744234 1696823 1706303 1687422 1677863 1725263 1649423 1744301 1639971 1744293 1630464 1621045 1583143 1668462 1687422 1810589 1782221 1545145 1744256 1763220 1573617 1564128 1772710 1630463 1744222 1649502 1782212 1602071 1753718 1640022 1715816 1782142 1791666 1564104 1886437 1867461 1621062 1820110 1933868 1526184 1801102 1640003 1583064 1744272 1734771 1526185 1677887 1687343 1658970 1772717 1602024 1554703 1687343 1583143 1564183 1554665 1763182 1621063 1725341 1848506 1696902 1725342 1696901 1696823 1677932 1772662 1820085 1658953 1687422 1640023 1583124 1564116 1668408 1687343 1763182 1668462 1611509 1677907 1649424 1706311 1753731 1696843 1545168 1639960 1535664 1933899 1611580 1706344 1564105 1564104 1677876 1516759 1744222 1848580 1772662 1706303 1630486 1791657 1763182 1668383 1516774 1687422 1535665 1687370 1734743 1715861 1696823 1782142 1810641 1621012 1658919 1668383 1687394 1677904 1611536 1564183 1602066 1715783 1687422 1848536 1782142 1602102 1763207 1630463 1583064 1820059 1668449 1639995 1753752 1867498 1526264 1763182 1867489 1630466 1763193 1744285 1706303 1677888 1516705 1734815 1668423 1706365 1640014 1715815 1668383 1801102 1706306 1715839 1734782 1696893 1715810 1658947 1753749 1545224 1658904 1554643 1687422 1772663 1621032 1857981 1801137 1488331 1706327 1658903 1744241 1696902 1450370 1611503 1658904 1791622 1782208 1459904 1810602 1696874 1706303 1658904 1696822 1592544 1507225 1782176 1668383 1952780 1431448 1744222 1611505 1753735]
Requests Number (per Connection):  [182 188 177 185 185 184 190 169 172 165 173 195 184 185 184 183 178 169 172 185 172 179 168 178 168 180 176 174 168 186 183 180 189 192 163 169 182 180 194 163 164 182 178 156 186 189 165 178 184 183 165 191 172 183 163 195 182 176 182 182 164 185 176 173 176 186 188 182 181 174 189 179 174 177 187 162 192 174 194 166 180 182 172 165 183 177 183 189 186 175 186 172 164 186 185 175 177 196 175 183 185 175 173 168 166 184 170 176 188 189 186 186 177 184 184 179 180 178 177 182 174 184 173 184 172 171 167 176 178 191 188 163 184 186 166 165 187 172 184 174 188 169 185 173 181 188 189 165 199 197 171 192 204 161 190 173 167 184 183 161 177 178 175 187 169 164 178 167 165 164 186 171 182 195 179 182 179 179 177 187 192 175 178 173 167 165 176 178 186 176 170 177 174 180 185 179 163 173 162 204 170 180 165 165 177 160 184 195 187 180 172 189 186 176 160 178 162 178 183 181 179 188 191 171 175 176 178 177 170 165 169 181 178 195 188 169 186 172 167 192 176 173 185 197 161 186 197 172 186 184 180 177 160 183 176 180 173 181 176 190 180 181 183 179 181 175 185 163 175 164 178 187 171 196 190 157 180 175 184 179 153 170 175 189 188 154 191 179 180 175 179 168 159 188 176 206 151 184 170 185]
Requests/sec:  5475.62998046875 KB
Transfer/sec:  13724.95068359375 KB

