2023-12-05 14:19:30.048127189 +0800 CST m=+7120.555435049
Running 1m0s myx-test @ https://192.168.12.127:6443/apis/apps/v1/namespaces/myx-test/replicasets
3 connections
Requests/bytes (per Connection):  [36296637 33630046 33247327]
Response/bytes (per Connection):  [54585141 50574983 49999415]
Requests Number (per Connection):  [5785 5360 5299]
Requests/sec:  1679.2644856770833 KB
Transfer/sec:  4204.647607421875 KB

2023-12-05 14:21:10.290424688 +0800 CST m=+7220.797732547
Running 1m0s myx-test @ https://192.168.12.127:6443/apis/apps/v1/namespaces/myx-test/replicasets
6 connections
Requests/bytes (per Connection):  [30449045 29953334 29809113 30706312 31866987 32080333]
Response/bytes (per Connection):  [45791143 45045706 44828730 46178015 47923575 48244397]
Requests Number (per Connection):  [4853 4774 4751 4894 5079 5113]
Requests/sec:  3008.8724609375 KB
Transfer/sec:  7533.80029296875 KB

2023-12-05 14:22:50.539116875 +0800 CST m=+7321.046424739
Running 1m0s myx-test @ https://192.168.12.127:6443/apis/apps/v1/namespaces/myx-test/replicasets
9 connections
Requests/bytes (per Connection):  [23697841 25109630 23685351 25630373 25210062 25228731 25404567 25429525 23384225]
Response/bytes (per Connection):  [35638355 37761412 35619513 38544559 37912404 37940634 38204910 38242583 35166622]
Requests Number (per Connection):  [3777 4002 3775 4085 4018 4021 4049 4053 3727]
Requests/sec:  3625.9815266927085 KB
Transfer/sec:  9078.959912109374 KB

2023-12-05 14:24:30.841342798 +0800 CST m=+7421.348650658
Running 1m0s myx-test @ https://192.168.12.127:6443/apis/apps/v1/namespaces/myx-test/replicasets
15 connections
Requests/bytes (per Connection):  [17216608 18458864 18734954 17141250 18414937 18465139 18553069 18559258 18571886 17235403 17285543 18295860 18302025 17254246 18515375]
Response/bytes (per Connection):  [25891388 27759619 28174798 25778127 27693566 27769055 27901199 27910592 27929503 25919681 25995139 27514356 27523737 25947998 27844561]
Requests Number (per Connection):  [2744 2942 2986 2732 2935 2943 2957 2958 2960 2747 2755 2916 2917 2750 2951]
Requests/sec:  4410.879182942708 KB
Transfer/sec:  11044.233984375 KB

2023-12-05 14:26:11.122086616 +0800 CST m=+7521.629394476
Running 1m0s myx-test @ https://192.168.12.127:6443/apis/apps/v1/namespaces/myx-test/replicasets
30 connections
Requests/bytes (per Connection):  [10245837 9486674 9423942 9511766 9976130 9455323 9963584 9449036 9536896 9944755 9951030 9825538 9561996 9599646 10258339 10208235 9800436 9900792 9781613 10026180 10020053 10007503 9769047 9919655 9913232 9656091 9900832 9794153 10076526 10095351]
Response/bytes (per Connection):  [15408369 14266669 14172318 14304409 15002680 14219501 14983810 14210059 14342168 14955500 14964936 14776220 14379912 14436528 15427217 15351777 14738475 14889429 14710168 15078093 15068731 15049859 14691288 14917756 14908246 14521437 14889449 14729035 15153654 15181962]
Requests Number (per Connection):  [1633 1512 1502 1516 1590 1507 1588 1506 1520 1585 1586 1566 1524 1530 1635 1627 1562 1578 1559 1598 1597 1595 1557 1581 1580 1539 1578 1561 1606 1609]
Requests/sec:  4802.411962890625 KB
Transfer/sec:  12024.57431640625 KB

2023-12-05 14:27:51.398838126 +0800 CST m=+7621.906145981
Running 1m0s myx-test @ https://192.168.12.127:6443/apis/apps/v1/namespaces/myx-test/replicasets
60 connections
Requests/bytes (per Connection):  [5784840 5697038 5671940 5734688 5747232 5515069 5747206 5590365 5596642 5803661 5885282 5628015 5458596 5866421 5722138 5577817 5571542 5508838 5828753 5640565 5747204 5809986 5678215 5740963 5841359 5496286 5866457 5446050 5740963 5722138 5678209 5602917 5602917 5747236 5703313 5747206 5822530 5678205 5646840 5766057 5985680 5546456 5715863 5489973 5596640 5747206 5565267 5659384 5571568 5922932 5615475 5596640 5941663 5772332 5533892 5740961 5552747 5577821 5596658 5345652]
Response/bytes (per Connection):  [8699637 8567557 8529814 8624173 8643042 8293916 8643029 8407146 8416583 8727943 8850634 8463762 8208993 8822308 8605301 8388275 8378839 8284502 8765683 8482634 8643028 8737404 8539250 8633609 8784583 8265629 8822326 8190123 8633609 8605301 8539247 8426019 8426019 8643044 8576993 8643029 8756273 8539245 8492070 8671350 9001609 8341102 8595865 8256174 8416582 8643029 8369403 8510939 8378852 8907250 8444895 8416582 8935511 8680786 8322223 8633608 8350546 8388277 8416591 8039148]
Requests Number (per Connection):  [922 908 904 914 916 879 916 891 892 925 938 897 870 935 912 889 888 878 929 899 916 926 905 915 931 876 935 868 915 912 905 893 893 916 909 916 928 905 900 919 954 884 911 875 892 916 887 902 888 944 895 892 947 920 882 915 885 889 892 852]
Requests/sec:  5545.841617838541 KB
Transfer/sec:  13886.025439453126 KB

2023-12-05 14:29:31.69995966 +0800 CST m=+7722.207267544
Running 1m0s myx-test @ https://192.168.12.127:6443/apis/apps/v1/namespaces/myx-test/replicasets
90 connections
Requests/bytes (per Connection):  [4235147 4316740 4166040 4028098 3984179 4404588 3965354 4197519 3940254 4178590 4159755 4128482 4329134 4109675 4316740 4172389 4184969 4090840 4109675 4272807 4128496 4210059 4228892 4410747 4266540 4385749 4128414 4015480 3996729 4203768 4172379 3952784 4279096 4247721 4134775 4115946 4084529 4078202 4197435 4166020 4153496 4310373 4009273 4266408 4348113 4253996 4316690 4078270 4184973 4291644 4360665 4304192 4178646 4266410 4448475 4216246 4191238 4304114 4122225 4222613 4040648 4536229 4090850 3915108 4241446 4473609 4103346 4002928 4266492 3896331 4285247 4159769 4053202 4323015 3990448 4329294 4071929 4128500 4053164 4021745 4417108 4065656 3990382 4191242 4141046 4203748 4159871 4373171 4291640 4341840]
Response/bytes (per Connection):  [6369061 6491738 6265224 6057686 5991637 6623841 5963329 6312456 5925585 6284096 6255783 6208654 6510532 6180355 6491738 6274697 6293584 6152042 6180355 6425682 6208661 6331323 6359635 6633219 6416250 6595526 6208620 6038780 6010509 6321879 6274692 5944447 6435125 6387945 6218099 6189789 6142588 6133126 6312414 6265214 6246355 6482256 6029378 6416184 6538917 6397381 6491713 6133160 6293586 6453996 6557790 6472867 6284124 6416185 6689874 6340715 6303017 6472828 6199227 6350197 6076558 6821930 6152047 5887818 6378509 6727635 6170892 6019907 6416226 5859534 6444499 6255790 6095432 6501174 6001070 6510612 6123691 6208663 6095413 6048211 6642698 6114256 6001037 6303019 6227533 6321869 6255841 6576640 6453994 6529482]
Requests Number (per Connection):  [675 688 664 642 635 702 632 669 628 666 663 658 690 655 688 665 667 652 655 681 658 671 674 703 680 699 658 640 637 670 665 630 682 677 659 656 651 650 669 664 662 687 639 680 693 678 688 650 667 684 695 686 666 680 709 672 668 686 657 673 644 723 652 624 676 713 654 638 680 621 683 663 646 689 636 690 649 658 646 641 704 648 636 668 660 670 663 697 684 692]
Requests/sec:  6130.888671875 KB
Transfer/sec:  15350.90244140625 KB

2023-12-05 14:31:11.986290882 +0800 CST m=+7822.493598739
Running 1m0s myx-test @ https://192.168.12.127:6443/apis/apps/v1/namespaces/myx-test/replicasets
150 connections
Requests/bytes (per Connection):  [2735642 2666627 2672902 2723086 2547318 2697954 2716797 2735492 2559874 2566233 2622704 2628871 2559876 2465709 2628897 2760738 2610066 2798400 2528445 2478225 2660222 2553583 2622622 2628903 2691729 2584898 2490899 2610054 2584956 2559956 2490933 2603799 2459532 2729259 2547408 2585048 2666523 2591331 2679021 2578781 2597606 2509762 2509748 2628979 2559836 2584898 2616359 2591309 2578623 2415537 2792125 2610082 2647672 2647670 2597522 2735504 2647646 2628875 2616321 2779513 2547406 2490939 2591297 2785788 2503443 2603787 2503483 2553665 2773142 2672766 2553565 2553683 2710552 2723034 2459412 2622706 2434320 2559958 2515987 2635236 2603879 2572398 2723040 2515889 2741847 2660266 2541123 2660354 2566195 2691727 2610086 2390523 2754317 2628909 2578781 2635254 2566171 2660194 2672898 2716783 2654003 2472108 2559902 2672904 2603881 2566099 2522308 2641529 2616271 2672904 2572506 2616309 2472052 2635096 2723092 2547250 2767025 2603723 2371712 2672830 2654079 2559956 2591331 2553525 2660196 2572506 2704249 2628979 2704263 2597494 2616429 2497208 2679019 2653989 2528537 2672754 2553683 2597606 2635246 2597462 2239945 2672828 2566101 2666597 2741927 2597606 2465715 2691727 2628893 2522308]
Response/bytes (per Connection):  [4113967 4010176 4019612 4095092 3830850 4057332 4085649 4113892 3849725 3859203 3944125 3953507 3849726 3708165 3953520 4151709 3925209 4208331 3802518 3727020 4000675 3840281 3944084 3953523 4047921 3887431 3745954 3925203 3887460 3849766 3745971 3915777 3698778 4104477 3830895 3887506 4010124 3896946 4028970 3878074 3906382 3774281 3774274 3953561 3849706 3887431 3934654 3896935 3877995 3632691 4198895 3925217 3981803 3981802 3906340 4113898 3981790 3953509 3934635 4179992 3830894 3745974 3896929 4189428 3764823 3915771 3764843 3840322 4170508 4019544 3840272 3840331 4076228 4095066 3698718 3944126 3660978 3849767 3783692 3962988 3915817 3868584 4095069 3783643 4123368 4000697 3821454 4000741 3859184 4047920 3925219 3594990 4142200 3953526 3878074 3962997 3859172 4000661 4019610 4085642 3991267 3717663 3849739 4019613 3915818 3859136 3793151 3972433 3934610 4019613 3868638 3934629 3717635 3962918 4095095 3830816 4161151 3915739 3566689 4019576 3991305 3849766 3896946 3840252 4000662 3868638 4066778 3953561 4066785 3906326 3934689 3755407 4028969 3991260 3802564 4019538 3840331 3906382 3962993 3906310 3368537 4019575 3859137 4010161 4123408 3906382 3708168 4047920 3953518 3793151]
Requests Number (per Connection):  [436 425 426 434 406 430 433 436 408 409 418 419 408 393 419 440 416 446 403 395 424 407 418 419 429 412 397 416 412 408 397 415 392 435 406 412 425 413 427 411 414 400 400 419 408 412 417 413 411 385 445 416 422 422 414 436 422 419 417 443 406 397 413 444 399 415 399 407 442 426 407 407 432 434 392 418 388 408 401 420 415 410 434 401 437 424 405 424 409 429 416 381 439 419 411 420 409 424 426 433 423 394 408 426 415 409 402 421 417 426 410 417 394 420 434 406 441 415 378 426 423 408 413 407 424 410 431 419 431 414 417 398 427 423 403 426 407 414 420 414 357 426 409 425 437 414 393 429 419 402]
Requests/sec:  6367.502685546875 KB
Transfer/sec:  15943.34990234375 KB

2023-12-05 14:32:52.329139731 +0800 CST m=+7922.836447609
Running 1m0s myx-test @ https://192.168.12.127:6443/apis/apps/v1/namespaces/myx-test/replicasets
300 connections
Requests/bytes (per Connection):  [1700309 1480696 1449319 1468144 1524619 1549713 1568564 1574911 1512175 1587449 1499519 1631288 1487071 1574817 1556024 1524615 1593638 1549719 1493242 1631368 1587373 1606188 1530894 1505790 1687819 1593638 1606188 1505856 1656462 1405398 1537275 1474417 1606188 1574815 1443046 1468266 1436829 1499515 1694034 1487093 1443042 1568540 1543442 1537165 1537167 1531002 1468254 1499521 1493274 1593730 1599913 1662663 1455596 1656388 1505794 1518340 1662661 1562347 1543546 1436767 1461871 1612549 1505790 1574847 1618742 1430494 1637563 1574815 1480692 1499611 1662663 1549713 1555988 1499521 1530890 1436779 1430576 1599913 1349021 1599913 1455682 1706634 1612547 1499637 1706586 1587397 1587445 1643912 1549719 1568538 1568538 1486965 1681550 1581088 1530924 1668936 1518340 1480700 1581088 1687765 1599915 1518344 1505862 1518402 1399123 1493242 1486965 1731684 1537181 1480692 1593638 1493240 1487037 1599913 1518342 1618772 1549715 1618784 1424225 1637561 1443108 1505826 1625013 1518340 1530890 1562265 1524615 1756784 1443158 1543466 1468274 1581184 1493246 1581186 1637641 1468146 1330100 1643836 1468156 1568544 1530910 1493246 1524617 1512151 1587443 1625013 1512183 1568538 1555990 1625013 1568538 1568576 1668994 1668950 1461927 1587437 1505794 1756804 1643914 1499517 1581088 1650183 1556094 1480692 1455620 1618738 1593730 1512081 1493242 1562267 1675223 1587363 1687765 1606192 1468234 1581094 1543548 1568540 1562365 1449425 1417948 1493300 1524655 1568576 1681490 1549715 1530926 1606202 1543530 1662661 1612463 1637563 1512071 1568542 1330100 1593638 1556078 1574853 1625095 1530972 1518340 1574819 1374069 1530986 1612467 1493312 1555992 1813257 1518340 1562265 1574813 1606188 1530904 1480808 1581090 1530890 1568640 1474417 1480696 1480692 1468186 1549713 1405540 1499515 1618822 1505860 1487031 1480822 1618738 1731684 1493368 1599913 1625043 1555994 1480690 1587425 1650139 1612463 1505814 1625017 1380388 1618738 1493242 1574815 1606188 1549719 1474545 1493242 1581174 1543440 1480718 1530974 1480692 1480692 1505790 1493240 1493246 1574815 1505792 1556092 1499611 1480758 1587363 1581088 1487059 1656388 1499515 1675277 1574911 1486967 1712863 1530912 1411669 1599917 1480692 1411767 1562263 1618738 1631368 1625017 1612467 1480696 1574815 1675215 1581088 1524629 1499641 1593640 1530894 1587409 1625015 1436899 1493246 1480696 1556060 1656388 1518340 1543456 1549715 1631366]
Response/bytes (per Connection):  [2557048 2226794 2179613 2207921 2292845 2330586 2358907 2368379 2274026 2387245 2255101 2453254 2236280 2368332 2340040 2292843 2396638 2330589 2245664 2453294 2387207 2415510 2302281 2264535 2538206 2396638 2415510 2264568 2491035 2113563 2311770 2217356 2415510 2368331 2170178 2207982 2160771 2255099 2547612 2236291 2170176 2358895 2321152 2311715 2311716 2302335 2207976 2255102 2245680 2396684 2406074 2500434 2189050 2490998 2264537 2283407 2500433 2349500 2321204 2160740 2198486 2424989 2264535 2368347 2434384 2151305 2462690 2368331 2226792 2255147 2500434 2330586 2340022 2255102 2302279 2160746 2151346 2406074 2028688 2406074 2189093 2566509 2424988 2255160 2566485 2387219 2387243 2472163 2330589 2358894 2358894 2236227 2528773 2377766 2302296 2509869 2283407 2226796 2377766 2538179 2406075 2283409 2264571 2283438 2104127 2245664 2236227 2604228 2311723 2226792 2396638 2245663 2236263 2406074 2283408 2434399 2330587 2434405 2141872 2462689 2170209 2264553 2443818 2283407 2302279 2349459 2292843 2641972 2170234 2321164 2207986 2377814 2245666 2377815 2462729 2207922 2000332 2472125 2207927 2358897 2302289 2245666 2292844 2274014 2387242 2443818 2274030 2358894 2340023 2443818 2358894 2358913 2509898 2509876 2198514 2387239 2264537 2641982 2472164 2255100 2377766 2481597 2340075 2226792 2189062 2434382 2396684 2273979 2245664 2349460 2519311 2387202 2538179 2415512 2207966 2377769 2321205 2358895 2349509 2179666 2132435 2245693 2292863 2358913 2528743 2330587 2302297 2415517 2321196 2500433 2424946 2462690 2273974 2358896 2000332 2396638 2340067 2368350 2443859 2302320 2283407 2368333 2066406 2302327 2424948 2245699 2340024 2726895 2283407 2349459 2368330 2415510 2302286 2226850 2377767 2302279 2358945 2217356 2226794 2226792 2207942 2330586 2113634 2255099 2434424 2264570 2236260 2226857 2434382 2604228 2245727 2406074 2443833 2340025 2226791 2387233 2481575 2424946 2264547 2443820 2075864 2434382 2245664 2368331 2415510 2330589 2217420 2245664 2377809 2321151 2226805 2302321 2226792 2226792 2264535 2245663 2245666 2368331 2264536 2340074 2255147 2226825 2387202 2377766 2236274 2490998 2255099 2519338 2368379 2236228 2575922 2302290 2122997 2406076 2226792 2123046 2349458 2434382 2453294 2443820 2424948 2226794 2368331 2519307 2377766 2292850 2255162 2396639 2302281 2387225 2443819 2160806 2245666 2226794 2340058 2490998 2283407 2321159 2330587 2453293]
Requests Number (per Connection):  [271 236 231 234 243 247 250 251 241 253 239 260 237 251 248 243 254 247 238 260 253 256 244 240 269 254 256 240 264 224 245 235 256 251 230 234 229 239 270 237 230 250 246 245 245 244 234 239 238 254 255 265 232 264 240 242 265 249 246 229 233 257 240 251 258 228 261 251 236 239 265 247 248 239 244 229 228 255 215 255 232 272 257 239 272 253 253 262 247 250 250 237 268 252 244 266 242 236 252 269 255 242 240 242 223 238 237 276 245 236 254 238 237 255 242 258 247 258 227 261 230 240 259 242 244 249 243 280 230 246 234 252 238 252 261 234 212 262 234 250 244 238 243 241 253 259 241 250 248 259 250 250 266 266 233 253 240 280 262 239 252 263 248 236 232 258 254 241 238 249 267 253 269 256 234 252 246 250 249 231 226 238 243 250 268 247 244 256 246 265 257 261 241 250 212 254 248 251 259 244 242 251 219 244 257 238 248 289 242 249 251 256 244 236 252 244 250 235 236 236 234 247 224 239 258 240 237 236 258 276 238 255 259 248 236 253 263 257 240 259 220 258 238 251 256 247 235 238 252 246 236 244 236 236 240 238 238 251 240 248 239 236 253 252 237 264 239 267 251 237 273 244 225 255 236 225 249 258 260 259 257 236 251 267 252 243 239 254 244 253 259 229 238 236 248 264 242 246 247 260]
Requests/sec:  7567.925325520833 KB
Transfer/sec:  18949.0435546875 KB

