2023-12-05 02:25:32.755628575 +0800 CST m=+42633.599212746
Running 1m0s myx-test @ https://192.168.12.127:6443/api/v1/namespaces/myx-test/resourcequotas
3 connections
Requests/bytes (per Connection):  [37969125 38636621 40827302]
Response/bytes (per Connection):  [51743086 52652739 55638095]
Requests Number (per Connection):  [6257 6367 6728]
Requests/sec:  1911.3451822916666 KB
Transfer/sec:  4516.063932291667 KB

2023-12-05 02:27:12.9825729 +0800 CST m=+42733.826157077
Running 1m0s myx-test @ https://192.168.12.127:6443/api/v1/namespaces/myx-test/resourcequotas
6 connections
Requests/bytes (per Connection):  [33557584 34686190 34807538 33630394 36069746 36227548]
Response/bytes (per Connection):  [45731107 47269213 47434597 45830338 49154685 49369709]
Requests Number (per Connection):  [5530 5716 5736 5542 5944 5970]
Requests/sec:  3401.3509114583335 KB
Transfer/sec:  8036.599104817708 KB

2023-12-05 02:28:53.207122379 +0800 CST m=+42834.050706546
Running 1m0s myx-test @ https://192.168.12.127:6443/api/v1/namespaces/myx-test/resourcequotas
9 connections
Requests/bytes (per Connection):  [30250249 29042716 29042744 30402072 31439629 30274525 31348698 28684763 31372840]
Response/bytes (per Connection):  [41224092 39578461 39578475 41430891 42844940 41257172 42720942 39090590 42753955]
Requests Number (per Connection):  [4985 4786 4786 5010 5181 4989 5166 4727 5170]
Requests/sec:  4424.7759765625 KB
Transfer/sec:  10454.716048177082 KB

2023-12-05 02:30:33.438914702 +0800 CST m=+42934.282498873
Running 1m0s myx-test @ https://192.168.12.127:6443/api/v1/namespaces/myx-test/resourcequotas
15 connections
Requests/bytes (per Connection):  [23890787 24000025 23745133 23817911 23945404 23799754 21973163 23811844 23593440 23969682 21609097 23951381 21821494 21894294 21657627]
Response/bytes (per Connection):  [32557557 32706415 32359078 32458293 32631985 32433508 29944327 32450024 32152344 32665066 29448164 32640209 29737605 29836831 29514313]
Requests Number (per Connection):  [3937 3955 3913 3925 3946 3922 3621 3924 3888 3950 3561 3947 3596 3608 3569]
Requests/sec:  5655.6158203125 KB
Transfer/sec:  13362.902913411459 KB

2023-12-05 02:32:13.679774649 +0800 CST m=+43034.523358826
Running 1m0s myx-test @ https://192.168.12.127:6443/api/v1/namespaces/myx-test/resourcequotas
30 connections
Requests/bytes (per Connection):  [12621984 13362380 13538371 12494619 13513939 12597756 13416921 13507978 12579503 13259093 12658396 13811312 13605046 13781093 12621982 13532154 12573488 13247071 13404783 13392669 13677796 13738484 12913282 13574637 13192414 12882943 13514097 13544440 12688741 13386580]
Response/bytes (per Connection):  [17200832 18209761 18449586 17027204 18416428 17167776 18284151 18408212 17142943 18069114 17250451 18821654 18540514 18780367 17200831 18441242 17134700 18052632 18267611 18251083 18639715 18722414 17597785 18499132 17978184 17556438 18416507 18457856 17291801 18242803]
Requests Number (per Connection):  [2080 2202 2231 2059 2227 2076 2211 2226 2073 2185 2086 2276 2242 2271 2080 2230 2072 2183 2209 2207 2254 2264 2128 2237 2174 2123 2227 2232 2091 2206]
Requests/sec:  6455.630729166666 KB
Transfer/sec:  15253.152327473957 KB

2023-12-05 02:33:53.933983488 +0800 CST m=+43134.777567657
Running 1m0s myx-test @ https://192.168.12.127:6443/api/v1/namespaces/myx-test/resourcequotas
60 connections
Requests/bytes (per Connection):  [6098661 6226108 6165420 6025835 6213968 5904465 5983268 6056170 6141134 6074367 5940823 6092540 6183503 5946812 6050009 5922670 6044042 6274502 6122795 6116764 5892195 6323208 6141142 5910532 6244155 6165386 5837584 6007488 6207901 6468860 6116710 5898254 5819387 6062193 6262434 6080456 6037963 5934808 6110649 5959078 5795123 5873992 5977285 6311030 5995352 5752646 5837664 5849774 6134921 5922666 6025837 5746669 5946942 6329223 6007544 6189552 5874120 6499045 5843745 5813432]
Response/bytes (per Connection):  [8311008 8484677 8401978 8211769 8468136 8046374 8153837 8253114 8368893 8277919 8095966 8302712 8426726 8104196 8244798 8071183 8236579 8550758 8344017 8335766 8029768 8616995 8368897 8054643 8509407 8401961 7955343 8186889 8459867 8815473 8335739 8038033 7930538 8261361 8534253 8286199 8228304 8087723 8327473 8120800 7897464 8004960 8145610 8600435 8170350 7839577 7955383 7971909 8360551 8071181 8211770 7831353 8104261 8625238 8186917 8434986 8005024 8856743 7963659 7922325]
Requests Number (per Connection):  [1005 1026 1016 993 1024 973 986 998 1012 1001 979 1004 1019 980 997 976 996 1034 1009 1008 971 1042 1012 974 1029 1016 962 990 1023 1066 1008 972 959 999 1032 1002 995 978 1007 982 955 968 985 1040 988 948 962 964 1011 976 993 947 980 1043 990 1020 968 1071 963 958]
Requests/sec:  5904.798193359375 KB
Transfer/sec:  13951.669417317707 KB

2023-12-05 02:35:34.18351217 +0800 CST m=+43235.027096334
Running 1m0s myx-test @ https://192.168.12.127:6443/api/v1/namespaces/myx-test/resourcequotas
90 connections
Requests/bytes (per Connection):  [4314467 4587582 4120293 4278029 4266039 4314521 4247838 4271978 4338871 4350883 4332764 4199292 4417694 4199184 4259954 4484365 4326733 4326733 4296308 4369086 4314517 4308434 4332772 4284136 4405500 4399475 4290307 4266045 4144673 4393358 4296232 4053640 4247842 4411539 4302313 4253777 4399503 4126466 4332800 4083983 4144527 4223474 4369158 4290319 4114222 4241769 4539142 4369188 4557229 4369214 4290321 4381260 4393332 4205285 4308458 4375283 4351003 4344934 4496547 4387369 4302301 4150736 4284214 4247838 4393490 4369214 4247842 4338723 4490590 4290303 4326733 4253749 4229473 4126462 4393490 4387417 4284238 4326611 4077772 4308368 4351009 4387385 4278181 4278073 4448065 4205313 4514714 4399559 4320664 4320650]
Response/bytes (per Connection):  [5879674 6251829 5615051 5830042 5813576 5879701 5788769 5821781 5912818 5929295 5904529 5722612 6020291 5722558 5805298 6111217 5896278 5896278 5854888 5954103 5879699 5871422 5904533 5838331 6003723 5995475 5846652 5813579 5648183 5987181 5854850 5524134 5788771 6011978 5863126 5796974 5995489 5623373 5904547 5565483 5648110 5755645 5954139 5846658 5606780 5780499 6185725 5954154 6210475 5954167 5846659 5970661 5987168 5730844 5871434 5962437 5929355 5921085 6127779 5978951 5863120 5656450 5838370 5788769 5987247 5954167 5788771 5912744 6119565 5846650 5896278 5796960 5763880 5623371 5987247 5978975 5838382 5896217 5557142 5871389 5929358 5978959 5830118 5830064 6061654 5730858 6152569 5995517 5888008 5888001]
Requests Number (per Connection):  [711 756 679 705 703 711 700 704 715 717 714 692 728 692 702 739 713 713 708 720 711 710 714 706 726 725 707 703 683 724 708 668 700 727 709 701 725 680 714 673 683 696 720 707 678 699 748 720 751 720 707 722 724 693 710 721 717 716 741 723 709 684 706 700 724 720 700 715 740 707 713 701 697 680 724 723 706 713 672 710 717 723 705 705 733 693 744 725 712 712]
Requests/sec:  6315.676057942708 KB
Transfer/sec:  14922.473193359376 KB

2023-12-05 02:37:14.453299962 +0800 CST m=+43335.296884138
Running 1m0s myx-test @ https://192.168.12.127:6443/api/v1/namespaces/myx-test/resourcequotas
150 connections
Requests/bytes (per Connection):  [2627629 2864312 2767212 2803562 2682248 2712443 2755006 2827776 2900646 2815606 2815688 2949118 2809633 2791330 2724571 2651885 2749005 2651765 2900570 2839990 2833905 2736869 2773259 2779350 2803468 2936980 2864314 2754994 2803624 2791356 2827854 2894499 2833811 2773123 2906663 2779314 2773265 2773123 2845969 2791486 2779344 2724665 2894499 2797399 2736863 2706366 2870225 2797557 2615425 2615491 2882483 3107026 2767054 2809535 2803564 2803522 2979609 2633644 2864198 2779224 2809675 2888430 2845965 2730718 2833969 2864270 2906635 2870333 2700331 2985532 2937098 2870223 2706462 2924884 2882361 2755006 2627471 2827742 2876418 2791330 2840020 2930921 2615381 2809695 2827826 2718660 2821831 2767054 2755034 2718520 2827742 2682248 2718638 2930911 3046378 2852144 3022014 2912706 2785259 2912794 2912832 2924868 2809537 2870225 2858087 2797397 2906637 2876450 2888548 3131324 2943199 2730654 2864182 2967443 2882519 2943207 2748857 2700377 2761057 2736789 2724699 2779340 2858227 2906753 2870289 2918875 2852118 2754920 2682102 2791330 2949120 2779350 2894631 2833811 2930911 2676139 2773123 2785417 2742938 2694360 2694386 2821673 2767076 2724583 2870291 2852016 2773177 2688317 2803556 2991601]
Response/bytes (per Connection):  [3580786 3903312 3770994 3820582 3655215 3696490 3754420 3853631 3952892 3837075 3837116 4019012 3828853 3803995 3713025 3613856 3746184 3613796 3952854 3870209 3861931 3729645 3779253 3787534 3820535 4002472 3903313 3754414 3820613 3804008 3853670 3944583 3861884 3779185 3961136 3787516 3779256 3779185 3878434 3804073 3787531 3713072 3944583 3812265 3729642 3688216 3911504 3812344 3564213 3564246 3928104 4234089 3770915 3828804 3820583 3820562 4060435 3589029 3903255 3787471 3828874 3936313 3878432 3721334 3861963 3903291 3961122 3911558 3679963 4068632 4002531 3911503 3688264 3985953 3928043 3754420 3580707 3853614 3919836 3803995 3870224 3994207 3564191 3828884 3853656 3704834 3845423 3770915 3754434 3704764 3853614 3655215 3704823 3994202 4151410 3886757 4118286 3969393 3795724 3969437 3969456 3985945 3828805 3911504 3894964 3812264 3961123 3919852 3936372 4267180 4010817 3721302 3903247 4043881 3928122 4010821 3746110 3679986 3762681 3729605 3713089 3787529 3895034 3961181 3911536 3977713 3886744 3754377 3655142 3803995 4019013 3787534 3944649 3861884 3994202 3646925 3779185 3795803 3737915 3671742 3671755 3845344 3770926 3713031 3911537 3886693 3779212 3663485 3820579 4076902]
Requests Number (per Connection):  [433 472 456 462 442 447 454 466 478 464 464 486 463 460 449 437 453 437 478 468 467 451 457 458 462 484 472 454 462 460 466 477 467 457 479 458 457 457 469 460 458 449 477 461 451 446 473 461 431 431 475 512 456 463 462 462 491 434 472 458 463 476 469 450 467 472 479 473 445 492 484 473 446 482 475 454 433 466 474 460 468 483 431 463 466 448 465 456 454 448 466 442 448 483 502 470 498 480 459 480 480 482 463 473 471 461 479 474 476 516 485 450 472 489 475 485 453 445 455 451 449 458 471 479 473 481 470 454 442 460 486 458 477 467 483 441 457 459 452 444 444 465 456 449 473 470 457 443 462 493]
Requests/sec:  6875.892919921875 KB
Transfer/sec:  16246.127848307291 KB

2023-12-05 02:38:54.779919332 +0800 CST m=+43435.623503520
Running 1m0s myx-test @ https://192.168.12.127:6443/api/v1/namespaces/myx-test/resourcequotas
300 connections
Requests/bytes (per Connection):  [1589920 1717311 1638444 1480738 1474591 1565634 1650562 1559521 1650610 1583873 1699102 1759796 1632347 1656675 1693035 1680901 1626342 1559521 1614208 1650592 1693035 1626342 1693077 1620209 1626282 1559551 1480642 1614210 1687010 1577726 1735518 1620211 1535245 1577732 1589870 1541314 1814411 1680897 1638414 1644485 1638416 1626304 1662690 1747662 1553490 1571697 1529182 1632347 1638416 1784080 1541340 1644485 1583797 1595967 1620209 1486735 1529180 1705171 1717309 1583799 1632409 1565590 1729447 1602008 1656675 1729447 1553506 1565590 1680937 1680943 1565590 1632409 1656621 1571657 1680931 1462539 1583875 1632347 1450283 1668809 1559607 1626282 1711242 1529272 1620209 1723412 1614140 1674832 1656621 1547475 1559521 1541318 1583801 1699104 1589864 1693033 1559521 1547383 1650552 1632409 1492764 1553452 1699108 1626278 1614144 1717311 1777999 1626282 1559605 1583875 1693035 1541328 1662690 1668759 1614162 1577730 1686998 1680897 1650554 1535249 1535295 1735516 1753723 1608071 1529188 1674828 1577726 1608131 1620253 1565674 1559521 1595933 1614172 1395664 1565594 1869030 1589864 1608071 1693035 1699142 1668809 1626282 1771946 1656675 1595933 1693035 1723380 1620225 1620275 1778013 1608071 1541330 1735516 1492860 1632345 1644487 1595935 1802273 1680943 1595933 1492764 1571663 1529180 1565606 1644543 1565626 1705173 1547383 1559607 1589864 1589942 1777999 1626282 1729447 1583797 1492850 1620209 1511035 1650556 1517040 1711242 1680897 1650610 1583799 1699106 1535259 1602028 1571739 1571707 1626282 1529210 1705173 1729447 1608071 1693035 1474597 1602002 1589914 1668809 1577732 1529176 1699104 1668761 1687010 1644535 1547383 1535245 1668759 1559573 1620243 1674830 1638476 1577728 1674876 1589864 1680897 1547431 1723410 1759790 1486699 1553486 1608141 1608071 1504902 1717311 1626278 1674828 1608075 1608133 1632345 1705209 1662690 1693033 1693077 1602006 1553456 1802275 1674856 1656623 1771946 1620247 1577728 1723378 1723412 1674832 1535323 1486695 1553514 1632347 1614210 1462497 1620209 1656627 1759796 1523109 1784066 1571659 1662712 1517116 1523113 1747654 1717337 1596007 1741585 1717311 1517120 1668759 1529274 1693035 1723392 1608071 1571675 1595935 1468558 1650558 1644543 1686976 1510969 1699122 1547383 1753745 1614140 1644543 1686976 1735516 1602004 1638414 1620209 1662692 1626276 1523109 1577806 1529176 1638416 1662690 1656641 1747654 1608073 1589870 1510987]
Response/bytes (per Connection):  [2166661 2340302 2232807 2017831 2009522 2133576 2249337 2125284 2249361 2158402 2315491 2398193 2224523 2257629 2307222 2290684 2216285 2125284 2199747 2249352 2307222 2216285 2307243 2207983 2216255 2125299 2017783 2199748 2298974 2150093 2365112 2207984 2092204 2150096 2166636 2100474 2472620 2290682 2232792 2241063 2232793 2216266 2265872 2381655 2117033 2141843 2083937 2224523 2232793 2431277 2100487 2241063 2158364 2174920 2207983 2026065 2083936 2323761 2340301 2158365 2224554 2133554 2356841 2183176 2257629 2356841 2117041 2133554 2290702 2290705 2133554 2224554 2257602 2141823 2290699 1993025 2158403 2224523 1976426 2274167 2125327 2216255 2332032 2083982 2207983 2348588 2199713 2282414 2257602 2108790 2125284 2100476 2158366 2315492 2166633 2307221 2125284 2108744 2249332 2224554 2034315 2117014 2315494 2216253 2199715 2340302 2423001 2216255 2125326 2158403 2307222 2100481 2265872 2274142 2199724 2150095 2298968 2290682 2249333 2092206 2092229 2365111 2389921 2191443 2083940 2282412 2150093 2191473 2208005 2133596 2125284 2174903 2199729 1901997 2133556 2547049 2166633 2191443 2307222 2315511 2274167 2216255 2414739 2257629 2174903 2307222 2348572 2207991 2208016 2423008 2191443 2100482 2365111 2034363 2224522 2241064 2174904 2456080 2290705 2174903 2034315 2141826 2083936 2133562 2241092 2133572 2323762 2108744 2125327 2166633 2166672 2423001 2216255 2356841 2158364 2034358 2207983 2059157 2249334 2067395 2332032 2290682 2249361 2158365 2315493 2092211 2183186 2141864 2141848 2216255 2083951 2323762 2356841 2191443 2307222 2009525 2183173 2166658 2274167 2150096 2083934 2315492 2274143 2298974 2241088 2108744 2092204 2274142 2125310 2208000 2282413 2232823 2150094 2282436 2166633 2290682 2108768 2348587 2398190 2026047 2117031 2191478 2191443 2050855 2340302 2216253 2282412 2191445 2191474 2224522 2323780 2265872 2307221 2307243 2183175 2117016 2456081 2282426 2257603 2414739 2208002 2150094 2348571 2348588 2282414 2092243 2026045 2117045 2224523 2199748 1993004 2207983 2257605 2398193 2075665 2431270 2141824 2265883 2067433 2075667 2381651 2340315 2174940 2373381 2340302 2067435 2274142 2083983 2307222 2348578 2191443 2141832 2174904 2001270 2249335 2241092 2298957 2059124 2315501 2108744 2389932 2199713 2241092 2298957 2365111 2183174 2232792 2207983 2265873 2216252 2075665 2150133 2083934 2232793 2265872 2257612 2381651 2191444 2166636 2059133]
Requests Number (per Connection):  [262 283 270 244 243 258 272 257 272 261 280 290 269 273 279 277 268 257 266 272 279 268 279 267 268 257 244 266 278 260 286 267 253 260 262 254 299 277 270 271 270 268 274 288 256 259 252 269 270 294 254 271 261 263 267 245 252 281 283 261 269 258 285 264 273 285 256 258 277 277 258 269 273 259 277 241 261 269 239 275 257 268 282 252 267 284 266 276 273 255 257 254 261 280 262 279 257 255 272 269 246 256 280 268 266 283 293 268 257 261 279 254 274 275 266 260 278 277 272 253 253 286 289 265 252 276 260 265 267 258 257 263 266 230 258 308 262 265 279 280 275 268 292 273 263 279 284 267 267 293 265 254 286 246 269 271 263 297 277 263 246 259 252 258 271 258 281 255 257 262 262 293 268 285 261 246 267 249 272 250 282 277 272 261 280 253 264 259 259 268 252 281 285 265 279 243 264 262 275 260 252 280 275 278 271 255 253 275 257 267 276 270 260 276 262 277 255 284 290 245 256 265 265 248 283 268 276 265 265 269 281 274 279 279 264 256 297 276 273 292 267 260 284 284 276 253 245 256 269 266 241 267 273 290 251 294 259 274 250 251 288 283 263 287 283 250 275 252 279 284 265 259 263 242 272 271 278 249 280 255 289 266 271 278 286 264 270 267 274 268 251 260 252 270 274 273 288 265 262 249]
Requests/sec:  7931.914957682292 KB
Transfer/sec:  18741.260611979167 KB

