2023-12-05 03:49:56.590748331 +0800 CST m=+47697.434332498
Running 1m0s myx-test @ https://192.168.12.127:6443/api/v1/namespaces/myx-test/secrets
3 connections
Requests/bytes (per Connection):  [38635550 37661820 35744577]
Response/bytes (per Connection):  [52844737 51512832 48890538]
Requests Number (per Connection):  [6348 6188 5873]
Requests/sec:  1823.5993977864584 KB
Transfer/sec:  4317.87197265625 KB

2023-12-05 03:51:36.834556208 +0800 CST m=+47797.678140379
Running 1m0s myx-test @ https://192.168.12.127:6443/api/v1/namespaces/myx-test/secrets
6 connections
Requests/bytes (per Connection):  [31532953 31593849 33170142 34381295 33018009 34411818]
Response/bytes (per Connection):  [43129928 43213191 45369246 47025841 45161142 47067510]
Requests Number (per Connection):  [5181 5191 5450 5649 5425 5654]
Requests/sec:  3224.41513671875 KB
Transfer/sec:  7634.6830078125 KB

2023-12-05 03:53:17.052528738 +0800 CST m=+47897.896112917
Running 1m0s myx-test @ https://192.168.12.127:6443/api/v1/namespaces/myx-test/secrets
9 connections
Requests/bytes (per Connection):  [29987093 30382714 27619434 27850690 28270785 27114293 30394838 28873218 28544534]
Response/bytes (per Connection):  [41015497 41556605 37777164 38093489 38667960 37086229 41573230 39492045 39042502]
Requests Number (per Connection):  [4927 4992 4538 4576 4645 4455 4994 4744 4690]
Requests/sec:  4216.106754557291 KB
Transfer/sec:  9982.78515625 KB

2023-12-05 03:54:57.280638731 +0800 CST m=+47998.124222913
Running 1m0s myx-test @ https://192.168.12.127:6443/api/v1/namespaces/myx-test/secrets
15 connections
Requests/bytes (per Connection):  [22555758 21022048 22324464 22543564 20948864 20948846 22214808 22500979 22500977 21022046 21003747 22427941 22421848 22586131 22434024]
Response/bytes (per Connection):  [30851118 28753325 30534774 30834458 28653355 28653346 30384879 30776195 30776194 28753324 28728330 30676298 30667970 30892712 30684621]
Requests Number (per Connection):  [3706 3454 3668 3704 3442 3442 3650 3697 3697 3454 3451 3685 3684 3711 3686]
Requests/sec:  5362.240315755208 KB
Transfer/sec:  12696.56484375 KB

2023-12-05 03:56:37.495196831 +0800 CST m=+48098.338781007
Running 1m0s myx-test @ https://192.168.12.127:6443/api/v1/namespaces/myx-test/secrets
30 connections
Requests/bytes (per Connection):  [12902896 12324671 12507255 12762899 13000286 12501166 13024562 12732482 12330870 12872459 12915070 12933331 12391682 12951592 13024554 12142047 12872433 12123788 13061058 12945451 12908979 13006311 12318580 12318566 12781160 12239433 12963706 12908943 12908985 12866376]
Response/bytes (per Connection):  [17648228 16857373 17107110 17456755 17781427 17098784 17814691 17415139 16865754 17606602 17664878 17689853 16948975 17714828 17814687 16607616 17606589 16582642 17864628 17706476 17656551 17789721 16849046 16849039 17481730 16740813 17731448 17656533 17656554 17598279]
Requests Number (per Connection):  [2120 2025 2055 2097 2136 2054 2140 2092 2026 2115 2122 2125 2036 2128 2140 1995 2115 1992 2146 2127 2121 2137 2024 2024 2100 2011 2130 2121 2121 2114]
Requests/sec:  6209.986832682292 KB
Transfer/sec:  14703.8466796875 KB

2023-12-05 03:58:17.729438334 +0800 CST m=+48198.573022505
Running 1m0s myx-test @ https://192.168.12.127:6443/api/v1/namespaces/myx-test/secrets
60 connections
Requests/bytes (per Connection):  [6147186 6676671 6250661 6463700 6287045 6822699 6262781 6573194 6439194 6494035 6244576 6427090 6597612 6743558 6244460 6408919 6530655 6627887 6773997 6268874 6372241 6421093 6457615 6621910 6384453 6548758 6512238 6591399 6664491 6628045 6506149 6360155 6481803 6567089 6140941 6567019 6195784 6542671 6475722 6542671 6743536 6603541 6487914 6737449 6707136 6305284 6579191 6414848 6628017 6153273 6670592 6305306 6560932 6761797 6487890 6256750 6280938 6652307 6414850 6761907]
Response/bytes (per Connection):  [8407908 9132141 8549431 8840803 8599312 9331911 8566054 8990617 8807424 8882378 8541107 8790809 9023952 9223681 8541049 8765879 8932377 9065497 9265308 8574382 8715851 8782529 8832479 9057227 8732520 8957273 8907324 9015564 9115488 9065576 8898998 8699245 8865699 8982283 8399504 8982248 8474459 8948948 8857377 8948948 9223670 9032198 8874036 9215345 9173781 8624276 8998897 8774125 9065562 8416233 9123820 8624287 8973923 9248645 8874024 8557757 8590977 9098833 8774126 9248700]
Requests Number (per Connection):  [1010 1097 1027 1062 1033 1121 1029 1080 1058 1067 1026 1056 1084 1108 1026 1053 1073 1089 1113 1030 1047 1055 1061 1088 1049 1076 1070 1083 1095 1089 1069 1045 1065 1079 1009 1079 1018 1075 1064 1075 1108 1085 1066 1107 1102 1036 1081 1054 1089 1011 1096 1036 1078 1111 1066 1028 1032 1093 1054 1111]
Requests/sec:  6337.573225911458 KB
Transfer/sec:  15005.94521484375 KB

2023-12-05 03:59:57.978380808 +0800 CST m=+48298.821964981
Running 1m0s myx-test @ https://192.168.12.127:6443/api/v1/namespaces/myx-test/secrets
90 connections
Requests/bytes (per Connection):  [4382124 4236090 4388261 4077700 4156963 4333480 4156811 4309134 4236008 4339567 4077836 4375999 4327265 3974335 4290795 4473331 4126450 4394190 3895230 4345644 4546483 4509941 4473475 4327235 4205605 4497823 4205613 4114356 4004794 4035225 4223830 4217741 4029144 4321266 3998623 4448971 4260438 4424705 4296800 4248264 4236028 4345654 4053490 4473477 4357756 4491580 4321306 4449109 4406364 4272454 4169127 4412567 4309112 4120359 4296802 4443032 3992622 4406444 4357826 4266527 4363885 4016908 4108149 4065664 4035229 4363841 4363757 4223918 4022933 4394272 4406522 4455216 4242145 4309138 4175206 4144703 4126460 4187400 4339567 4175222 4248182 4351741 4235960 4065528 4266445 4363915 4479514 4211744 4394348 4163030]
Response/bytes (per Connection):  [5993742 5793969 6002092 5577455 5685746 5927168 5685670 5893869 5793928 5935493 5577523 5985398 5918779 5435987 5868855 6118568 5644082 6010338 5327775 5943813 6218522 6168562 6118640 5918764 5752319 6151940 5752323 5627472 5477624 5519247 5777276 5768950 5510925 5910498 5469257 6085262 5827269 6052003 5877139 5810619 5793938 5943818 5544224 6118641 5960432 6143537 5910518 6085331 6026988 5843840 5702391 6035371 5893858 5635755 5877140 6077011 5460975 6027028 5960467 5835595 5968778 5494244 5619087 5560874 5519249 5968756 5968714 5777320 5502538 6010379 6027067 6093666 5802278 5893871 5710712 5669053 5644087 5727372 5935493 5710720 5810578 5952143 5793904 5560806 5835554 5968793 6126941 5760670 6010417 5694061]
Requests Number (per Connection):  [720 696 721 670 683 712 683 708 696 713 670 719 711 653 705 735 678 722 640 714 747 741 735 711 691 739 691 676 658 663 694 693 662 710 657 731 700 727 706 698 696 714 666 735 716 738 710 731 724 702 685 725 708 677 706 730 656 724 716 701 717 660 675 668 663 717 717 694 661 722 724 732 697 708 686 681 678 688 713 686 698 715 696 668 701 717 736 692 722 684]
Requests/sec:  6246.252001953125 KB
Transfer/sec:  14789.706494140624 KB

2023-12-05 04:01:38.278997547 +0800 CST m=+48399.122581720
Running 1m0s myx-test @ https://192.168.12.127:6443/api/v1/namespaces/myx-test/secrets
150 connections
Requests/bytes (per Connection):  [2927497 2884824 2818003 2854501 2957920 2860634 2769175 2836224 2884982 2836230 2890911 3091924 2897156 2909172 3000575 2945800 3012649 2988377 2848348 2811796 2702378 3079750 2848304 2933676 2550125 2836288 2836198 2653620 2988307 2811940 2933636 2793679 2866701 2830043 2769333 2775268 2799768 2957866 2714502 2769257 2818015 2757003 2690046 2830161 2884922 2763204 2824098 2684015 2915369 2787516 2781507 3024879 2915349 2848460 2896998 2988311 2769175 2860476 2751072 2817897 3018802 3018734 2878737 2878801 2903085 2830085 2793521 2890913 2677954 2823956 2684117 2854391 2805723 2890995 2884878 2830201 2878855 2769333 2909204 2909172 3024823 2775420 2763168 2830201 2884982 2854389 2970102 2830115 2848378 2787594 2848430 2982214 2799608 2793611 2763144 2769197 2793521 2824040 2927433 2848398 2775414 2750996 2824028 3006574 2781349 2976127 2805737 2933678 2872796 2970098 2720639 2872722 2750968 2951937 2945694 2842277 2915257 2897010 3031066 2976127 2970040 2769203 2848358 2793679 2884824 2848362 3000475 2744985 2750994 2836192 2890911 2848304 2787454 2787442 2793537 2933574 2842371 3091866 3018796 2830043 2884826 2891071 2830101 2842241 2897156 2659771 2848314 2805853 2903185 2903155]
Response/bytes (per Connection):  [4004150 3945843 3854336 3904274 4045769 3912622 3787670 3879291 3945922 3879294 3954168 4228964 3962572 3979143 4104067 4029146 4120667 4087405 3895916 3845951 3696175 4212314 3895894 4012521 3488011 3879323 3879278 3629544 4087370 3846023 4012501 3821048 3920937 3870919 3787749 3795998 3829374 4045742 3712800 3787711 3854342 3771021 3679446 3870978 3945892 3779403 3862665 3671149 3987523 3812685 3804399 4137345 3987513 3895972 3962493 4087372 3787670 3912543 3762774 3854283 4129025 4128991 3937518 3937550 3970818 3870940 3820969 3954169 3662837 3862594 3671200 3904219 3837633 3954210 3945870 3870998 3937577 3787749 3979159 3979143 4137317 3796074 3779385 3870998 3945922 3904218 4062423 3870955 3895931 3812724 3895957 4079042 3829294 3821014 3779373 3787681 3820969 3862636 4004118 3895941 3796071 3762736 3862630 4112348 3804320 4070717 3837640 4012522 3929266 4062421 3721150 3929229 3762722 4037496 4029093 3887599 3987467 3962499 4145720 4070717 4062392 3787684 3895921 3821048 3945843 3895923 4104017 3754449 3762735 3879275 3954168 3895894 3812654 3812648 3820977 4012470 3887646 4228935 4129022 3870919 3945844 3954248 3870948 3887581 3962572 3637901 3895899 3837698 3970868 3970853]
Requests Number (per Connection):  [481 474 463 469 486 470 455 466 474 466 475 508 476 478 493 484 495 491 468 462 444 506 468 482 419 466 466 436 491 462 482 459 471 465 455 456 460 486 446 455 463 453 442 465 474 454 464 441 479 458 457 497 479 468 476 491 455 470 452 463 496 496 473 473 477 465 459 475 440 464 441 469 461 475 474 465 473 455 478 478 497 456 454 465 474 469 488 465 468 458 468 490 460 459 454 455 459 464 481 468 456 452 464 494 457 489 461 482 472 488 447 472 452 485 484 467 479 476 498 489 488 455 468 459 474 468 493 451 452 466 475 468 458 458 459 482 467 508 496 465 474 475 465 467 476 437 468 461 477 477]
Requests/sec:  6973.854361979166 KB
Transfer/sec:  16512.50029296875 KB

2023-12-05 04:03:18.586565009 +0800 CST m=+48499.430149197
Running 1m0s myx-test @ https://192.168.12.127:6443/api/v1/namespaces/myx-test/secrets
300 connections
Requests/bytes (per Connection):  [1813710 1594582 1570308 1710231 1637189 1655458 1643334 1691982 1539887 1594656 1576349 1588529 1460670 1564147 1698057 1722437 1570234 1673745 1625065 1661535 1551973 1655466 1594580 1594580 1777186 1564147 1667676 1655464 1710231 1649375 1612841 1692014 1521562 1661539 1606754 1655476 1679844 1637251 1631102 1545916 1576321 1667622 1625015 1570314 1479047 1539803 1576403 1661535 1527631 1497196 1448500 1728492 1637189 1637187 1491105 1564145 1637189 1594624 1679812 1631104 1545982 1545886 1625081 1552005 1667622 1539801 1637189 1606754 1612845 1673717 1716318 1618928 1649419 1661589 1588493 1552051 1430305 1558108 1564147 1673723 1527701 1752840 1533812 1661573 1588499 1564151 1545978 1515453 1685929 1728490 1576321 1643334 1606828 1436434 1679798 1637247 1588573 1558064 1594596 1618996 1728524 1752838 1716316 1716318 1637249 1734577 1746751 1637249 1679798 1612841 1704144 1588493 1667670 1588493 1667622 1570286 1661535 1692014 1667624 1594580 1637209 1588571 1649421 1612883 1704142 1491205 1576325 1594580 1685929 1582484 1497290 1801532 1637189 1588497 1576321 1698057 1612853 1527641 1667622 1862402 1649363 1618996 1558106 1631144 1746753 1600667 1679796 1600737 1570232 1649363 1643276 1643274 1612841 1551973 1618928 1558060 1539799 1655450 1777186 1430241 1515453 1679800 1564173 1594580 1698055 1679846 1576401 1631168 1515457 1673709 1558092 1564233 1606770 1503281 1618928 1533766 1637189 1594580 1612897 1752838 1673711 1673761 1552043 1673709 1649361 1643276 1582406 1643276 1649363 1704184 1576323 1594580 1771099 1813708 1576321 1533716 1631102 1777186 1545886 1710229 1698057 1539799 1612871 1734579 1527627 1698057 1576381 1606756 1612911 1539799 1643274 1637189 1521544 1478931 1564177 1551973 1551973 1789360 1552053 1631166 1600669 1704142 1649361 1649361 1594582 1685923 1655452 1649407 1771099 1771103 1685883 1637215 1710231 1600667 1576321 1497196 1673711 1551977 1807625 1667622 1539799 1679844 1618976 1655454 1734577 1704144 1740666 1722437 1661537 1533810 1576321 1618928 1576321 1673729 1655450 1606754 1625081 1509364 1625081 1515461 1618996 1692014 1716316 1478931 1606756 1576321 1704144 1558060 1698057 1533712 1631148 1460682 1661549 1673709 1765012 1606826 1679796 1667624 1801532 1685883 1618928 1612841 1576319 1692014 1545886 1600669 1618928 1588529 1618928 1631102 1649363 1734577 1673711 1698095 1746751 1600669 1424150 1710269 1679798 1685929]
Response/bytes (per Connection):  [2480742 2181044 2147781 2339217 2239318 2264297 2247672 2314248 2106163 2181081 2156083 2172736 1997895 2139419 2322567 2355883 2147744 2289285 2222693 2272617 2122769 2264301 2181043 2181043 2430791 2139419 2280969 2264300 2339217 2255974 2206018 2314264 2081156 2272619 2197693 2264306 2297616 2239349 2230993 2114459 2156069 2280942 2222668 2147784 2022928 2106121 2156110 2272617 2089472 2047847 1981247 2364192 2239318 2239317 2039520 2139418 2239318 2181065 2297600 2230994 2114492 2114444 2222701 2122785 2280942 2106120 2239318 2197693 2206020 2289271 2347542 2214343 2255996 2272644 2172718 2122808 1956305 2131118 2139419 2289274 2089507 2397492 2097844 2272636 2172721 2139421 2114490 2072820 2305940 2364191 2156069 2247672 2197730 1964651 2297593 2239347 2172758 2131096 2181051 2214377 2364208 2397491 2347541 2347542 2239348 2372516 2389166 2239348 2297593 2206018 2330892 2172718 2280966 2172718 2280942 2147770 2272617 2314264 2280943 2181043 2239328 2172757 2255997 2206039 2330891 2039570 2156071 2181043 2305940 2164432 2047894 2464090 2239318 2172720 2156069 2322567 2206024 2089477 2280942 2547340 2255968 2214377 2131117 2231014 2389167 2189368 2297592 2189403 2147743 2255968 2247643 2247642 2206018 2122769 2214343 2131094 2106119 2264293 2430791 1956273 2072820 2297594 2139432 2181043 2322566 2297617 2156109 2231026 2072822 2289267 2131110 2139462 2197701 2056171 2214343 2097821 2239318 2181043 2206046 2397491 2289268 2289293 2122804 2289267 2255967 2247643 2164393 2247643 2255968 2330912 2156070 2181043 2422466 2480741 2156069 2097796 2230993 2430791 2114444 2339216 2322567 2106119 2206033 2372517 2089470 2322567 2156099 2197694 2206053 2106119 2247642 2239318 2081147 2022870 2139434 2122769 2122769 2447441 2122809 2231025 2189369 2330891 2255967 2255967 2181044 2305937 2264294 2255990 2422466 2422468 2305917 2239331 2339217 2189368 2156069 2047847 2289268 2122771 2472418 2280942 2106119 2297616 2214367 2264295 2372516 2330892 2380842 2355883 2272618 2097843 2156069 2214343 2156069 2289277 2264293 2197693 2222701 2064494 2222701 2072824 2214377 2314264 2347541 2022870 2197694 2156069 2330892 2131094 2322567 2097794 2231016 1997901 2272624 2289267 2414141 2197729 2297592 2280943 2464090 2305917 2214343 2206018 2156068 2314264 2114444 2189369 2214343 2172736 2214343 2230993 2255968 2372516 2289268 2322586 2389166 2189369 1947946 2339236 2297593 2305940]
Requests Number (per Connection):  [298 262 258 281 269 272 270 278 253 262 259 261 240 257 279 283 258 275 267 273 255 272 262 262 292 257 274 272 281 271 265 278 250 273 264 272 276 269 268 254 259 274 267 258 243 253 259 273 251 246 238 284 269 269 245 257 269 262 276 268 254 254 267 255 274 253 269 264 265 275 282 266 271 273 261 255 235 256 257 275 251 288 252 273 261 257 254 249 277 284 259 270 264 236 276 269 261 256 262 266 284 288 282 282 269 285 287 269 276 265 280 261 274 261 274 258 273 278 274 262 269 261 271 265 280 245 259 262 277 260 246 296 269 261 259 279 265 251 274 306 271 266 256 268 287 263 276 263 258 271 270 270 265 255 266 256 253 272 292 235 249 276 257 262 279 276 259 268 249 275 256 257 264 247 266 252 269 262 265 288 275 275 255 275 271 270 260 270 271 280 259 262 291 298 259 252 268 292 254 281 279 253 265 285 251 279 259 264 265 253 270 269 250 243 257 255 255 294 255 268 263 280 271 271 262 277 272 271 291 291 277 269 281 263 259 246 275 255 297 274 253 276 266 272 285 280 286 283 273 252 259 266 259 275 272 264 267 248 267 249 266 278 282 243 264 259 280 256 279 252 268 240 273 275 290 264 276 274 296 277 266 265 259 278 254 263 266 261 266 268 271 285 275 279 287 263 234 281 276 277]
Requests/sec:  7939.093326822916 KB
Transfer/sec:  18797.971630859374 KB

