2023-12-05 05:14:18.812868736 +0800 CST m=+52759.656452913
Running 1m0s myx-test @ https://192.168.12.127:6443/api/v1/namespaces/myx-test/serviceaccounts
3 connections
Requests/bytes (per Connection):  [35978143 38813976 38121678]
Response/bytes (per Connection):  [48879059 52731680 51791192]
Requests Number (per Connection):  [5925 6392 6278]
Requests/sec:  1837.7896647135417 KB
Transfer/sec:  4334.565885416667 KB

2023-12-05 05:15:59.026385469 +0800 CST m=+52859.869969639
Running 1m0s myx-test @ https://192.168.12.127:6443/api/v1/namespaces/myx-test/serviceaccounts
6 connections
Requests/bytes (per Connection):  [34381154 35619894 34077630 32984504 35856687 33294243]
Response/bytes (per Connection):  [46709414 48392338 46296977 44811984 48714061 45232742]
Requests Number (per Connection):  [5662 5866 5612 5432 5905 5483]
Requests/sec:  3356.3494791666667 KB
Transfer/sec:  7916.2048828125 KB

2023-12-05 05:17:39.253720221 +0800 CST m=+52960.097304411
Running 1m0s myx-test @ https://192.168.12.127:6443/api/v1/namespaces/myx-test/serviceaccounts
9 connections
Requests/bytes (per Connection):  [30865321 30737792 31751931 32013080 32116257 29201529 29486958 30640628 29335137]
Response/bytes (per Connection):  [41932881 41759633 43137357 43492112 43632330 39672486 40060235 41627635 39853987]
Requests Number (per Connection):  [5083 5062 5229 5272 5289 4809 4856 5046 4831]
Requests/sec:  4494.606656901042 KB
Transfer/sec:  10600.867333984375 KB

2023-12-05 05:19:19.488086147 +0800 CST m=+53060.331670316
Running 1m0s myx-test @ https://192.168.12.127:6443/api/v1/namespaces/myx-test/serviceaccounts
15 connections
Requests/bytes (per Connection):  [21684097 23797223 24161583 23888316 24173733 23888316 22096995 24052189 24027877 21762996 24046204 21926961 21920888 23991453 23936814]
Response/bytes (per Connection):  [29459457 32330318 32825308 32454067 32841810 32454067 30020424 32676768 32643758 29566682 32668562 29789429 29781179 32594265 32520024]
Requests Number (per Connection):  [3571 3919 3979 3934 3981 3934 3639 3961 3957 3584 3960 3611 3610 3951 3942]
Requests/sec:  5686.127034505208 KB
Transfer/sec:  13411.161507161458 KB

2023-12-05 05:20:59.813315501 +0800 CST m=+53160.656899669
Running 1m0s myx-test @ https://192.168.12.127:6443/api/v1/namespaces/myx-test/serviceaccounts
30 connections
Requests/bytes (per Connection):  [13814479 12782115 13717303 13832648 13863083 13759844 12806415 13024947 14020817 12933944 14008671 13705031 12933928 13741509 13941932 13893366 13868996 13850777 13134345 14081545 13085709 13929786 13085761 14099760 13893288 14112056 12939979 13826541 13091838 13680741]
Response/bytes (per Connection):  [18767952 17365475 18635948 18792677 18833962 18693713 17398479 17695431 19048380 17571727 19031880 18619385 17571719 18668905 18941162 18875171 18842132 18817382 17843973 19130879 17777947 18924662 17777973 19155627 18875132 19172202 17579958 18784410 17786225 18586386]
Requests Number (per Connection):  [2275 2105 2259 2278 2283 2266 2109 2145 2309 2130 2307 2257 2130 2263 2296 2288 2284 2281 2163 2319 2155 2294 2155 2322 2288 2324 2131 2277 2156 2253]
Requests/sec:  6631.854720052083 KB
Transfer/sec:  15641.731901041667 KB

2023-12-05 05:22:40.056354917 +0800 CST m=+53260.899939084
Running 1m0s myx-test @ https://192.168.12.127:6443/api/v1/namespaces/myx-test/serviceaccounts
60 connections
Requests/bytes (per Connection):  [7280647 7359594 7371732 7213848 7298866 7420278 7298866 7456760 7383884 7225990 7140972 7062025 7377779 7262430 7110609 7189554 6995226 7311010 7001301 6952715 7426395 7110609 7141020 6813040 7311012 7007374 6843403 7177410 7347448 7189586 7098481 7213846 7080256 7013457 7062099 7292793 7019576 7329231 6916333 7104540 7183517 7311002 7420278 7402089 7462799 7122755 7438541 7602462 7432456 6946722 7165264 6898064 7195627 6983152 7147091 7232065 7110607 7171337 6873768 7013453]
Response/bytes (per Connection):  [9891310 9998559 10015055 9800562 9916060 10081036 9916060 10130558 10031558 9817060 9701562 9594313 10023292 9866561 9660313 9767561 9503565 9932559 9511816 9445815 10089308 9660313 9701586 9256067 9932560 9520066 9297316 9751062 9982059 9767577 9643822 9800561 9619069 9528321 9594350 9907810 9536594 9957310 9396343 9652065 9759329 9932555 10081036 10056301 10138791 9676813 10105808 10328533 10097552 9437605 9734562 9371568 9775811 9487101 9709835 9825311 9660312 9742812 9338566 9528319]
Requests Number (per Connection):  [1199 1212 1214 1188 1202 1222 1202 1228 1216 1190 1176 1163 1215 1196 1171 1184 1152 1204 1153 1145 1223 1171 1176 1122 1204 1154 1127 1182 1210 1184 1169 1188 1166 1155 1163 1201 1156 1207 1139 1170 1183 1204 1222 1219 1229 1173 1225 1252 1224 1144 1180 1136 1185 1150 1177 1191 1171 1181 1132 1155]
Requests/sec:  7020.264388020833 KB
Transfer/sec:  16557.827115885415 KB

2023-12-05 05:24:20.298690133 +0800 CST m=+53361.142274316
Running 1m0s myx-test @ https://192.168.12.127:6443/api/v1/namespaces/myx-test/serviceaccounts
90 connections
Requests/bytes (per Connection):  [4208129 4572493 4390313 4517684 4408498 4481406 4420676 4359808 4408510 4542132 4578412 4153474 4335498 4408482 4687724 4311366 4523915 4535921 4299220 4602770 4335658 4651368 4366023 4408374 4347802 4256711 4584631 4408532 4280901 4426591 4396228 4457074 4529830 4341697 4578506 4341731 4590706 4165550 4706099 4262784 4475333 4238376 4335534 4359948 4396384 4408400 4475329 4578454 4450927 4699868 4438887 4432822 4347650 4384240 4305231 4432788 4250586 4329447 4317421 4535903 4220181 4335658 4341729 4414583 4572341 4596789 4584611 4208097 4274934 4505564 4475191 4408434 4511771 4536031 4329585 4353875 4481404 4487423 4396386 4554264 4359848 4390313 4390313 4317281 4590558 4317439 4821484 4542134 4311360 4250582]
Response/bytes (per Connection):  [5717020 6212012 5964517 6137686 5989250 6088266 6005766 5923197 5989256 6170764 6220185 5642771 5890188 5989242 6368684 5857268 6146015 6162445 5840768 6253218 5890268 6319225 5931518 5989188 5906767 5783019 6228508 5989267 5815968 6013937 5972688 6055246 6154186 5898501 6220232 5898518 6236759 5659236 6393512 5791269 6080016 5758211 5890206 5923267 5972766 5989201 6080014 6220206 6046959 6385183 6030512 6022266 5906691 5956267 5848987 6022249 5774743 5881949 5865509 6162436 5733473 5890268 5898517 5997506 6211936 6245014 6228498 5717004 5807771 6121199 6079945 5989218 6129516 6162500 5882018 5915017 6088265 6096488 5972767 6187257 5923217 5964517 5964517 5865439 6236685 5865518 6550261 6170765 5857265 5774741]
Requests Number (per Connection):  [693 753 723 744 726 738 728 718 726 748 754 684 714 726 772 710 745 747 708 758 714 766 719 726 716 701 755 726 705 729 724 734 746 715 754 715 756 686 775 702 737 698 714 718 724 726 737 754 733 774 731 730 716 722 709 730 700 713 711 747 695 714 715 727 753 757 755 693 704 742 737 726 743 747 713 717 738 739 724 750 718 723 723 711 756 711 794 748 710 700]
Requests/sec:  6482.04619140625 KB
Transfer/sec:  15288.3787109375 KB

2023-12-05 05:26:00.54706124 +0800 CST m=+53461.390645396
Running 1m0s myx-test @ https://192.168.12.127:6443/api/v1/namespaces/myx-test/serviceaccounts
150 connections
Requests/bytes (per Connection):  [2963208 2866116 2847829 2866202 2902480 2878204 2932941 2890336 2872137 2920853 2987500 2981427 2951220 2847941 3011828 2823533 3011790 2726471 3017903 2945105 2945111 3011950 2866144 2938918 2902480 2859971 2884263 3072656 3060434 2835835 2884269 2878220 2981585 2926882 2945005 2993687 2926772 2926880 2853898 2781182 2914782 3169684 2884401 2762857 2847825 2908711 2872239 2957135 2866080 2841910 3115169 2926930 2769036 2738671 2914784 3066581 2890492 2878290 3072596 2999644 2866176 3036082 2963282 2920699 2999644 2945043 2714319 3036158 2823533 2999644 3066447 3005717 2914718 2768960 3023986 2951164 3017863 3042291 2872275 3030141 2963278 2878190 2896427 2975360 2866044 3090847 2823693 2896465 2939074 2696162 3108960 2890492 2750765 2926904 3066447 2762963 2811547 2957137 2926772 2914674 2762805 2932977 3036082 2963260 2817480 2914626 2841908 2981559 2665655 2738655 2884261 2860127 2951062 2987516 3066495 2963276 2999804 2920811 2793168 2811409 3054383 2920699 2738639 2890336 2817576 2732600 2878210 2847971 3017921 2890492 3108956 2720312 3060372 2787225 3072518 2811387 2932845 2884339 2896505 2847825 2853958 2689953 2726415 2847891 2799243 2878318 2902556 2884261 3030063 2993731]
Response/bytes (per Connection):  [4025792 3893830 3869046 3893873 3943293 3910301 3984591 3926794 3902054 3968120 4058792 4050542 4009371 3869102 4091810 3836044 4091791 3704097 4100061 4001100 4001103 4091871 3893844 3992793 3943293 3885544 3918544 4174359 4157821 3852622 3918547 3910309 4050621 3976348 4001050 4067099 3976293 3976347 3877294 3778374 3959871 4306289 3918613 3753571 3869044 3951622 3902105 4017542 3893812 3860873 4232110 3976372 3761874 3720624 3959872 4166108 3926872 3910344 4174329 4075291 3893860 4124791 4025829 3968043 4075291 4001069 3687594 4124829 3836044 4075291 4166041 4083541 3959839 3761836 4108316 4009343 4100041 4133109 3902123 4116607 4025827 3910294 3935053 4042295 3893794 4199095 3836124 3935072 3992871 3662875 4223792 3926872 3737098 3976359 4166041 3753624 3819624 4017543 3976293 3959817 3753545 3984609 4124791 4025818 3827804 3959793 3860872 4050608 3621554 3720616 3918543 3885622 4009292 4058800 4166065 4025826 4075371 3968099 3794794 3819555 4149582 3968043 3720608 3926794 3827852 3712375 3910304 3869117 4100070 3926872 4223790 3695804 4157790 3786609 4174290 3819544 3984543 3918582 3935092 3869044 3877324 3654557 3704069 3869077 3803045 3910358 3943331 3918543 4116568 4067121]
Requests Number (per Connection):  [488 472 469 472 478 474 483 476 473 481 492 491 486 469 496 465 496 449 497 485 485 496 472 484 478 471 475 506 504 467 475 474 491 482 485 493 482 482 470 458 480 522 475 455 469 479 473 487 472 468 513 482 456 451 480 505 476 474 506 494 472 500 488 481 494 485 447 500 465 494 505 495 480 456 498 486 497 501 473 499 488 474 477 490 472 509 465 477 484 444 512 476 453 482 505 455 463 487 482 480 455 483 500 488 464 480 468 491 439 451 475 471 486 492 505 488 494 481 460 463 503 481 451 476 464 450 474 469 497 476 512 448 504 459 506 463 483 475 477 469 470 443 449 469 461 474 478 475 499 493]
Requests/sec:  7107.255240885416 KB
Transfer/sec:  16762.985921223957 KB

2023-12-05 05:27:40.856658047 +0800 CST m=+53561.700242225
Running 1m0s myx-test @ https://192.168.12.127:6443/api/v1/namespaces/myx-test/serviceaccounts
300 connections
Requests/bytes (per Connection):  [1615224 1572777 1590940 1694151 1657715 1754901 1791317 1669859 1639496 1760952 1603064 1730589 1773098 1669913 1754879 1651696 1505894 1651642 1700264 1621343 1736660 1675932 1645567 1584839 1718477 1530266 1657751 1487675 1548407 1682051 1694151 1760956 1736660 1669859 1682005 1669861 1682053 1700266 1609131 1651698 1627414 1712368 1560609 1706333 1603130 1675980 1675932 1639496 1627370 1706333 1542330 1590918 1603130 1609131 1718477 1584919 1560549 1657715 1718441 1596997 1809534 1651646 1590916 1560549 1560549 1596987 1773114 1845972 1779171 1797398 1669859 1742733 1609199 1657733 1712406 1657713 1609187 1767025 1663786 1736662 1621277 1706335 1694155 1645625 1639500 1700230 1548403 1688078 1736662 1821680 1663786 1706295 1657715 1742761 1669859 1615204 1590990 1633423 1700264 1718443 1596985 1609131 1518070 1651640 1481606 1657765 1645567 1809534 1645627 1651640 1785244 1688078 1809534 1845964 1627374 1548403 1767025 1767025 1584841 1760950 1694151 1760952 1669909 1694151 1566630 1627362 1651682 1657713 1639496 1621343 1724518 1754879 1627354 1590990 1609131 1645627 1669859 1584875 1524113 1706297 1590912 1627352 1651640 1584839 1669913 1809540 1542330 1809536 1554476 1657715 1566622 1663840 1578816 1688078 1505908 1597051 1730619 1694151 1657715 1773114 1724516 1809534 1566706 1590914 1748830 1639556 1603092 1663786 1706313 1578768 1718443 1785242 1706325 1724548 1621281 1742733 1615204 1645567 1596985 1706295 1754879 1754879 1845964 1609203 1682009 1827753 1566706 1566622 1706297 1590914 1639494 1609131 1724548 1700224 1694151 1712370 1548407 1603060 1560609 1663828 1639494 1700224 1627382 1669909 1748810 1584841 1663786 1675932 1639516 1639496 1657715 1694151 1748830 1663788 1675934 1669859 1682005 1663814 1742733 1578804 1548493 1675938 1724516 1542330 1700224 1736662 1742733 1669859 1536257 1530282 1742733 1669859 1724516 1773098 1590988 1712368 1694151 1663788 1596985 1712370 1657715 1645621 1760952 1712370 1627416 1773108 1688078 1724514 1748806 1633485 1779185 1694151 1669859 1724532 1712370 1760952 1663786 1688078 1742733 1572759 1730619 1833826 1639556 1542334 1742733 1639516 1675934 1694151 1730587 1596985 1639554 1791315 1524145 1852045 1718441 1578768 1700226 1730601 1651640 1548403 1548403 1627350 1530184 1633423 1748806 1742733 1675966 1645569 1560553 1688082 1706295 1566682 1584839 1688122 1578824 1572695 1584843 1657769 1748806 1603130]
Response/bytes (per Connection):  [2194403 2136685 2161407 2301642 2252143 2384152 2433641 2268642 2227393 2392391 2177896 2351142 2408891 2268669 2384141 2243920 2045895 2243893 2309912 2202676 2359391 2276892 2235642 2153143 2334659 2078935 2252161 2021145 2103646 2285165 2301642 2392393 2359391 2268642 2285142 2268643 2285166 2309913 2186143 2243921 2210925 2326391 2120174 2318160 2177929 2276916 2276892 2227393 2210903 2318160 2095394 2161396 2177929 2186143 2334659 2153183 2120144 2252143 2334641 2169649 2458390 2243895 2161395 2120144 2120144 2169644 2408899 2507890 2417141 2441895 2268642 2367641 2186177 2252152 2326410 2252142 2186171 2400641 2260392 2359392 2202643 2318161 2301644 2235671 2227395 2309895 2103644 2293392 2359392 2474890 2260392 2318141 2252143 2367655 2268642 2194393 2161432 2219143 2309912 2334642 2169643 2186143 2062410 2243892 2012897 2252168 2235642 2458390 2235672 2243892 2425391 2293392 2458390 2507886 2210905 2103644 2400641 2400641 2153144 2392390 2301642 2392391 2268667 2301642 2128398 2210899 2243913 2252142 2227393 2202676 2342893 2384141 2210895 2161432 2186143 2235672 2268642 2153161 2070645 2318142 2161393 2210894 2243892 2153143 2268669 2458393 2095394 2458391 2111894 2252143 2128394 2260419 2144918 2293392 2045902 2169676 2351157 2301642 2252143 2408899 2342892 2458390 2128436 2161394 2375903 2227423 2177910 2260392 2318150 2144894 2334642 2425390 2318156 2342908 2202645 2367641 2194393 2235642 2169643 2318141 2384141 2384141 2507886 2186179 2285144 2483140 2128436 2128394 2318142 2161394 2227392 2186143 2342908 2309892 2301642 2326392 2103646 2177894 2120174 2260413 2227392 2309892 2210909 2268667 2375893 2153144 2260392 2276892 2227403 2227393 2252143 2301642 2375903 2260393 2276893 2268642 2285142 2260406 2367641 2144912 2103689 2276895 2342892 2095394 2309892 2359392 2367641 2268642 2087144 2078943 2367641 2268642 2342892 2408891 2161431 2326391 2301642 2260393 2169643 2326392 2252143 2235669 2392391 2326392 2210926 2408896 2293392 2342891 2375891 2219174 2417148 2301642 2268642 2342900 2326392 2392391 2260392 2293392 2367641 2136676 2351157 2491390 2227423 2095396 2367641 2227403 2276893 2301642 2351141 2169643 2227422 2433640 2070661 2516140 2334641 2144894 2309893 2351148 2243892 2103644 2103644 2210893 2078894 2219143 2375891 2367641 2276909 2235643 2120146 2293394 2318141 2128424 2153143 2293414 2144922 2136644 2153145 2252170 2375891 2177929]
Requests Number (per Connection):  [266 259 262 279 273 289 295 275 270 290 264 285 292 275 289 272 248 272 280 267 286 276 271 261 283 252 273 245 255 277 279 290 286 275 277 275 277 280 265 272 268 282 257 281 264 276 276 270 268 281 254 262 264 265 283 261 257 273 283 263 298 272 262 257 257 263 292 304 293 296 275 287 265 273 282 273 265 291 274 286 267 281 279 271 270 280 255 278 286 300 274 281 273 287 275 266 262 269 280 283 263 265 250 272 244 273 271 298 271 272 294 278 298 304 268 255 291 291 261 290 279 290 275 279 258 268 272 273 270 267 284 289 268 262 265 271 275 261 251 281 262 268 272 261 275 298 254 298 256 273 258 274 260 278 248 263 285 279 273 292 284 298 258 262 288 270 264 274 281 260 283 294 281 284 267 287 266 271 263 281 289 289 304 265 277 301 258 258 281 262 270 265 284 280 279 282 255 264 257 274 270 280 268 275 288 261 274 276 270 270 273 279 288 274 276 275 277 274 287 260 255 276 284 254 280 286 287 275 253 252 287 275 284 292 262 282 279 274 263 282 273 271 290 282 268 292 278 284 288 269 293 279 275 284 282 290 274 278 287 259 285 302 270 254 287 270 276 279 285 263 270 295 251 305 283 260 280 285 272 255 255 268 252 269 288 287 276 271 257 278 281 258 261 278 260 259 261 273 288 264]
Requests/sec:  8133.420556640625 KB
Transfer/sec:  19183.28484700521 KB

