2023-12-05 06:38:56.82457344 +0800 CST m=+57837.668157615
Running 1m0s myx-test @ https://192.168.12.127:6443/api/v1/namespaces/myx-test/services
3 connections
Requests/bytes (per Connection):  [37138236 34755538 33831578]
Response/bytes (per Connection):  [53196293 49783384 48459990]
Requests Number (per Connection):  [6110 5718 5566]
Requests/sec:  1720.790234375 KB
Transfer/sec:  4185.628564453125 KB

2023-12-05 06:40:37.056482002 +0800 CST m=+57937.900066171
Running 1m0s myx-test @ https://192.168.12.127:6443/api/v1/namespaces/myx-test/services
6 connections
Requests/bytes (per Connection):  [29157443 29747090 29394518 29789617 28008710 28020866]
Response/bytes (per Connection):  [41764757 42609290 42104331 42670224 40119267 40136672]
Requests Number (per Connection):  [4797 4894 4836 4901 4608 4610]
Requests/sec:  2833.9557942708334 KB
Transfer/sec:  6893.274495442708 KB

2023-12-05 06:42:17.301842272 +0800 CST m=+58038.145426473
Running 1m0s myx-test @ https://192.168.12.127:6443/api/v1/namespaces/myx-test/services
9 connections
Requests/bytes (per Connection):  [22374025 23328410 23364862 22677941 23917999 22471257 23249331 23814622 23796423]
Response/bytes (per Connection):  [32048330 33415324 33467529 32483663 34259808 32187630 33302061 34111794 34085688]
Requests Number (per Connection):  [3681 3838 3844 3731 3935 3697 3825 3918 3915]
Requests/sec:  3401.6092122395835 KB
Transfer/sec:  8274.034781901042 KB

2023-12-05 06:43:57.542878376 +0800 CST m=+58138.386462547
Running 1m0s myx-test @ https://192.168.12.127:6443/api/v1/namespaces/myx-test/services
15 connections
Requests/bytes (per Connection):  [15760949 15803438 16228954 15098460 15973772 16235035 15220034 16307979 15894619 15195722 15858309 15128855 15177417 15754830 16016313]
Response/bytes (per Connection):  [22575822 22636721 23246168 21626826 22880558 23254882 21800967 23359360 22767314 21766141 22715152 21670325 21739972 22567083 22941499]
Requests Number (per Connection):  [2593 2600 2670 2484 2628 2671 2504 2683 2615 2500 2609 2489 2497 2592 2635]
Requests/sec:  3835.52548828125 KB
Transfer/sec:  9329.483658854168 KB

2023-12-05 06:45:37.781059807 +0800 CST m=+58238.624643995
Running 1m0s myx-test @ https://192.168.12.127:6443/api/v1/namespaces/myx-test/services
30 connections
Requests/bytes (per Connection):  [8941113 8758755 8843909 8485322 9129556 9172109 8983710 8989787 8740512 8558148 8612905 9038403 9044478 9080940 8856011 8941117 9007982 9007980 9087005 9324012 8831747 9190322 8704044 8953273 9220739 8801328 9074849 8886452 8971508 8643318]
Response/bytes (per Connection):  [12807159 12545937 12667863 12154237 13077063 13137998 12868136 12876822 12519829 12258614 12337044 12946470 12955179 13007423 12685283 12807141 12902942 12902933 13016115 13355629 12650451 13164119 12467568 12824568 13207659 12606932 12998698 12728821 12850682 12380550]
Requests Number (per Connection):  [1471 1441 1455 1396 1502 1509 1478 1479 1438 1408 1417 1487 1488 1494 1457 1471 1482 1482 1495 1534 1453 1512 1432 1473 1517 1448 1493 1462 1476 1422]
Requests/sec:  4360.04775390625 KB
Transfer/sec:  10605.325504557291 KB

2023-12-05 06:47:18.058215567 +0800 CST m=+58338.901799749
Running 1m0s myx-test @ https://192.168.12.127:6443/api/v1/namespaces/myx-test/services
60 connections
Requests/bytes (per Connection):  [5251602 5519070 5166498 5342785 5324550 5300234 5233365 5379257 5196897 5269839 5433966 5318519 5367101 5452203 5361058 5610253 5136109 5281997 5166500 5452203 5361022 5433966 5476519 5093552 5421810 5184735 5087475 5549465 4947816 5130026 5324552 5555516 5130030 5421810 5348904 5294153 5373180 5397518 5209051 5409672 5318521 5494748 5373180 5275982 5330627 5458282 5160463 5300232 5312390 5306311 5209051 5269841 5330627 5446134 5470440 5367099 5391415 5379287 5470440 5421810]
Response/bytes (per Connection):  [7522351 7905441 7400448 7652933 7626835 7591991 7496220 7705184 7443975 7548474 7783556 7618140 7687771 7809671 7679094 8036037 7356918 7565872 7400457 7809671 7679072 7783544 7844497 7295953 7766133 7426601 7287265 7948984 7087097 7348241 7626818 7957673 7348197 7766127 7661666 7583299 7696476 7731319 7461389 7748729 7618141 7870612 7696478 7557199 7635541 7818378 7391789 7592018 7609406 7600725 7461403 7548455 7635535 7800965 7835790 7687786 7722590 7705209 7835790 7766129]
Requests Number (per Connection):  [864 908 850 879 876 872 861 885 855 867 894 875 883 897 882 923 845 869 850 897 882 894 901 838 892 853 837 913 814 844 876 914 844 892 880 871 884 888 857 890 875 904 884 868 877 898 849 872 874 873 857 867 877 896 900 883 887 885 900 892]
Requests/sec:  5205.105110677084 KB
Transfer/sec:  12660.835221354168 KB

2023-12-05 06:48:58.293675507 +0800 CST m=+58439.137259691
Running 1m0s myx-test @ https://192.168.12.127:6443/api/v1/namespaces/myx-test/services
90 connections
Requests/bytes (per Connection):  [4200079 4023848 4169722 4029807 4181784 4200131 4224285 4187971 4029823 4236443 4139341 3999464 4181882 4048076 4230528 4023792 4230418 4248759 4011678 4151453 4036002 4175817 4145420 4072334 4260783 3987372 4023844 4127187 4169646 4242680 4108946 4133166 4042033 4133262 4127183 4260867 4005611 4114973 4279132 4139317 4066349 4224299 4041979 4266836 4133266 4133146 4169594 4102743 4108946 4072378 4005595 4102809 4084630 4218294 4035952 4163579 4042083 4011568 4400702 4279034 4054203 3993453 4114997 4254838 3993449 4181892 4078557 4133264 4145406 4175813 4218366 4121028 4078549 4048106 4090647 4011640 4108946 4102733 4260921 4078457 4163655 3975110 4145324 4121104 4181878 4279124 4224357 4145408 4254754 4139283]
Response/bytes (per Connection):  [6016112 5763695 5972600 5772316 5989962 6016146 6050911 5998775 5772338 6068319 5929130 5728797 5990021 5798475 6059678 5763657 6059649 6085828 5746257 5946467 5781119 5981321 5937839 5833248 6103163 5711436 5763699 5911662 5972560 6077123 5885571 5920351 5789778 5920427 5911720 6103175 5737526 5894258 6129362 5929060 5824578 6050914 5789751 6111859 5920369 5920337 5972560 5876794 5885573 5833284 5737528 5876805 5850773 6042266 5781070 5963857 5789817 5746192 6303499 6129269 5807174 5720164 5894234 6094521 5720164 5990046 5842011 5920372 5937772 5981371 6042318 5902909 5842039 5798452 5859391 5746218 5885587 5876781 6103214 5841991 5963959 5693952 5937765 5902997 5990045 6129318 6050915 5937773 6094453 5929081]
Requests Number (per Connection):  [691 662 686 663 688 691 695 689 663 697 681 658 688 666 696 662 696 699 660 683 664 687 682 670 701 656 662 679 686 698 676 680 665 680 679 701 659 677 704 681 669 695 665 702 680 680 686 675 676 670 659 675 672 694 664 685 665 660 724 704 667 657 677 700 657 688 671 680 682 687 694 678 671 666 673 660 676 675 701 671 685 654 682 678 688 704 695 682 700 681]
Requests/sec:  6052.635139973959 KB
Transfer/sec:  14722.355403645834 KB

2023-12-05 06:50:38.592827488 +0800 CST m=+58539.436411723
Running 1m0s myx-test @ https://192.168.12.127:6443/api/v1/namespaces/myx-test/services
150 connections
Requests/bytes (per Connection):  [2881034 2929664 2765535 3026924 2723140 2820244 2826389 2881172 3008805 2935855 2881126 2887237 2838481 2777801 2844686 2717063 2899427 2875113 2832402 2777781 2905452 2808214 2941866 2826323 2832484 2789939 2741377 2941836 2765535 2911465 3051260 2704865 2783832 2808088 2783772 2862861 3026924 2875093 2850761 2692681 2753445 2595479 2777851 2954126 2990466 3008687 2741219 2735140 2941822 2765655 2832520 2765641 2735300 2838481 2875113 2796078 2905348 2923583 2887189 2899427 2911551 2862797 2862801 2929664 2929664 2729221 2862901 2826345 2838515 2802009 2960057 2935743 2826441 2698826 2893190 2850639 2832560 2747458 2838639 2953980 2753397 2960215 2917506 2759572 2862797 2704771 2783824 2862797 3002610 2832402 2692653 2820306 2984407 2777749 2941900 2887113 2783894 2796086 2881034 2911579 2826323 2741379 2826455 2741221 2844560 2917610 2820404 2844718 2826347 3033047 2917662 2917506 2789969 2832474 2808208 2820284 2929678 2662196 2923585 2723086 2844560 2747298 2874953 2820244 2850637 2814323 2753377 2771738 2875113 2765595 2972259 2929678 2960217 2802041 2972237 2899421 2747298 2960057 2717061 2899319 2820244 2650108 2808086 2923743 2881034 2856744 2844560 2808210 2935741 2978300]
Response/bytes (per Connection):  [4126780 4196461 3961366 4335771 3900528 4039720 4048460 4126915 4309741 4205232 4126906 4135585 4065871 3978894 4074639 3891818 4153025 4118198 4057138 3978824 4161689 4022438 4213885 4048419 4057179 3996240 3926663 4213866 3961364 4170399 4370595 3874418 3987565 4022305 3987481 4100767 4335741 4118180 4083386 3856929 3944038 3717710 3978893 4231382 4283525 4309658 3926546 3917819 4213859 3961486 4057219 3961427 3917947 4065839 4118196 4005031 4161615 4187745 4135539 4153039 4170412 4100663 4100703 4196433 4196435 3909266 4100793 4048432 4065856 4013588 4239991 4205192 4048554 3865715 4144195 4083249 4057261 3935371 4065968 4231277 3943952 4240084 4179025 3952775 4100661 3874295 3987557 4100663 4300922 4057132 3856959 4039811 4274828 3978850 4213902 4135535 3987574 4005019 4126790 4170450 4048447 3926644 4048521 3926539 4074574 4179151 4039850 4074675 4048479 4344496 4179147 4179025 3996311 4057172 4022395 4039786 4196494 3813359 4187734 3900475 4074552 3935249 4118084 4039750 4083250 4031126 3943956 3970157 4118196 3961384 4257419 4196488 4240089 4013658 4257456 4153034 3935247 4240009 3891823 4152995 4039724 3795960 4022314 4187849 4126782 4092019 4074556 4022436 4205139 4266145]
Requests Number (per Connection):  [474 482 455 498 448 464 465 474 495 483 474 475 467 457 468 447 477 473 466 457 478 462 484 465 466 459 451 484 455 479 502 445 458 462 458 471 498 473 469 443 453 427 457 486 492 495 451 450 484 455 466 455 450 467 473 460 478 481 475 477 479 471 471 482 482 449 471 465 467 461 487 483 465 444 476 469 466 452 467 486 453 487 480 454 471 445 458 471 494 466 443 464 491 457 484 475 458 460 474 479 465 451 465 451 468 480 464 468 465 499 480 480 459 466 462 464 482 438 481 448 468 452 473 464 469 463 453 456 473 455 489 482 487 461 489 477 452 487 447 477 464 436 462 481 474 470 468 462 483 490]
Requests/sec:  6949.830696614584 KB
Transfer/sec:  16904.683430989582 KB

2023-12-05 06:52:18.874543859 +0800 CST m=+58639.718128029
Running 1m0s myx-test @ https://192.168.12.127:6443/api/v1/namespaces/myx-test/services
300 connections
Requests/bytes (per Connection):  [1483178 1549937 1683667 1519544 1641116 1586405 1574267 1780929 1604642 1568250 1549933 1616804 1659353 1829557 1592484 1628956 1501331 1446594 1726244 1616800 1476999 1470912 1489237 1507382 1707981 1592536 1556012 1543918 1635041 1720141 1604684 1720141 1647193 1458798 1653330 1726218 1701904 1543854 1525643 1556038 1689750 1489193 1592486 1653274 1404111 1501399 1489147 1598567 1629022 1665468 1665430 1586405 1501307 1628988 1598563 1519540 1586407 1695825 1732299 1756613 1622909 1537851 1695825 1549933 1568174 1647197 1744481 1647199 1683713 1501367 1635037 1556012 1707987 1677636 1604642 1598565 1568252 1628958 1616800 1519544 1629022 1562091 1531792 1659353 1653290 1665484 1671509 1635077 1434440 1622903 1714062 1580332 1489255 1483124 1525617 1416217 1683667 1422408 1513461 1501407 1647193 1629022 1695825 1568254 1665434 1586413 1507382 1635037 1477017 1513465 1774850 1641116 1610743 1787006 1549939 1604642 1665430 1689746 1653282 1586411 1659351 1683667 1665430 1762692 1671537 1562159 1726250 1768771 1519638 1471006 1562091 1586421 1549937 1683669 1665432 1537775 1495332 1610791 1665484 1574291 1574331 1458750 1653272 1507486 1665472 1513561 1574253 1568254 1647211 1622945 1616800 1507382 1598637 1513461 1556012 1604646 1470908 1470992 1720139 1501407 1604642 1519544 1531710 1653272 1556012 1568174 1513563 1665450 1464829 1598563 1580406 1568170 1543894 1647195 1428389 1556100 1677588 1604646 1616856 1647247 1513563 1610721 1592486 1586407 1586483 1635037 1476987 1501409 1495222 1519540 1519542 1410120 1513475 1592484 1701942 1622879 1592486 1562177 1501303 1495224 1768789 1543854 1659357 1513463 1574249 1683667 1671509 1531792 1531698 1720139 1738404 1671509 1701904 1549933 1677588 1635037 1574287 1531702 1695825 1458872 1641114 1537779 1677634 1622879 1568170 1519540 1604714 1586407 1574251 1507382 1592528 1598563 1495226 1489187 1671509 1653294 1671509 1665430 1519542 1586409 1568254 1574253 1580328 1562089 1531702 1689746 1531698 1707983 1574247 1592556 1556094 1495332 1653272 1635037 1592486 1635037 1641114 1549933 1489163 1543854 1525617 1495224 1592484 1768771 1628958 1707983 1513529 1543854 1604646 1586407 1464857 1525691 1701908 1659405 1622879 1604642 1495302 1513461 1598565 1574331 1671561 1635035 1556012 1543944 1598569 1604696 1628958 1659357 1531696 1489197 1416199 1501303 1641116 1513523 1543906 1562177 1628962 1665430 1543860 1616814]
Response/bytes (per Connection):  [2124425 2220101 2411665 2176581 2350731 2272384 2254964 2550986 2298473 2246310 2220147 2315893 2376846 2620634 2281077 2333302 2150488 2072144 2472640 2315893 2115654 2106921 2133104 2159159 2446514 2281087 2228820 2211444 2342014 2463919 2298516 2463917 2359449 2089569 2368189 2472629 2437792 2211432 2185312 2228863 2420370 2133102 2281088 2368139 2011192 2150536 2133041 2289772 2333359 2385573 2385566 2272358 2150456 2333326 2289772 2176591 2272365 2429095 2481327 2516160 2324619 2202771 2429073 2220135 2246230 2359427 2498763 2359420 2411718 2150498 2342008 2228818 2446491 2402982 2298489 2289769 2246281 2333319 2315917 2176577 2333365 2237537 2194056 2376846 2368153 2385577 2394279 2342038 2054682 2324616 2455216 2263650 2133123 2124406 2185297 2028584 2411669 2037361 2167876 2150542 2359447 2333345 2429081 2246304 2385548 2272372 2159167 2342008 2115681 2167874 2542275 2350727 2307213 2559682 2220132 2298501 2385568 2420374 2368141 2272357 2376859 2411675 2385552 2524865 2394269 2237567 2472637 2533572 2176644 2106988 2237543 2272378 2220107 2411690 2385553 2202697 2141837 2307239 2385589 2254970 2255012 2089553 2368150 2159245 2385581 2167938 2254943 2246296 2359446 2324659 2315889 2159167 2289821 2167882 2228832 2298477 2106931 2106965 2463920 2150528 2298475 2176571 2194017 2368156 2228852 2246238 2167949 2385560 2098252 2289772 2263691 2246260 2211456 2359438 2046007 2228884 2402964 2298467 2315927 2359470 2167941 2307196 2281068 2272387 2272423 2342020 2115642 2150537 2141760 2176585 2176572 2019894 2167893 2281089 2437823 2324610 2281064 2237578 2150470 2141789 2533579 2211416 2376838 2167867 2254953 2411665 2394255 2194066 2194031 2463926 2490047 2394253 2437788 2220113 2402962 2342012 2254976 2193993 2429093 2089596 2350716 2202699 2402995 2324624 2246236 2176589 2298539 2272381 2254930 2159163 2281089 2289782 2141762 2133079 2394269 2368147 2394263 2385560 2176572 2272354 2246282 2254939 2263674 2237528 2193985 2420382 2194031 2446501 2254938 2281105 2228895 2141831 2368144 2342012 2281074 2342012 2350712 2220147 2133071 2211406 2185323 2141753 2281073 2533564 2333317 2446501 2167908 2211414 2298471 2272375 2098244 2185324 2437786 2376868 2324602 2298489 2141792 2167916 2289779 2255002 2394283 2342037 2228820 2211481 2289771 2298522 2333315 2376846 2193990 2133110 2028609 2150458 2350725 2167933 2211458 2237602 2333309 2385562 2211409 2315908]
Requests Number (per Connection):  [244 255 277 250 270 261 259 293 264 258 255 266 273 301 262 268 247 238 284 266 243 242 245 248 281 262 256 254 269 283 264 283 271 240 272 284 280 254 251 256 278 245 262 272 231 247 245 263 268 274 274 261 247 268 263 250 261 279 285 289 267 253 279 255 258 271 287 271 277 247 269 256 281 276 264 263 258 268 266 250 268 257 252 273 272 274 275 269 236 267 282 260 245 244 251 233 277 234 249 247 271 268 279 258 274 261 248 269 243 249 292 270 265 294 255 264 274 278 272 261 273 277 274 290 275 257 284 291 250 242 257 261 255 277 274 253 246 265 274 259 259 240 272 248 274 249 259 258 271 267 266 248 263 249 256 264 242 242 283 247 264 250 252 272 256 258 249 274 241 263 260 258 254 271 235 256 276 264 266 271 249 265 262 261 261 269 243 247 246 250 250 232 249 262 280 267 262 257 247 246 291 254 273 249 259 277 275 252 252 283 286 275 280 255 276 269 259 252 279 240 270 253 276 267 258 250 264 261 259 248 262 263 246 245 275 272 275 274 250 261 258 259 260 257 252 278 252 281 259 262 256 246 272 269 262 269 270 255 245 254 251 246 262 291 268 281 249 254 264 261 241 251 280 273 267 264 246 249 263 259 275 269 256 254 263 264 268 273 252 245 233 247 270 249 254 257 268 274 254 266]
Requests/sec:  7775.416324869791 KB
Transfer/sec:  18912.81638997396 KB

