2023-12-05 15:43:55.070501138 +0800 CST m=+12185.577809010
Running 1m0s myx-test @ https://192.168.12.127:6443/apis/apps/v1/namespaces/myx-test/statefulsets
3 connections
Requests/bytes (per Connection):  [31023806 32844436 28353000]
Response/bytes (per Connection):  [49796059 52718322 45509162]
Requests Number (per Connection):  [4925 5214 4501]
Requests/sec:  1500.99677734375 KB
Transfer/sec:  3910.234130859375 KB

2023-12-05 15:45:35.34415235 +0800 CST m=+12285.851460227
Running 1m0s myx-test @ https://192.168.12.127:6443/apis/apps/v1/namespaces/myx-test/statefulsets
6 connections
Requests/bytes (per Connection):  [31219248 32737338 30923050 30312054 32302656 30324678]
Response/bytes (per Connection):  [50109744 52546421 49634333 48653625 51848720 48673885]
Requests Number (per Connection):  [4956 5197 4909 4812 5128 4814]
Requests/sec:  3056.950260416667 KB
Transfer/sec:  7963.635286458333 KB

2023-12-05 15:47:15.617394163 +0800 CST m=+12386.124702040
Running 1m0s myx-test @ https://192.168.12.127:6443/apis/apps/v1/namespaces/myx-test/statefulsets
9 connections
Requests/bytes (per Connection):  [28182910 27552926 28189206 26469520 27521428 26582876 28182904 26601816 27584584]
Response/bytes (per Connection):  [45236153 44224977 45246259 42486004 44174420 42667954 45236144 42698350 44275774]
Requests Number (per Connection):  [4474 4374 4475 4202 4369 4220 4474 4223 4379]
Requests/sec:  4018.03662109375 KB
Transfer/sec:  10467.353597005209 KB

2023-12-05 15:48:55.861381233 +0800 CST m=+12486.368689098
Running 1m0s myx-test @ https://192.168.12.127:6443/apis/apps/v1/namespaces/myx-test/statefulsets
15 connections
Requests/bytes (per Connection):  [19445736 20989170 20982874 20535646 20768682 20661582 19426966 21165570 19414254 21020668 20806478 19382794 20945072 19426904 20718282]
Response/bytes (per Connection):  [31212198 33689539 33679433 32961589 33335637 33163733 31182057 33972675 31161665 33740096 33396303 31111165 33618758 31181964 33254741]
Requests Number (per Connection):  [3087 3332 3331 3260 3297 3280 3084 3360 3082 3337 3303 3077 3325 3084 3289]
Requests/sec:  4975.434212239584 KB
Transfer/sec:  12961.462093098959 KB

2023-12-05 15:50:36.127816904 +0800 CST m=+12586.635124762
Running 1m0s myx-test @ https://192.168.12.127:6443/apis/apps/v1/namespaces/myx-test/statefulsets
30 connections
Requests/bytes (per Connection):  [10286694 10418910 10318112 9518194 10135512 9763844 10122820 9984246 9593750 10299256 9996982 10148110 10198418 9656728 10135502 10343362 10135578 10324512 10173326 10154468 10192160 9581154 9744988 9656728 9700812 10563964 9618996 10280472 9732302 10223750]
Response/bytes (per Connection):  [16511087 16723313 16561524 15277573 16268426 15671866 16248064 16025639 15398851 16531254 16046067 16288647 16369405 15499938 16268411 16602047 16268525 16571786 16329119 16298846 16359356 15378633 15641596 15499938 15570698 16956120 15439368 16501092 15621243 16410051]
Requests Number (per Connection):  [1633 1654 1638 1511 1609 1550 1607 1585 1523 1635 1587 1611 1619 1533 1609 1642 1609 1639 1615 1612 1618 1521 1547 1533 1540 1677 1527 1632 1545 1623]
Requests/sec:  4899.14794921875 KB
Transfer/sec:  12762.730029296876 KB

2023-12-05 15:52:16.4082352 +0800 CST m=+12686.915543061
Running 1m0s myx-test @ https://192.168.12.127:6443/apis/apps/v1/namespaces/myx-test/statefulsets
60 connections
Requests/bytes (per Connection):  [5587470 5751212 5581144 5675640 5442546 5303950 5247366 5600042 5549642 5694532 5499244 5492946 5707138 5669340 5423726 5448910 5688240 5644142 5492946 5518162 5587442 5612642 5618942 5845710 5518192 5524444 5726038 5600064 5543384 5625242 5618942 5732338 5732338 5669340 5600052 5461446 5278776 5656740 5379552 5612640 5763838 5625242 5625252 5763832 5795338 5845686 5562244 5461494 5669340 5322928 5555980 5448846 5549658 5549644 5486694 5681936 5694540 5625256 5726038 5751210]
Response/bytes (per Connection):  [8968399 9231224 8958248 9109922 8735787 8513329 8422495 8988581 8907685 9140246 8826792 8816683 9160479 9099810 8705571 8745995 9130146 9059365 8816683 8857155 8968357 9008805 9018917 9382901 8857200 8867240 9190815 8988614 8897636 9029029 9018917 9200927 9200927 9099810 8988596 8766123 8472920 9079586 8634676 9008802 9251487 9029029 9029044 9251478 9302047 9382865 8927912 8766195 9099810 8543782 8917854 8745899 8907709 8907688 8806643 9120028 9140258 9029050 9190815 9231221]
Requests Number (per Connection):  [887 913 886 901 864 842 833 889 881 904 873 872 906 900 861 865 903 896 872 876 887 891 892 928 876 877 909 889 880 893 892 910 910 900 889 867 838 898 854 891 915 893 893 915 920 928 883 867 900 845 882 865 881 881 871 902 904 893 909 913]
Requests/sec:  5460.084602864584 KB
Transfer/sec:  14224.020263671875 KB

2023-12-05 15:53:56.693340679 +0800 CST m=+12787.200648540
Running 1m0s myx-test @ https://192.168.12.127:6443/apis/apps/v1/namespaces/myx-test/statefulsets
90 connections
Requests/bytes (per Connection):  [4308740 4390534 4308744 4113344 3987450 4151150 4220548 4006354 4182748 4031554 4062970 4195300 4346544 4195250 4050452 4044068 4258346 4176374 4302442 4069352 4113450 4226782 4176448 4352840 4333854 4025194 4056734 4195344 4113450 4176446 4296104 4296016 4214248 4189038 4107152 4132298 4119696 3949654 4119748 4264510 3949602 4119746 4088246 4144948 4157548 4012650 4088250 4031552 4069290 4132346 4094548 4270908 4220418 4277102 4094548 4056714 4207944 4088176 4138650 4195344 4245746 4333846 4125954 4384274 4283542 4270942 4126050 4384280 4113450 4340172 4302330 4182710 4314908 4056742 4075648 4472536 4283542 4270946 3937006 4258348 4302386 3974832 4126050 4069260 4094552 4031552 3955956 4100798 4314882 4302440]
Response/bytes (per Connection):  [6915918 7047215 6915924 6602302 6400221 6662983 6774362 6430563 6713690 6471011 6521445 6733842 6976596 6733767 6501344 6491106 6835031 6703467 6905809 6531680 6602461 6784375 6703578 6986702 6956237 6460809 6511429 6733908 6602461 6703575 6895640 6895508 6764250 6723787 6592352 6632719 6612492 6339555 6612570 6844939 6339477 6612567 6562007 6653018 6673242 6440669 6562013 6471008 6531587 6632791 6572122 6855198 6774167 6865151 6572122 6511399 6754132 6561902 6642909 6733908 6814807 6956225 6622541 7037163 6875473 6855249 6622685 7037172 6602461 6966376 6905641 6713633 6925832 6511441 6541786 7178824 6875473 6855255 6319259 6835034 6905725 6379970 6622685 6531542 6572128 6471008 6349670 6582159 6925793 6905806]
Requests Number (per Connection):  [684 697 684 653 633 659 670 636 664 640 645 666 690 666 643 642 676 663 683 646 653 671 663 691 688 639 644 666 653 663 682 682 669 665 652 656 654 627 654 677 627 654 649 658 660 637 649 640 646 656 650 678 670 679 650 644 668 649 657 666 674 688 655 696 680 678 655 696 653 689 683 664 685 644 647 710 680 678 625 676 683 631 655 646 650 640 628 651 685 683]
Requests/sec:  6108.975911458333 KB
Transfer/sec:  15914.441861979167 KB

2023-12-05 15:55:37.068315399 +0800 CST m=+12887.575623266
Running 1m0s myx-test @ https://192.168.12.127:6443/apis/apps/v1/namespaces/myx-test/statefulsets
150 connections
Requests/bytes (per Connection):  [2765438 2620398 2746394 2847190 2784350 2796912 2708716 2683552 2784346 2803172 2727532 2626778 2803102 2910190 2847268 2746508 2796842 2859790 2859948 2733904 2803210 2758994 2746552 2777894 2601654 2759150 2922790 2695996 2633122 2589032 2633156 2444056 2708752 2847266 2614096 2866090 2721352 2689774 2652014 2759152 2853648 2752850 2689720 2903894 2828346 2626698 2626696 2582758 2872514 2904016 2733952 2777948 2859836 2840890 2752852 2733794 2796792 2752694 2570158 2708752 2740174 2576360 2796802 2683554 2626730 2507000 2828290 2796950 2727652 2645754 2651938 2708752 2778050 2715050 2840980 2859874 2727494 2708752 2683552 2771692 2626696 2828348 2639366 2910322 2557524 2601520 2683502 2595198 2777944 2721200 2784230 2639296 2815850 2733910 2790492 2809428 2815824 2759032 2576456 2759012 2752694 2809484 2670850 2746408 2683394 2752850 2551158 2803104 2803224 2948038 2790650 2582750 2601532 2614182 2752852 2664654 2765424 2866248 2740094 2891440 2652026 2778012 2702294 2853490 2658240 2696152 2532358 2878846 2664652 2866246 2790492 2733834 2708632 2658246 2746492 2771738 2733948 2670872 2809392 2822076 2683554 2652054 2633154 2815850 2620556 2765450 2840984 2544956 2569998 2601656]
Response/bytes (per Connection):  [4438775 4205989 4408223 4570009 4469129 4489296 4347734 4307340 4469123 4499348 4377944 4216221 4499243 4671129 4570126 4408394 4489191 4590233 4590470 4388164 4499405 4428447 4408460 4458783 4175887 4428681 4691353 4327330 4226399 4155630 4226450 3922940 4347788 4570123 4195874 4600345 4368012 4317335 4256723 4428684 4580358 4418569 4317254 4661023 4539757 4216101 4216098 4145557 4610643 4661206 4388236 4458864 4590302 4559897 4418572 4387999 4489116 4418335 4125333 4347788 4398231 4135298 4489131 4307343 4216149 4023976 4539673 4489353 4378124 4246671 4256609 4347788 4459017 4357897 4560032 4590359 4377887 4347788 4307340 4448818 4216098 4539760 4236427 4671327 4105058 4175686 4307265 4165541 4458858 4367784 4468949 4236322 4519689 4388173 4479004 4509394 4519650 4428504 4135442 4428474 4418335 4509478 4286963 4408244 4307103 4418569 4094847 4499246 4499426 4731873 4479241 4145545 4175704 4196003 4418572 4277007 4438754 4600582 4398111 4641018 4256741 4458960 4337439 4580121 4266724 4327564 4064661 4620803 4277004 4600579 4479004 4388059 4347608 4266733 4408370 4448887 4388230 4286996 4509340 4529690 4307343 4256783 4226447 4519689 4206226 4438793 4560038 4084882 4125093 4175890]
Requests Number (per Connection):  [439 416 436 452 442 444 430 426 442 445 433 417 445 462 452 436 444 454 454 434 445 438 436 441 413 438 464 428 418 411 418 388 430 452 415 455 432 427 421 438 453 437 427 461 449 417 417 410 456 461 434 441 454 451 437 434 444 437 408 430 435 409 444 426 417 398 449 444 433 420 421 430 441 431 451 454 433 430 426 440 417 449 419 462 406 413 426 412 441 432 442 419 447 434 443 446 447 438 409 438 437 446 424 436 426 437 405 445 445 468 443 410 413 415 437 423 439 455 435 459 421 441 429 453 422 428 402 457 423 455 443 434 430 422 436 440 434 424 446 448 426 421 418 447 416 439 451 404 408 413]
Requests/sec:  6671.436686197917 KB
Transfer/sec:  17379.704020182293 KB

2023-12-05 15:57:17.372016206 +0800 CST m=+12987.879324083
Running 1m0s myx-test @ https://192.168.12.127:6443/apis/apps/v1/namespaces/myx-test/statefulsets
300 connections
Requests/bytes (per Connection):  [1574788 1618888 1511910 1606290 1543290 1618888 1530730 1511792 1669356 1574790 1593690 1549594 1467820 1568494 1581090 1644088 1587388 1518090 1587390 1631486 1473996 1612588 1637868 1599992 1618888 1574790 1492990 1618898 1480292 1644090 1681886 1511848 1568504 1669286 1467696 1587460 1536994 1612592 1530716 1511802 1543294 1662988 1600080 1656690 1637788 1536994 1543290 1562226 1347998 1681954 1562252 1549594 1474126 1631568 1555986 1637786 1555894 1467696 1543290 1473992 1732288 1555900 1574794 1492962 1524394 1442494 1587472 1574794 1581140 1480290 1549588 1518160 1455092 1511912 1467696 1543338 1568524 1442576 1644164 1518102 1562194 1625192 1518206 1543290 1625188 1480360 1568564 1492892 1631488 1587460 1373198 1637868 1505494 1518114 1606288 1505586 1505494 1530772 1448796 1568584 1511792 1536990 1474124 1436214 1530690 1618888 1656686 1574788 1637868 1587404 1448792 1530690 1461396 1436198 1480292 1662986 1373230 1474060 1511790 1511866 1599988 1518090 1618888 1618974 1574790 1732284 1505490 1688186 1675654 1549644 1492896 1537004 1448796 1581142 1631488 1606288 1480292 1587388 1467692 1618888 1549590 1537102 1480296 1518188 1625188 1536990 1480292 1631486 1751198 1448794 1669290 1530804 1473996 1461408 1543290 1549594 1537070 1631486 1593750 1511866 1719684 1461456 1644152 1675586 1543298 1536990 1524460 1511794 1600010 1505490 1555890 1543354 1537050 1480388 1581188 1492896 1606330 1511792 1732284 1694490 1549670 1675586 1637848 1600038 1568538 1499192 1581090 1681886 1587388 1505584 1442608 1480296 1536990 1455152 1555890 1637790 1574790 1511868 1543354 1707144 1650398 1631486 1612588 1600012 1536990 1436212 1719684 1511790 1518096 1492928 1637788 1562194 1417294 1448792 1587398 1404704 1436196 1650388 1480290 1537002 1568558 1530690 1492896 1555888 1618888 1562248 1650392 1587388 1587422 1675586 1467692 1398442 1757484 1492894 1581164 1480292 1536990 1562190 1486592 1511790 1423594 1474124 1562188 1562276 1555890 1612588 1442494 1474082 1461420 1593688 1429898 1562190 1568494 1562190 1562190 1543400 1467692 1625188 1524394 1555892 1524390 1612588 1562220 1644088 1562188 1618888 1448792 1587470 1637788 1467692 1568494 1423634 1499292 1555908 1474088 1581116 1423606 1549606 1662986 1618928 1385830 1625188 1593688 1530690 1524438 1725984 1618888 1455094 1505492 1511792 1581106 1392226 1530792 1656690 1524482 1536990 1461478 1455094 1455162 1524394]
Response/bytes (per Connection):  [2527682 2598466 2426745 2578245 2477125 2598466 2456961 2426568 2679464 2527685 2558021 2487243 2355976 2517579 2537797 2638914 2547906 2436677 2547909 2618687 2365902 2588354 2628922 2568136 2598466 2527685 2396379 2598481 2376008 2638917 2699583 2426652 2517594 2679359 2355790 2548014 2467019 2588360 2456940 2426583 2477131 2669250 2568268 2659141 2628802 2467019 2477125 2507515 2163665 2699685 2507554 2487243 2366097 2618810 2497493 2628799 2497355 2355790 2477125 2365896 2780482 2497364 2527691 2396337 2446795 2315339 2548032 2527691 2537872 2376005 2487234 2436782 2335560 2426748 2355790 2477197 2517624 2315462 2639028 2436695 2507467 2608584 2436851 2477125 2608578 2376110 2517684 2396232 2618690 2548014 2204113 2628922 2416459 2436713 2578242 2416597 2416459 2457024 2325454 2517714 2426568 2467013 2366094 2305257 2456901 2598466 2659135 2527682 2628922 2547930 2325448 2456901 2345678 2305233 2376008 2669247 2204161 2365998 2426565 2426679 2568130 2436677 2598466 2598595 2527685 2780476 2416453 2709695 2689573 2487318 2396238 2467034 2325454 2537875 2618690 2578242 2376008 2547906 2355784 2598466 2487237 2467181 2376014 2436824 2608578 2467013 2376008 2618687 2810833 2325451 2679365 2457072 2365902 2345696 2477125 2487243 2467133 2618687 2558111 2426679 2760252 2345768 2639010 2689471 2477137 2467013 2446894 2426571 2568163 2416453 2497349 2477221 2467103 2376152 2537944 2396238 2578305 2426568 2780476 2719813 2487357 2689471 2628892 2568205 2517645 2406344 2537797 2699583 2547906 2416594 2315510 2376014 2467013 2335650 2497349 2628805 2527685 2426682 2477221 2740118 2649041 2618687 2588354 2568166 2467013 2305254 2760252 2426565 2436686 2396286 2628802 2507467 2274891 2325448 2547921 2254682 2305230 2649026 2376005 2467031 2517675 2456901 2396238 2497346 2598466 2507548 2649032 2547906 2547957 2689471 2355784 2244627 2820924 2396235 2537908 2376008 2467013 2507461 2386120 2426565 2285003 2366094 2507458 2507590 2497349 2588354 2315339 2366031 2345714 2558018 2295121 2507461 2517579 2507461 2507461 2477290 2355784 2608578 2446795 2497352 2446789 2588354 2507506 2638914 2507458 2598466 2325448 2548029 2628802 2355784 2517579 2285063 2406494 2497376 2366040 2537836 2285021 2487261 2669247 2598526 2224385 2608578 2558018 2456901 2446861 2770364 2598466 2335563 2416456 2426568 2537821 2234641 2457054 2659141 2446927 2467013 2345801 2335563 2335665 2446795]
Requests Number (per Connection):  [250 257 240 255 245 257 243 240 265 250 253 246 233 249 251 261 252 241 252 259 234 256 260 254 257 250 237 257 235 261 267 240 249 265 233 252 244 256 243 240 245 264 254 263 260 244 245 248 214 267 248 246 234 259 247 260 247 233 245 234 275 247 250 237 242 229 252 250 251 235 246 241 231 240 233 245 249 229 261 241 248 258 241 245 258 235 249 237 259 252 218 260 239 241 255 239 239 243 230 249 240 244 234 228 243 257 263 250 260 252 230 243 232 228 235 264 218 234 240 240 254 241 257 257 250 275 239 268 266 246 237 244 230 251 259 255 235 252 233 257 246 244 235 241 258 244 235 259 278 230 265 243 234 232 245 246 244 259 253 240 273 232 261 266 245 244 242 240 254 239 247 245 244 235 251 237 255 240 275 269 246 266 260 254 249 238 251 267 252 239 229 235 244 231 247 260 250 240 245 271 262 259 256 254 244 228 273 240 241 237 260 248 225 230 252 223 228 262 235 244 249 243 237 247 257 248 262 252 252 266 233 222 279 237 251 235 244 248 236 240 226 234 248 248 247 256 229 234 232 253 227 248 249 248 248 245 233 258 242 247 242 256 248 261 248 257 230 252 260 233 249 226 238 247 234 251 226 246 264 257 220 258 253 243 242 274 257 231 239 240 251 221 243 263 242 244 232 231 231 242]
Requests/sec:  7580.625618489584 KB
Transfer/sec:  19748.22674153646 KB

