2023-12-01 17:25:32.085439007 +0800 CST m=+3662.846279981
Running 1m0s myx-test @ https://192.168.12.127:6443/api/v1/namespaces/myx-test/configmaps
3 connections
Requests/bytes (per Connection):  [21124459 24265146 22536099]
Response/bytes (per Connection):  [30345193 34856776 32373007]
Requests Number (per Connection):  [2529 2905 2698]
Requests/sec:  1105.5615885416667 KB
Transfer/sec:  2693.6959635416665 KB

2023-12-01 17:27:43.076886722 +0800 CST m=+3793.837727702
Running 1m0s myx-test @ https://192.168.12.127:6443/api/v1/namespaces/myx-test/configmaps
6 connections
Requests/bytes (per Connection):  [29226762 31198043 30078755 29276880 31223102 30153935]
Response/bytes (per Connection):  [41984116 44815853 43208001 42056110 44851850 43315995]
Requests Number (per Connection):  [3499 3735 3601 3505 3738 3610]
Requests/sec:  2948.526643880208 KB
Transfer/sec:  7184.072298177083 KB

2023-12-01 17:29:54.057896354 +0800 CST m=+3924.818737342
Running 1m0s myx-test @ https://192.168.12.127:6443/api/v1/namespaces/myx-test/configmaps
9 connections
Requests/bytes (per Connection):  [23647032 25209023 24732907 23647033 25325963 23814088 25325963 24799729 24983494]
Response/bytes (per Connection):  [33968858 36212651 35528713 33968859 36380635 34208834 36380635 35624703 35888680]
Requests Number (per Connection):  [2831 3018 2961 2831 3032 2851 3032 2969 2991]
Requests/sec:  3604.902864583333 KB
Transfer/sec:  8783.330078125 KB

2023-12-01 17:32:04.951933285 +0800 CST m=+4055.712774257
Running 1m0s myx-test @ https://192.168.12.127:6443/api/v1/namespaces/myx-test/configmaps
15 connections
Requests/bytes (per Connection):  [16881189 15995783 15920609 16839427 16730838 16664016 16847780 15745199 16329901 16613898 16764251 15678376 15786962 16906250 16522016]
Response/bytes (per Connection):  [24249755 22977873 22869885 24189763 24033776 23937786 24201762 22617909 23457831 23865792 24081773 22521918 22677902 24285754 23733804]
Requests Number (per Connection):  [2021 1915 1906 2016 2003 1995 2017 1885 1955 1989 2007 1877 1890 2024 1978]
Requests/sec:  4007.5926920572915 KB
Transfer/sec:  9764.482063802083 KB

2023-12-01 17:34:16.010254946 +0800 CST m=+4186.771095918
Running 1m0s myx-test @ https://192.168.12.127:6443/api/v1/namespaces/myx-test/configmaps
30 connections
Requests/bytes (per Connection):  [8971003 8570066 8386302 8352890 8394654 8687006 8169126 8879123 8720416 8386302 8920886 8661945 8661946 8753828 8879121 8620183 8837354 9062887 8753827 8419714 8461478 8996062 8653594 8444772 8311126 8745476 9163121 8720418 8302775 8503243]
Response/bytes (per Connection):  [12886807 12310862 12046886 11998890 12058884 12478846 11734914 12754821 12526840 12046886 12814814 12442847 12442848 12574836 12754819 12382855 12694822 13018797 12574835 12094882 12154876 12922804 12430850 12130878 11938896 12562838 13162783 12526842 11926899 12214871]
Requests Number (per Connection):  [1074 1026 1004 1000 1005 1040 978 1063 1044 1004 1068 1037 1037 1048 1063 1032 1058 1085 1048 1008 1013 1077 1036 1011 995 1047 1097 1044 994 1018]
Requests/sec:  4221.8529296875 KB
Transfer/sec:  10286.526236979167 KB

2023-12-01 17:36:27.106106171 +0800 CST m=+4317.866947144
Running 1m0s myx-test @ https://192.168.12.127:6443/api/v1/namespaces/myx-test/configmaps
60 connections
Requests/bytes (per Connection):  [4744439 4543972 4418677 4660914 4711028 4644206 4351856 4702678 4527267 4585737 4527266 4335151 4518914 4493853 4602444 4543975 4435385 4527265 4535620 4535620 4719382 4460442 4569032 4619147 4552326 4619148 4468797 4502207 4543973 4535618 4569030 4602441 4719383 4585738 4711029 4535620 4368560 4518912 4635855 4460442 4543971 4560678 4669267 4368562 4552327 4443736 4477147 4585735 4694323 4560679 4602441 4535620 4552324 4535618 4543973 4493855 4660913 4452091 4652561 4468795]
Response/bytes (per Connection):  [6815367 6527396 6347411 6695382 6767372 6671382 6251422 6755376 6503399 6587391 6503398 6227425 6491400 6455401 6611390 6527399 6371411 6503397 6515398 6515398 6779372 6407406 6563394 6635385 6539396 6635386 6419407 6467401 6527397 6515396 6563392 6611387 6779373 6587392 6767373 6515398 6275418 6491398 6659385 6407406 6527395 6551394 6707381 6275420 6539397 6383408 6431403 6587389 6743375 6551395 6611387 6515398 6539394 6515396 6527397 6455403 6695381 6395409 6683383 6419405]
Requests Number (per Connection):  [568 544 529 558 564 556 521 563 542 549 542 519 541 538 551 544 531 542 543 543 565 534 547 553 545 553 535 539 544 543 547 551 565 549 564 543 523 541 555 534 544 546 559 523 545 532 536 549 562 546 551 543 545 543 544 538 558 533 557 535]
Requests/sec:  4446.581461588542 KB
Transfer/sec:  10834.0763671875 KB

2023-12-01 17:38:38.109273103 +0800 CST m=+4448.870114130
Running 1m0s myx-test @ https://192.168.12.127:6443/api/v1/namespaces/myx-test/configmaps
90 connections
Requests/bytes (per Connection):  [3508215 3407979 3483154 3433038 3324452 3524922 3491508 3566684 3324450 3366215 3391271 3541626 3324452 3399627 3374566 3566683 3508216 3441389 3316098 3499859 3533273 3307742 3575036 3299391 3282684 3499860 3466448 3433038 3433040 3299389 3366215 3382920 3382920 3566685 3382918 3249274 3499859 3474801 3508213 3182449 3441389 3491510 3399629 3407980 3441393 3374567 3416330 3474801 3508216 3591741 3508212 3324448 3324450 3391271 3282684 3433036 3458095 3416331 3307745 3583392 3483153 3416335 3433038 3391272 3449744 3341156 3466451 3316099 3491509 3332803 3549977 3391276 3249272 3399626 3382921 3466450 3424686 3391271 3366214 3566684 3357861 3558331 3566683 3449746 3291038 3433040 3374570 3474803 3366213 3433040]
Response/bytes (per Connection):  [5039535 4895547 5003536 4931544 4775560 5063534 5015536 5123526 4775558 4835553 4871547 5087530 4775560 4883549 4847550 5123525 5039536 4943541 4763560 5027533 5075531 4751558 5135524 4739561 4715562 5027534 4979538 4931544 4931546 4739559 4835553 4859550 4859550 5123527 4859548 4667568 5027533 4991537 5039533 4571575 4943541 5015538 4883551 4895548 4943545 4847551 4907544 4991537 5039536 5159521 5039532 4775556 4775558 4871547 4715562 4931542 4967539 4907545 4751561 5147526 5003535 4907549 4931544 4871548 4955542 4799556 4979541 4763561 5015537 4787557 5099527 4871552 4667566 4883548 4859551 4979540 4919546 4871547 4835552 5123526 4823553 5111527 5123525 4955544 4727562 4931546 4847554 4991539 4835551 4931546]
Requests Number (per Connection):  [420 408 417 411 398 422 418 427 398 403 406 424 398 407 404 427 420 412 397 419 423 396 428 395 393 419 415 411 411 395 403 405 405 427 405 389 419 416 420 381 412 418 407 408 412 404 409 416 420 430 420 398 398 406 393 411 414 409 396 429 417 409 411 406 413 400 415 397 418 399 425 406 389 407 405 415 410 406 403 427 402 426 427 413 394 411 404 416 403 411]
Requests/sec:  5014.860693359375 KB
Transfer/sec:  12218.686263020832 KB

2023-12-01 17:40:49.254034504 +0800 CST m=+4580.014875477
Running 1m0s myx-test @ https://192.168.12.127:6443/api/v1/namespaces/myx-test/configmaps
150 connections
Requests/bytes (per Connection):  [2188459 2138339 2213517 2305399 2338811 2213515 2138341 2196811 2188458 2155046 2155047 2071516 2138339 2238576 2113281 2054810 2079870 2121636 2121635 2079870 2171748 2121635 2205162 2188459 2246927 2322105 2054808 2071518 2088222 2121635 2163398 2113280 2104929 2138340 2288690 2129988 2054812 2129986 2104930 2146694 2180101 2255279 2113282 2238576 2305399 2213515 1929516 2155047 2330458 2071515 2196809 2221870 2054812 2163400 2088223 2163396 2029753 2038106 2054812 2138339 2138339 2180102 2155043 2155047 2180105 2297046 2063163 2255281 2129988 2230221 2205164 2129988 2280337 2129988 2205164 2038106 2163400 2146694 2188457 2180106 2330458 2113282 2271987 2221870 2138341 2297046 2138341 2146692 2205162 2063165 2255282 2255279 2322103 2246929 2338809 2155045 2071518 2146692 2213517 2213515 2155045 2246925 2180103 2188455 2246929 2280336 2188457 2155046 2104930 2355515 2313752 2138337 2121635 2129988 2138341 2271985 2146693 2146690 2046457 2238574 2138341 2146694 2046459 2129988 2013047 2171752 2063165 2129986 2221866 2071516 2188458 2180106 2196811 2079870 2079869 2205162 2221870 2121631 2104930 2146694 2230223 2088224 2213513 2104925 2188458 2205164 2221866 2063164 2263635 2305397]
Response/bytes (per Connection):  [3143711 3071715 3179707 3311695 3359691 3179705 3071717 3155709 3143710 3095714 3095715 2975724 3071715 3215704 3035719 2951726 2987724 3047720 3047719 2987724 3119708 3047719 3167706 3143711 3227701 3335693 2951724 2975726 2999722 3047719 3107712 3035718 3023721 3071716 3287694 3059718 2951728 3059716 3023722 3083716 3131707 3239699 3035720 3215704 3311695 3179705 2771742 3095715 3347692 2975723 3155707 3191706 2951728 3107714 2999723 3107710 2915731 2927730 2951728 3071715 3071715 3131708 3095711 3095715 3131711 3299696 2963725 3239701 3059718 3203703 3167708 3059718 3275695 3059718 3167708 2927730 3107714 3083716 3143709 3131712 3347692 3035720 3263699 3191706 3071717 3299696 3071717 3083714 3167706 2963727 3239702 3239699 3335691 3227703 3359689 3095713 2975726 3083714 3179707 3179705 3095713 3227699 3131709 3143707 3227703 3275694 3143709 3095714 3023722 3383687 3323694 3071713 3047719 3059718 3071717 3263697 3083715 3083712 2939727 3215702 3071717 3083716 2939729 3059718 2891733 3119712 2963727 3059716 3191702 2975724 3143710 3131712 3155709 2987724 2987723 3167706 3191706 3047715 3023722 3083716 3203705 2999724 3179703 3023717 3143710 3167708 3191702 2963726 3251701 3311693]
Requests Number (per Connection):  [262 256 265 276 280 265 256 263 262 258 258 248 256 268 253 246 249 254 254 249 260 254 264 262 269 278 246 248 250 254 259 253 252 256 274 255 246 255 252 257 261 270 253 268 276 265 231 258 279 248 263 266 246 259 250 259 243 244 246 256 256 261 258 258 261 275 247 270 255 267 264 255 273 255 264 244 259 257 262 261 279 253 272 266 256 275 256 257 264 247 270 270 278 269 280 258 248 257 265 265 258 269 261 262 269 273 262 258 252 282 277 256 254 255 256 272 257 257 245 268 256 257 245 255 241 260 247 255 266 248 262 261 263 249 249 264 266 254 252 257 267 250 265 252 262 264 266 247 271 276]
Requests/sec:  5291.251611328125 KB
Transfer/sec:  12892.111295572917 KB

2023-12-01 17:43:00.441087864 +0800 CST m=+4711.201928838
Running 1m0s myx-test @ https://192.168.12.127:6443/api/v1/namespaces/myx-test/configmaps
300 connections
Requests/bytes (per Connection):  [1219523 1169403 1161050 1286346 1294697 1102580 1445051 1269636 1261287 1227876 1294699 1311401 1219521 1186112 1144347 1186107 1135992 1186109 1186111 1328111 1244579 1378226 1194464 1319754 1311403 1219523 1202817 1303052 1186111 1252932 1194464 1236229 1311405 1361520 1269638 1219521 1194464 1319756 1236227 1319755 1294697 1286346 1319758 1286346 1361522 1303052 1378224 1453402 1127641 1244577 1336461 1244582 1419992 1311404 1211170 1286346 1219521 1303050 1303050 1328107 1261287 1294699 1303050 1236227 1169403 1211170 1219523 1294699 1353168 1161053 1177754 1236226 1177759 1369871 1361522 1328110 1244582 1277993 1261288 1303052 1227874 1294697 1286346 1311403 1252934 1277994 1378228 1211170 1227875 1186109 1311405 1328111 1219519 1294699 1361520 1269641 1219523 1353169 1311403 1303052 1261286 1186111 1211168 1336461 1194461 1378227 1277993 1227875 1378228 1261287 1261285 1336460 1336462 1252933 1269636 1303052 1269641 1319758 1311405 1403285 1294699 1202817 1194462 1211170 1319754 1403286 1294699 1177759 1227874 1186111 1236228 1236227 1219521 1261287 1428346 1436697 1244581 1202817 1277993 1269640 1252933 1311403 1261287 1236227 1353169 1311401 1319754 1261287 1211170 1311401 1286346 1294697 1344814 1227875 1161053 1227875 1319758 1236227 1328107 1303052 1303050 1303052 1303052 1294697 1369876 1319756 1244581 1252935 1361522 1311403 1211170 1219519 1286346 1303050 1361519 1369875 1303052 1261286 1277994 1186110 1369875 1478461 1161052 1294697 1336464 1227876 1336462 1261287 1277991 1236229 1186109 1453401 1478459 1236229 1277992 1403286 1303050 1169405 1369873 1361520 1336464 1344815 1085874 1328110 1135994 1244579 1303050 1236229 1227876 1311404 1261287 1177756 1252932 1369874 1202815 1319756 1311405 1328110 1219523 1261285 1252932 1353168 1244582 1361523 1244577 1161052 1411640 1252935 1353170 1211170 1319754 1328107 1294695 1311403 1269638 1211170 1202817 1361522 1127641 1403287 1319756 1244581 1277993 1394932 1236228 1269640 1161051 1286344 1194462 1244580 1378226 1202817 1227874 1369875 1328106 1244581 1236227 1319757 1336463 1386581 1219521 1219522 1269640 1261287 1202815 1244580 1261288 1261285 1419991 1328108 1261287 1294697 1269638 1344814 1244580 1303050 1311405 1169405 1344815 1403285 1378226 1470110 1328109 1311404 1194464 1277991 1311405 1277993 1328109 1252934 1244578 1194464 1361520 1202815 1294699 1369875 1319758 1328107 1361520 1252935]
Response/bytes (per Connection):  [1751839 1679843 1667844 1847830 1859827 1583852 2075809 1823828 1811833 1763838 1859829 1883823 1751837 1703844 1643849 1703839 1631848 1703841 1703843 1907825 1787833 1979816 1715842 1895822 1883825 1751839 1727841 1871828 1703843 1799832 1715842 1775837 1883827 1955818 1823830 1751837 1715842 1895824 1775835 1895823 1859827 1847830 1895826 1847830 1955820 1871828 1979814 2087806 1619851 1787831 1919821 1787836 2039812 1883826 1739840 1847830 1751837 1871826 1871826 1907821 1811833 1859829 1871826 1775835 1679843 1739840 1751839 1859829 1943820 1667847 1691840 1775834 1691845 1967815 1955820 1907824 1787836 1835831 1811834 1871828 1763836 1859827 1847830 1883825 1799834 1835832 1979818 1739840 1763837 1703841 1883827 1907825 1751835 1859829 1955818 1823833 1751839 1943821 1883825 1871828 1811832 1703843 1739838 1919821 1715839 1979817 1835831 1763837 1979818 1811833 1811831 1919820 1919822 1799833 1823828 1871828 1823833 1895826 1883827 2015813 1859829 1727841 1715840 1739840 1895822 2015814 1859829 1691845 1763836 1703843 1775836 1775835 1751837 1811833 2051812 2063809 1787835 1727841 1835831 1823832 1799833 1883825 1811833 1775835 1943821 1883823 1895822 1811833 1739840 1883823 1847830 1859827 1931820 1763837 1667847 1763837 1895826 1775835 1907821 1871828 1871826 1871828 1871828 1859827 1967820 1895824 1787835 1799835 1955820 1883825 1739840 1751835 1847830 1871826 1955817 1967819 1871828 1811832 1835832 1703842 1967819 2123803 1667846 1859827 1919824 1763838 1919822 1811833 1835829 1775837 1703841 2087805 2123801 1775837 1835830 2015814 1871826 1679845 1967817 1955818 1919824 1931821 1559854 1907824 1631850 1787833 1871826 1775837 1763838 1883826 1811833 1691842 1799832 1967818 1727839 1895824 1883827 1907824 1751839 1811831 1799832 1943820 1787836 1955821 1787831 1667846 2027814 1799835 1943822 1739840 1895822 1907821 1859825 1883825 1823830 1739840 1727841 1955820 1619851 2015815 1895824 1787835 1835831 2003814 1775836 1823832 1667845 1847828 1715840 1787834 1979816 1727841 1763836 1967819 1907820 1787835 1775835 1895825 1919823 1991817 1751837 1751838 1823832 1811833 1727839 1787834 1811834 1811831 2039811 1907822 1811833 1859827 1823830 1931820 1787834 1871826 1883827 1679845 1931821 2015813 1979816 2111806 1907823 1883826 1715842 1835829 1883827 1835831 1907823 1799834 1787832 1715842 1955818 1727839 1859829 1967819 1895826 1907821 1955818 1799835]
Requests Number (per Connection):  [146 140 139 154 155 132 173 152 151 147 155 157 146 142 137 142 136 142 142 159 149 165 143 158 157 146 144 156 142 150 143 148 157 163 152 146 143 158 148 158 155 154 158 154 163 156 165 174 135 149 160 149 170 157 145 154 146 156 156 159 151 155 156 148 140 145 146 155 162 139 141 148 141 164 163 159 149 153 151 156 147 155 154 157 150 153 165 145 147 142 157 159 146 155 163 152 146 162 157 156 151 142 145 160 143 165 153 147 165 151 151 160 160 150 152 156 152 158 157 168 155 144 143 145 158 168 155 141 147 142 148 148 146 151 171 172 149 144 153 152 150 157 151 148 162 157 158 151 145 157 154 155 161 147 139 147 158 148 159 156 156 156 156 155 164 158 149 150 163 157 145 146 154 156 163 164 156 151 153 142 164 177 139 155 160 147 160 151 153 148 142 174 177 148 153 168 156 140 164 163 160 161 130 159 136 149 156 148 147 157 151 141 150 164 144 158 157 159 146 151 150 162 149 163 149 139 169 150 162 145 158 159 155 157 152 145 144 163 135 168 158 149 153 167 148 152 139 154 143 149 165 144 147 164 159 149 148 158 160 166 146 146 152 151 144 149 151 151 170 159 151 155 152 161 149 156 157 140 161 168 165 176 159 157 143 153 157 153 159 150 149 143 163 144 155 164 158 159 163 150]
Requests/sec:  6246.721354166667 KB
Transfer/sec:  15220.109505208333 KB

