2023-12-03 01:54:54.356958187 +0800 CST m=+23249.634893560
Running 1m0s myx-test @ https://192.168.12.127:6443/apis/apps/v1/namespaces/myx-test/controllerrevisions
3 connections
Requests/bytes (per Connection):  [35282383 36756717 34126372]
Response/bytes (per Connection):  [50555095 52667605 48898696]
Requests Number (per Connection):  [4212 4388 4074]
Requests/sec:  1727.9536458333334 KB
Transfer/sec:  4203.887825520834 KB

2023-12-03 01:56:34.648170955 +0800 CST m=+23349.926106338
Running 1m0s myx-test @ https://192.168.12.127:6443/apis/apps/v1/namespaces/myx-test/controllerrevisions
6 connections
Requests/bytes (per Connection):  [26336173 27332946 27517236 26386370 26327743 26495255]
Response/bytes (per Connection):  [37736317 39164584 39428646 37808270 37724261 37964293]
Requests Number (per Connection):  [3144 3263 3285 3150 3143 3163]
Requests/sec:  2610.607470703125 KB
Transfer/sec:  6351.271061197916 KB

2023-12-03 01:58:15.024066157 +0800 CST m=+23450.302001535
Running 1m0s myx-test @ https://192.168.12.127:6443/apis/apps/v1/namespaces/myx-test/controllerrevisions
9 connections
Requests/bytes (per Connection):  [19643240 19375131 18872595 19676748 19065185 18512388 18914427 18629652 19056836]
Response/bytes (per Connection):  [28146210 27762069 27041973 28194222 27317961 26525848 27101935 26693876 27305986]
Requests Number (per Connection):  [2345 2313 2253 2349 2276 2210 2258 2224 2275]
Requests/sec:  2795.34833984375 KB
Transfer/sec:  6800.720735677083 KB

2023-12-03 01:59:55.346760132 +0800 CST m=+23550.624695509
Running 1m0s myx-test @ https://192.168.12.127:6443/apis/apps/v1/namespaces/myx-test/controllerrevisions
15 connections
Requests/bytes (per Connection):  [13327246 12590080 13235029 12539819 13084310 13318803 12732486 13050792 13101065 13168025 13209940 13218347 12950277 12456050 12581704]
Response/bytes (per Connection):  [19096212 18039958 18964109 17967941 18748122 19084143 18244006 18700100 18772129 18868097 18928142 18940175 18556073 17847912 18027956]
Requests Number (per Connection):  [1591 1503 1580 1497 1562 1590 1520 1558 1564 1572 1577 1578 1546 1487 1502]
Requests/sec:  3166.7313313802083 KB
Transfer/sec:  7704.248828125 KB

2023-12-03 02:01:35.697080105 +0800 CST m=+23650.975015482
Running 1m0s myx-test @ https://192.168.12.127:6443/apis/apps/v1/namespaces/myx-test/controllerrevisions
30 connections
Requests/bytes (per Connection):  [6332776 6240630 6148405 6232174 6173614 6341074 6215499 6366211 6131655 6140045 6257323 6274113 6533822 6307645 6282463 6165213 6207122 6198735 6106520 6123274 5997635 6533743 6081422 6148484 6039584 6449984 6148451 6006077 6433299 6357907]
Response/bytes (per Connection):  [9074032 8942000 8809889 8929918 8845976 9085956 8905991 9121971 8785887 8797903 8965945 8989987 9362102 9038023 9001963 8833949 8893988 8881975 8749874 8773880 8593851 9362023 8713898 8809968 8653930 9242004 8809935 8605919 9218067 9110041]
Requests Number (per Connection):  [756 745 734 744 737 757 742 760 732 733 747 749 780 753 750 736 741 740 729 731 716 780 726 734 721 770 734 717 768 759]
Requests/sec:  3043.211246744792 KB
Transfer/sec:  7403.739322916666 KB

2023-12-03 02:03:16.042121976 +0800 CST m=+23751.320057370
Running 1m0s myx-test @ https://192.168.12.127:6443/apis/apps/v1/namespaces/myx-test/controllerrevisions
60 connections
Requests/bytes (per Connection):  [3911932 3702470 3635420 3786278 3861670 3803032 3819709 3685694 3828158 3819745 3978868 4087768 3878345 3836468 3878424 3811389 3853237 3761069 3878345 3861592 3903476 3601967 3836477 3920302 3903555 3844895 3853294 3828085 3819757 3702477 3769445 3853294 3819707 3794637 3928637 3844837 3920301 3727623 3878424 3803012 3710886 3735943 3777872 3844838 3761103 3710853 3970491 3803019 3895099 3995653 3761068 3828105 3870016 3861599 3761148 3886722 3945423 3710886 3777822 3786199]
Response/bytes (per Connection):  [5605274 5305162 5209104 5425230 5533256 5449236 5473165 5281134 5485240 5473201 5701218 5857256 5557183 5497176 5557262 5461219 5521197 5389143 5557183 5533178 5593192 5161147 5497185 5617270 5593271 5509229 5521254 5485167 5473213 5305169 5401145 5521254 5473163 5437215 5629231 5509171 5617269 5341193 5557262 5449216 5317204 5353139 5413198 5509172 5389177 5317171 5689215 5449223 5581189 5725255 5389142 5485187 5545228 5533185 5389222 5569186 5653269 5317204 5413148 5425151]
Requests Number (per Connection):  [467 442 434 452 461 454 456 440 457 456 475 488 463 458 463 455 460 449 463 461 466 430 458 468 466 459 460 457 456 442 450 460 456 453 469 459 468 445 463 454 443 446 451 459 449 443 474 454 465 477 449 457 462 461 449 464 471 443 451 452]
Requests/sec:  3737.4440104166665 KB
Transfer/sec:  9092.71904296875 KB

2023-12-03 02:04:56.89749214 +0800 CST m=+23852.175427517
Running 1m0s myx-test @ https://192.168.12.127:6443/apis/apps/v1/namespaces/myx-test/controllerrevisions
90 connections
Requests/bytes (per Connection):  [2806180 2856442 2881574 2848067 2881555 2789428 2931836 2898328 2915082 2923459 2923458 2998809 2839669 2864820 3015545 2764278 2973720 2822934 2856443 2931834 3007171 2898328 2856444 2881573 2940213 2873197 2822934 2822899 3049080 3032356 2956966 2831312 2873197 2965343 2898328 2680525 2982097 2831306 2873187 3023982 2797805 2948589 2781051 2856414 2839690 2915082 2881574 2973720 2856402 2806174 2931836 2856402 2931797 2889945 2848066 2923416 2973675 2814559 2781051 2948590 2856424 2931785 2915082 2915081 2940161 2923459 2923410 3057489 3040735 2982096 2956916 2906705 2831313 2814559 2948588 2856424 3032356 2856442 2730789 2940181 2881553 2915033 2982041 2898326 2822898 2898328 2814522 2906703 2814559 2948551]
Response/bytes (per Connection):  [4020890 4092908 4128918 4080907 4128899 3996886 4200936 4152924 4176930 4188933 4188932 4296917 4068883 4104912 4320905 3960858 4260950 4044896 4092909 4200934 4308905 4152924 4092910 4128917 4212939 4116915 4044896 4044861 4368944 4344968 4236944 4056900 4116915 4248947 4152924 3840845 4272953 4056894 4116905 4332968 4008889 4224941 3984883 4092880 4068904 4176930 4128918 4260950 4092868 4020884 4200936 4092868 4200897 4140915 4080906 4188890 4260905 4032895 3984883 4224942 4092890 4200885 4176930 4176929 4212887 4188933 4188884 4380979 4356973 4272952 4236894 4164927 4056901 4032895 4224940 4092890 4344968 4092908 3912865 4212907 4128897 4176881 4272897 4152922 4044860 4152924 4032858 4164925 4032895 4224903]
Requests Number (per Connection):  [335 341 344 340 344 333 350 346 348 349 349 358 339 342 360 330 355 337 341 350 359 346 341 344 351 343 337 337 364 362 353 338 343 354 346 320 356 338 343 361 334 352 332 341 339 348 344 355 341 335 350 341 350 345 340 349 355 336 332 352 341 350 348 348 351 349 349 365 363 356 353 347 338 336 352 341 362 341 326 351 344 348 356 346 337 346 336 347 336 352]
Requests/sec:  4241.89853515625 KB
Transfer/sec:  10319.99072265625 KB

2023-12-03 02:06:37.368048369 +0800 CST m=+23952.645983744
Running 1m0s myx-test @ https://192.168.12.127:6443/apis/apps/v1/namespaces/myx-test/controllerrevisions
150 connections
Requests/bytes (per Connection):  [1851216 1842896 1842837 1725561 1834460 1666924 1951800 1809349 1826134 1775829 1943376 1809332 1759070 1909853 1700506 1834463 1767487 1775864 1809331 1859591 1784201 1859593 1792577 1725561 1826083 1901503 1951791 1817760 1742385 1834495 1767525 1750693 1742334 1708806 1867970 1792576 1909885 1867968 1809330 1800955 1775824 1876414 1876366 1867990 1784230 1935054 1683743 1834508 1784241 1809331 1784259 1834539 1876388 1851277 1801034 1792582 1809332 1809347 1884723 1826112 1893099 1742377 1675360 1800955 1725561 1733939 1775903 1834471 1717213 1675323 1859593 1742332 1742316 1809331 1750691 1817707 1867977 1851272 1809356 1859624 1826123 1826083 1784244 1868013 1842850 1784201 1943362 1650171 1968491 1683683 1893098 1876368 1708858 1826085 1842838 1708808 1918242 1784200 1775860 1809331 1767513 1692089 1842839 1775835 1918229 1759122 1725567 1767447 1784199 1742393 1733971 1859652 1784260 1884722 1826085 1708809 1784259 1834539 1935033 1759070 1851272 1868031 1918231 1683715 1834498 1750766 1842887 1834462 2018794 1784200 1817744 1926636 1759146 1809330 1893150 1650193 1842838 1750691 1692108 1733995 1759144 1901505 1842839 1742366 1834460 1867968 1834528 1876397 1733938 1767447]
Response/bytes (per Connection):  [2652562 2640616 2640557 2472517 2628554 2388498 2796658 2592565 2616602 2544541 2784608 2592548 2520530 2736581 2436584 2628557 2532573 2544576 2592547 2664563 2556539 2664565 2568541 2472517 2616551 2724605 2796649 2604602 2496593 2628589 2532611 2508527 2496542 2448510 2676568 2568540 2736613 2676566 2592546 2580545 2544536 2688638 2688590 2676588 2556568 2772660 2412569 2628602 2556579 2592547 2556597 2628633 2688612 2652623 2580624 2568546 2592548 2592563 2700573 2616580 2712575 2496585 2400560 2580545 2472517 2484521 2544615 2628565 2460543 2400523 2664565 2496540 2496524 2592547 2508525 2604549 2676575 2652618 2592572 2664596 2616591 2616551 2556582 2676611 2640570 2556539 2784594 2364493 2820601 2412509 2712574 2688592 2448562 2616553 2640558 2448512 2748596 2556538 2544572 2592547 2532599 2424541 2640559 2544547 2748583 2520582 2472523 2532533 2556537 2496601 2484553 2664624 2556598 2700572 2616553 2448513 2556597 2628633 2772639 2520530 2652618 2676629 2748585 2412541 2628592 2508600 2640607 2628556 2892660 2556538 2604586 2760616 2520606 2592546 2712626 2364515 2640558 2508525 2424560 2484577 2520604 2724607 2640559 2496574 2628554 2676566 2628622 2688621 2484520 2532533]
Requests Number (per Connection):  [221 220 220 206 219 199 233 216 218 212 232 216 210 228 203 219 211 212 216 222 213 222 214 206 218 227 233 217 208 219 211 209 208 204 223 214 228 223 216 215 212 224 224 223 213 231 201 219 213 216 213 219 224 221 215 214 216 216 225 218 226 208 200 215 206 207 212 219 205 200 222 208 208 216 209 217 223 221 216 222 218 218 213 223 220 213 232 197 235 201 226 224 204 218 220 204 229 213 212 216 211 202 220 212 229 210 206 211 213 208 207 222 213 225 218 204 213 219 231 210 221 223 229 201 219 209 220 219 241 213 217 230 210 216 226 197 220 209 202 207 210 227 220 208 219 223 219 224 207 211]
Requests/sec:  4416.689208984375 KB
Transfer/sec:  10745.231770833334 KB

2023-12-03 02:08:17.873070298 +0800 CST m=+24053.151005682
Running 1m0s myx-test @ https://192.168.12.127:6443/apis/apps/v1/namespaces/myx-test/controllerrevisions
300 connections
Requests/bytes (per Connection):  [1189489 1172754 1222973 1122504 1097374 1248113 1130805 1222996 1147564 1223024 1147556 1063839 1189519 1155938 1256472 1105750 1139214 1114048 1114058 1181142 1122425 1172686 1197886 1097311 1072242 1264912 1281633 1231387 1206228 1155984 1105671 1088978 1256465 1164342 1147630 1088980 1130867 1147634 1172757 1147555 1172686 1172696 1231325 1214622 1189449 1289985 1114122 1063832 1197817 1130801 1155943 1164389 1155949 1181098 1181082 1281657 1206273 1164311 1197817 1315159 1080619 1214633 1189520 1130802 1273288 1130804 1231350 1206269 1155962 1315140 1231325 1114085 1130881 1122434 1114127 1273210 1105701 1214650 1030358 1206273 1189449 1122440 1088956 1080580 1181142 1130844 1164325 1122441 1072242 1323481 988396 1197863 1072243 1197817 1047112 1181107 1206268 1072242 1189472 1239717 1122504 1155972 1080541 1147635 1055448 1248095 1189456 1072243 1181140 1156012 1097299 1130881 1147635 1189519 1214650 1122462 1114105 1189519 1172735 1080620 1030358 1181070 1072243 1122425 1172766 1097295 1139179 1080540 1155935 1189446 1164340 1222958 1197891 1097373 1139209 1097294 1206211 1197863 1256455 1248079 1080619 1122459 1147604 1122504 1097295 1088965 1105671 1097373 1172687 1130817 1164309 1080541 1097294 1206199 1005223 1181142 1139189 1130881 1080619 1105674 1080540 1130802 1214620 1214649 1172765 1256459 1214614 1080558 1222975 1181064 1130814 1047112 1105671 1181100 1147597 1197875 1038664 1122504 1130856 1222970 1130812 1214571 1139179 1164388 1214650 1172722 1373732 1223005 1155933 1105671 1172750 1139178 1248157 1105750 1197851 1197873 1122440 1114048 1097371 1206273 1298403 1147577 1130802 1223027 1088970 1097294 1256468 1063866 1155951 1172710 1155932 1189459 1147634 1147634 1231324 1122436 1172724 1172711 1231353 1197864 1156011 1189520 1122504 1197842 1172765 1172750 1038678 1130802 1181093 1164315 1281587 1231363 1147556 1164361 1114127 1147585 1021981 1164388 1189440 1181102 1122425 1197873 1231365 1206273 1239743 1147635 1072242 1306750 1130848 1147586 1264832 1172686 1047067 1248079 1105750 1130848 1172765 1097373 1164379 1164310 1172763 1189496 1214571 1164388 1231337 1097352 1021902 1172696 1156011 1197864 1114081 1155932 1181138 1214571 1088990 1172766 1172686 1189519 1222948 1290037 1197871 1222990 1172765 1080546 1105711 1139258 1206194 1273210 1172686 1155964 1139179 1214648 1172766 1088996 1164388 1130844 1223027 1114127 1155932 1231346]
Response/bytes (per Connection):  [1704381 1680394 1752369 1608388 1572380 1788387 1620315 1752392 1644326 1752420 1644318 1524341 1704411 1656326 1800372 1584382 1632350 1596306 1596316 1692408 1608309 1680326 1716404 1572317 1536370 1812438 1836411 1764409 1728372 1656372 1584303 1560358 1800365 1668356 1644392 1560360 1620377 1644396 1680397 1644317 1680326 1680336 1764347 1740392 1704341 1848389 1596380 1524334 1716335 1620311 1656331 1668403 1656337 1692364 1692348 1836435 1728417 1668325 1716335 1884441 1548373 1740403 1704412 1620312 1824440 1620314 1764372 1728413 1656350 1884422 1764347 1596343 1620391 1608318 1596385 1824362 1584333 1740420 1476356 1728417 1704341 1608324 1560336 1548334 1692408 1620354 1668339 1608325 1536370 1896389 1416264 1716381 1536371 1716335 1500362 1692373 1728412 1536370 1704364 1776365 1608388 1656360 1548295 1644397 1512324 1788369 1704348 1536371 1692406 1656400 1572305 1620391 1644397 1704411 1740420 1608346 1596363 1704411 1680375 1548374 1476356 1692336 1536371 1608309 1680406 1572301 1632315 1548294 1656323 1704338 1668354 1752354 1716409 1572379 1632345 1572300 1728355 1716381 1800355 1788353 1548373 1608343 1644366 1608388 1572301 1560345 1584303 1572379 1680327 1620327 1668323 1548295 1572300 1728343 1440343 1692408 1632325 1620391 1548373 1584306 1548294 1620312 1740390 1740419 1680405 1800359 1740384 1548312 1752371 1692330 1620324 1500362 1584303 1692366 1644359 1716393 1488288 1608388 1620366 1752366 1620322 1740341 1632315 1668402 1740420 1680362 1968396 1752401 1656321 1584303 1680390 1632314 1788431 1584382 1716369 1716391 1608324 1596306 1572377 1728417 1860433 1644339 1620312 1752423 1560350 1572300 1800368 1524368 1656339 1680350 1656320 1704351 1644396 1644396 1764346 1608320 1680364 1680351 1764375 1716382 1656399 1704412 1608388 1716360 1680405 1680390 1488302 1620312 1692359 1668329 1836365 1764385 1644318 1668375 1596385 1644347 1464353 1668402 1704332 1692368 1608309 1716391 1764387 1728417 1776391 1644397 1536370 1872406 1620358 1644348 1812358 1680326 1500317 1788353 1584382 1620358 1680405 1572379 1668393 1668324 1680403 1704388 1740341 1668402 1764359 1572358 1464274 1680336 1656399 1716382 1596339 1656320 1692404 1740341 1560370 1680406 1680326 1704411 1752344 1848441 1716389 1752386 1680405 1548300 1584343 1632394 1728338 1824362 1680326 1656352 1632315 1740418 1680406 1560376 1668402 1620354 1752423 1596385 1656320 1764368]
Requests Number (per Connection):  [142 140 146 134 131 149 135 146 137 146 137 127 142 138 150 132 136 133 133 141 134 140 143 131 128 151 153 147 144 138 132 130 150 139 137 130 135 137 140 137 140 140 147 145 142 154 133 127 143 135 138 139 138 141 141 153 144 139 143 157 129 145 142 135 152 135 147 144 138 157 147 133 135 134 133 152 132 145 123 144 142 134 130 129 141 135 139 134 128 158 118 143 128 143 125 141 144 128 142 148 134 138 129 137 126 149 142 128 141 138 131 135 137 142 145 134 133 142 140 129 123 141 128 134 140 131 136 129 138 142 139 146 143 131 136 131 144 143 150 149 129 134 137 134 131 130 132 131 140 135 139 129 131 144 120 141 136 135 129 132 129 135 145 145 140 150 145 129 146 141 135 125 132 141 137 143 124 134 135 146 135 145 136 139 145 140 164 146 138 132 140 136 149 132 143 143 134 133 131 144 155 137 135 146 130 131 150 127 138 140 138 142 137 137 147 134 140 140 147 143 138 142 134 143 140 140 124 135 141 139 153 147 137 139 133 137 122 139 142 141 134 143 147 144 148 137 128 156 135 137 151 140 125 149 132 135 140 131 139 139 140 142 145 139 147 131 122 140 138 143 133 138 141 145 130 140 140 142 146 154 143 146 140 129 132 136 144 152 140 138 136 145 140 130 139 135 146 133 138 147]
Requests/sec:  5667.847477213541 KB
Transfer/sec:  13789.146647135416 KB

