2023-12-03 08:57:52.46838692 +0800 CST m=+48627.746322333
Running 1m0s myx-test @ https://192.168.12.127:6443/apis/batch/v1/namespaces/myx-test/cronjobs
3 connections
Requests/bytes (per Connection):  [33639783 30974361 30063571]
Response/bytes (per Connection):  [52714971 48538127 47110895]
Requests Number (per Connection):  [4026 3707 3598]
Requests/sec:  1540.9784342447917 KB
Transfer/sec:  3955.7569661458333 KB

2023-12-03 08:59:32.792081386 +0800 CST m=+48728.070016768
Running 1m0s myx-test @ https://192.168.12.127:6443/apis/batch/v1/namespaces/myx-test/cronjobs
6 connections
Requests/bytes (per Connection):  [26562538 27030459 25685237 26763136 26245002 25568252]
Response/bytes (per Connection):  [41624640 42357889 40249849 41938950 41127060 40066532]
Requests Number (per Connection):  [3179 3235 3074 3203 3141 3060]
Requests/sec:  2569.2484375 KB
Transfer/sec:  6595.370182291666 KB

2023-12-03 09:01:13.130656235 +0800 CST m=+48828.408591622
Running 1m0s myx-test @ https://192.168.12.127:6443/apis/batch/v1/namespaces/myx-test/cronjobs
9 connections
Requests/bytes (per Connection):  [20755416 19852988 20847316 20646788 19786163 20521395 20721991 20897403 19660801]
Response/bytes (per Connection):  [32524608 31110476 32668626 32354386 31005747 32157923 32472231 32747141 30809315]
Requests Number (per Connection):  [2484 2376 2495 2471 2368 2456 2480 2501 2353]
Requests/sec:  2989.750341796875 KB
Transfer/sec:  7674.81630859375 KB

2023-12-03 09:02:53.532905526 +0800 CST m=+48928.810840910
Running 1m0s myx-test @ https://192.168.12.127:6443/apis/batch/v1/namespaces/myx-test/cronjobs
15 connections
Requests/bytes (per Connection):  [12967957 12692213 12124010 12591941 12566873 12207569 12809195 12090605 12675501 12642077 12683857 12032130 12633721 12274444 12600297]
Response/bytes (per Connection):  [20321333 19889235 18998848 19732107 19692825 19129787 20072549 18946491 19863047 19810671 19876141 18854850 19797577 19234566 19745201]
Requests Number (per Connection):  [1552 1519 1451 1507 1504 1461 1533 1447 1517 1513 1518 1440 1512 1469 1508]
Requests/sec:  3053.2615559895835 KB
Transfer/sec:  7837.85185546875 KB

2023-12-03 09:04:33.899852548 +0800 CST m=+49029.177787946
Running 1m0s myx-test @ https://192.168.12.127:6443/apis/batch/v1/namespaces/myx-test/cronjobs
30 connections
Requests/bytes (per Connection):  [7311172 7052139 7077206 7185849 7269393 7469937 7077248 7018744 7403089 7294486 7227648 7411443 7185836 7294488 7361308 7327907 7177518 7177480 7269412 7336262 7210901 7144054 7202574 7327884 7336240 7528426 7361307 7093919 7436511 7419811]
Response/bytes (per Connection):  [11456922 11051011 11090292 11260529 11391453 11705709 11090334 10998664 11600957 11430760 11326018 11614049 11260516 11430762 11535486 11483133 11247460 11247422 11391472 11496226 11299795 11195044 11286730 11483110 11496204 11797364 11535485 11116481 11653331 11627155]
Requests Number (per Connection):  [875 844 847 860 870 894 847 840 886 873 865 887 860 873 881 877 859 859 870 878 863 855 862 877 878 901 881 849 890 888]
Requests/sec:  3548.0174479166667 KB
Transfer/sec:  9107.91123046875 KB

2023-12-03 09:06:14.63595696 +0800 CST m=+49129.913892335
Running 1m0s myx-test @ https://192.168.12.127:6443/apis/batch/v1/namespaces/myx-test/cronjobs
60 connections
Requests/bytes (per Connection):  [4136011 4027384 4052489 4002382 4144368 4119327 3935470 3893732 3927114 4278060 4060866 4294772 4019107 4219569 4152723 4110973 4102640 4202859 4060808 4161145 4044175 4035741 4161079 4077521 4227982 3985605 4035740 3960578 4060808 4111023 4052452 4102588 4152745 4094264 3893712 4144394 4027421 3993996 3993969 3935506 4077520 4085914 4194529 4044123 4161115 4169435 4227975 4161079 3968893 3893746 4052452 4161092 4102610 4019029 3952242 4077520 4027435 4060818 4010741 3985605]
Response/bytes (per Connection):  [6481321 6311100 6350419 6271884 6494416 6455161 6167068 6101640 6153974 6703916 6363534 6730104 6298085 6612259 6507509 6442069 6428998 6586073 6363476 6520669 6337367 6324195 6520603 6389665 6625410 6245631 6324194 6206390 6363476 6442119 6350382 6428946 6507531 6415884 6101620 6494442 6311137 6258760 6258733 6167104 6389664 6402796 6573005 6337315 6520639 6533697 6625403 6520603 6219443 6101654 6350382 6520616 6428968 6298007 6193316 6389664 6311151 6363486 6284981 6245631]
Requests Number (per Connection):  [495 482 485 479 496 493 471 466 470 512 486 514 481 505 497 492 491 503 486 498 484 483 498 488 506 477 483 474 486 492 485 491 497 490 466 496 482 478 478 471 488 489 502 484 498 499 506 498 475 466 485 498 491 481 473 488 482 486 480 477]
Requests/sec:  3978.303564453125 KB
Transfer/sec:  10212.478125 KB

2023-12-03 09:07:55.013299099 +0800 CST m=+49230.291234494
Running 1m0s myx-test @ https://192.168.12.127:6443/apis/batch/v1/namespaces/myx-test/cronjobs
90 connections
Requests/bytes (per Connection):  [2815858 2849261 2865994 2991330 2832570 3008045 2882704 2949553 2891062 2857638 2865994 2874350 3008045 2932790 2774077 2857638 2949551 3008044 2957909 3016399 2882675 2974621 2957869 2957909 2899412 3066534 2982975 2916088 2966210 2840910 2924484 2882706 2982975 2949508 2799147 2882706 2907773 2874350 2774047 2824215 2882704 2957861 2924472 2907772 2832569 2749012 2907725 2916129 2966265 3083245 2891030 2999654 2824215 2941185 2916108 2765721 2865994 3049822 2865994 2840925 2891028 3008043 3024748 2949551 3125026 3033110 2916129 2824214 2865988 2882680 2815859 2874330 2865961 2882706 2932816 2966247 2924483 2849242 2891043 2907725 3024757 2907774 2849282 2757368 3024721 2966265 2882699 2974593 2949553 2999665]
Response/bytes (per Connection):  [4412564 4464919 4491128 4687534 4438752 4713725 4517314 4622067 4530410 4478034 4491128 4504222 4713725 4595828 4347093 4478034 4622065 4713724 4635161 4726817 4517285 4661349 4635121 4635161 4543498 4805380 4674441 4569650 4648200 4451830 4582784 4517316 4674441 4622022 4386377 4517316 4556597 4504222 4347063 4425659 4517314 4635113 4582772 4556596 4438751 4307814 4556549 4569691 4648255 4831567 4530378 4700596 4425659 4608961 4569670 4333999 4491128 4779192 4491128 4451845 4530376 4713723 4739904 4622065 4897038 4753004 4569691 4425658 4491122 4517290 4412565 4504202 4491095 4517316 4595854 4648237 4582783 4464900 4530391 4556549 4739913 4556598 4464940 4320908 4739877 4648255 4517309 4661321 4622067 4700607]
Requests Number (per Connection):  [337 341 343 358 339 360 345 353 346 342 343 344 360 351 332 342 353 360 354 361 345 356 354 354 347 367 357 349 355 340 350 345 357 353 335 345 348 344 332 338 345 354 350 348 339 329 348 349 355 369 346 359 338 352 349 331 343 365 343 340 346 360 362 353 374 363 349 338 343 345 337 344 343 345 351 355 350 341 346 348 362 348 341 330 362 355 345 356 353 359]
Requests/sec:  4269.074446614583 KB
Transfer/sec:  10958.89365234375 KB

2023-12-03 09:09:35.419929512 +0800 CST m=+49330.697864889
Running 1m0s myx-test @ https://192.168.12.127:6443/apis/batch/v1/namespaces/myx-test/cronjobs
150 connections
Requests/bytes (per Connection):  [1888352 1796498 1829935 1863316 1829863 1779793 1804793 1846587 1788126 1804796 1712881 1779728 1763016 1896708 1813178 1846575 1804796 1821566 1955250 1905131 1888370 1846575 1654389 1788094 1796491 1796440 1938529 1829863 1913422 1930132 1854944 1896715 1737948 1930134 1938492 1796440 1846576 1796440 1796438 1855002 1997006 1946844 1905088 1905065 1846576 1796468 1863311 1829918 1938488 1788102 1771371 1955200 1813152 1829863 1829863 1854999 1871641 1880017 1829932 1880037 1971913 1804817 1838219 1813202 1879997 1804830 1938549 1821505 1854933 1804867 1829864 1913434 1921778 1980267 1896710 1788084 1921777 1754732 1854931 1921781 1863320 1804845 1821507 1788083 1871641 1829924 1871664 1721236 1905097 1880053 1905126 1879999 1846616 1754661 1913452 1712880 1821579 1913421 1946844 1796440 1863305 1779728 1854930 1913422 1821522 1896710 2005343 1946890 1921777 1871643 1888379 1971951 1880031 1863292 1921776 1804866 1821507 1854931 1712960 1821508 1896722 1846589 1863322 1863362 1746365 1779802 1804796 1930202 1846633 1871640 1771437 1763016 1712959 1913422 1871667 1988624 1788136 1905067 1788084 1905064 1880038 1855008 1963610 1896711 1813152 1829885 1955266 1921776 1955202 1905115]
Response/bytes (per Connection):  [2959140 2815168 2867557 2919890 2867485 2788987 2828201 2893685 2802058 2828204 2684171 2788922 2762734 2972234 2841324 2893673 2828204 2854450 3063942 2985395 2959158 2893673 2592513 2802026 2815161 2815110 3037745 2867485 2998424 3024610 2906780 2972241 2723452 3024612 3037708 2815110 2893674 2815110 2815108 2906838 3129388 3050798 2985352 2985329 2893674 2815138 2919885 2867540 3037704 2802034 2775827 3063892 2841298 2867485 2867485 2906835 2932953 2946067 2867554 2946087 3090081 2828225 2880579 2841348 2946047 2828238 3037765 2854389 2906769 2828275 2867486 2998436 3011518 3103173 2972236 2802016 3011517 2749712 2906767 3011521 2919894 2828253 2854391 2802015 2932953 2867546 2932976 2697264 2985361 2946103 2985390 2946049 2893714 2749641 2998454 2684170 2854463 2998423 3050798 2815110 2919879 2788922 2906766 2998424 2854406 2972236 3142463 3050844 3011517 2932955 2959167 3090119 2946081 2919866 3011516 2828274 2854391 2906767 2684250 2854392 2972248 2893687 2919896 2919936 2736607 2788996 2828204 3024680 2893731 2932952 2775893 2762734 2684249 2998424 2932979 3116268 2802068 2985331 2802016 2985328 2946088 2906844 3077040 2972237 2841298 2867507 3063958 3011516 3063894 2985379]
Requests Number (per Connection):  [226 215 219 223 219 213 216 221 214 216 205 213 211 227 217 221 216 218 234 228 226 221 198 214 215 215 232 219 229 231 222 227 208 231 232 215 221 215 215 222 239 233 228 228 221 215 223 219 232 214 212 234 217 219 219 222 224 225 219 225 236 216 220 217 225 216 232 218 222 216 219 229 230 237 227 214 230 210 222 230 223 216 218 214 224 219 224 206 228 225 228 225 221 210 229 205 218 229 233 215 223 213 222 229 218 227 240 233 230 224 226 236 225 223 230 216 218 222 205 218 227 221 223 223 209 213 216 231 221 224 212 211 205 229 224 238 214 228 214 228 225 222 235 227 217 219 234 230 234 228]
Requests/sec:  4526.513411458333 KB
Transfer/sec:  11619.751953125 KB

2023-12-03 09:11:15.908730514 +0800 CST m=+49431.186665905
Running 1m0s myx-test @ https://192.168.12.127:6443/apis/batch/v1/namespaces/myx-test/cronjobs
300 connections
Requests/bytes (per Connection):  [1061199 994337 919069 960927 1061198 927468 1010984 885675 1119686 1069538 1119690 1044441 1161391 1019345 1244949 1119690 1086266 1002687 1094543 994291 1036074 935859 1236607 960894 1036061 1069527 1036051 994333 952572 1002708 1077866 1044439 1052771 1052842 1178113 994351 1052768 994345 1069483 1094622 1036057 1094622 985995 1086267 1161417 1094544 1069555 1002693 1052799 1036131 1002642 1061144 1052769 944188 1102943 1036127 1044486 1069507 1086188 1086216 994338 1019419 1094544 1077864 1094622 1011063 1069554 1111268 1127967 994343 1119611 1111317 977617 1027775 1102926 1069555 1077875 1136402 985916 1236642 985916 994272 1169816 1102899 1061127 1111334 1153113 1002672 1061120 994281 1153048 1127988 1169825 1153070 1052826 1111256 985916 1094561 1169825 1102978 952572 1069475 1044427 1161397 1044428 1069475 1077910 1044431 1027775 1002628 1077851 1019361 960927 1044408 1086187 1136340 1077831 1077832 994272 1044444 1019419 1094622 1052788 1111297 1061193 1094569 1052804 1128040 1111334 1011063 1077870 1194814 1036131 1086188 969212 969205 1086266 977639 1036131 1052843 1061198 1061120 1061180 1069536 1077833 1077855 1002654 1002683 1052843 985944 969204 969204 1036088 1186537 1102932 1111311 1136384 985931 1153056 1128046 1052793 944204 1219960 994348 1027745 1036131 1044487 1069555 1111334 1019395 1011056 1036131 1069529 994309 1077911 1128038 1044451 1052835 1036099 1077910 1086188 1019351 1027775 960928 1094610 1128041 1036114 960928 1010984 1069513 1136380 1094546 1128046 1144731 1111255 994305 1111268 1036052 1102936 1002628 1086266 1094543 1127999 1019340 1194894 1119662 1111288 969250 960849 1052841 1052764 1178156 1086266 1027760 1027775 1086212 985995 1019397 944216 1002628 1052805 1027758 1044426 919127 1036098 1094572 1144758 1086256 977620 1077900 1077911 1027729 1077834 1052842 1011063 1061198 1144699 1127995 1077910 1061119 1052843 977579 1128007 1102978 1111260 977567 1094602 1169823 1086187 1211605 1002628 1077911 1077831 1044487 1061199 1236673 1069538 1119622 1019370 1044486 1011063 1052843 1027775 1019357 1036130 1111334 1019414 1102919 969230 1119679 1027706 985995 1111255 994273 1086261 1061131 1127967 1102899 1019358 1153035 1161443 1128019 960923 1144679 1102978 935830 1136396 885725 1119690 1052764 1161391 1027741 1019419 1111296 985987 1119634 1153108 1069475 969283 1094623]
Response/bytes (per Connection):  [1662925 1558159 1440249 1505797 1662924 1453386 1584282 1387903 1754578 1676002 1754582 1636691 1819973 1597381 1950911 1754582 1702206 1571247 1715221 1558113 1623586 1466515 1937831 1505764 1623573 1675991 1623563 1558155 1492704 1571268 1689068 1636689 1649759 1649830 1846171 1558173 1649756 1558167 1675947 1715300 1623569 1715300 1545079 1702207 1819999 1715222 1676019 1571253 1649787 1623643 1571202 1662870 1649757 1479582 1728359 1623639 1636736 1675971 1702128 1702156 1558160 1597455 1715222 1689066 1715300 1584361 1676018 1741422 1767597 1558165 1754503 1741471 1531963 1610549 1728342 1676019 1689077 1780770 1545000 1937866 1545000 1558094 1833136 1728315 1662853 1741488 1806957 1571232 1662846 1558103 1806892 1767618 1833145 1806914 1649814 1741410 1545000 1715239 1833145 1728394 1492704 1675939 1636677 1819979 1636678 1675939 1689112 1636681 1610549 1571188 1689053 1597397 1505797 1636658 1702127 1780708 1689033 1689034 1558094 1636694 1597455 1715300 1649776 1741451 1662919 1715247 1649792 1767670 1741488 1584361 1689072 1872348 1623643 1702128 1518820 1518813 1702206 1531985 1623643 1649831 1662924 1662846 1662906 1676000 1689035 1689057 1571214 1571243 1649831 1545028 1518812 1518812 1623600 1859333 1728348 1741465 1780752 1545015 1806900 1767676 1649781 1479598 1911708 1558170 1610519 1623643 1636737 1676019 1741488 1597431 1584354 1623643 1675993 1558131 1689113 1767668 1636701 1649823 1623611 1689112 1702128 1597387 1610549 1505798 1715288 1767671 1623626 1505798 1584282 1675977 1780748 1715224 1767676 1793837 1741409 1558127 1741422 1623564 1728352 1571188 1702206 1715221 1767629 1597376 1872428 1754554 1741442 1518858 1505719 1649829 1649752 1846214 1702206 1610534 1610549 1702152 1545079 1597433 1479610 1571188 1649793 1610532 1636676 1440307 1623610 1715250 1793864 1702196 1531966 1689102 1689113 1610503 1689036 1649830 1584361 1662924 1793805 1767625 1689112 1662845 1649831 1531925 1767637 1728394 1741414 1531913 1715280 1833143 1702127 1898615 1571188 1689113 1689033 1636737 1662925 1937897 1676002 1754514 1597406 1636736 1584361 1649831 1610549 1597393 1623642 1741488 1597450 1728335 1518838 1754571 1610480 1545079 1741409 1558095 1702201 1662857 1767597 1728315 1597394 1806879 1820025 1767649 1505793 1793785 1728394 1466486 1780764 1387953 1754582 1649752 1819973 1610515 1597455 1741450 1545071 1754526 1806952 1675939 1518891 1715301]
Requests Number (per Connection):  [127 119 110 115 127 111 121 106 134 128 134 125 139 122 149 134 130 120 131 119 124 112 148 115 124 128 124 119 114 120 129 125 126 126 141 119 126 119 128 131 124 131 118 130 139 131 128 120 126 124 120 127 126 113 132 124 125 128 130 130 119 122 131 129 131 121 128 133 135 119 134 133 117 123 132 128 129 136 118 148 118 119 140 132 127 133 138 120 127 119 138 135 140 138 126 133 118 131 140 132 114 128 125 139 125 128 129 125 123 120 129 122 115 125 130 136 129 129 119 125 122 131 126 133 127 131 126 135 133 121 129 143 124 130 116 116 130 117 124 126 127 127 127 128 129 129 120 120 126 118 116 116 124 142 132 133 136 118 138 135 126 113 146 119 123 124 125 128 133 122 121 124 128 119 129 135 125 126 124 129 130 122 123 115 131 135 124 115 121 128 136 131 135 137 133 119 133 124 132 120 130 131 135 122 143 134 133 116 115 126 126 141 130 123 123 130 118 122 113 120 126 123 125 110 124 131 137 130 117 129 129 123 129 126 121 127 137 135 129 127 126 117 135 132 133 117 131 140 130 145 120 129 129 125 127 148 128 134 122 125 121 126 123 122 124 133 122 132 116 134 123 118 133 119 130 127 135 132 122 138 139 135 115 137 132 112 136 106 134 126 139 123 122 133 118 134 138 128 116 131]
Requests/sec:  5181.056217447916 KB
Transfer/sec:  13299.996321614582 KB

