2023-12-03 03:19:36.285935977 +0800 CST m=+28331.563871361
Running 1m0s myx-test @ https://192.168.12.127:6443/apis/apps/v1/namespaces/myx-test/daemonsets
3 connections
Requests/bytes (per Connection):  [31512013 28887478 29372213]
Response/bytes (per Connection):  [51625212 47324278 48119514]
Requests Number (per Connection):  [3770 3456 3514]
Requests/sec:  1461.1279947916667 KB
Transfer/sec:  3854.8292317708333 KB

2023-12-03 03:21:16.640850756 +0800 CST m=+28431.918786134
Running 1m0s myx-test @ https://192.168.12.127:6443/apis/apps/v1/namespaces/myx-test/daemonsets
6 connections
Requests/bytes (per Connection):  [25443692 25510564 23738477 24248370 24198265 24114627]
Response/bytes (per Connection):  [41682978 41792482 38890321 39725373 39642489 39506351]
Requests Number (per Connection):  [3044 3052 2840 2901 2895 2885]
Requests/sec:  2396.712158203125 KB
Transfer/sec:  6323.144352213541 KB

2023-12-03 03:22:57.003269817 +0800 CST m=+28532.281205220
Running 1m0s myx-test @ https://192.168.12.127:6443/apis/apps/v1/namespaces/myx-test/daemonsets
9 connections
Requests/bytes (per Connection):  [19977131 18974064 20177745 19960413 19375342 19040935 20119226 20119226 19885183]
Response/bytes (per Connection):  [32727626 31084858 33056166 32700250 31741183 31194391 32960434 32960434 32577044]
Requests Number (per Connection):  [2390 2270 2414 2388 2318 2278 2407 2407 2379]
Requests/sec:  2891.101318359375 KB
Transfer/sec:  7627.468277994792 KB

2023-12-03 03:24:37.431976544 +0800 CST m=+28632.709911962
Running 1m0s myx-test @ https://192.168.12.127:6443/apis/apps/v1/namespaces/myx-test/daemonsets
15 connections
Requests/bytes (per Connection):  [12980920 12178560 12688392 13022740 12838871 13047841 12947537 12721846 12863932 13148096 12111647 11961185 12203597 13148088 11994687]
Response/bytes (per Connection):  [21266631 19951039 20787011 21334736 21033135 21375416 21211093 20841489 21074445 21540458 19842142 19595769 19992696 21540581 19649520]
Requests Number (per Connection):  [1553 1457 1518 1558 1536 1561 1549 1522 1539 1573 1449 1431 1460 1573 1435]
Requests/sec:  3090.1357259114584 KB
Transfer/sec:  8152.5732421875 KB

2023-12-03 03:26:17.780053114 +0800 CST m=+28733.057988489
Running 1m0s myx-test @ https://192.168.12.127:6443/apis/apps/v1/namespaces/myx-test/daemonsets
30 connections
Requests/bytes (per Connection):  [7071413 7037956 7180055 7213526 6904256 7129903 6937704 7004567 6987800 6812264 7054671 7104824 7046322 6854097 7180055 6971087 7238569 6971084 6912582 7046355 6879146 7071389 6770470 7121543 6937647 7104824 7088106 6971084 6837378 6745443]
Response/bytes (per Connection):  [11584589 11530168 11762931 11817149 11310500 11680764 11365073 11474688 11448079 11160578 11557597 11639739 11543732 11228427 11762931 11420596 11858722 11420664 11324683 11543237 11269931 11584973 11092124 11667101 11365937 11639739 11612363 11420664 11201091 11050316]
Requests Number (per Connection):  [846 842 859 863 826 853 830 838 836 815 844 850 843 820 859 834 866 834 827 843 823 846 810 852 830 850 848 834 818 807]
Requests/sec:  3420.998046875 KB
Transfer/sec:  9025.475358072918 KB

2023-12-03 03:27:58.165470904 +0800 CST m=+28833.443406278
Running 1m0s myx-test @ https://192.168.12.127:6443/apis/apps/v1/namespaces/myx-test/daemonsets
60 connections
Requests/bytes (per Connection):  [4062270 4062326 4037231 4003792 4221143 4196009 4279596 4020551 4145855 4037190 4062270 4104061 4003754 4154287 4145855 4104070 4120779 4170932 4212740 4196009 4062272 4296395 4338179 4221136 3970332 4120842 4028892 4145897 4170956 4045627 4229444 4229445 3987087 4154214 4137524 4229468 4087402 4095772 3936909 4120855 4262879 4296345 4212727 4053986 4129203 4095702 4170981 4095748 4179370 4204367 4095702 4070625 4104071 4179311 4221124 3995473 4020477 4020472 4304710 3878370]
Response/bytes (per Connection):  [6655452 6654624 6613808 6559124 6914726 6874541 7011474 6585856 6792413 6614441 6655452 6723959 6559689 6805013 6792413 6723807 6751335 6833477 6901724 6874541 6655435 7037602 7106233 6914835 6504730 6750372 6599818 6791792 6833093 6626934 6929307 6929293 6531529 6806101 6778285 6928949 6695676 6709199 6449785 6750179 6984084 7038383 6901917 6640622 6764047 6710271 6832747 6709583 6845956 6888243 6710271 6669207 6723793 6846874 6915014 6544806 6586958 6587065 7051950 6354355]
Requests Number (per Connection):  [486 486 483 479 505 502 512 481 496 483 486 491 479 497 496 491 493 499 504 502 486 514 519 505 475 493 482 496 499 484 506 506 477 497 495 506 489 490 471 493 510 514 504 485 494 490 499 490 500 503 490 487 491 500 505 478 481 481 515 464]
Requests/sec:  4028.9878092447916 KB
Transfer/sec:  10629.462451171876 KB

2023-12-03 03:29:38.566409746 +0800 CST m=+28933.844345125
Running 1m0s myx-test @ https://192.168.12.127:6443/apis/apps/v1/namespaces/myx-test/daemonsets
90 connections
Requests/bytes (per Connection):  [2825229 2833569 2783434 2975648 2917177 2892054 2875382 2917177 2758357 2816869 2758352 2699822 2883697 2791759 2950610 2758327 2816833 2766717 2800135 3000719 2775075 2867001 2875354 2800130 2691486 2841907 2900412 2691464 2917177 2783408 2816870 2858664 2716537 2900457 2850277 2900457 2892100 2833579 2816833 2749992 2875337 2883696 2816867 2875338 2724918 2791793 2867012 2917177 3000766 2741639 2917177 2775047 2783434 2841910 2950612 2749998 2749999 2908815 2942254 2758357 2699832 2800149 2967330 2791793 2975687 2708204 2950612 2749981 2825219 2833549 2875341 3009123 2892060 2933844 2883741 2866981 2900439 2775073 2758328 2858622 2933851 2833587 2708204 2816870 2783434 2833586 2816842 2616256 2708198 2967330]
Response/bytes (per Connection):  [4628251 4642253 4559811 4875307 4778833 4738457 4710393 4778833 4518747 4614577 4518854 4423261 4724741 4574008 4833638 4519200 4615114 4532421 4587447 4916440 4546123 4697061 4710818 4587543 4409229 4656220 4752159 4409559 4778833 4560234 4614563 4683017 4450690 4751496 4669754 4751496 4737769 4642102 4615114 4505154 4711078 4724755 4614616 4711053 4464048 4573514 4696896 4778833 4915727 4491371 4778833 4546574 4559811 4656189 4833599 4505059 4505045 4765198 4819897 4518747 4423136 4587240 4860975 4573499 4874702 4436605 4833599 4505319 4628428 4642518 4711011 4929454 4738399 4806967 4724081 4697363 4751759 4546162 4519175 4683649 4806869 4641953 4436605 4614563 4559811 4641978 4614988 4286023 4436726 4860975]
Requests Number (per Connection):  [338 339 333 356 349 346 344 349 330 337 330 323 345 334 353 330 337 331 335 359 332 343 344 335 322 340 347 322 349 333 337 342 325 347 341 347 346 339 337 329 344 345 337 344 326 334 343 349 359 328 349 332 333 340 353 329 329 348 352 330 323 335 355 334 356 324 353 329 338 339 344 360 346 351 345 343 347 332 330 342 351 339 324 337 333 339 337 313 324 355]
Requests/sec:  4154.415022786458 KB
Transfer/sec:  10960.48427734375 KB

2023-12-03 03:31:19.02915541 +0800 CST m=+29034.307090787
Running 1m0s myx-test @ https://192.168.12.127:6443/apis/apps/v1/namespaces/myx-test/daemonsets
150 connections
Requests/bytes (per Connection):  [1822221 1930825 1930827 1922466 1914180 1889030 1955947 1763647 1847249 1855628 2039493 1972622 1922473 1980981 1930829 1880738 1947544 1897455 1914134 1847236 1905786 1939184 1880672 2056219 1822160 1880672 1847257 1830586 1822161 1922470 1905750 1905795 1980989 1813829 1863996 1847238 2022776 1930825 1822161 1805443 1855597 1822207 1830551 1847293 1964263 1947589 1822159 1897391 1897391 1905754 1838879 1914109 1922466 1830590 1930840 1847238 1972684 1897419 1947586 1847261 1797102 1872362 1939184 1930860 1730213 1838877 2047852 1872313 1805493 1914162 1897391 1889031 1847244 1671701 1897389 1880677 1939184 1813800 1863954 1813802 1805444 1880674 1822224 1897414 1838891 1864007 1838891 1872315 1830545 1922506 1905749 1997732 1772008 2022773 1863985 1905786 2014414 1939185 1922483 1805444 1805471 1855597 1813877 1805442 1914165 1889083 1863975 1855597 1772008 1746959 1822182 1972670 1897390 1830559 1780394 1880684 1905754 1847244 1813803 1889081 1889069 1855611 1872345 1872354 1939184 1863966 1730221 1847260 1788725 1822177 1780367 1889039 1863956 1905777 1805510 1830520 1880724 1964292 1989358 1914108 1947543 1805472 1863954 1830520 1863954 1889038 1830545 2081286 1972620 2014468]
Response/bytes (per Connection):  [2984617 3163509 3163470 3149821 3135023 3095069 3203873 2889721 3026411 3039808 3341428 3231910 3149686 3245598 3163442 3080351 3190871 3107767 3135722 3026615 3121843 3177197 3081367 3368692 2985537 3081367 3026273 2998210 2985512 3149754 3122406 3121732 3245486 2971424 3053359 3026576 3314023 3163509 2985512 2958136 3040264 2984824 2998718 3025751 3218222 3190171 2985551 3108718 3108718 3122350 3012888 3136094 3149821 2998154 3163277 3026576 3230987 3108304 3190239 3026217 2944185 3066912 3177197 3162960 2834930 3012927 3355116 3067679 2957392 3135308 3108718 3095055 3026466 2739100 3108757 3081260 3177197 2971863 3053991 2971824 2958122 3081328 2984575 3108359 3012709 3053168 3012694 3067640 2998828 3149191 3122431 3272479 2903370 3314091 3053524 3121843 3300403 3177183 3149561 2958122 2957722 3040264 2970708 2958161 3135240 3094272 3053649 3040264 2903370 2861892 2985181 3231194 3108743 2998621 2916632 3081177 3122350 3026492 2971810 3094300 3094453 3040031 3067172 3067061 3177197 3053786 2834792 3026231 2930760 2985277 2917058 3094932 3053952 3122006 2957132 2999200 3080584 3217794 3259023 3136119 3190885 2957682 3053991 2999200 3053976 3094946 2998802 3409907 3231949 3299566]
Requests Number (per Connection):  [218 231 231 230 229 226 234 211 221 222 244 236 230 237 231 225 233 227 229 221 228 232 225 246 218 225 221 219 218 230 228 228 237 217 223 221 242 231 218 216 222 218 219 221 235 233 218 227 227 228 220 229 230 219 231 221 236 227 233 221 215 224 232 231 207 220 245 224 216 229 227 226 221 200 227 225 232 217 223 217 216 225 218 227 220 223 220 224 219 230 228 239 212 242 223 228 241 232 230 216 216 222 217 216 229 226 223 222 212 209 218 236 227 219 213 225 228 221 217 226 226 222 224 224 232 223 207 221 214 218 213 226 223 228 216 219 225 235 238 229 233 216 223 219 223 226 219 249 236 241]
Requests/sec:  4590.848307291667 KB
Transfer/sec:  12111.916585286459 KB

2023-12-03 03:32:59.593841461 +0800 CST m=+29134.871776833
Running 1m0s myx-test @ https://192.168.12.127:6443/apis/apps/v1/namespaces/myx-test/daemonsets
300 connections
Requests/bytes (per Connection):  [1103366 1111678 1161825 1145098 1053192 977911 1111733 1120091 1145168 1153528 1195302 1086656 1069933 1103346 1011361 1053221 1053142 1095015 1061519 1103345 1036502 1178530 1186942 1128451 1153449 1044782 1161857 1003067 1161808 1103374 1078237 1069881 936117 1069901 1094946 1178597 1153492 1103374 1178605 1120013 1136802 1161836 1128414 994708 1145106 1086656 1178558 1003067 1111733 1019783 1111669 1111675 1069939 1086656 1111696 1069859 1078265 1028086 1145169 1094963 1078285 1145169 1136737 1078298 1036503 1128451 1028071 1061580 1103352 1111656 1195275 1019785 1153527 1036470 1136741 1153528 1103337 977963 1153478 1078297 961265 1028065 1103295 1036503 1086650 1002993 1195257 1111733 994630 1170167 1078297 1203664 1195322 1053220 952835 1061580 1094993 1069905 1036503 1170167 1036503 1053166 986349 1136785 1069860 1111654 1111711 1061579 986332 1061562 1086588 1145090 1120092 1061506 1069916 1028118 1044824 1120087 1111658 1086639 1078297 1002995 1086577 1061554 994708 1145089 1036500 1069938 1086656 1136781 1078219 1103374 1136809 1120071 927837 1128372 1111654 1028126 1103375 1195250 1103324 986349 1111689 1069917 1094988 1153525 1145148 1086652 1044862 977943 1028142 1044828 1028065 1153468 1153500 1103295 1094988 1086657 1094938 1120092 1153501 1120068 1136801 1061501 986302 1103333 1111733 1153521 1136761 1053170 1195261 1078297 1078219 1111658 1103354 1036441 1128406 1011352 1011426 1103295 1145121 1078295 1128395 1120092 1120092 1095015 1044831 1061567 1053183 1103374 1161858 1111733 1019785 1036496 1161886 1136809 1128417 1128372 1237059 1095015 994704 1136809 1078219 1120092 986278 1253808 1212018 1103363 1161808 1120023 1086657 1036503 1094989 1086653 1044862 1153527 1186956 1011416 1145168 1078297 1128451 1053220 1145169 1069905 1170166 1103313 1036451 1195289 1153465 1136731 1086618 1044800 1128451 1128378 1103335 1094968 1153476 1011358 1195243 1128393 1153525 1111718 986349 1061579 1061501 1128450 1161808 944484 1145142 1078298 944476 1019785 1036503 977919 1036502 1095015 1044813 1120086 1161850 1111714 1153448 1153512 1170212 1186964 1019755 1094942 1011376 1103353 1094961 1028065 1111727 1011398 1036463 1053184 1069938 1044862 1094974 1053221 1128450 1303933 1136809 1128426 1036432 1145168 1078218 1345704 994708 961232 1036503 1078297 1203602 1103353 1086620 1111679 1069860 1019767 986350 1061516 1103331 1069928]
Response/bytes (per Connection):  [1807146 1821536 1903788 1876549 1725335 1602898 1820711 1834413 1875477 1889151 1957933 1779647 1752378 1807463 1657432 1724881 1726090 1793335 1739504 1807451 1697519 1931357 1944233 1848087 1890360 1712416 1903318 1642753 1904048 1807023 1766854 1753150 1534444 1752848 1794367 1930338 1889688 1807023 1930215 1835608 1861898 1903623 1848638 1629065 1876400 1779647 1930917 1642753 1820711 1670183 1821688 1821578 1752257 1779647 1821288 1753480 1766455 1684684 1875463 1794133 1766149 1875463 1862863 1765945 1697505 1848087 1684931 1738569 1807379 1821881 1958333 1670129 1889165 1698000 1862807 1889151 1807600 1602115 1889921 1765959 1574411 1685026 1808232 1697505 1779742 1643855 1958596 1820711 1630260 1917736 1765959 1971553 1957605 1724895 1561820 1738569 1793665 1752781 1697505 1917736 1697505 1725706 1615377 1862158 1753466 1821920 1821041 1738583 1615626 1738858 1780691 1876672 1834399 1739697 1752601 1684229 1711784 1834506 1821827 1779907 1765959 1643853 1780856 1738955 1629065 1876686 1697558 1752271 1779647 1862203 1767154 1807023 1861789 1834715 1519547 1849296 1821920 1684080 1807009 1958679 1807793 1615377 1821386 1752587 1793735 1889219 1875805 1779714 1711193 1602391 1683871 1711717 1685026 1890072 1889602 1808232 1793735 1779633 1794505 1834399 1889551 1834783 1861912 1739778 1616105 1807630 1820711 1889286 1862505 1725665 1958540 1765959 1767154 1821827 1807314 1698454 1848761 1657569 1656441 1808217 1876205 1766013 1848941 1834399 1834399 1793335 1711649 1738773 1725472 1807023 1903293 1820711 1670129 1697614 1902853 1861789 1848611 1849296 2026938 1793335 1629132 1861789 1767154 1834399 1616463 2053832 1985311 1807214 1904048 1835431 1779633 1697505 1793747 1779700 1711193 1889165 1944026 1656592 1875477 1765959 1848087 1724895 1875463 1752781 1917750 1807932 1698303 1958115 1890114 1862984 1780212 1712142 1848087 1849175 1807602 1794037 1889949 1657485 1958814 1848954 1889204 1820969 1615377 1738583 1739778 1848101 1904048 1547983 1875900 1765945 1548132 1670129 1697520 1602749 1697519 1793335 1711923 1834494 1903416 1820999 1890374 1889397 1917051 1943903 1670597 1794423 1657185 1807354 1794146 1685026 1820806 1656855 1698098 1725432 1752271 1711193 1793942 1724881 1848101 2136403 1861789 1848485 1698591 1875477 1767168 2205212 1629065 1574932 1697505 1765959 1972502 1807365 1780184 1821537 1753466 1670418 1615363 1739520 1807684 1752448]
Requests Number (per Connection):  [132 133 139 137 126 117 133 134 137 138 143 130 128 132 121 126 126 131 127 132 124 141 142 135 138 125 139 120 139 132 129 128 112 128 131 141 138 132 141 134 136 139 135 119 137 130 141 120 133 122 133 133 128 130 133 128 129 123 137 131 129 137 136 129 124 135 123 127 132 133 143 122 138 124 136 138 132 117 138 129 115 123 132 124 130 120 143 133 119 140 129 144 143 126 114 127 131 128 124 140 124 126 118 136 128 133 133 127 118 127 130 137 134 127 128 123 125 134 133 130 129 120 130 127 119 137 124 128 130 136 129 132 136 134 111 135 133 123 132 143 132 118 133 128 131 138 137 130 125 117 123 125 123 138 138 132 131 130 131 134 138 134 136 127 118 132 133 138 136 126 143 129 129 133 132 124 135 121 121 132 137 129 135 134 134 131 125 127 126 132 139 133 122 124 139 136 135 135 148 131 119 136 129 134 118 150 145 132 139 134 130 124 131 130 125 138 142 121 137 129 135 126 137 128 140 132 124 143 138 136 130 125 135 135 132 131 138 121 143 135 138 133 118 127 127 135 139 113 137 129 113 122 124 117 124 131 125 134 139 133 138 138 140 142 122 131 121 132 131 123 133 121 124 126 128 125 131 126 135 156 136 135 124 137 129 161 119 115 124 129 144 132 130 133 128 122 118 127 132 128]
Requests/sec:  5334.081966145834 KB
Transfer/sec:  14072.460904947917 KB

