2023-12-03 04:44:17.032570156 +0800 CST m=+33412.310505532
Running 1m0s myx-test @ https://192.168.12.127:6443/apis/apps/v1/namespaces/myx-test/deployments
3 connections
Requests/bytes (per Connection):  [20023716 22824538 22038612]
Response/bytes (per Connection):  [34275642 39069956 37724644]
Requests Number (per Connection):  [2395 2730 2636]
Requests/sec:  1056.1013346354166 KB
Transfer/sec:  2863.885221354167 KB

2023-12-03 04:45:57.381316053 +0800 CST m=+33512.659251436
Running 1m0s myx-test @ https://192.168.12.127:6443/apis/apps/v1/namespaces/myx-test/deployments
6 connections
Requests/bytes (per Connection):  [24973208 24847802 25081900 25951429 24881262 26043324]
Response/bytes (per Connection):  [42747946 42533280 42934000 44422422 42590560 44579716]
Requests Number (per Connection):  [2987 2972 3000 3104 2976 3115]
Requests/sec:  2470.360107421875 KB
Transfer/sec:  6699.004703776041 KB

2023-12-03 04:47:37.772228098 +0800 CST m=+33613.050163475
Running 1m0s myx-test @ https://192.168.12.127:6443/apis/apps/v1/namespaces/myx-test/deployments
9 connections
Requests/bytes (per Connection):  [20048798 18869978 19706001 20316331 19797997 20115685 19062213 18945239 19998633]
Response/bytes (per Connection):  [34318576 32300732 33731792 34776526 33889266 34433070 32629784 32429560 34232706]
Requests Number (per Connection):  [2398 2257 2357 2430 2368 2406 2280 2266 2392]
Requests/sec:  2878.594970703125 KB
Transfer/sec:  7806.036572265625 KB

2023-12-03 04:49:18.140472578 +0800 CST m=+33713.418407971
Running 1m0s myx-test @ https://192.168.12.127:6443/apis/apps/v1/namespaces/myx-test/deployments
15 connections
Requests/bytes (per Connection):  [13586054 13510752 12933913 13159658 13460648 13368678 12691447 12850267 13268347 13485730 13293385 12641281 13602721 12875386 13243220]
Response/bytes (per Connection):  [23255964 23127056 22139656 22526076 23041298 22883868 21724614 21996470 22712126 23084232 22754980 21638742 23284484 22039472 22669110]
Requests Number (per Connection):  [1625 1616 1547 1574 1610 1599 1518 1537 1587 1613 1590 1512 1627 1540 1584]
Requests/sec:  3222.192171223958 KB
Transfer/sec:  8737.787027994791 KB

2023-12-03 04:50:58.530078955 +0800 CST m=+33813.808014339
Running 1m0s myx-test @ https://192.168.12.127:6443/apis/apps/v1/namespaces/myx-test/deployments
30 connections
Requests/bytes (per Connection):  [7716871 7307189 7298826 7708488 7583096 7599818 7282103 7867365 7608179 7608169 7675067 7516209 7599808 7382434 7725228 7691788 7407518 7298826 7691788 7675064 7290483 7440971 7491127 7750314 7566370 7558014 7223577 7407518 7599809 7574728]
Response/bytes (per Connection):  [13209372 12508096 12493782 13195020 12980382 13009006 12465156 13466982 13023318 13023300 13137814 12865888 13008990 12636898 13223680 13166436 12679836 12493782 13166436 13137810 12479502 12737100 12822954 13266618 12951750 12937448 12364974 12679836 13008990 12966060]
Requests Number (per Connection):  [923 874 873 922 907 909 871 941 910 910 918 899 909 883 924 920 886 873 920 918 872 890 896 927 905 904 864 886 909 906]
Requests/sec:  3680.7738444010415 KB
Transfer/sec:  9981.347021484375 KB

2023-12-03 04:52:38.932522164 +0800 CST m=+33914.210457542
Running 1m0s myx-test @ https://192.168.12.127:6443/apis/apps/v1/namespaces/myx-test/deployments
60 connections
Requests/bytes (per Connection):  [3812470 4171949 3870986 3937824 4105122 4038172 4063239 3912753 4004712 4054909 4113407 4029812 4063286 4096682 3862577 4046517 3862576 4096686 4130139 4029795 3787400 3996351 4079960 4079961 4121835 4172009 4063303 4079998 3979673 4038234 3921103 3979629 3996351 4079960 3921136 4029853 3962984 4247177 3979649 3988036 4213741 3937896 3946264 3946264 3962907 4105040 3879314 3954573 4021443 4054911 4004712 4155208 4054946 4088321 3962965 3845854 4096726 3937825 3988027 4071678]
Response/bytes (per Connection):  [6526008 7141342 6626172 6740576 7026956 6912350 6955256 6697660 6855072 6941000 7041132 6898040 6955340 7012502 6611772 6926632 6611770 7012510 7069774 6898008 6483094 6840760 6983878 6983880 7055564 7141450 6955372 6983946 6812216 6912460 6711954 6812136 6840760 6983878 6712014 6898114 6783652 7270114 6812172 6826532 7212880 6740706 6755030 6755030 6783512 7026810 6640420 6769250 6883710 6941004 6855072 7112684 6941066 6998190 6783616 6583146 7012582 6740578 6826514 6969708]
Requests Number (per Connection):  [456 499 463 471 491 483 486 468 479 485 492 482 486 490 462 484 462 490 494 482 453 478 488 488 493 499 486 488 476 483 469 476 478 488 469 482 474 508 476 477 504 471 472 472 474 491 464 473 481 485 479 497 485 489 474 460 490 471 477 487]
Requests/sec:  3923.12548828125 KB
Transfer/sec:  10638.544205729168 KB

2023-12-03 04:54:19.364661014 +0800 CST m=+34014.642596386
Running 1m0s myx-test @ https://192.168.12.127:6443/apis/apps/v1/namespaces/myx-test/deployments
90 connections
Requests/bytes (per Connection):  [2917875 2942933 3009844 2867709 2951317 2850987 2725552 2976401 2984760 2809167 2909464 2842619 2859346 3034887 2850987 2901153 2850987 3034928 2850987 2800821 2876070 3018205 2926215 2942905 2909468 3068371 2809180 2968040 2942957 2850985 2942905 2892753 2850946 2892789 2926187 2984727 2800822 2934594 2909466 2934594 2892786 2825867 2917826 2968026 2742295 3110147 2934596 3051586 3185356 2892783 2934596 2876041 2784100 2901106 3018204 3001459 2976345 2909466 2842603 2976393 3076707 2976401 2942958 2968040 3001484 2951265 2942948 2951318 2792435 2984706 2959677 2901153 2909512 2968038 2909513 2867709 2909508 2934596 3043237 2842627 3093454 2951318 2934558 2834225 2725548 2993066 2892792 2984760 3135183 2909514]
Response/bytes (per Connection):  [4994680 5037572 5152108 4908808 5051926 4880184 4665470 5094862 5109172 4808600 4980280 4865860 4894494 5194972 4880184 4966056 4880184 5195046 4880184 4794312 4923120 5166420 5008956 5037522 4980286 5252292 4808622 5080550 5037614 4880182 5037520 4951676 4880110 4951740 5008906 5109112 4794314 5023300 4980282 5023300 4951734 4837180 4994590 5080526 4694130 5323802 5023302 5223556 5452536 4951728 5023302 4923068 4765690 4965970 5166420 5137754 5094760 4980280 4865832 5094850 5266560 5094862 5037616 5080550 5137798 5051830 5037600 5051926 4779956 5109074 5066236 4966056 4980366 5080548 4980366 4908808 4980360 5023302 5209264 4865874 5295228 5051926 5023236 4851490 4665460 5123384 4951744 5109172 5366650 4980368]
Requests Number (per Connection):  [349 352 360 343 353 341 326 356 357 336 348 340 342 363 341 347 341 363 341 335 344 361 350 352 348 367 336 355 352 341 352 346 341 346 350 357 335 351 348 351 346 338 349 355 328 372 351 365 381 346 351 344 333 347 361 359 356 348 340 356 368 356 352 355 359 353 352 353 334 357 354 347 348 355 348 343 348 351 364 340 370 353 351 339 326 358 346 357 375 348]
Requests/sec:  4286.860904947916 KB
Transfer/sec:  11624.9044921875 KB

2023-12-03 04:55:59.846425311 +0800 CST m=+34115.124360688
Running 1m0s myx-test @ https://192.168.12.127:6443/apis/apps/v1/namespaces/myx-test/deployments
150 connections
Requests/bytes (per Connection):  [1881171 1897849 1881159 1897863 1931289 2115227 1939661 1981452 2123594 1931287 1864400 1948023 1797535 1864460 1989876 2014928 1864453 1939650 1939648 1906206 1914566 2040035 1939650 1973149 1956370 1973109 1889502 2023257 1981453 1814234 1948011 2048340 1981517 1780792 1964733 1922977 1822664 2065079 1864472 1805942 1989813 2048366 1931289 1956397 1889531 1914637 1922928 1981506 1973092 1973092 1914565 1864427 1830956 1906258 1973092 1797515 1939649 1872780 2014955 1881139 1889483 1897859 1981452 1989816 1914633 1948071 1881123 1897888 1864435 1789156 1981464 1864435 1922978 2048342 1981512 1939717 1948038 1872761 1922927 1998235 1931341 1897916 2006535 1856041 1889526 1956374 1931298 1998176 1964731 1881122 1881192 2073423 1864454 1956370 1922986 1805901 1839324 1948030 1906262 1914630 1889489 1872761 2006537 1948011 1989854 1922928 1831027 1906205 1897918 1805874 1948033 1797515 1755776 1922926 1914594 1922926 1897847 1864462 1906204 1989814 1956372 1989813 2031629 2014896 1839391 1939650 1981452 1964731 1922926 1872810 2014898 1948011 1973092 1889515 1856041 1914636 1989827 2048391 1872762 2014897 1948059 1906205 1789153 1922942 1998177 1914565 1973094 1939681 1956402 1956411]
Response/bytes (per Connection):  [3220100 3248646 3220080 3248670 3305886 3620744 3320218 3391754 3635064 3305884 3191390 3334532 3076934 3191496 3406180 3449060 3191484 3320198 3320196 3262950 3277262 3492040 3320198 3377546 3348820 3377472 3234360 3463314 3391756 3105518 3334510 3506250 3391870 3048272 3363134 3291664 3119954 3534904 3191518 3091330 3406066 3506296 3305886 3348868 3234412 3277390 3291574 3391850 3377444 3377444 3277260 3191436 3134142 3263044 3377444 3076898 3320198 3205734 3449110 3220044 3234326 3248664 3391754 3406070 3277382 3334618 3220014 3248716 3191452 3062590 3391774 3191452 3291666 3506252 3391860 3320320 3334560 3205702 3291574 3420490 3305980 3248770 3434690 3177080 3234404 3348826 3305904 3420380 3363132 3220014 3220138 3549186 3191486 3348820 3291680 3091254 3148464 3334544 3263052 3277378 3234336 3205702 3434692 3334510 3406140 3291574 3134270 3262950 3248770 3091208 3334550 3076898 3005458 3291572 3277312 3291572 3248642 3191500 3262948 3406068 3348822 3406066 3477644 3449002 3148588 3320198 3391754 3363132 3291572 3205788 3449004 3334510 3377444 3234384 3177080 3277390 3406090 3506342 3205702 3449004 3334596 3262950 3062584 3291600 3420382 3277260 3377446 3320256 3348876 3348894]
Requests Number (per Connection):  [225 227 225 227 231 253 232 237 254 231 223 233 215 223 238 241 223 232 232 228 229 244 232 236 234 236 226 242 237 217 233 245 237 213 235 230 218 247 223 216 238 245 231 234 226 229 230 237 236 236 229 223 219 228 236 215 232 224 241 225 226 227 237 238 229 233 225 227 223 214 237 223 230 245 237 232 233 224 230 239 231 227 240 222 226 234 231 239 235 225 225 248 223 234 230 216 220 233 228 229 226 224 240 233 238 230 219 228 227 216 233 215 210 230 229 230 227 223 228 238 234 238 243 241 220 232 237 235 230 224 241 233 236 226 222 229 238 245 224 241 233 228 214 230 239 229 236 232 234 234]
Requests/sec:  4708.441682942708 KB
Transfer/sec:  12768.128336588541 KB

2023-12-03 04:57:40.360304002 +0800 CST m=+34215.638239376
Running 1m0s myx-test @ https://192.168.12.127:6443/apis/apps/v1/namespaces/myx-test/deployments
300 connections
Requests/bytes (per Connection):  [1070195 1086892 1003275 1095268 1178849 1103565 1170482 1162132 1145443 1120360 1220647 1103559 1145443 1086845 1095238 1212328 1028376 1095277 1103584 1111974 1053472 1195529 1170525 1153799 1128706 1228986 1162099 1137055 969863 1145442 1162126 1162164 1078555 1178887 1203938 1003269 1086916 1111943 1137052 1103638 1153804 1153777 1095278 1254106 1019978 1237413 1078531 1237334 1078476 1078515 1153776 1137082 1078476 1203969 1178808 1120281 1170501 1120360 1153743 1036751 1187201 1111999 1145363 1061823 1095277 1178887 1162164 1287578 1120309 1095223 994946 1212265 1220653 1061834 994871 1111986 1170526 1120320 1203969 1086907 1036677 1153728 1095257 1128703 1020029 1162165 1187233 1203890 1028390 1137031 1145434 1187169 1111923 1078476 1019965 1145364 1153804 1103634 1195602 1153804 1111950 1095198 1111922 1053394 1086917 1036727 1036672 1137045 1203969 1045112 1086871 1203890 1095269 1078555 1036672 1195535 1228995 1028311 1145442 1195599 1145426 1111999 1078542 1111997 1153774 1078477 1145364 1195529 1195608 1153803 1170526 1220616 1036751 1128672 1178827 1162110 1137003 1279157 1162096 1262496 1128721 1036700 1095271 1120333 1061834 1128720 1153767 1086916 1245695 1170526 1128673 1178807 1070195 1111999 1237378 1120293 1078549 1086898 1153771 1178820 1128669 1103559 1137082 1128693 1111920 1262458 1203965 1078534 1195582 1178886 1153795 1137081 1195577 1203933 1103559 1095221 1195581 1203961 1120360 1229052 1170486 1195585 1178887 1061754 1070195 1086916 1011668 1128721 1137015 1203925 1103622 1070122 1128642 1095277 1111920 1120281 1045062 1103639 1103597 1170474 1095256 1128721 1170496 1111999 1162165 1070130 1053399 1145395 1086916 1070147 1111969 1153731 1162086 1095222 1128721 1162139 1203890 1111953 1203890 1086837 1045033 1137081 1245774 1103559 994909 1078536 1053394 1153734 1120360 1245736 1095270 1162164 1103559 1212330 1070168 1237413 1103632 1229023 1120291 1095278 1170525 1270777 1070194 1203890 1095199 1195556 1120336 1153725 1270849 1053457 1070194 1187247 1228973 1162126 1162162 1120359 1120281 1070139 1086837 1028390 1070115 1162158 1070194 1070194 1153724 1153781 1170486 1036751 1237393 1178849 1195540 1170495 1170464 1070116 1111943 1220630 1153796 1095198 1162119 1254095 1061799 1120360 1086911 1254086 1053393 1061755 1103638 1170517 1120298 1187206 1120360 1170495 1120281 1095278 1145393 1170447 1095206 1095277 1086858 1212330]
Response/bytes (per Connection):  [1831912 1860492 1717358 1874832 2017896 1889024 2003574 1989282 1960718 1917782 2089444 1889016 1960718 1860406 1874776 2075210 1760328 1874846 1889060 1903426 1803286 2046446 2003652 1975024 1932068 2103716 1989222 1946360 1660168 1960716 1989270 1989340 1846222 2017966 2060846 1717346 1860534 1903368 1946352 1889158 1975030 1974984 1874848 2146722 1745946 2118148 1846180 2118006 1846080 1846148 1974980 1946406 1846080 2060900 2017824 1917640 2003610 1917782 1974918 1774664 2032194 1903470 1960574 1817582 1874846 2017966 1989340 2204018 1917688 1874748 1703104 2075094 2089454 1817600 1702968 1903448 2003654 1917710 2060900 1860520 1774530 1974892 1874810 1932064 1746040 1989342 2032252 2060758 1760352 1946314 1960704 2032136 1903332 1846080 1745924 1960576 1975030 1889154 2046580 1975030 1903380 1874704 1903330 1803146 1860536 1774620 1774522 1946338 2060900 1788976 1860452 2060758 1874832 1846222 1774522 2046456 2103732 1760210 1960716 2046574 1960690 1903470 1846200 1903468 1974974 1846082 1960576 2046446 2046588 1975028 2003654 2089388 1774664 1932006 2017856 1989242 1946264 2189596 1989216 2161084 1932094 1774572 1874836 1917734 1817600 1932092 1974964 1860534 2132318 2003654 1932006 2017822 1831912 1903470 2118086 1917660 1846214 1860500 1974970 2017844 1932000 1889016 1946406 1932044 1903328 2161018 2060894 1846184 2046544 2017964 1975014 1946404 2046530 2060834 1889016 1874744 2046540 2060886 1917782 2103836 2003580 2046548 2017966 1817456 1831912 1860534 1731728 1932094 1946284 2060820 1889130 1831780 1931952 1874846 1903328 1917640 1788886 1889160 1889082 2003560 1874810 1932094 2003602 1903470 1989342 1831794 1803154 1960632 1860534 1831824 1903416 1974898 1989200 1874746 1932094 1989296 2060758 1903386 2060758 1860392 1788834 1946404 2132460 1889016 1703038 1846186 1803146 1974904 1917782 2132390 1874836 1989340 1889016 2075212 1831862 2118148 1889150 2103784 1917658 1874848 2003652 2175252 1831910 2060758 1874706 2046494 1917740 1974888 2175382 1803262 1831910 2032276 2103694 1989272 1989338 1917780 1917640 1831810 1860392 1760352 1831768 1989332 1831910 1831910 1974886 1974990 2003582 1774664 2118114 2017896 2046464 2003598 2003540 1831770 1903368 2089412 1975016 1874704 1989258 2146698 1817536 1917782 1860528 2146684 1803144 1817458 1889158 2003638 1917670 2032202 1917782 2003600 1917640 1874848 1960626 2003512 1874718 1874846 1860428 2075212]
Requests Number (per Connection):  [128 130 120 131 141 132 140 139 137 134 146 132 137 130 131 145 123 131 132 133 126 143 140 138 135 147 139 136 116 137 139 139 129 141 144 120 130 133 136 132 138 138 131 150 122 148 129 148 129 129 138 136 129 144 141 134 140 134 138 124 142 133 137 127 131 141 139 154 134 131 119 145 146 127 119 133 140 134 144 130 124 138 131 135 122 139 142 144 123 136 137 142 133 129 122 137 138 132 143 138 133 131 133 126 130 124 124 136 144 125 130 144 131 129 124 143 147 123 137 143 137 133 129 133 138 129 137 143 143 138 140 146 124 135 141 139 136 153 139 151 135 124 131 134 127 135 138 130 149 140 135 141 128 133 148 134 129 130 138 141 135 132 136 135 133 151 144 129 143 141 138 136 143 144 132 131 143 144 134 147 140 143 141 127 128 130 121 135 136 144 132 128 135 131 133 134 125 132 132 140 131 135 140 133 139 128 126 137 130 128 133 138 139 131 135 139 144 133 144 130 125 136 149 132 119 129 126 138 134 149 131 139 132 145 128 148 132 147 134 131 140 152 128 144 131 143 134 138 152 126 128 142 147 139 139 134 134 128 130 123 128 139 128 128 138 138 140 124 148 141 143 140 140 128 133 146 138 131 139 150 127 134 130 150 126 127 132 140 134 142 134 140 134 131 137 140 131 131 130 145]
Requests/sec:  5525.592854817708 KB
Transfer/sec:  14984.040413411458 KB

