2023-12-01 19:21:11.264872788 +0800 CST m=+10602.025713761
Running 1m0s myx-test @ https://192.168.12.127:6443/api/v1/namespaces/myx-test/endpoints
3 connections
Requests/bytes (per Connection):  [20829613 23268363 22132507]
Response/bytes (per Connection):  [29778085 33264531 31640707]
Requests Number (per Connection):  [2494 2786 2650]
Requests/sec:  1077.9701009114583 KB
Transfer/sec:  2619.0398111979166 KB

2023-12-01 19:23:22.191793903 +0800 CST m=+10732.952634878
Running 1m0s myx-test @ https://192.168.12.127:6443/api/v1/namespaces/myx-test/endpoints
6 connections
Requests/bytes (per Connection):  [27920368 27352441 26483844 27761681 26550659 27486069]
Response/bytes (per Connection):  [39915052 39103141 37861392 39688193 37956911 39294177]
Requests Number (per Connection):  [3343 3275 3171 3324 3179 3291]
Requests/sec:  2662.02900390625 KB
Transfer/sec:  6467.674609375 KB

2023-12-01 19:25:33.124899585 +0800 CST m=+10863.885740560
Running 1m0s myx-test @ https://192.168.12.127:6443/api/v1/namespaces/myx-test/endpoints
9 connections
Requests/bytes (per Connection):  [20863021 21856898 21890304 21982177 22140859 20871373 22023935 20837965 21907008]
Response/bytes (per Connection):  [29825845 31246694 31294452 31425793 31652647 29837785 31485491 29790025 31318332]
Requests Number (per Connection):  [2498 2617 2621 2632 2651 2499 2637 2495 2623]
Requests/sec:  3163.6318359375 KB
Transfer/sec:  7686.3705078125 KB

2023-12-01 19:27:57.146549785 +0800 CST m=+11007.907390775
Running 1m0s myx-test @ https://192.168.12.127:6443/api/v1/namespaces/myx-test/endpoints
15 connections
Requests/bytes (per Connection):  [8844652 8994987 9220487 8694318 9086856 8794539 8585742 9103560 8944875 9053449 9061801 9036744 8635855 9020041 9036746]
Response/bytes (per Connection):  [12644344 12859263 13181639 12429426 12990600 12572703 12274206 13014480 12787623 12942841 12954781 12918960 12345847 12895081 12918962]
Requests Number (per Connection):  [1059 1077 1104 1041 1088 1053 1028 1090 1071 1084 1085 1082 1034 1080 1082]
Requests/sec:  2182.8556640625 KB
Transfer/sec:  5303.4734375 KB

2023-12-01 19:30:08.148151412 +0800 CST m=+11138.908992388
Running 1m0s myx-test @ https://192.168.12.127:6443/api/v1/namespaces/myx-test/endpoints
30 connections
Requests/bytes (per Connection):  [3866926 3950443 3983853 3950443 4050666 3933739 4100776 4067370 3950446 4117482 4033962 3958795 4084074 3950442 3933741 3841866 3958793 3833519 4025611 4000554 3983853 3900332 4000555 3958796 3917036 3925389 3933741 3808462 4167591 3950444]
Response/bytes (per Connection):  [5528170 5647567 5695329 5647567 5790846 5623687 5862484 5814726 5647570 5886366 5766966 5659507 5838606 5647566 5623689 5492346 5659505 5480411 5755027 5719206 5695329 5575928 5719207 5659508 5599808 5611749 5623689 5444590 5958003 5647568]
Requests Number (per Connection):  [463 473 477 473 485 471 491 487 473 493 483 474 489 473 471 460 474 459 482 479 477 467 479 474 469 470 471 456 499 473]
Requests/sec:  1939.1227213541667 KB
Transfer/sec:  4711.299153645833 KB

2023-12-01 19:32:19.151130385 +0800 CST m=+11269.911971360
Running 1m0s myx-test @ https://192.168.12.127:6443/api/v1/namespaces/myx-test/endpoints
60 connections
Requests/bytes (per Connection):  [2104677 2179844 2021156 2196549 2062918 2062917 2129733 2146437 1954343 2062916 2037862 2163137 2046210 1979397 2129733 2037862 2179844 2079622 2138085 1954341 2087973 2054564 2037862 2071268 2096325 2046212 2146433 2138085 2054564 2054566 2021156 2071270 2071268 2071268 1987747 1971043 2054564 2037862 2154787 2087973 2104676 2054566 2004455 1945991 2062918 2021156 2054566 1971047 2288419 2146437 2087974 2037862 2046214 2054566 2004452 2071268 2054564 2087973 2138085 2163141]
Response/bytes (per Connection):  [3008853 3116312 2889452 3140193 2949154 2949153 3044673 3068553 2793935 2949152 2913334 3092429 2925270 2829753 3044673 2913334 3116312 2973034 3056613 2793933 2984973 2937212 2913334 2961092 2996913 2925272 3068549 3056613 2937212 2937214 2889452 2961094 2961092 2961092 2841691 2817811 2937212 2913334 3080491 2984973 3008852 2937214 2865575 2781995 2949154 2889452 2937214 2817815 3271531 3068553 2984974 2913334 2925274 2937214 2865572 2961092 2937212 2984973 3056613 3092433]
Requests Number (per Connection):  [252 261 242 263 247 247 255 257 234 247 244 259 245 237 255 244 261 249 256 234 250 246 244 248 251 245 257 256 246 246 242 248 248 248 238 236 246 244 258 250 252 246 240 233 247 242 246 236 274 257 250 244 245 246 240 248 246 250 256 259]
Requests/sec:  2024.4906087239583 KB
Transfer/sec:  4918.709147135417 KB

2023-12-01 19:34:31.418394621 +0800 CST m=+11402.179235596
Running 1m0s myx-test @ https://192.168.12.127:6443/api/v1/namespaces/myx-test/endpoints
90 connections
Requests/bytes (per Connection):  [1703785 1720489 1695434 1678730 1745546 1628618 1720489 1820713 1695434 1653674 1762249 1770601 1712137 1753897 1787305 1712139 1753896 1678728 1678729 1628618 1645323 1695433 1720490 1670378 1787305 1678728 1770601 1795659 1745545 1712140 1762249 1770601 1695433 1687081 1687082 1845768 1812360 1712136 1737193 1678730 1678730 1829064 1770600 1712138 1728841 1687081 1737194 1687082 1737193 1795657 1829064 1687080 1720489 1712139 1628617 1595210 1636971 1753899 1728841 1687081 1628618 1762247 1795655 1762249 1628618 1737193 1620265 1703784 1703786 1745547 1795657 1854120 1687082 1703785 1678730 1703785 1787305 1728841 1778951 1820712 1720490 1662026 1712137 1720492 1636970 1712138 1687082 1720490 1795657 1703785]
Response/bytes (per Connection):  [2435737 2459617 2423798 2399918 2495438 2328278 2459617 2602897 2423798 2364098 2519317 2531257 2447677 2507377 2555137 2447679 2507376 2399916 2399917 2328278 2352159 2423797 2459618 2387978 2555137 2399916 2531257 2567079 2495437 2447680 2519317 2531257 2423797 2411857 2411858 2638716 2590956 2447676 2483497 2399918 2399918 2614836 2531256 2447678 2471557 2411857 2483498 2411858 2483497 2567077 2614836 2411856 2459617 2447679 2328277 2280518 2340219 2507379 2471557 2411857 2328278 2519315 2567075 2519317 2328278 2483497 2316337 2435736 2435738 2495439 2567077 2650656 2411858 2435737 2399918 2435737 2555137 2471557 2543195 2602896 2459618 2376038 2447677 2459620 2340218 2447678 2411858 2459618 2567077 2435737]
Requests Number (per Connection):  [204 206 203 201 209 195 206 218 203 198 211 212 205 210 214 205 210 201 201 195 197 203 206 200 214 201 212 215 209 205 211 212 203 202 202 221 217 205 208 201 201 219 212 205 207 202 208 202 208 215 219 202 206 205 195 191 196 210 207 202 195 211 215 211 195 208 194 204 204 209 215 222 202 204 201 204 214 207 213 218 206 199 205 206 196 205 202 206 215 204]
Requests/sec:  2522.015201822917 KB
Transfer/sec:  6127.496614583333 KB

2023-12-01 19:36:42.826283514 +0800 CST m=+11533.587124489
Running 1m0s myx-test @ https://192.168.12.127:6443/api/v1/namespaces/myx-test/endpoints
150 connections
Requests/bytes (per Connection):  [1094098 1144210 1252783 1144210 1127504 1119153 1185970 1177618 1077394 1144210 1185970 1177618 1085747 1185969 1152562 1144210 1169265 1135856 1127504 1094098 1152562 1060691 1169262 1152562 1077390 1110802 1094097 1094098 1144210 1160913 1085746 1110800 1185967 1135858 1169265 1119154 1211023 1060690 1102450 1085747 1110802 1202669 1110802 1127506 1135858 1119154 1135858 1043986 1135856 1236078 1119152 1160913 1035635 1110800 1135858 1177617 1185969 1211024 1185967 1010580 1135856 1177617 1110802 1135858 1169265 1144208 1194321 1236079 1169263 1177617 1077395 1069043 1102450 1018929 1194321 1119152 1094098 1160914 1052339 1185970 1085742 1110800 1144206 1085746 1102446 1144208 1110802 1135856 1185969 1177617 1219377 1202673 1085744 1077392 1119154 1144210 1052339 1077395 1002227 1177617 1060689 1119151 1135856 1236081 1185969 1119150 1177617 1160914 1227729 1177618 1185967 1102451 1185969 1052339 1085746 1160914 1177618 1211025 1069042 1077394 1135857 1169265 1135858 1160913 1085746 1177614 1043987 1152562 1135858 1211025 1094098 1094099 1177618 1102450 1211025 1085745 1169264 1060690 1144210 1085746 1110802 1094096 1043987 1144210 1110802 1010579 1169265 1094099 1194319 1160911]
Response/bytes (per Connection):  [1564126 1635766 1790983 1635766 1611884 1599945 1695466 1683526 1540246 1635766 1695466 1683526 1552187 1695465 1647706 1635766 1671585 1623824 1611884 1564126 1647706 1516367 1671582 1647706 1540242 1588006 1564125 1564126 1635766 1659645 1552186 1588004 1695463 1623826 1671585 1599946 1731283 1516366 1576066 1552187 1588006 1719341 1588006 1611886 1623826 1599946 1623826 1492486 1623824 1767102 1599944 1659645 1480547 1588004 1623826 1683525 1695465 1731284 1695463 1444728 1623824 1683525 1588006 1623826 1671585 1635764 1707405 1767103 1671583 1683525 1540247 1528307 1576066 1456665 1707405 1599944 1564126 1659646 1504427 1695466 1552182 1588004 1635762 1552186 1576062 1635764 1588006 1623824 1695465 1683525 1743225 1719345 1552184 1540244 1599946 1635766 1504427 1540247 1432787 1683525 1516365 1599943 1623824 1767105 1695465 1599942 1683525 1659646 1755165 1683526 1695463 1576067 1695465 1504427 1552186 1659646 1683526 1731285 1528306 1540246 1623825 1671585 1623826 1659645 1552186 1683522 1492487 1647706 1623826 1731285 1564126 1564127 1683526 1576066 1731285 1552185 1671584 1516366 1635766 1552186 1588006 1564124 1492487 1635766 1588006 1444727 1671585 1564127 1707403 1659643]
Requests Number (per Connection):  [131 137 150 137 135 134 142 141 129 137 142 141 130 142 138 137 140 136 135 131 138 127 140 138 129 133 131 131 137 139 130 133 142 136 140 134 145 127 132 130 133 144 133 135 136 134 136 125 136 148 134 139 124 133 136 141 142 145 142 121 136 141 133 136 140 137 143 148 140 141 129 128 132 122 143 134 131 139 126 142 130 133 137 130 132 137 133 136 142 141 146 144 130 129 134 137 126 129 120 141 127 134 136 148 142 134 141 139 147 141 142 132 142 126 130 139 141 145 128 129 136 140 136 139 130 141 125 138 136 145 131 131 141 132 145 130 140 127 137 130 133 131 125 137 133 121 140 131 143 139]
Requests/sec:  2766.0201171875 KB
Transfer/sec:  6720.331640625 KB

2023-12-01 20:19:32.954029956 +0800 CST m=+62.870492682
Running 1m0s myx-test @ https://192.168.12.127:6443/api/v1/namespaces/myx-test/endpoints
300 connections
Requests/bytes (per Connection):  [851893 860244 810133 918708 876947 785077 818485 793427 734967 785078 977171 751672 860245 835189 801781 826837 860245 927059 860245 860245 843541 868597 860245 760023 893653 868597 776723 810134 851893 776726 835189 835187 776724 860245 868595 935412 793429 801780 818485 902005 868597 718262 843541 927060 885300 885303 910356 927060 902004 935412 910356 835189 776726 935410 851893 843541 801781 768374 835189 810133 860245 876948 876948 835189 835189 843541 868596 835189 885301 835189 785077 851893 801782 785075 835189 851891 818485 860245 885301 826837 851893 810134 868597 860245 843541 918708 876948 910357 843541 776725 876949 851893 985523 860247 851895 876948 785078 785078 851891 851893 893652 818487 818486 818486 893652 868597 826835 826837 760020 751670 743318 910356 801780 810133 860245 818485 810136 835187 801783 910356 776724 826837 902004 876949 860243 868597 835189 843543 868596 810133 885301 801781 843541 885303 835189 801783 876948 801781 843539 743318 868597 851893 902002 810131 860245 851893 860244 826837 876949 751670 760022 902004 860244 818485 868597 826838 760022 810133 835187 818485 843541 718262 793429 843541 876948 910356 718262 818485 902004 860244 785075 776728 1035635 868596 801781 785077 843540 818483 835189 935412 835189 835189 776726 776725 734967 760022 860245 918708 801783 893652 860245 868596 843541 818485 793430 851895 893655 868596 893652 810133 818485 785079 734966 851891 818485 793429 918708 835191 893652 810133 893652 793429 835189 768375 826837 868596 851893 910356 893653 810134 910356 952115 918709 793430 810133 918708 810134 868597 876951 818485 943764 885303 793429 943762 910357 801782 826837 902005 835189 826837 801782 726614 801779 801781 927060 843539 876949 868597 760021 835189 793429 776726 843541 826837 885301 885301 843541 876946 818485 818485 810133 860246 743318 818485 851893 785078 801781 776725 810133 801781 793430 893652 851893 776726 851893 885300 810133 793429 818486 818485 835189 876949 826839 860245 776728 893652 826836 835189 885301 801781 826837 868597 718262 902004 918708 885300 885301 826837 868595 868599]
Response/bytes (per Connection):  [1217869 1229808 1158169 1313388 1253687 1122349 1170109 1134287 1050711 1122350 1396967 1074592 1229809 1193989 1146229 1182049 1229809 1325327 1229809 1229809 1205929 1241749 1229809 1086531 1277569 1241749 1110407 1158170 1217869 1110410 1193989 1193987 1110408 1229809 1241747 1337268 1134289 1146228 1170109 1289509 1241749 1026830 1205929 1325328 1265628 1265631 1301448 1325328 1289508 1337268 1301448 1193989 1110410 1337266 1217869 1205929 1146229 1098470 1193989 1158169 1229809 1253688 1253688 1193989 1193989 1205929 1241748 1193989 1265629 1193989 1122349 1217869 1146230 1122347 1193989 1217867 1170109 1229809 1265629 1182049 1217869 1158170 1241749 1229809 1205929 1313388 1253688 1301449 1205929 1110409 1253689 1217869 1408907 1229811 1217871 1253688 1122350 1122350 1217867 1217869 1277568 1170111 1170110 1170110 1277568 1241749 1182047 1182049 1086528 1074590 1062650 1301448 1146228 1158169 1229809 1170109 1158172 1193987 1146231 1301448 1110408 1182049 1289508 1253689 1229807 1241749 1193989 1205931 1241748 1158169 1265629 1146229 1205929 1265631 1193989 1146231 1253688 1146229 1205927 1062650 1241749 1217869 1289506 1158167 1229809 1217869 1229808 1182049 1253689 1074590 1086530 1289508 1229808 1170109 1241749 1182050 1086530 1158169 1193987 1170109 1205929 1026830 1134289 1205929 1253688 1301448 1026830 1170109 1289508 1229808 1122347 1110412 1480547 1241748 1146229 1122349 1205928 1170107 1193989 1337268 1193989 1193989 1110410 1110409 1050711 1086530 1229809 1313388 1146231 1277568 1229809 1241748 1205929 1170109 1134290 1217871 1277571 1241748 1277568 1158169 1170109 1122351 1050710 1217867 1170109 1134289 1313388 1193991 1277568 1158169 1277568 1134289 1193989 1098471 1182049 1241748 1217869 1301448 1277569 1158170 1301448 1361147 1313389 1134290 1158169 1313388 1158170 1241749 1253691 1170109 1349208 1265631 1134289 1349206 1301449 1146230 1182049 1289509 1193989 1182049 1146230 1038770 1146227 1146229 1325328 1205927 1253689 1241749 1086529 1193989 1134289 1110410 1205929 1182049 1265629 1265629 1205929 1253686 1170109 1170109 1158169 1229810 1062650 1170109 1217869 1122350 1146229 1110409 1158169 1146229 1134290 1277568 1217869 1110410 1217869 1265628 1158169 1134289 1170110 1170109 1193989 1253689 1182051 1229809 1110412 1277568 1182048 1193989 1265629 1146229 1182049 1241749 1026830 1289508 1313388 1265628 1265629 1182049 1241747 1241751]
Requests Number (per Connection):  [102 103 97 110 105 94 98 95 88 94 117 90 103 100 96 99 103 111 103 103 101 104 103 91 107 104 93 97 102 93 100 100 93 103 104 112 95 96 98 108 104 86 101 111 106 106 109 111 108 112 109 100 93 112 102 101 96 92 100 97 103 105 105 100 100 101 104 100 106 100 94 102 96 94 100 102 98 103 106 99 102 97 104 103 101 110 105 109 101 93 105 102 118 103 102 105 94 94 102 102 107 98 98 98 107 104 99 99 91 90 89 109 96 97 103 98 97 100 96 109 93 99 108 105 103 104 100 101 104 97 106 96 101 106 100 96 105 96 101 89 104 102 108 97 103 102 103 99 105 90 91 108 103 98 104 99 91 97 100 98 101 86 95 101 105 109 86 98 108 103 94 93 124 104 96 94 101 98 100 112 100 100 93 93 88 91 103 110 96 107 103 104 101 98 95 102 107 104 107 97 98 94 88 102 98 95 110 100 107 97 107 95 100 92 99 104 102 109 107 97 109 114 110 95 97 110 97 104 105 98 113 106 95 113 109 96 99 108 100 99 96 87 96 96 111 101 105 104 91 100 95 93 101 99 106 106 101 105 98 98 97 103 89 98 102 94 96 93 97 96 95 107 102 93 102 106 97 95 98 98 100 105 99 103 93 107 99 100 106 96 99 104 86 108 110 106 106 99 104 104]
Requests/sec:  4105.802083333333 KB
Transfer/sec:  9975.470572916667 KB

