2023-12-03 10:22:27.195933706 +0800 CST m=+53702.473869083
Running 1m0s myx-test @ https://192.168.12.127:6443/apis/batch/v1/namespaces/myx-test/jobs
3 connections
Requests/bytes (per Connection):  [26512078 28490425 30218419]
Response/bytes (per Connection):  [44009498 47293457 50161937]
Requests Number (per Connection):  [3176 3413 3620]
Requests/sec:  1387.05927734375 KB
Transfer/sec:  3689.54775390625 KB

2023-12-03 10:24:07.575116548 +0800 CST m=+53802.853051925
Running 1m0s myx-test @ https://192.168.12.127:6443/apis/batch/v1/namespaces/myx-test/jobs
6 connections
Requests/bytes (per Connection):  [25777489 25017856 26603916 25485326 24951084 26119745]
Response/bytes (per Connection):  [42790099 41529126 44161966 42305120 41418298 43358241]
Requests Number (per Connection):  [3088 2997 3187 3053 2989 3129]
Requests/sec:  2505.784765625 KB
Transfer/sec:  6665.336360677084 KB

2023-12-03 10:25:47.92466101 +0800 CST m=+53903.202596409
Running 1m0s myx-test @ https://192.168.12.127:6443/apis/batch/v1/namespaces/myx-test/jobs
9 connections
Requests/bytes (per Connection):  [19892405 19742178 19884057 19066029 19466662 19449973 18957503 18999184 19399951]
Response/bytes (per Connection):  [33020977 32771644 33007119 31649263 32314234 32286539 31469103 31538216 32203589]
Requests Number (per Connection):  [2383 2365 2382 2284 2332 2330 2271 2276 2324]
Requests/sec:  2845.995149739583 KB
Transfer/sec:  7570.29013671875 KB

2023-12-03 10:27:28.281746512 +0800 CST m=+54003.559681913
Running 1m0s myx-test @ https://192.168.12.127:6443/apis/batch/v1/namespaces/myx-test/jobs
15 connections
Requests/bytes (per Connection):  [12888756 12830322 12229274 12312777 12830321 12212577 12746841 12696746 12755163 12246002 12746822 12629973 12680042 12872020 12137476]
Response/bytes (per Connection):  [21395084 21298084 20300332 20438981 21298081 20272613 21159501 21076332 21173281 20328144 21159444 20965501 21048592 21367248 20147984]
Requests Number (per Connection):  [1544 1537 1465 1475 1537 1463 1527 1521 1528 1467 1527 1513 1519 1542 1454]
Requests/sec:  3073.162630208333 KB
Transfer/sec:  8174.549381510416 KB

2023-12-03 10:29:08.963026069 +0800 CST m=+54104.240961450
Running 1m0s myx-test @ https://192.168.12.127:6443/apis/batch/v1/namespaces/myx-test/jobs
30 connections
Requests/bytes (per Connection):  [7229070 7379320 7421054 7262463 7245769 7537914 7404361 7212372 7454435 7062085 7437739 7145564 7421043 7212345 7496174 7396013 7404348 7404349 7496174 7295824 7671480 7396013 7337584 7212347 7329218 7012042 7170610 7195654 7203998 7262438]
Response/bytes (per Connection):  [12000134 12249536 12318808 12055569 12027859 12512784 12291101 11972412 12374207 11722899 12346491 11861476 12318775 11972331 12443494 12277243 12291062 12291065 12443494 12110908 12734506 12277243 12180258 11972337 12166346 11639886 11903056 11944630 11958476 12055494]
Requests Number (per Connection):  [866 884 889 870 868 903 887 864 893 846 891 856 889 864 898 886 887 887 898 874 919 886 879 864 878 840 859 862 863 870]
Requests/sec:  3576.005859375 KB
Transfer/sec:  9512.104166666666 KB

2023-12-03 10:30:49.354425403 +0800 CST m=+54204.632360785
Running 1m0s myx-test @ https://192.168.12.127:6443/apis/batch/v1/namespaces/myx-test/jobs
60 connections
Requests/bytes (per Connection):  [4023545 4107059 4157170 4098660 4073649 4157095 3973510 3931701 4073695 4090312 4015236 3931748 4115355 4023540 4132123 3915048 4048652 3981861 4081964 4081986 3973441 4123783 4040224 4098735 4157137 3981866 4023545 4165522 4098723 4006896 4081964 4073669 3956824 4023528 4148747 4023536 4031902 4107057 3931778 3998533 4006869 3981789 3915013 3990146 4090375 4031876 4031926 4140400 4056920 4048572 4115367 4148747 4407530 4040224 4107008 3864984 3890003 3956745 4006907 3998485]
Response/bytes (per Connection):  [6678983 6817665 6900882 6803654 6762179 6900657 6595994 6526497 6762317 6789796 6665242 6526638 6831367 6678968 6859299 6498910 6720746 6609861 6775938 6776004 6595787 6845465 6706648 6803879 6900783 6609876 6678983 6914752 6803843 6651408 6775938 6762239 6568308 6678932 6886799 6678956 6692868 6817659 6526728 6637505 6651327 6609645 6498805 6623530 6789985 6692790 6692940 6872944 6734364 6720506 6831403 6886799 7316382 6706648 6817512 6415834 6457333 6568071 6651441 6637361]
Requests Number (per Connection):  [482 492 498 491 488 498 476 471 488 490 481 471 493 482 495 469 485 477 489 489 476 494 484 491 498 477 482 499 491 480 489 488 474 482 497 482 483 492 471 479 480 477 469 478 490 483 483 496 486 485 493 497 528 484 492 463 466 474 480 479]
Requests/sec:  3953.307373046875 KB
Transfer/sec:  10515.71904296875 KB

2023-12-03 10:32:29.77334607 +0800 CST m=+54305.051281454
Running 1m0s myx-test @ https://192.168.12.127:6443/apis/batch/v1/namespaces/myx-test/jobs
90 connections
Requests/bytes (per Connection):  [2938382 3030208 2896641 3005165 3197094 3088644 2879946 3005163 3088644 3055215 2980078 2904990 2930033 3188768 2988466 3105272 3055252 2904989 2955066 2963423 2888281 3046904 3063598 2955023 2904987 3021853 3080232 2896641 3088644 2980064 3180471 3005165 2988469 2888249 2988469 2946729 3247175 2988443 2929983 3071887 3055252 2888292 3080294 2930034 2946729 3113685 2930033 3096990 3005134 3038498 2988453 2971771 2838166 2879938 2946676 2938381 2996817 3172120 3046904 3038557 2904941 2888294 2821509 3046895 2980093 2913311 2963425 2888274 2921686 2963376 2829858 2996774 3038535 3071948 3096990 2946729 2971727 3013513 3021811 2788085 3013510 3063600 3080282 3005105 3030208 2980120 3021858 3080246 3021855 3005162]
Response/bytes (per Connection):  [4877674 5030106 4808381 4988535 5307044 5127112 4780668 4988529 5127112 5071569 4946832 4822242 4863813 5293252 4960810 5154624 5071680 4822239 4905354 4919239 4794487 5057822 5085532 4905225 4822233 5016227 5113062 4808381 5127112 4946790 5279547 4988535 4960819 4794391 4960819 4891529 5390171 4960741 4863663 5099213 5071680 4794520 5113248 4863816 4891529 5168677 4863813 5140964 4988442 5043790 4960771 4933097 4711258 4780644 4891370 4877671 4974677 5265680 5057822 5043967 4822095 4794526 4683659 5057795 4946877 4836019 4919245 4794466 4849958 4919098 4697520 4974548 5043901 5099396 5140964 4891529 4932965 5002393 5016101 4628131 5002384 5085538 5113212 4988355 5030106 4946958 5016242 5113104 5016233 4988526]
Requests Number (per Connection):  [352 363 347 360 383 370 345 360 370 366 357 348 351 382 358 372 366 348 354 355 346 365 367 354 348 362 369 347 370 357 381 360 358 346 358 353 389 358 351 368 366 346 369 351 353 373 351 371 360 364 358 356 340 345 353 352 359 380 365 364 348 346 338 365 357 349 355 346 350 355 339 359 364 368 371 353 356 361 362 334 361 367 369 360 363 357 362 369 362 360]
Requests/sec:  4387.94189453125 KB
Transfer/sec:  11671.835026041666 KB

2023-12-03 10:34:10.217533577 +0800 CST m=+54405.495468954
Running 1m0s myx-test @ https://192.168.12.127:6443/apis/batch/v1/namespaces/myx-test/jobs
150 connections
Requests/bytes (per Connection):  [1769683 1677849 1861503 1836459 1803140 2020113 1836464 1878196 1961678 2028510 1928353 1928287 1920007 2011820 1819810 1803115 1995112 1928297 1794745 1953328 1903241 1878261 1861503 1928348 2095283 1978385 1886545 1911591 1828110 1919936 1819764 1828111 1811489 1661232 1878218 2095251 1744665 1945018 1928312 2011765 1970023 1911591 1970023 1961708 1861575 1894902 1995068 1853153 1953328 1928284 1886547 1727935 1853155 1752978 1878228 1903312 1861503 1828111 1919938 1878197 1944980 1853169 1869850 1894919 1903240 1995070 1995067 1819837 2003416 1903240 1869907 1928311 1961741 1853154 1936697 1978372 1986720 1970039 1903242 1761389 1894894 1794736 1928285 1936646 1861544 1986780 1819763 1769702 1961715 1878197 1828111 1919939 1936634 1719586 1953328 1903241 1819796 1811416 1936679 2028461 1928287 1869851 1936635 1828112 1769688 1928300 1970024 1786378 1786432 1911604 1995067 1844807 1903245 1869912 2003418 1986722 1861545 1903258 1911588 1811416 1886620 1995068 1803131 1869851 1853221 1944997 1878197 1970059 1961678 1803114 1903268 1878197 2028461 1978372 1919936 1919994 1894921 1853153 1978374 1844838 1861501 1936643 1786371 2028459 1836459 1986749 1903278 1761328 1970084 1878209]
Response/bytes (per Connection):  [2937617 2785161 3090031 3048457 2993244 3353327 3048472 3117738 3256324 3367332 3201093 3200895 3187241 3339634 3020882 2993169 3311882 3200925 2979245 3242460 3159315 3117933 3090031 3201078 3478163 3284073 3131599 3173179 3034596 3187028 3020744 3034599 3007105 2757682 3117804 3478067 2896121 3228716 3200970 3339469 3270173 3173179 3270173 3256414 3090247 3145484 3311750 3076167 3242460 3200886 3131605 2868303 3076173 2909874 3117834 3159528 3090031 3034599 3187034 3117741 3228602 3076215 3103886 3145535 3159312 3311756 3311747 3020963 3325608 3159312 3104057 3200967 3256513 3076170 3214939 3284034 3297892 3270221 3159318 2923921 3145460 2979218 3200889 3214786 3090154 3298072 3020741 2937674 3256435 3117741 3034599 3187037 3214750 2854442 3242460 3159315 3020840 3006886 3214885 3367185 3200895 3103889 3214753 3034602 2937632 3200934 3270176 2965330 2965492 3173218 3311747 3062315 3159327 3104072 3325614 3297898 3090157 3159366 3173170 3006886 3131824 3311750 2993217 3103889 3076371 3228653 3117741 3270281 3256324 2993166 3159396 3117741 3367185 3284034 3187028 3187202 3145541 3076167 3284040 3062408 3090025 3214777 2965309 3367179 3048457 3297979 3159426 2923738 3270356 3117777]
Requests Number (per Connection):  [212 201 223 220 216 242 220 225 235 243 231 231 230 241 218 216 239 231 215 234 228 225 223 231 251 237 226 229 219 230 218 219 217 199 225 251 209 233 231 241 236 229 236 235 223 227 239 222 234 231 226 207 222 210 225 228 223 219 230 225 233 222 224 227 228 239 239 218 240 228 224 231 235 222 232 237 238 236 228 211 227 215 231 232 223 238 218 212 235 225 219 230 232 206 234 228 218 217 232 243 231 224 232 219 212 231 236 214 214 229 239 221 228 224 240 238 223 228 229 217 226 239 216 224 222 233 225 236 235 216 228 225 243 237 230 230 227 222 237 221 223 232 214 243 220 238 228 211 236 225]
Requests/sec:  4628.966292317708 KB
Transfer/sec:  12312.951432291668 KB

2023-12-03 10:35:50.724810958 +0800 CST m=+54506.002746345
Running 1m0s myx-test @ https://192.168.12.127:6443/apis/batch/v1/namespaces/myx-test/jobs
300 connections
Requests/bytes (per Connection):  [1043408 1093530 1076799 1035092 1043487 1051755 1076799 1060108 1010073 1085173 1068528 1010095 1085227 1085226 1118618 1101893 1035136 1185341 1068530 1101909 1168642 993399 1060104 1085226 1010016 993400 1085217 984985 1227061 1118618 1076800 1043408 1051756 993351 1051774 1101922 1018364 1135314 951648 1026791 1135314 1101922 1035108 1035060 1035060 1010095 1143582 1135295 1001715 1126950 1076799 1043447 1085193 1051756 1126898 1035060 1035098 1101889 1101868 1168642 1101844 1118539 1101910 1118556 1143661 1101881 1101853 1151930 1060112 1093574 1051835 1160328 1168685 1101922 1060115 1110270 1101912 1185388 1051834 1143662 1043410 1126965 1143589 1093554 1101871 1110207 1126966 1101885 1118618 1093575 1210366 1118618 1085147 1035065 1060170 1093573 1060156 1143604 943312 1060183 1101922 1093495 1035139 1151931 1035119 943312 1202097 1035081 985012 1101918 1118618 1135313 1043464 1110245 1051835 1060109 1143656 1110208 1010095 1143661 1110251 1110264 1051834 1093574 1110270 1060115 1018443 1043468 1118618 1085202 1093574 1001698 1143662 1035084 1151931 1051818 1010095 985000 1060167 993320 1235420 1093574 1051834 1018375 1168697 943265 1135313 1060164 1026791 1143662 1068476 1043457 1227062 1018421 1068487 1043487 1001678 1051767 1110270 1035139 1060134 976694 1010095 1043469 1085226 1118614 1085156 1151968 976703 1010033 1185322 1018380 1093539 1118580 1060129 1043487 1093574 1085207 1176974 1143625 1043408 1018424 1035138 1076878 1210445 1101922 1118551 960007 993399 1068524 985038 1076878 1060133 1060116 976696 1060173 1043453 993366 1051803 1068452 1043444 1043487 1076846 1193749 1076827 1135250 1060183 1085216 943244 1110270 1018364 1160353 1035059 1043487 1168706 1010069 1101870 1068530 1076806 1143582 951644 1193670 1043487 1168636 1101902 1051756 976697 1093574 960008 985010 1051802 1060119 1001747 1001670 1152010 1110270 1093526 901572 1101869 1051835 976655 1227104 1035114 1026765 1026775 1051804 1177022 1018443 984973 993399 1035139 1151972 1051793 1085187 1168689 1035134 943298 985051 1135257 993329 1043440 1043476 1043474 1101922 934963 984973 1068530 1060182 1051835 1043468 1076848 993400 1243758 968325 1068530 1035139 1035090 1210445 984972 959945 1126935 968355 1118547 1051834 1060114 1168686 1093515 1068453 1068480 1076862 1118613 951591 1076859 1060183 1143662 1051755 1035130 1026712 934891 1076800]
Response/bytes (per Connection):  [1731974 1815224 1787403 1718212 1732211 1745829 1787403 1759702 1676713 1801339 1773776 1676779 1801501 1801498 1856930 1829127 1718344 1967611 1773782 1829175 1939886 1649063 1759690 1801498 1676542 1649066 1801471 1635007 2036841 1856930 1787406 1731974 1745832 1648919 1745886 1829214 1690400 1884646 1579740 1704495 1884646 1829214 1718260 1718116 1718116 1676779 1898264 1884589 1662825 1870740 1787403 1732091 1801399 1745832 1870584 1718116 1718230 1829115 1829052 1939886 1828980 1856693 1829178 1856744 1898501 1829091 1829007 1912122 1759714 1815356 1746069 1926130 1940015 1829214 1759723 1843072 1829184 1967752 1746066 1898504 1731980 1870785 1898285 1815296 1829061 1842883 1870788 1829103 1856930 1815359 2009128 1856930 1801261 1718131 1759888 1815353 1759846 1898330 1565918 1759927 1829214 1815119 1718353 1912125 1718293 1565918 1995507 1718179 1635088 1829202 1856930 1884643 1732142 1842997 1746069 1759705 1898486 1842886 1676779 1898501 1843015 1843054 1746066 1815356 1843072 1759723 1690637 1732154 1856930 1801426 1815356 1662774 1898504 1718188 1912125 1746018 1676779 1635052 1759879 1648826 2050732 1815356 1746066 1690433 1940051 1565777 1884643 1759870 1704495 1898504 1773620 1732121 2036844 1690571 1773653 1732211 1662714 1745865 1843072 1718353 1759780 1621320 1676779 1732157 1801498 1856918 1801288 1912236 1621347 1676593 1967554 1690448 1815251 1856816 1759765 1732211 1815356 1801441 1953696 1898393 1731974 1690580 1718350 1787640 2009365 1829214 1856729 1593631 1649063 1773764 1635166 1787640 1759777 1759726 1621326 1759897 1732109 1648964 1745973 1773548 1732082 1732211 1787544 1981649 1787487 1884454 1759927 1801468 1565714 1843072 1690400 1926205 1718113 1732211 1940078 1676701 1829058 1773782 1787424 1898264 1579728 1981412 1732211 1939868 1829154 1745832 1621329 1815356 1593634 1635082 1745970 1759735 1662921 1662690 1912362 1843072 1815212 1496628 1829055 1746069 1621203 2036970 1718278 1704417 1704447 1745976 1953840 1690637 1634971 1649063 1718353 1912248 1745943 1801381 1940027 1718338 1565876 1635205 1884475 1648853 1732070 1732178 1732172 1829214 1552057 1634971 1773782 1759924 1746069 1732154 1787550 1649066 2064560 1607399 1773782 1718353 1718206 2009365 1634968 1593445 1870695 1607489 1856717 1746066 1759720 1940018 1815179 1773551 1773632 1787592 1856915 1579569 1787583 1759927 1898504 1745829 1718326 1704258 1551841 1787406]
Requests Number (per Connection):  [125 131 129 124 125 126 129 127 121 130 128 121 130 130 134 132 124 142 128 132 140 119 127 130 121 119 130 118 147 134 129 125 126 119 126 132 122 136 114 123 136 132 124 124 124 121 137 136 120 135 129 125 130 126 135 124 124 132 132 140 132 134 132 134 137 132 132 138 127 131 126 139 140 132 127 133 132 142 126 137 125 135 137 131 132 133 135 132 134 131 145 134 130 124 127 131 127 137 113 127 132 131 124 138 124 113 144 124 118 132 134 136 125 133 126 127 137 133 121 137 133 133 126 131 133 127 122 125 134 130 131 120 137 124 138 126 121 118 127 119 148 131 126 122 140 113 136 127 123 137 128 125 147 122 128 125 120 126 133 124 127 117 121 125 130 134 130 138 117 121 142 122 131 134 127 125 131 130 141 137 125 122 124 129 145 132 134 115 119 128 118 129 127 127 117 127 125 119 126 128 125 125 129 143 129 136 127 130 113 133 122 139 124 125 140 121 132 128 129 137 114 143 125 140 132 126 117 131 115 118 126 127 120 120 138 133 131 108 132 126 117 147 124 123 123 126 141 122 118 119 124 138 126 130 140 124 113 118 136 119 125 125 125 132 112 118 128 127 126 125 129 119 149 116 128 124 124 145 118 115 135 116 134 126 127 140 131 128 128 129 134 114 129 127 137 126 124 123 112 129]
Requests/sec:  5229.64404296875 KB
Transfer/sec:  13910.758365885416 KB

