2023-12-01 21:55:23.502190936 +0800 CST m=+3648.218323392
Running 1m0s myx-test @ https://192.168.12.127:6443/api/v1/namespaces/myx-test/limitranges
3 connections
Requests/bytes (per Connection):  [29124761 31998789 29082998]
Response/bytes (per Connection):  [41859119 45989779 41799091]
Requests Number (per Connection):  [3486 3830 3481]
Requests/sec:  1468.2055338541666 KB
Transfer/sec:  3578.361604817708 KB

2023-12-01 21:57:33.991693075 +0800 CST m=+3778.707825498
Running 1m0s myx-test @ https://192.168.12.127:6443/api/v1/namespaces/myx-test/limitranges
6 connections
Requests/bytes (per Connection):  [29701248 30428124 30987902 30235962 31213485 29626056]
Response/bytes (per Connection):  [42687663 43732350 44536879 43456169 44861093 42579594]
Requests Number (per Connection):  [3555 3642 3709 3619 3736 3546]
Requests/sec:  2965.377229817708 KB
Transfer/sec:  7227.319742838542 KB

2023-12-01 21:59:44.480832655 +0800 CST m=+3909.196965074
Running 1m0s myx-test @ https://192.168.12.127:6443/api/v1/namespaces/myx-test/limitranges
9 connections
Requests/bytes (per Connection):  [23735969 22724971 24011624 22724969 23652419 22858693 23727556 23268096 23786041]
Response/bytes (per Connection):  [34114142 32661131 34510346 32661129 33994062 32853301 34102076 33441701 34186132]
Requests Number (per Connection):  [2841 2720 2874 2720 2831 2736 2840 2785 2847]
Requests/sec:  3425.94951171875 KB
Transfer/sec:  8349.84306640625 KB

2023-12-01 22:01:55.017033808 +0800 CST m=+4039.733166232
Running 1m0s myx-test @ https://192.168.12.127:6443/api/v1/namespaces/myx-test/limitranges
15 connections
Requests/bytes (per Connection):  [13459563 13701856 13401043 13284053 13893961 13217273 13593242 13334218 13676789 13902373 13200541 13835528 13476244 13593242 13518042]
Response/bytes (per Connection):  [19344546 19692776 19260455 19092323 19968900 18996319 19536673 19164406 19656750 19980965 18972281 19884896 19368533 19536673 19428596]
Requests Number (per Connection):  [1611 1640 1604 1590 1663 1582 1627 1596 1637 1664 1580 1656 1613 1627 1618]
Requests/sec:  3305.468229166667 KB
Transfer/sec:  8056.2021484375 KB

2023-12-01 22:04:05.588914408 +0800 CST m=+4170.305046831
Running 1m0s myx-test @ https://192.168.12.127:6443/api/v1/namespaces/myx-test/limitranges
30 connections
Requests/bytes (per Connection):  [7878591 7769938 7861843 7419080 7661323 7644614 7828423 7460863 7820066 7435742 7569473 7669679 7678035 7602840 7669677 7494227 7694742 7368960 7536058 7452452 7728164 7627905 7594485 7627912 7761581 7711489 7377273 7669736 7786648 7586171]
Response/bytes (per Connection):  [11323370 11167228 11299316 10662944 11011124 10987109 11251284 10722992 11239274 10686912 10879091 11023133 11035142 10927070 11023131 10770968 11059155 10590906 10831064 10710928 11107189 10963094 10915062 10963101 11155218 11083208 10602872 11023190 11191244 10903095]
Requests Number (per Connection):  [943 930 941 888 917 915 937 893 936 890 906 918 919 910 918 897 921 882 902 892 925 913 909 913 929 923 883 918 932 908]
Requests/sec:  3727.01806640625 KB
Transfer/sec:  9083.6166015625 KB

2023-12-01 22:06:16.278763056 +0800 CST m=+4300.994895529
Running 1m0s myx-test @ https://192.168.12.127:6443/api/v1/namespaces/myx-test/limitranges
60 connections
Requests/bytes (per Connection):  [4260939 4428038 4336132 4244229 4311069 4219165 4052067 4361198 4194099 4386263 4419683 4344488 4127260 4135616 4177390 4419683 4210810 4277649 4269292 4185744 4160680 4244229 4327779 4344488 4319421 4219164 4545006 4210810 4219159 4269294 4302713 4344488 4285999 4260939 4311068 4210809 4135615 4352823 4252584 4127261 4244229 4511587 4519941 4110550 4135615 4352843 4369553 4327778 4143970 4194099 4252575 4444747 4210809 4344488 4260939 4160680 4202454 4143970 4286004 4235874]
Response/bytes (per Connection):  [6123969 6364128 6232039 6099953 6196017 6063930 5823772 6268064 6027905 6304088 6352120 6244048 5931842 5943851 6003890 6352120 6051922 6147985 6135975 6015897 5979874 6099953 6220033 6244048 6208022 6063929 6532238 6051922 6063924 6135977 6184008 6244048 6159988 6123969 6196016 6051921 5943850 6256036 6111961 5931843 6099953 6484207 6496214 5907826 5943850 6256056 6280072 6220032 5955858 6027905 6111952 6388143 6051921 6244048 6123969 5979874 6039913 5955858 6159993 6087945]
Requests Number (per Connection):  [510 530 519 508 516 505 485 522 502 525 529 520 494 495 500 529 504 512 511 501 498 508 518 520 517 505 544 504 505 511 515 520 513 510 516 504 495 521 509 494 508 540 541 492 495 521 523 518 496 502 509 532 504 520 510 498 503 496 513 507]
Requests/sec:  4170.863411458334 KB
Transfer/sec:  10165.372916666667 KB

2023-12-01 22:08:26.863725175 +0800 CST m=+4431.579857616
Running 1m0s myx-test @ https://192.168.12.127:6443/api/v1/namespaces/myx-test/limitranges
90 connections
Requests/bytes (per Connection):  [2899090 3066243 3016109 3099666 3007704 3032771 2965930 2915801 3032827 2974285 3091253 2940922 3099611 3066233 3275062 3041181 3107966 2940866 3091254 2999362 2932510 2957632 3082899 3016061 2940898 3024415 3016060 3074544 2949222 3066189 2890786 2974287 3066246 2990995 3007705 3074546 2890736 3049488 3158093 2907445 3024414 3016096 3107966 2924155 3074579 3032791 3074601 3049479 2999382 2990994 3158150 3099608 2874026 3049479 2915832 2890786 3041168 2965932 3024432 3057834 2982658 3016100 2965930 3082956 2823896 2899091 3066226 3141383 3032796 2999407 2957575 3091258 3141440 3091253 3108018 3116320 2965930 3107977 3007713 3199924 2982697 2990995 3032783 3091306 2940865 3024417 3108013 3166459 3024415 2974285]
Response/bytes (per Connection):  [4166681 4406894 4334842 4454929 4322784 4358810 4262745 4190698 4358866 4274753 4442863 4226778 4454874 4406884 4707038 4370873 4466882 4226722 4442864 4310789 4214713 4250794 4430856 4334794 4226754 4346801 4334793 4418848 4238731 4406840 4154724 4274755 4406897 4298769 4322785 4418850 4154674 4382833 4538927 4178689 4346800 4334829 4466882 4202705 4418883 4358830 4418905 4382824 4310809 4298768 4538984 4454871 4130658 4382824 4190729 4154724 4370860 4262747 4346818 4394832 4286779 4334833 4262745 4430913 4058610 4166682 4406877 4514911 4358835 4310834 4250737 4442868 4514968 4442863 4466934 4478889 4262745 4466893 4322793 4599023 4286818 4298769 4358822 4442916 4226721 4346803 4466929 4550946 4346801 4274753]
Requests Number (per Connection):  [347 367 361 371 360 363 355 349 363 356 370 352 371 367 392 364 372 352 370 359 351 354 369 361 352 362 361 368 353 367 346 356 367 358 360 368 346 365 378 348 362 361 372 350 368 363 368 365 359 358 378 371 344 365 349 346 364 355 362 366 357 361 355 369 338 347 367 376 363 359 354 370 376 370 372 373 355 372 360 383 357 358 363 370 352 362 372 379 362 356]
Requests/sec:  4431.000699869792 KB
Transfer/sec:  10799.387548828125 KB

2023-12-01 22:10:37.503209278 +0800 CST m=+4562.219341701
Running 1m0s myx-test @ https://192.168.12.127:6443/api/v1/namespaces/myx-test/limitranges
150 connections
Requests/bytes (per Connection):  [2055304 2013473 2030182 2088667 2021884 2147151 2105433 2180626 2080369 2122141 2097079 1996820 2030182 2046892 2021884 2113731 2021876 2013529 2080368 1988409 2030223 2105433 2030221 1996819 1980055 2055304 2088667 2088667 2030182 1896560 2105389 2113756 2130442 2105376 2088713 2005120 2130496 2138846 2105379 2088667 2038594 2122090 2046894 2005118 2080368 1996763 1879851 1938278 2105434 1963345 2055247 2072013 1954988 2005175 2122092 1963400 2197316 2063602 1971755 2055304 1938278 2055249 2055247 2063604 2122086 1988464 2130443 2013473 2021827 2105382 2147208 2071959 2038545 1921569 2113789 2080369 2105433 1921609 2013529 2021849 1946671 2163917 1980110 2005174 2071957 2071957 1913270 1946682 1971698 2071957 2122143 2163860 2021847 2071957 2147208 2097023 2088705 2013488 2013472 2030182 1946633 2021882 1938314 1879851 1971755 2163861 2155506 2063602 2038594 2063659 2021875 2080311 2038594 2038588 2063604 1946690 2105433 2113750 2205692 2021884 2113789 2080312 2005118 2080311 2105376 2163860 2055304 2155561 2163863 2038594 2147159 2055304 2063602 2030239 1971740 2105376 2122086 2046949 1963344 2138853 2005174 2005117 1988408 2046892 2038594 2063601 2138853 2063659 2147206 1954988]
Response/bytes (per Connection):  [2953942 2893846 2917861 3001917 2905910 3085972 3025989 3134059 2989966 3050003 3013982 2869887 2917861 2941877 2905910 3037940 2905902 2893902 2989965 2857823 2917902 3025989 2917900 2869886 2845816 2953942 3001917 3001917 2917861 2725791 3025945 3037965 3061957 3025932 3001963 2881840 3062011 3074014 3025935 3001917 2929926 3049952 2941879 2881838 2989965 2869830 2701776 2785774 3025990 2821800 2953885 2977957 2809790 2881895 3049954 2821855 3158055 2965893 2833863 2953942 2785774 2953887 2953885 2965895 3049948 2857878 3061958 2893846 2905853 3025938 3086029 2977903 2929877 2761759 3037998 2989966 3025989 2761799 2893902 2905875 2797820 3110044 2845871 2881894 2977901 2977901 2749807 2797831 2833806 2977901 3050005 3109987 2905873 2977901 3086029 3013926 3001955 2893861 2893845 2917861 2797782 2905908 2785810 2701776 2833863 3109988 3097980 2965893 2929926 2965950 2905901 2989908 2929926 2929920 2965895 2797839 3025989 3037959 3170084 2905910 3037998 2989909 2881838 2989908 3025932 3109987 2953942 3098035 3109990 2929926 3085980 2953942 2965893 2917918 2833848 3025932 3049948 2941934 2821799 3074021 2881894 2881837 2857822 2941877 2929926 2965892 3074021 2965950 3086027 2809790]
Requests Number (per Connection):  [246 241 243 250 242 257 252 261 249 254 251 239 243 245 242 253 242 241 249 238 243 252 243 239 237 246 250 250 243 227 252 253 255 252 250 240 255 256 252 250 244 254 245 240 249 239 225 232 252 235 246 248 234 240 254 235 263 247 236 246 232 246 246 247 254 238 255 241 242 252 257 248 244 230 253 249 252 230 241 242 233 259 237 240 248 248 229 233 236 248 254 259 242 248 257 251 250 241 241 243 233 242 232 225 236 259 258 247 244 247 242 249 244 244 247 233 252 253 264 242 253 249 240 249 252 259 246 258 259 244 257 246 247 243 236 252 254 245 235 256 240 240 238 245 244 247 256 247 257 234]
Requests/sec:  5012.865266927083 KB
Transfer/sec:  12217.530533854168 KB

2023-12-01 22:12:48.252055874 +0800 CST m=+4692.968188295
Running 1m0s myx-test @ https://192.168.12.127:6443/api/v1/namespaces/myx-test/limitranges
300 connections
Requests/bytes (per Connection):  [1152975 1269944 1211460 1244878 1127905 1144621 1194750 1161331 1244878 1211403 1219760 1228168 1119556 1127911 1286597 1178039 1178035 1236523 1211460 1186394 1295009 1328374 1186339 1136264 1228168 1211460 1244864 1211458 1261571 1136266 1161274 1244878 1119499 1244866 1269945 1161330 1236517 1111200 1203103 1144620 1286654 1152976 1286654 1194750 1286612 1203105 1211403 1203105 1219765 1136266 1278300 1261589 1236523 1161300 1286639 1261589 1236525 1186394 1269944 1069370 1294952 1261590 1127910 1194693 1228112 1178039 1211403 1144621 1211460 1203105 1328427 1203105 1228140 1152976 1303364 1253200 1211403 1411942 1286654 1303364 1361847 1144621 1169646 1194693 1219758 1286654 1169666 1303364 1094491 1169685 1378558 1194748 1211460 1236512 1244879 1228168 1311717 1328372 1261589 1236467 1136239 1136266 1144621 1253199 1253232 1236522 1269944 1194750 1186395 1136253 1295003 1203096 1186395 1370201 1278256 1102844 1194693 1169629 1244880 1169685 1303331 1186395 1311690 1320071 1211460 1127911 1169685 1311718 1102846 1244822 1144621 1152973 1169683 1428685 1345082 1236525 1236510 1027652 1178033 1177983 1253177 1244822 1244822 1035995 1211406 1119556 1169684 1211434 1211458 1219757 1261533 1278299 1211460 1102846 1136259 1152918 1161330 1178001 1244879 1177983 1244823 1186395 1194750 1194749 1269944 1261554 1127911 1203105 1186369 1261532 1228113 1178038 1261590 1194750 1178038 1253214 1244839 1169686 1269945 1236515 1169686 1169628 1186395 1194693 1077779 1194751 1152975 1345138 1236475 1286653 1203103 1194749 1228168 1203105 1244822 1244880 1152919 1211460 1036007 1303363 1127909 1261559 1194750 1278295 1136209 1211460 1295009 1178001 1111201 1186395 1186351 1278255 1186370 1161330 1244823 1294989 1186395 1152975 1236523 1269942 1253218 1177984 1253227 1161301 1278297 1269887 1102847 1320021 1144621 1169685 1211424 1186395 1161330 1194750 1219758 1144564 1203103 1136265 1203048 1286634 1236524 1203105 1119499 1169686 1244879 1186395 1127911 1211460 1236468 1203048 1203086 1211418 1269944 1311718 1328429 1086088 1161291 1228113 1136266 1194750 1102846 1186354 1203050 1069411 1320073 1228170 1203105 1194750 1269944 1161329 1194750 1253234 1311717 1186396 1311719 1152976 1211460 1269912 1261589 1127891 1127911 1152976 1320065 1253177 1194750 1027607 1244880 1102846 1236525 1111201 1244880 1253177 1269903 1228170 1161331 1119556 1253177 1186396 1244879 1244879]
Response/bytes (per Connection):  [1657089 1825200 1741145 1789175 1621060 1645082 1717129 1669098 1789175 1741088 1753098 1765159 1609058 1621066 1849159 1693112 1693108 1777167 1741145 1705120 1861224 1909201 1705065 1633072 1765159 1741145 1789161 1741143 1813174 1633074 1669041 1789175 1609001 1789163 1825201 1669097 1777161 1597049 1729135 1645081 1849216 1657090 1849216 1717129 1849174 1729137 1741088 1729137 1753103 1633074 1837209 1813192 1777167 1669067 1849201 1813192 1777169 1705120 1825200 1536954 1861167 1813193 1621065 1717072 1765103 1693112 1741088 1645082 1741145 1729137 1909254 1729137 1765131 1657090 1873232 1801150 1741088 2029299 1849216 1873232 1957286 1645082 1681066 1717072 1753096 1849216 1681086 1873232 1573034 1681105 1981303 1717127 1741145 1777156 1789176 1765159 1885238 1909199 1813192 1777111 1633047 1633074 1645082 1801149 1801182 1777166 1825200 1717129 1705121 1633061 1861218 1729128 1705121 1969293 1837165 1585040 1717072 1681049 1789177 1681105 1873199 1705121 1885211 1897245 1741145 1621066 1681105 1885239 1585042 1789119 1645082 1657087 1681103 2053348 1933215 1777169 1777154 1476971 1693106 1693056 1801127 1789119 1789119 1488967 1741091 1609058 1681104 1741119 1741143 1753095 1813136 1837208 1741145 1585042 1633067 1657032 1669097 1693074 1789176 1693056 1789120 1705121 1717129 1717128 1825200 1813157 1621066 1729137 1705095 1813135 1765104 1693111 1813193 1717129 1693111 1801164 1789136 1681106 1825201 1777159 1681106 1681048 1705121 1717072 1549016 1717130 1657089 1933271 1777119 1849215 1729135 1717128 1765159 1729137 1789119 1789177 1657033 1741145 1488979 1873231 1621064 1813162 1717129 1837204 1633017 1741145 1861224 1693074 1597050 1705121 1705077 1837164 1705096 1669097 1789120 1861204 1705121 1657089 1777167 1825198 1801168 1693057 1801177 1669068 1837206 1825143 1585043 1897195 1645082 1681105 1741109 1705121 1669097 1717129 1753096 1645025 1729135 1633073 1729080 1849196 1777168 1729137 1609001 1681106 1789176 1705121 1621066 1741145 1777112 1729080 1729118 1741103 1825200 1885239 1909256 1560978 1669058 1765104 1633074 1717129 1585042 1705080 1729082 1536995 1897247 1765161 1729137 1717129 1825200 1669096 1717129 1801184 1885238 1705122 1885240 1657090 1741145 1825168 1813192 1621046 1621066 1657090 1897239 1801127 1717129 1476926 1789177 1585042 1777169 1597050 1789177 1801127 1825159 1765161 1669098 1609058 1801127 1705122 1789176 1789176]
Requests Number (per Connection):  [138 152 145 149 135 137 143 139 149 145 146 147 134 135 154 141 141 148 145 142 155 159 142 136 147 145 149 145 151 136 139 149 134 149 152 139 148 133 144 137 154 138 154 143 154 144 145 144 146 136 153 151 148 139 154 151 148 142 152 128 155 151 135 143 147 141 145 137 145 144 159 144 147 138 156 150 145 169 154 156 163 137 140 143 146 154 140 156 131 140 165 143 145 148 149 147 157 159 151 148 136 136 137 150 150 148 152 143 142 136 155 144 142 164 153 132 143 140 149 140 156 142 157 158 145 135 140 157 132 149 137 138 140 171 161 148 148 123 141 141 150 149 149 124 145 134 140 145 145 146 151 153 145 132 136 138 139 141 149 141 149 142 143 143 152 151 135 144 142 151 147 141 151 143 141 150 149 140 152 148 140 140 142 143 129 143 138 161 148 154 144 143 147 144 149 149 138 145 124 156 135 151 143 153 136 145 155 141 133 142 142 153 142 139 149 155 142 138 148 152 150 141 150 139 153 152 132 158 137 140 145 142 139 143 146 137 144 136 144 154 148 144 134 140 149 142 135 145 148 144 144 145 152 157 159 130 139 147 136 143 132 142 144 128 158 147 144 143 152 139 143 150 157 142 157 138 145 152 151 135 135 138 158 150 143 123 149 132 148 133 149 150 152 147 139 134 150 142 149 149]
Requests/sec:  5912.671842447917 KB
Transfer/sec:  14410.566552734375 KB

