2023-11-30 22:27:30.982332336 +0800 CST m=+3591.097200235
Running 1m0s myx-test @ https://192.168.12.127:6443/api/v1/namespaces
3 connections
Requests/bytes (per Connection):  [14150082 11925474 14750095]
Response/bytes (per Connection):  [20496156 17274072 21365270]
Requests Number (per Connection):  [1698 1431 1770]
Requests/sec:  664.4799967447917 KB
Transfer/sec:  1626.971826171875 KB

2023-11-30 22:29:42.87786427 +0800 CST m=+3722.992732179
Running 1m0s myx-test @ https://192.168.12.127:6443/api/v1/namespaces
6 connections
Requests/bytes (per Connection):  [30142134 28766807 29875341 28850548 29700639 29767007]
Response/bytes (per Connection):  [43660536 41668222 43274022 41789744 43021134 43117102]
Requests Number (per Connection):  [3617 3452 3585 3462 3564 3572]
Requests/sec:  2882.527278645833 KB
Transfer/sec:  7057.8326171875 KB

2023-11-30 22:31:54.742191583 +0800 CST m=+3854.857059477
Running 1m0s myx-test @ https://192.168.12.127:6443/api/v1/namespaces
9 connections
Requests/bytes (per Connection):  [22566765 22891914 24167393 23642209 22775480 23641831 23583542 24450288 24299891]
Response/bytes (per Connection):  [32687562 33158616 35006386 34245566 32990092 34244810 34160404 35415912 35197846]
Requests Number (per Connection):  [2708 2747 2900 2837 2733 2837 2830 2934 2916]
Requests/sec:  3450.835172526042 KB
Transfer/sec:  8449.324658203124 KB

2023-11-30 22:34:06.695030114 +0800 CST m=+3986.809898015
Running 1m0s myx-test @ https://192.168.12.127:6443/api/v1/namespaces
15 connections
Requests/bytes (per Connection):  [16041881 16208527 16250246 15558484 15575150 16258528 16100186 16166916 16433569 16425238 15691825 15683609 16125186 16033513 16208527]
Response/bytes (per Connection):  [23236462 23477834 23538292 22536236 22560376 23550260 23320900 23417592 23803826 23791760 22729382 22717546 23357112 23224322 23477834]
Requests Number (per Connection):  [1925 1945 1950 1867 1869 1951 1932 1940 1972 1971 1883 1882 1935 1924 1945]
Requests/sec:  3918.642333984375 KB
Transfer/sec:  9594.744775390625 KB

2023-11-30 22:36:18.633327145 +0800 CST m=+4118.748195046
Running 1m0s myx-test @ https://192.168.12.127:6443/api/v1/namespaces
30 connections
Requests/bytes (per Connection):  [8683481 8825025 8591525 8692149 8241692 8817014 8450238 8483113 8766775 8466487 8408888 8524696 8466851 8424858 8808529 8642238 8416936 8517133 8808522 8566875 8424866 8442215 8624873 8567177 8392230 8633406 8675486 8883864 8674947 8608209]
Response/bytes (per Connection):  [12577930 12782886 12444574 12590670 11937940 12771460 12240132 12287498 12698558 12263438 12180412 12347684 12264166 12203160 12759086 12518424 12191912 12337154 12759072 12409062 12203176 12228682 12492886 12409666 12156288 12505356 12566536 12868392 12565458 12468750]
Requests Number (per Connection):  [1042 1059 1031 1043 989 1058 1014 1018 1052 1016 1009 1023 1016 1011 1057 1037 1010 1022 1057 1028 1011 1013 1035 1028 1007 1036 1041 1066 1041 1033]
Requests/sec:  4191.573860677084 KB
Transfer/sec:  10263.03232421875 KB

2023-11-30 22:38:30.441807531 +0800 CST m=+4250.556675434
Running 1m0s myx-test @ https://192.168.12.127:6443/api/v1/namespaces
60 connections
Requests/bytes (per Connection):  [4758492 4683086 4733576 4783655 4591773 4558639 4608642 4624850 4675232 4666420 4858077 4950332 4574901 4591424 4816963 4691418 4641978 4658087 4766977 4525303 4641978 4799900 4575153 4583091 4758134 4691600 4733541 4724927 4716417 4725300 4575143 4724756 4625264 4791989 4749925 4716983 4674766 4599821 4733332 4733515 4650312 4750319 4575186 4708231 4758186 4874924 4774972 4808365 4741476 4908338 4566973 4724900 4774903 4533315 4716983 4766987 4766681 4675029 4574758 4483634]
Response/bytes (per Connection):  [6892668 6783220 6856624 6929206 6651150 6603266 6675696 6698920 6772108 6759080 7036686 7170640 6626598 6650452 6977438 6795288 6723984 6747010 6905042 6554978 6723984 6952504 6627102 6638382 6891952 6795652 6856554 6843922 6831498 6844668 6627082 6843580 6699748 6941278 6880130 6832630 6771176 6662650 6856136 6856502 6736056 6880918 6627168 6819722 6892056 7061188 6916436 6964838 6867828 7109632 6615338 6843868 6916298 6566406 6832630 6905062 6904450 6771702 6626312 6494620]
Requests Number (per Connection):  [571 562 568 574 551 547 553 555 561 560 583 594 549 551 578 563 557 559 572 543 557 576 549 550 571 563 568 567 566 567 549 567 555 575 570 566 561 552 568 568 558 570 549 565 571 585 573 577 569 589 548 567 573 544 566 572 572 561 549 538]
Requests/sec:  4586.097526041666 KB
Transfer/sec:  11228.996484375 KB

2023-11-30 22:40:42.383520807 +0800 CST m=+4382.498388727
Running 1m0s myx-test @ https://192.168.12.127:6443/api/v1/namespaces
90 connections
Requests/bytes (per Connection):  [3216881 3358554 3158436 3124947 3308556 3091503 3283160 3266495 3300147 3266620 3250217 3150210 3099836 3383482 3308557 3083540 3299954 3241495 3166878 3250219 3133166 3200038 3258551 3291888 3150212 3133168 3208343 3316636 3166498 3125211 3275130 3150210 3399822 3058266 3391847 3141657 3233551 3125211 3225129 3166500 3191879 3250219 3216495 3299898 3241883 3224830 3300221 3175134 3249834 3324823 3283161 3483151 3191881 3350106 3233163 3275221 3191552 3216883 3283555 3283158 3291491 3141876 3158251 3349965 3275219 3141603 3233305 3325224 2991508 3175214 3233551 3300220 3224830 3299825 3300145 3200169 3149985 3274828 3216881 3024838 3083541 3258162 3166498 3275220 3233551 3341491 3208262 3166878 3249829 3316720]
Response/bytes (per Connection):  [4659706 4864920 4574988 4526394 4792500 4477890 4755496 4731358 4780278 4731608 4707994 4563132 4489960 4900988 4792502 4466560 4779892 4695146 4587276 4707998 4538236 4635212 4720066 4768356 4563136 4538240 4647226 4804064 4586516 4526922 4744032 4563132 4924476 4429800 4913122 4550622 4683854 4526922 4671606 4586520 4623490 4707998 4658934 4779780 4695922 4671008 4780426 4599192 4707228 4815842 4755498 5045174 4623494 4852620 4683078 4744214 4622836 4659710 4756286 4755492 4767562 4551060 4574618 4852338 4744210 4550514 4683362 4816644 4333052 4599352 4683854 4780424 4671008 4779634 4780274 4635474 4562682 4743428 4659706 4381328 4466562 4719288 4586516 4744212 4683854 4839986 4647064 4587276 4707218 4804232]
Requests Number (per Connection):  [386 403 379 375 397 371 394 392 396 392 390 378 372 406 397 370 396 389 380 390 376 384 391 395 378 376 385 398 380 375 393 378 408 367 407 377 388 375 387 380 383 390 386 396 389 387 396 381 390 399 394 418 383 402 388 393 383 386 394 394 395 377 379 402 393 377 388 399 359 381 388 396 387 396 396 384 378 393 386 363 370 391 380 393 388 401 385 380 390 398]
Requests/sec:  4730.417447916667 KB
Transfer/sec:  11582.3640625 KB

2023-11-30 22:42:54.286133767 +0800 CST m=+4514.401001676
Running 1m0s myx-test @ https://192.168.12.127:6443/api/v1/namespaces
150 connections
Requests/bytes (per Connection):  [2299953 2150145 2166729 2108223 2275151 2174966 2233308 2083341 2258485 2208482 2224883 2183436 2099942 2058224 2225150 2266573 2200146 2208215 2150144 2174885 2183219 2133221 2208482 2208371 2141811 2208483 2158478 2141554 2208217 2150145 2224881 2199993 2183216 2175097 2250151 2108475 2133286 2108222 2249934 2116807 2174884 2141811 2083224 2183479 2325156 2124888 2158436 2374875 2191552 2175145 2325157 2216814 2166552 2108328 2091805 2091557 2241817 2166811 2133477 2124895 2158479 2191814 2199923 2158477 2199924 2133221 2258385 2208480 2133475 2250152 2075086 2108475 2133477 2133221 2216560 2333209 2116642 2066558 2183458 2241549 2199882 2358451 2041802 2250150 2274878 2050017 2325157 2158220 2183347 2050138 2133219 2266811 2200146 2216550 2183219 2266545 2149894 2191812 2225149 2075139 2166811 2066806 2208459 2141809 2075139 2191814 2316543 2216815 2125143 2258280 2158479 2174886 2208482 2166553 2166812 2108473 2150145 2183219 2158217 2308489 2091808 2141554 2066623 2125143 2275153 2350157 2183218 2124886 2266819 2266548 2133477 2108353 2158479 2233214 2183218 2233214 2108222 2191569 2200095 2258380 2099887 2116553 2299879 2199882 2149887 2075040 2091556 2216816 2366559 2150145]
Response/bytes (per Connection):  [3331410 3114522 3138498 3053658 3295594 3150376 3234888 3017682 3271454 3199024 3222634 3162720 3041692 2981236 3223168 3283034 3186948 3198490 3114520 3150214 3162286 3089866 3199024 3198802 3102450 3199026 3126592 3101936 3198494 3114522 3222630 3186642 3162280 3150638 3259382 3054162 3089996 3053656 3258948 3066230 3150212 3102450 3017448 3162806 3368028 3077796 3126508 3439890 3174356 3150734 3368030 3211092 3138144 3053868 3030014 3029518 3247310 3138662 3090378 3077810 3126594 3174880 3186502 3126590 3186504 3089866 3271254 3199020 3090374 3259384 3005768 3054162 3090378 3089866 3210584 3379538 3065900 2993308 3162764 3246774 3186420 3416234 2957584 3259380 3295048 2969418 3368030 3126076 3162542 2969660 3089862 3283510 3186948 3210564 3162286 3282978 3114020 3174876 3223166 3005874 3138662 2993804 3198978 3102446 3005874 3174880 3355398 3211094 3078306 3271044 3126594 3150216 3199024 3138146 3138664 3054158 3114522 3162286 3126070 3343886 3030020 3101936 2993438 3078306 3295598 3404242 3162284 3077792 3283526 3282984 3090378 3053918 3126594 3234700 3162284 3234700 3053656 3174390 3186846 3271244 3041582 3065722 3331262 3186420 3114006 3005676 3029516 3211096 3427854 3114522]
Requests Number (per Connection):  [276 258 260 253 273 261 268 250 271 265 267 262 252 247 267 272 264 265 258 261 262 256 265 265 257 265 259 257 265 258 267 264 262 261 270 253 256 253 270 254 261 257 250 262 279 255 259 285 263 261 279 266 260 253 251 251 269 260 256 255 259 263 264 259 264 256 271 265 256 270 249 253 256 256 266 280 254 248 262 269 264 283 245 270 273 246 279 259 262 246 256 272 264 266 262 272 258 263 267 249 260 248 265 257 249 263 278 266 255 271 259 261 265 260 260 253 258 262 259 277 251 257 248 255 273 282 262 255 272 272 256 253 259 268 262 268 253 263 264 271 252 254 276 264 258 249 251 266 284 258]
Requests/sec:  5324.90048828125 KB
Transfer/sec:  13037.94423828125 KB

2023-11-30 22:45:06.403738449 +0800 CST m=+4646.518606363
Running 1m0s myx-test @ https://192.168.12.127:6443/api/v1/namespaces
300 connections
Requests/bytes (per Connection):  [1233417 1283418 1166746 1216603 1241602 1350089 1233268 1299930 1199935 1225083 1249935 1249934 1175024 1324927 1441613 1249936 1166743 1233417 1258418 1241673 1266751 1291754 1191747 1275086 1325089 1266752 1200081 1383425 1333392 1216747 1241750 1266596 1249933 1233269 1249934 1083276 1300088 1341596 1224964 1233269 1174939 1325031 1116608 1174939 1141607 1241599 1308263 1300088 1299932 1216603 1241751 1291599 1308265 1174937 1249935 1291754 1400093 1374928 1233286 1266600 1283264 1208413 1225082 1266600 1266750 1249934 1250083 1308328 1366594 1249950 1083276 1358261 1258418 1350089 1275086 1291742 1283264 1216747 1383425 1208415 1349929 1208415 1200081 1233268 1241601 1300086 1141607 1341758 1275005 1241601 1241751 1308265 1191747 1316756 1341758 1208314 1224936 1274933 1149937 1275086 1350089 1283264 1216603 1250084 1233267 1258364 1300088 1275084 1258297 1383427 1316703 1208270 1250085 1250084 1383329 1208270 1158273 1149938 1416592 1283264 1283420 1308265 1258265 1208415 1299930 1283420 1166745 1224936 1325087 1325088 1383284 1258417 1208270 1300086 1208413 1366593 1333264 1308265 1333393 1158377 1258416 1241751 1258419 1183413 1258410 1216603 1258267 1166606 1241601 1283420 1283330 1258393 1241751 1208415 1191745 1250084 1216748 1333422 1316753 1341597 1274933 1266753 1224936 1316756 1241751 1283418 1216749 1224934 1333422 1233417 1324929 1199935 1258418 1224936 1383425 1241749 1316597 1224936 1250084 1241601 1249935 1233267 1300011 1274933 1291754 1258376 1325090 1300041 1158367 1291597 1341692 1091607 1233416 1266617 1283266 1258268 1266752 1349929 1358262 1191747 1266687 1308385 1416761 1266752 1208269 1266752 1208268 1266752 1249935 1366757 1266598 1233269 1275084 1274967 1324930 1275087 1158412 1191666 1299932 1399926 1324931 1275086 1283266 1250020 1291752 1350090 1250085 1266751 1216603 1383324 1249933 1374926 1166605 1316756 1308422 1225082 1249992 1200079 1291752 1299932 1283266 1249933 1258268 1150077 1208270 1374980 1158412 1091636 1266753 1241665 1283420 1300086 1341755 1266599 1124941 1233415 1266708 1216747 1308265 1316598 1258267 1308422 1241600 1216749 1399957 1133410 1074943 1216748 1399925 1408427 1216603 1191748 1133410 1216603 1225083 1224934 1441762 1233266 1233414 1241650 1233269 1233414 1208415 1408427 1383354 1233416 1191747 1208270 1316756 1233269 1383427 1191711 1224936 1233417 1266752 1208336 1374945 1266753 1383261 1249934]
Response/bytes (per Connection):  [1786626 1859052 1690052 1762190 1798400 1955626 1786328 1882884 1738046 1774554 1810470 1810468 1702012 1919090 2088118 1810472 1690046 1786626 1822840 1798542 1834910 1871128 1726266 1846984 1919414 1834912 1738338 2003914 1931424 1762478 1798696 1834600 1810466 1786330 1810468 1569072 1883200 1943236 1774316 1786330 1701842 1919298 1617352 1701842 1653562 1798394 1894954 1883200 1882888 1762190 1798698 1870818 1894958 1701838 1810470 1871128 2028058 1991516 1786364 1834608 1858744 1750406 1774552 1834608 1834908 1810468 1810766 1895084 1979444 1810500 1569072 1967374 1822840 1955626 1846984 1871104 1858744 1762478 2003914 1750410 1955306 1750410 1738338 1786328 1798398 1883196 1653562 1943560 1846822 1798398 1798698 1894958 1726266 1907344 1943560 1750208 1774260 1846678 1665626 1846984 1955626 1858744 1762190 1810768 1786326 1822732 1883200 1846980 1822598 2003918 1907238 1750120 1810770 1810768 2003722 1750120 1677702 1665628 2051864 1858744 1859056 1894958 1822534 1750410 1882884 1859056 1690050 1774260 1919410 1919412 2003632 1822838 1750120 1883196 1750406 1979442 1931168 1894958 1931426 1677910 1822836 1798698 1822842 1714194 1822824 1762190 1822538 1689772 1798398 1859056 1858876 1822790 1798698 1750410 1726262 1810768 1762480 1931484 1907338 1943238 1846678 1834914 1774260 1907344 1798698 1859052 1762482 1774256 1931484 1786626 1919094 1738046 1822840 1774260 2003914 1798694 1907026 1774260 1810768 1798398 1810470 1786326 1883046 1846678 1871128 1822756 1919416 1883106 1677890 1870814 1943428 1581138 1786624 1834642 1858748 1822540 1834912 1955306 1967376 1726266 1834782 1895198 2052202 1834912 1750118 1834912 1750116 1834912 1810470 1979770 1834604 1786330 1846980 1846746 1919096 1846986 1677980 1726104 1882888 2027724 1919098 1846984 1858748 1810640 1871124 1955628 1810770 1834910 1762190 2003712 1810466 1991512 1689770 1907344 1895272 1774552 1810584 1738334 1871124 1882888 1858748 1810466 1822540 1665906 1750120 1991620 1677980 1581196 1834914 1798526 1859056 1883196 1943554 1834606 1629422 1786622 1834824 1762478 1894958 1907028 1822538 1895272 1798396 1762482 2027786 1641764 1557002 1762480 2027722 2040130 1762190 1726268 1641764 1762190 1774554 1774256 2088416 1786324 1786620 1798496 1786330 1786620 1750410 2040130 2003772 1786624 1726266 1750120 1907344 1786330 2003918 1726194 1774260 1786626 1834912 1750252 1991550 1834914 2003586 1810468]
Requests Number (per Connection):  [148 154 140 146 149 162 148 156 144 147 150 150 141 159 173 150 140 148 151 149 152 155 143 153 159 152 144 166 160 146 149 152 150 148 150 130 156 161 147 148 141 159 134 141 137 149 157 156 156 146 149 155 157 141 150 155 168 165 148 152 154 145 147 152 152 150 150 157 164 150 130 163 151 162 153 155 154 146 166 145 162 145 144 148 149 156 137 161 153 149 149 157 143 158 161 145 147 153 138 153 162 154 146 150 148 151 156 153 151 166 158 145 150 150 166 145 139 138 170 154 154 157 151 145 156 154 140 147 159 159 166 151 145 156 145 164 160 157 160 139 151 149 151 142 151 146 151 140 149 154 154 151 149 145 143 150 146 160 158 161 153 152 147 158 149 154 146 147 160 148 159 144 151 147 166 149 158 147 150 149 150 148 156 153 155 151 159 156 139 155 161 131 148 152 154 151 152 162 163 143 152 157 170 152 145 152 145 152 150 164 152 148 153 153 159 153 139 143 156 168 159 153 154 150 155 162 150 152 146 166 150 165 140 158 157 147 150 144 155 156 154 150 151 138 145 165 139 131 152 149 154 156 161 152 135 148 152 146 157 158 151 157 149 146 168 136 129 146 168 169 146 143 136 146 147 147 173 148 148 149 148 148 145 169 166 148 143 145 158 148 166 143 147 148 152 145 165 152 166 150]
Requests/sec:  6166.775390625 KB
Transfer/sec:  15099.25625 KB

