2023-12-01 13:02:20.231304961 +0800 CST m=+3585.355073240
Running 1m0s myx-test @ https://192.168.12.127:6443/api/v1/nodes
3 connections
Requests/bytes (per Connection):  [14781452 17677819 15322443]
Response/bytes (per Connection):  [25535222 30531361 26452469]
Requests Number (per Connection):  [1776 2124 1841]
Requests/sec:  777.69716796875 KB
Transfer/sec:  2120.780696614583 KB

2023-12-01 13:04:31.367748151 +0800 CST m=+3716.491516430
Running 1m0s myx-test @ https://192.168.12.127:6443/api/v1/nodes
6 connections
Requests/bytes (per Connection):  [25634501 25800959 26824675 26733123 26783060 26791384]
Response/bytes (per Connection):  [44275315 44571930 46328357 46170440 46256632 46288009]
Requests Number (per Connection):  [3080 3100 3223 3212 3218 3219]
Requests/sec:  2580.854524739583 KB
Transfer/sec:  7038.710693359375 KB

2023-12-01 13:06:42.383328453 +0800 CST m=+3847.507096732
Running 1m0s myx-test @ https://192.168.12.127:6443/api/v1/nodes
9 connections
Requests/bytes (per Connection):  [20033194 19958288 19517178 19475561 17844277 19875061 19567116 17852598 17719434]
Response/bytes (per Connection):  [34600850 34483899 33704300 33634082 30834375 34328890 33790400 30832956 30603116]
Requests Number (per Connection):  [2407 2398 2345 2340 2144 2388 2351 2145 2129]
Requests/sec:  2796.9190592447917 KB
Transfer/sec:  7627.857666015625 KB

2023-12-01 13:08:53.455774389 +0800 CST m=+3978.579542677
Running 1m0s myx-test @ https://192.168.12.127:6443/api/v1/nodes
15 connections
Requests/bytes (per Connection):  [14540091 13865934 14440215 14448536 14340340 14356984 14373630 14506796 14373634 13682830 14548413 14390278 13491403 13749414 13699478]
Response/bytes (per Connection):  [25116619 23955907 24946444 24960994 24755981 24802993 24819209 25061447 24831405 23624479 25117064 24841793 23309906 23754878 23668642]
Requests Number (per Connection):  [1747 1666 1735 1736 1723 1725 1727 1743 1727 1644 1748 1729 1621 1652 1646]
Requests/sec:  3463.671484375 KB
Transfer/sec:  9446.219677734374 KB

2023-12-01 13:11:04.617434939 +0800 CST m=+4109.741203219
Running 1m0s myx-test @ https://192.168.12.127:6443/api/v1/nodes
30 connections
Requests/bytes (per Connection):  [8447734 7790228 7948359 7873455 8322890 8148109 8364502 8081525 8214695 8497671 8106494 7915068 8189724 8156432 8231338 8048234 8372827 8456056 8056556 8497669 8056561 8064882 8505994 8198047 8156432 7998297 8173082 8006620 8223015 8306247]
Response/bytes (per Connection):  [14590877 13452692 13729579 13600234 14375580 14071811 14447542 13958101 14187530 14677069 14002375 13672080 14145816 14088436 14217666 13901844 14461769 14605344 13916302 14677178 13915938 13930398 14691414 14160161 14088436 13815649 14115564 13829982 14203318 14346647]
Requests Number (per Connection):  [1015 936 955 946 1000 979 1005 971 987 1021 974 951 984 980 989 967 1006 1016 968 1021 968 969 1022 985 980 961 982 962 988 998]
Requests/sec:  3994.282926432292 KB
Transfer/sec:  10893.328043619791 KB

2023-12-01 13:13:15.737514109 +0800 CST m=+4240.861282389
Running 1m0s myx-test @ https://192.168.12.127:6443/api/v1/nodes
60 connections
Requests/bytes (per Connection):  [4511008 4461070 4677466 4935474 4752370 4519328 4519329 4752372 4685789 4594234 4627526 4594234 4560945 4511007 4744046 4585912 4793984 4519328 4694111 4594234 4527653 4694110 4652496 4635849 4544297 4877215 4627526 4619205 4502684 4735724 4610882 4744047 4585913 4402809 4560943 4793986 4594236 4535975 4511005 4602557 4394486 4760693 4602558 4535974 4644174 4535978 4644174 4635849 4710755 4635849 4660818 4452748 4785663 4793986 4411130 4793986 4619203 4702434 4444422 4569266]
Response/bytes (per Connection):  [7781373 7695309 8068547 8532167 8216363 7814507 7798113 8197774 8082868 7943656 8001087 7943686 7886033 7781534 8202158 7929189 8276546 7814510 8097359 7937998 7821642 8115841 8025616 8015381 7840670 8413235 8001096 7968123 7767198 8187643 7953787 8202051 7910800 7613356 7886223 8269585 7925094 7828666 7800084 7944567 7580579 8221453 7957939 7843119 8029569 7824403 8011191 8015381 8144653 8015381 8058416 7680953 8255279 8269609 7621426 8269663 7986721 8111752 7685277 7882745]
Requests Number (per Connection):  [542 536 562 593 571 543 543 571 563 552 556 552 548 542 570 551 576 543 564 552 544 564 559 557 546 586 556 555 541 569 554 570 551 529 548 576 552 545 542 553 528 572 553 545 558 545 558 557 566 557 560 535 575 576 530 576 555 565 534 549]
Requests/sec:  4513.786214192708 KB
Transfer/sec:  12309.309391276041 KB

2023-12-01 13:15:26.96649505 +0800 CST m=+4372.090263331
Running 1m0s myx-test @ https://192.168.12.127:6443/api/v1/nodes
90 connections
Requests/bytes (per Connection):  [3270895 3229282 3528905 3395739 3229281 3429029 3237604 3329156 3287542 3487291 3370769 3512258 3204314 3545552 3262573 3354125 3370772 3220959 3370771 3320833 3220958 3404064 3304189 3262573 3404064 3437356 3270898 3129406 3412385 3437354 3462323 3195991 3453999 3329156 3379095 3245925 3220960 3420710 3220960 3329156 3404064 3179344 3262573 3312512 3470646 3420708 3395742 3420710 3229281 3454000 3195990 3420708 3420706 3220960 3304189 3395737 3254252 3187666 3420706 3304189 3304189 3287542 3320833 3445677 3345802 3254250 3370770 3270893 3379093 3254248 3437356 3345802 3362446 3453998 3270894 3429032 3503939 3387416 3420708 3254249 3379096 3379094 3345800 3312512 3245925 3354125 3445679 3387414 3412385 3412387]
Response/bytes (per Connection):  [5642422 5578808 6087522 5869512 5570614 5933691 5584959 5742876 5689449 6015639 5818838 6061867 5540772 6116021 5627994 5785911 5829476 5556087 5814532 5740045 5565434 5876902 5706116 5627994 5876041 5929362 5642218 5398352 5886403 5947936 5972488 5513107 5969182 5742876 5828896 5617890 5556073 5900591 5556094 5761350 5871982 5484422 5646450 5714065 5986863 5902146 5857467 5900588 5570614 5958173 5513046 5900730 5919373 5556148 5699675 5873563 5618571 5505285 5919388 5703902 5699636 5679345 5739325 5943765 5771566 5613649 5814723 5647418 5828996 5630567 5929362 5771536 5818839 5976753 5660931 5915139 6044160 5843347 5900793 5632179 5828825 5828916 5790089 5714065 5601141 5785893 5943707 5861990 5904898 5890878]
Requests Number (per Connection):  [393 388 424 408 388 412 389 400 395 419 405 422 385 426 392 403 405 387 405 399 387 409 397 392 409 413 393 376 410 413 416 384 415 400 406 390 387 411 387 400 409 382 392 398 417 411 408 411 388 415 384 411 411 387 397 408 391 383 411 397 397 395 399 414 402 391 405 393 406 391 413 402 404 415 393 412 421 407 411 391 406 406 402 398 390 403 414 407 410 410]
Requests/sec:  4898.232568359375 KB
Transfer/sec:  13355.218603515625 KB

2023-12-01 13:17:38.130163406 +0800 CST m=+4503.253931684
Running 1m0s myx-test @ https://192.168.12.127:6443/api/v1/nodes
150 connections
Requests/bytes (per Connection):  [2238856 2155626 2263825 2097367 2039109 2188920 2297119 2213890 2114014 2138982 2155626 2213888 2105691 2114013 2288796 2047430 2330409 2255503 2238857 2238859 1939232 2222211 2122338 2138984 2197244 2372026 2089044 2338733 2014138 2255501 2297117 2147305 2188922 2255503 2213888 2247178 2197245 2222213 2155628 2272151 2055754 2255505 2105692 2222213 2163951 2105692 2297119 2163952 2272149 2222211 2238855 2230536 2122338 2138981 2297117 2263826 2288796 2097367 2247182 2347056 2205567 2213890 2072401 2114013 2347057 2197242 2330407 2272150 2230534 2172276 2247178 2222209 2205565 2238859 2255504 2188921 2089047 2105692 2288795 2205567 2205567 2188919 2105691 2222213 2122338 2172272 2172273 2222213 2413637 2213890 2247182 2313765 2188922 2130661 2197244 2205565 2089047 2064078 2238855 2330407 2172275 2272150 2105689 2097370 2147305 2305439 2255501 2222211 2105692 2172274 2230536 2130659 2305440 2297118 2255505 2180596 2180598 2114016 2072401 2180597 2222213 2180596 2280470 2138981 2064078 2213890 2155628 2080723 2163950 2330411 2213888 2197243 2089046 2263827 2230535 2155630 2180597 2097369 2222213 2322088 2313763 2014138 2263825 2297119 2105692 2163949 2188920 2138984 2263825 2180598]
Response/bytes (per Connection):  [3862152 3722053 3915069 3618109 3517370 3775904 3962506 3818898 3646677 3689834 3733399 3819061 3632332 3646739 3948086 3531917 4019977 3909239 3872410 3861975 3363781 3851862 3661023 3689629 3795662 4091617 3603701 4034311 3474537 3894915 3962576 3704179 3775783 3890786 3828634 3891436 3807282 3849119 3735003 3920462 3546263 3891526 3632333 3833285 3750581 3632333 3962437 3732870 3930510 3833349 3880685 3853042 3679137 3689956 3981086 3905101 3948116 3635452 3876320 4048632 3815989 3818892 3574780 3646799 4050673 3808821 4025102 3919969 3847751 3747048 3878878 3849388 3804680 3861930 3909261 3775833 3607088 3648887 3959440 3804526 3804595 3794485 3632272 3833285 3660975 3761348 3764799 3851519 4163707 3818940 3882224 3991124 3775705 3675368 3790196 3823175 3603521 3560420 3880685 4037471 3747215 3932311 3646715 3617866 3721150 3990123 3892023 3842385 3632279 3747214 3847558 3675489 3995437 3980961 3890665 3778898 3761560 3646517 3576922 3761559 3833243 3769922 3937104 3693484 3560486 3818940 3736983 3595079 3739387 4035606 3828895 3797629 3603571 3905132 3847710 3718403 3780021 3617988 3838697 4021021 3991323 3474537 3914946 3962506 3632333 3751464 3794363 3689713 3905217 3775714]
Requests Number (per Connection):  [269 259 272 252 245 263 276 266 254 257 259 266 253 254 275 246 280 271 269 269 233 267 255 257 264 285 251 281 242 271 276 258 263 271 266 270 264 267 259 273 247 271 253 267 260 253 276 260 273 267 269 268 255 257 276 272 275 252 270 282 265 266 249 254 282 264 280 273 268 261 270 267 265 269 271 263 251 253 275 265 265 263 253 267 255 261 261 267 290 266 270 278 263 256 264 265 251 248 269 280 261 273 253 252 258 277 271 267 253 261 268 256 277 276 271 262 262 254 249 262 267 262 274 257 248 266 259 250 260 280 266 264 251 272 268 259 262 252 267 279 278 242 272 276 253 260 263 257 272 262]
Requests/sec:  5363.685660807291 KB
Transfer/sec:  14629.486962890625 KB

2023-12-01 13:19:49.409592885 +0800 CST m=+4634.533361172
Running 1m0s myx-test @ https://192.168.12.127:6443/api/v1/nodes
300 connections
Requests/bytes (per Connection):  [1198497 1206818 1306693 1248433 1215141 1256756 1331664 1223464 1173529 1165201 1215143 1215141 1406568 1190174 1273401 1373274 1290049 1265077 1273403 1298372 1223466 1273403 1331664 1198496 1148559 1248435 1290047 1273403 1265079 1240111 1240111 1248433 1348309 1198495 1215143 1306693 1198497 1215143 1198493 1231789 1198495 1115268 1281725 1256757 1256755 1198497 1265080 1223464 1290047 1273403 1265076 1339987 1065330 1181851 1273404 1165203 1231789 1206820 1181851 1265080 1331663 1306695 1073654 1273401 1181852 1240111 1256755 1240109 1265080 1231789 1248430 1240112 1298372 1339985 1090299 1273401 1298372 1181850 1315016 1057007 1256755 1173529 1265080 1273402 1256757 1181849 1248434 1190174 1248433 1190174 1123591 1156883 1231787 1265081 1140237 1290045 1198496 1215143 1206818 1306695 1198497 1198497 1323337 1265078 1273403 1315017 1273403 1231789 1206820 1206820 1123591 1331659 1290049 1223465 1290047 1181852 1290049 1240112 1165204 1248433 1273403 1198495 1306695 1090299 1231788 1256758 1364955 1190174 1364953 1248435 1173528 1256758 1248435 1339985 1215142 1198495 1190174 1356633 1281724 1190175 1173528 1198495 1240108 1131914 1181851 1298370 1148560 1123590 1090299 1231788 1306695 1240109 1323341 1339985 1223464 1231787 1223466 1215140 1215143 1265078 1231788 1206817 1198495 1073654 1198497 1131914 1273401 1256758 1273403 1248434 1173526 1240111 1248433 1240111 1323338 1190174 1231786 1306695 1315015 1215139 1198495 1156881 1173528 1290047 1231789 1248435 1190170 1373278 1223466 1256757 1156880 1323340 1281724 1256758 1248432 1281726 1248432 1190171 1090298 1256757 1215143 1364955 1156881 1081976 1273403 1256757 1173527 1331663 1281724 1231789 1323338 1281724 1190172 1206820 1173528 1248435 1190174 1231788 1298370 1165206 1148560 1181849 1364955 1223461 1290045 1348307 1173529 1256755 1315017 1364956 1198495 1190172 1148558 1223466 1290049 1281725 1306695 1348307 1073654 1315017 1389924 1298370 1065329 1315016 1290049 1106945 1231788 1273403 1223464 1256755 1265080 1131914 1181849 1248434 1290049 1123589 1140237 1273403 1223464 1323339 1206818 1115268 1165203 1206818 1298368 1265077 1398244 1173529 1223464 1256755 1273403 1215143 1181847 1206820 1331661 1256758 1106945 1265077 1356632 1265080 1073653 1206820 1173528 1148558 1306693 1190174 1306692 1290045 1281726 1306691 1265080 1240111 1273401 1248432 1339986 1248434 1190172 1215142 1240111 1348307]
Response/bytes (per Connection):  [2067387 2081796 2265269 2163058 2096168 2167923 2297029 2110519 2024230 2011416 2096077 2103257 2426377 2065396 2196735 2370639 2225253 2198034 2196614 2239598 2110374 2196569 2297152 2074568 1985253 2153457 2225368 2196614 2182268 2139234 2139234 2153527 2325841 2067508 2096032 2254058 2067351 2096077 2069999 2124767 2067484 1937249 2210958 2167885 2168045 2083194 2182269 2110543 2225425 2200550 2185358 2311368 1837694 2038655 2200428 2016770 2124767 2081732 2038649 2182269 2297103 2253988 1851968 2196717 2038530 2139186 2174261 2143285 2185098 2124728 2155345 2139112 2239601 2311495 1880735 2196678 2245799 2038696 2268460 1824015 2168045 2024185 2182269 2196613 2167879 2038764 2153534 2052997 2153554 2053042 1938160 2010888 2124888 2198932 1981886 2238848 2067386 2096077 2090478 2253994 2067387 2067387 2297458 2182390 2199074 2268461 2196614 2127104 2081732 2081684 1938115 2302403 2225262 2110544 2225425 2054253 2225304 2139112 2010006 2153554 2199074 2074273 2253994 1880780 2124889 2167763 2354531 2054764 2354652 2153406 2029887 2167790 2153418 2311495 2096199 2067508 2053042 2340013 2216333 2052890 2024313 2075530 2152410 1952505 2049611 2239770 1981159 1938282 1880744 2124889 2253994 2139355 2282684 2311495 2115316 2134482 2110383 2096320 2096077 2182354 2139883 2095157 2074447 1856888 2067387 1963419 2196735 2171492 2196614 2153528 2024473 2154348 2153539 2139234 2294201 2053000 2125010 2253988 2278776 2110857 2067508 2001520 2024352 2225425 2124719 2153409 2067945 2368834 2110383 2167876 2002179 2282752 2211080 2167802 2163549 2222473 2158713 2065234 1886641 2167879 2096077 2354480 2003287 1866435 2196563 2167924 2027564 2297151 2211023 2124767 2282909 2221394 2053163 2084069 2024313 2153457 2053000 2138923 2239770 2012591 1983409 2043834 2354531 2125321 2227190 2325962 2039785 2174381 2268461 2372517 2070958 2053139 1990172 2110368 2225265 2210907 2253988 2325962 1851968 2268407 2397524 2247396 1837744 2268460 2225304 1909470 2124853 2196614 2110543 2168045 2182221 1955826 2045637 2153579 2242335 1945223 1966850 2196614 2110543 2282775 2081853 1923779 2013821 2081853 2254426 2195568 2412154 2025460 2110543 2168045 2196614 2096077 2052982 2097686 2305267 2167802 1909470 2196801 2340186 2182269 1852090 2081732 2024310 1981316 2260811 2056486 2261863 2238107 2210959 2255880 2182215 2139234 2205966 2159676 2311484 2153537 2062019 2096151 2139234 2325962]
Requests Number (per Connection):  [144 145 157 150 146 151 160 147 141 140 146 146 169 143 153 165 155 152 153 156 147 153 160 144 138 150 155 153 152 149 149 150 162 144 146 157 144 146 144 148 144 134 154 151 151 144 152 147 155 153 152 161 128 142 153 140 148 145 142 152 160 157 129 153 142 149 151 149 152 148 150 149 156 161 131 153 156 142 158 127 151 141 152 153 151 142 150 143 150 143 135 139 148 152 137 155 144 146 145 157 144 144 159 152 153 158 153 148 145 145 135 160 155 147 155 142 155 149 140 150 153 144 157 131 148 151 164 143 164 150 141 151 150 161 146 144 143 163 154 143 141 144 149 136 142 156 138 135 131 148 157 149 159 161 147 148 147 146 146 152 148 145 144 129 144 136 153 151 153 150 141 149 150 149 159 143 148 157 158 146 144 139 141 155 148 150 143 165 147 151 139 159 154 151 150 154 150 143 131 151 146 164 139 130 153 151 141 160 154 148 159 154 143 145 141 150 143 148 156 140 138 142 164 147 155 162 141 151 158 164 144 143 138 147 155 154 157 162 129 158 167 156 128 158 155 133 148 153 147 151 152 136 142 150 155 135 137 153 147 159 145 134 140 145 156 152 168 141 147 151 153 146 142 145 160 151 133 152 163 152 129 145 141 138 157 143 157 155 154 157 152 149 153 150 161 150 143 146 149 162]
Requests/sec:  6042.764762369791 KB
Transfer/sec:  16479.549560546875 KB

