2023-12-01 23:50:38.39102572 +0800 CST m=+10563.107158136
Running 1m0s myx-test @ https://192.168.12.127:6443/api/v1/namespaces/myx-test/persistentvolumeclaims
3 connections
Requests/bytes (per Connection):  [25197355 23614124 26914618]
Response/bytes (per Connection):  [36866735 34550683 39378819]
Requests Number (per Connection):  [3008 2819 3213]
Requests/sec:  1232.5211100260417 KB
Transfer/sec:  3035.845279947917 KB

2023-12-01 23:52:48.941022916 +0800 CST m=+10693.657155401
Running 1m0s myx-test @ https://192.168.12.127:6443/api/v1/namespaces/myx-test/persistentvolumeclaims
6 connections
Requests/bytes (per Connection):  [27350160 27199395 27157506 27232940 25758608 25942898]
Response/bytes (per Connection):  [40017199 39796015 39734974 39844391 37687613 37957376]
Requests Number (per Connection):  [3265 3247 3242 3251 3075 3097]
Requests/sec:  2614.607861328125 KB
Transfer/sec:  6440.089111328125 KB

2023-12-01 23:54:59.471353508 +0800 CST m=+10824.187485938
Running 1m0s myx-test @ https://192.168.12.127:6443/api/v1/namespaces/myx-test/persistentvolumeclaims
9 connections
Requests/bytes (per Connection):  [20263423 21469694 21545087 21310527 21067604 21310534 21268636 20171276 19995418]
Response/bytes (per Connection):  [29647975 31412692 31522737 31179900 30824379 31179684 31118857 29513203 29254632]
Requests Number (per Connection):  [2419 2563 2572 2544 2515 2544 2539 2408 2387]
Requests/sec:  3066.442041015625 KB
Transfer/sec:  7552.998990885417 KB

2023-12-01 23:57:10.079113272 +0800 CST m=+10954.795245691
Running 1m0s myx-test @ https://192.168.12.127:6443/api/v1/namespaces/myx-test/persistentvolumeclaims
15 connections
Requests/bytes (per Connection):  [14031070 15002845 14098091 14625886 14123273 14969282 14583944 14776671 15103313 14768294 14885568 14542102 14190286 15094936 13830079]
Response/bytes (per Connection):  [20529946 21950329 20627744 21398772 20663436 21902381 21338793 21619307 22098412 21607055 21778802 21276684 20761672 22086160 20234840]
Requests Number (per Connection):  [1675 1791 1683 1746 1686 1787 1741 1764 1803 1763 1777 1736 1694 1802 1651]
Requests/sec:  3558.3600260416665 KB
Transfer/sec:  8764.647998046876 KB

2023-12-01 23:59:20.623645517 +0800 CST m=+11085.339777939
Running 1m0s myx-test @ https://192.168.12.127:6443/api/v1/namespaces/myx-test/persistentvolumeclaims
30 connections
Requests/bytes (per Connection):  [7782070 7413438 7547468 7505581 7740150 7572599 7807152 7765266 7572599 7639614 7421844 7689875 7614483 7765267 7421814 7405066 7865789 7832333 7849036 7564222 7631237 7446945 7857412 7639614 7572599 7731760 7505583 7782019 7379986 7321348]
Response/bytes (per Connection):  [11385290 10847050 11043080 10982041 11324441 11079836 11422889 11361851 11079836 11177851 10858885 11251362 11141095 11361629 10859301 10834580 11508874 11458803 11484148 11067584 11165599 10896057 11496622 11177851 11079836 11312622 10981820 11386354 10796760 10710997]
Requests Number (per Connection):  [929 885 901 896 924 904 932 927 904 912 886 918 909 927 886 884 939 935 937 903 911 889 938 912 904 923 896 929 881 874]
Requests/sec:  3721.422021484375 KB
Transfer/sec:  9166.326708984376 KB

2023-12-02 00:01:31.303822184 +0800 CST m=+11216.019954608
Running 1m0s myx-test @ https://192.168.12.127:6443/api/v1/namespaces/myx-test/persistentvolumeclaims
60 connections
Requests/bytes (per Connection):  [4347551 4439678 4531844 4188390 4414556 4263782 4406190 4305661 4263783 4322420 4489957 4297290 4288913 4288913 4339174 4322420 4464828 4330797 4322420 4355908 4406163 4255403 4406190 4330797 4196767 4330797 4255405 4473203 4330798 4456449 4087879 4347550 4355929 4431319 4272149 4372682 4347551 3970590 4272159 4280536 4364305 4230275 4230274 4355928 4355926 4272159 4255406 4489958 4163262 4372682 4414567 4422944 4171636 4305667 4431319 4255406 4448072 4305666 4439695 4196767]
Response/bytes (per Connection):  [6360906 6496327 6630449 6128120 6459134 6238387 6446670 6300087 6238388 6324150 6569410 6287395 6275143 6275143 6348654 6324150 6532433 6336402 6324150 6373807 6447312 6226356 6446670 6336402 6140372 6336402 6226135 6544906 6336403 6520402 5980886 6361128 6373159 6483647 6250852 6397662 6360906 5809570 6250639 6262891 6385410 6189380 6189379 6373158 6373379 6250639 6226136 6569188 6091367 6397662 6458922 6471174 6103616 6299647 6483647 6226136 6508150 6299646 6495898 6140372]
Requests Number (per Connection):  [519 530 541 500 527 509 526 514 509 516 536 513 512 512 518 516 533 517 516 520 526 508 526 517 501 517 508 534 517 532 488 519 520 529 510 522 519 474 510 511 521 505 505 520 520 510 508 536 497 522 527 528 498 514 529 508 531 514 530 501]
Requests/sec:  4226.020589192708 KB
Transfer/sec:  10409.205989583334 KB

2023-12-02 00:03:41.981580591 +0800 CST m=+11346.697713012
Running 1m0s myx-test @ https://192.168.12.127:6443/api/v1/namespaces/myx-test/persistentvolumeclaims
90 connections
Requests/bytes (per Connection):  [3107827 3158076 3141278 3015681 3116204 3216670 3124525 2998871 3216727 3007249 3132918 3300437 3049134 2982117 2982117 3015650 3124524 3032435 3183220 2965363 2982117 3107773 3091017 3183163 3225104 3082640 2956987 3116199 3141278 3149658 3141278 3216670 2990550 3015624 3040757 3024001 3015681 3007248 3040756 2982119 3158032 3141316 3266932 3216671 3199917 3275366 3158032 3049189 2948666 3158038 3174843 3191539 2923536 3183220 3091019 3116147 3166409 2982117 2973740 3057511 3099393 3057531 3099394 3015624 3241814 3283686 3049189 3141278 3124524 3074263 3057509 3233481 3124525 3074263 3116150 3091066 3091074 3275309 3065886 3141280 3116147 3250178 3099394 3158032 3057509 3015626 3174786 3174786 3032410 3158032]
Response/bytes (per Connection):  [4546121 4620066 4596410 4411350 4558373 4706677 4571907 4388128 4705396 4400158 4583506 4829417 4461418 4363624 4363624 4411988 4571906 4435854 4656389 4339120 4363624 4547182 4522899 4657670 4717648 4510647 4326869 4558814 4596410 4608442 4596410 4706677 4374594 4412631 4449166 4424883 4411350 4400380 4449388 4363403 4620914 4595779 4780189 4706678 4682174 4791160 4620914 4460358 4313335 4620474 4644137 4669921 4276580 4656389 4522678 4559654 4633166 4363624 4351372 4473670 4535150 4473467 4535151 4412631 4743223 4804693 4460358 4596410 4571906 4498395 4473891 4729900 4571907 4498395 4559434 4522056 4521618 4792441 4486143 4596189 4559654 4755685 4535151 4620914 4473891 4412410 4645418 4645418 4436498 4620914]
Requests Number (per Connection):  [371 377 375 360 372 384 373 358 384 359 374 394 364 356 356 360 373 362 380 354 356 371 369 380 385 368 353 372 375 376 375 384 357 360 363 361 360 359 363 356 377 375 390 384 382 391 377 364 352 377 379 381 349 380 369 372 378 356 355 365 370 365 370 360 387 392 364 375 373 367 365 386 373 367 372 369 369 391 366 375 372 388 370 377 365 360 379 379 362 377]
Requests/sec:  4549.284212239583 KB
Transfer/sec:  11205.42021484375 KB

2023-12-02 00:05:52.619821441 +0800 CST m=+11477.335953864
Running 1m0s myx-test @ https://192.168.12.127:6443/api/v1/namespaces/myx-test/persistentvolumeclaims
150 connections
Requests/bytes (per Connection):  [1541308 1591609 1474277 1524593 1583234 1591608 1566480 1390508 1641813 1516217 1616739 1683755 1608362 1633496 1558065 1532938 1507796 1574855 1549669 1541350 1566423 1432400 1507840 1457550 1516219 1516162 1591604 1666944 1532934 1591554 1608307 1650247 1499465 1566453 1599986 1549725 1524596 1566434 1583224 1474332 1608346 1583226 1532971 1583232 1566479 1507800 1507840 1524593 1516217 1532972 1524595 1591610 1549669 1415696 1558066 1625117 1524593 1558102 1591552 1616685 1616741 1574798 1641816 1625117 1532960 1599988 1507785 1516217 1616740 1474334 1457560 1507840 1641815 1424015 1549699 1667001 1516217 1566465 1474332 1583177 1482654 1549674 1507785 1692132 1574857 1608363 1491088 1524539 1574855 1599931 1541293 1583232 1424016 1641870 1541293 1482703 1558054 1591611 1516219 1415655 1474332 1524539 1482657 1516219 1583210 1440789 1424015 1558101 1558103 1491086 1708885 1608363 1583234 1465957 1499463 1692127 1633494 1616739 1667001 1424015 1541297 1516192 1507836 1625061 1499439 1474332 1583199 1558101 1549670 1566421 1390563 1708886 1499463 1482709 1667001 1566443 1482680 1574857 1524537 1457530 1516216 1683700 1507839 1532973 1599987 1482696 1633493 1683749 1574855 1692132]
Response/bytes (per Connection):  [2255646 2328305 2157838 2230289 2315832 2328304 2291328 2035319 2403097 2218038 2365060 2463076 2352808 2389344 2280153 2243178 2206634 2303801 2268105 2254573 2292609 2096363 2205786 2132692 2217817 2219098 2328300 2439853 2243397 2329365 2353868 2414068 2193313 2292193 2340557 2267046 2230069 2292397 2316268 2156778 2353238 2316270 2242542 2316053 2291550 2206638 2205786 2230289 2218038 2242320 2230068 2328083 2268105 2070794 2279931 2377313 2230289 2279298 2329586 2366121 2364839 2305082 2402877 2377313 2242754 2340336 2206846 2218038 2365061 2156557 2132702 2205786 2402876 2084326 2267689 2438572 2218038 2291982 2156778 2317113 2170090 2268110 2206846 2475328 2303580 2352809 2181061 2231350 2303801 2341617 2255854 2316053 2084327 2401816 2255854 2169247 2280365 2328084 2217817 2071645 2156778 2231350 2170093 2217817 2316477 2108404 2084326 2279297 2279076 2181282 2499831 2352809 2315832 2144305 2193534 2475323 2389565 2365060 2438572 2084326 2255858 2218459 2206005 2378372 2193956 2156778 2316689 2279297 2268106 2292830 2034259 2499832 2193534 2169030 2438572 2292406 2169447 2303580 2231571 2133118 2218037 2464136 2205785 2242321 2340335 2169240 2389564 2463070 2303801 2475328]
Requests Number (per Connection):  [184 190 176 182 189 190 187 166 196 181 193 201 192 195 186 183 180 188 185 184 187 171 180 174 181 181 190 199 183 190 192 197 179 187 191 185 182 187 189 176 192 189 183 189 187 180 180 182 181 183 182 190 185 169 186 194 182 186 190 193 193 188 196 194 183 191 180 181 193 176 174 180 196 170 185 199 181 187 176 189 177 185 180 202 188 192 178 182 188 191 184 189 170 196 184 177 186 190 181 169 176 182 177 181 189 172 170 186 186 178 204 192 189 175 179 202 195 193 199 170 184 181 180 194 179 176 189 186 185 187 166 204 179 177 199 187 177 188 182 174 181 201 180 183 191 177 195 201 188 202]
Requests/sec:  3790.414371744792 KB
Transfer/sec:  9336.206510416667 KB

2023-12-02 00:08:03.316215612 +0800 CST m=+11608.032348040
Running 1m0s myx-test @ https://192.168.12.127:6443/api/v1/namespaces/myx-test/persistentvolumeclaims
300 connections
Requests/bytes (per Connection):  [1273288 1315155 1348662 1239780 1298419 1256534 1340304 1256477 1432447 1206273 1340301 1398885 1365434 1197896 1273287 1382177 1264885 1273287 1223025 1256534 1256534 1231367 1306796 1256534 1415639 1331869 1290042 1222969 1264912 1231402 1323495 1281666 1273234 1331927 1298419 1373809 1382173 1365397 1348680 1323550 1231404 1331927 1197839 1440791 1373754 1306796 1323513 1264912 1306764 1331926 1365432 1432448 1348624 1181085 1256535 1382165 1256534 1315171 1348678 1214650 1373811 1298419 1273287 1256535 1298417 1382147 1214648 1239723 1440824 1340304 1348624 1340269 1365377 1273289 1206216 1340303 1323493 1315116 1306769 1273231 1197896 1465914 1315173 1222970 1357055 1415696 1315118 1256528 1298419 1273288 1206273 1239757 1323493 1365416 1323550 1231404 1298362 1289993 1348681 1348624 1357056 1164386 1248158 1315171 1340288 1281609 1415696 1340246 1382186 1373810 1147634 1382188 1239723 1239780 1315171 1114125 1365377 1139248 1248127 1264910 1223011 1398940 1231347 1323493 1248158 1357003 1197897 1256532 1390565 1223025 1264912 1331927 1323548 1323537 1298419 1172718 1331870 1315150 1290040 1264911 1424073 1231372 1348681 1382131 1457581 1264911 1248157 1189513 1290042 1264854 1264911 1398885 1365412 1323550 1315157 1340257 1223027 1357058 1373754 1306739 1281665 1415693 1348679 1298417 1298419 1290042 1340301 1340304 1264911 1223025 1323502 1365433 1231354 1340258 1382188 1348680 1223025 1331924 1373812 1273288 1239778 1373757 1290042 1281658 1214627 1256532 1340301 1348624 1357001 1214649 1340304 1289985 1281634 1357001 1273288 1273286 1256534 1382186 1239769 1239724 1281608 1281615 1273283 1105750 1357045 1298417 1231404 1340301 1315171 1273288 1398942 1281659 1415696 1348681 1357000 1231376 1231404 1373811 1398885 1289985 1281649 1239781 1323493 1214616 1298386 1323550 1290042 1222970 1348624 1264910 1382171 1474332 1197896 1365432 1164389 1373787 1256532 1298419 1298362 1348679 1432393 1315173 1197896 1248101 1348680 1298362 1281665 1298417 1256534 1290042 1264904 1407319 1239781 1264855 1181139 1407319 1214593 1373811 1340247 1415694 1281608 1357026 1348679 1315116 1365377 1239781 1197854 1398885 1281623 1424070 1222970 1306794 1231347 1164350 1331886 1306794 1331926 1348640 1290042 1340303 1315171 1323548 1289985 1306785 1273269 1315116 1214650 1256488 1181123 1248101 1298417 1281665 1382188 1432449 1264855 1298419 1264910 1264911 1340303 1264912]
Response/bytes (per Connection):  [1862511 1924422 1973206 1813503 1899267 1838007 1960527 1839288 2095518 1764496 1960747 2047571 1997282 1752244 1862733 2022221 1850902 1862733 1789221 1838007 1838007 1801884 1911519 1838007 2072075 1949555 1887015 1790280 1850260 1801473 1937083 1874764 1863572 1948275 1899267 2009755 2022217 1998137 1972778 1936023 1801252 1948275 1753525 2108406 2010815 1911519 1936878 1850260 1912156 1948274 1997503 2095519 1974060 1729021 1838008 2022432 1838007 1923992 1972999 1776748 2009534 1899267 1862733 1838008 1899488 2022637 1776969 1814784 2107770 1960527 1974060 1961384 1998563 1862512 1765777 1960526 1937304 1925052 1912161 1863792 1752244 2145377 1923771 1790281 1985251 2070794 1924831 1838224 1899267 1862511 1764496 1814149 1937304 1997933 1936023 1801252 1900548 1887858 1972779 1974060 1985252 1703457 1825756 1923992 1960957 1876045 2070794 1961807 2022007 2009756 1678732 2021786 1814784 1813503 1923992 1629946 1998563 1666917 1826394 1850481 1789430 2046511 1802533 1937304 1825756 1986091 1752245 1838228 2034038 1789221 1850260 1948275 1936244 1936456 1899267 1716556 1949556 1924417 1887236 1850259 2083046 1802112 1972779 2023067 2132054 1850259 1825755 1740432 1887015 1851540 1850259 2047571 1997929 1936023 1924201 1961595 1789000 1985031 2010815 1912800 1874763 2071014 1973000 1899488 1899267 1887015 1960747 1960527 1850259 1789221 1936867 1997504 1802317 1961596 2021786 1972778 1789221 1948495 2009535 1862511 1813724 2010595 1887015 1875202 1777394 1838228 1960747 1974060 1986312 1776747 1960527 1888296 1875624 1986312 1862511 1862732 1838007 2022007 1813938 1814785 1876044 1875605 1862729 1617473 1985464 1899488 1801252 1960747 1923992 1862511 2046290 1874980 2070794 1972779 1986311 1801893 1801252 2009534 2047571 1888296 1875416 1813504 1937304 1777606 1899903 1936023 1887015 1790281 1974060 1850481 2022215 2156778 1752244 1997503 1703237 2010179 1838228 1899267 1900548 1973000 2096579 1923771 1752244 1827037 1972778 1900548 1874763 1899488 1838007 1887015 1850475 2058542 1813504 1851541 1727960 2058542 1778029 2009534 1961808 2071015 1876044 1985668 1973000 1925052 1998563 1813504 1752871 2047571 1875836 2083266 1790281 1911740 1802533 1703867 1949126 1911740 1948274 1973853 1887015 1960526 1923992 1936244 1888296 1911954 1862938 1925052 1776748 1838853 1728390 1827037 1899488 1874763 2021786 2095297 1851541 1899267 1850481 1850259 1960526 1850260]
Requests Number (per Connection):  [152 157 161 148 155 150 160 150 171 144 160 167 163 143 152 165 151 152 146 150 150 147 156 150 169 159 154 146 151 147 158 153 152 159 155 164 165 163 161 158 147 159 143 172 164 156 158 151 156 159 163 171 161 141 150 165 150 157 161 145 164 155 152 150 155 165 145 148 172 160 161 160 163 152 144 160 158 157 156 152 143 175 157 146 162 169 157 150 155 152 144 148 158 163 158 147 155 154 161 161 162 139 149 157 160 153 169 160 165 164 137 165 148 148 157 133 163 136 149 151 146 167 147 158 149 162 143 150 166 146 151 159 158 158 155 140 159 157 154 151 170 147 161 165 174 151 149 142 154 151 151 167 163 158 157 160 146 162 164 156 153 169 161 155 155 154 160 160 151 146 158 163 147 160 165 161 146 159 164 152 148 164 154 153 145 150 160 161 162 145 160 154 153 162 152 152 150 165 148 148 153 153 152 132 162 155 147 160 157 152 167 153 169 161 162 147 147 164 167 154 153 148 158 145 155 158 154 146 161 151 165 176 143 163 139 164 150 155 155 161 171 157 143 149 161 155 153 155 150 154 151 168 148 151 141 168 145 164 160 169 153 162 161 157 163 148 143 167 153 170 146 156 147 139 159 156 159 161 154 160 157 158 154 156 152 157 145 150 141 149 155 153 165 171 151 155 151 151 160 151]
Requests/sec:  6356.754280598959 KB
Transfer/sec:  15657.454833984375 KB

