2023-12-01 15:14:19.595712265 +0800 CST m=+3631.897680833
Running 1m0s myx-test @ https://192.168.12.127:6443/api/v1/persistentvolumes
3 connections
Requests/bytes (per Connection):  [16184621 17979200 18780504]
Response/bytes (per Connection):  [24338456 27037346 28242138]
Requests Number (per Connection):  [1939 2154 2250]
Requests/sec:  861.7240397135416 KB
Transfer/sec:  2157.5889485677085 KB

2023-12-01 15:16:30.572551588 +0800 CST m=+3762.874520182
Running 1m0s myx-test @ https://192.168.12.127:6443/api/v1/persistentvolumes
6 connections
Requests/bytes (per Connection):  [30174008 29881864 28796770 29013791 28604793 28997097]
Response/bytes (per Connection):  [45375845 44936818 43304890 43630967 43016022 43605867]
Requests Number (per Connection):  [3615 3580 3450 3476 3427 3474]
Requests/sec:  2855.929736328125 KB
Transfer/sec:  7150.6955078125 KB

2023-12-01 15:18:42.217495754 +0800 CST m=+3894.519464322
Running 1m0s myx-test @ https://192.168.12.127:6443/api/v1/persistentvolumes
9 connections
Requests/bytes (per Connection):  [18847277 18730422 17628632 17503429 18413239 18304731 18446627 18571831 17453347]
Response/bytes (per Connection):  [28342757 28166838 26510030 26321782 27689941 27526572 27740141 27928390 26246482]
Requests Number (per Connection):  [2258 2244 2112 2097 2206 2193 2210 2225 2091]
Requests/sec:  2667.6356608072915 KB
Transfer/sec:  6679.239388020834 KB

2023-12-01 15:20:53.162350979 +0800 CST m=+4025.464319538
Running 1m0s myx-test @ https://192.168.12.127:6443/api/v1/persistentvolumes
15 connections
Requests/bytes (per Connection):  [9473719 9532147 9515454 9064724 9565537 9131497 9623966 9348517 9390252 8964560 9106457 9490415 9490414 9607271 9148192]
Response/bytes (per Connection):  [14246788 14334637 14309538 13631402 14384617 13732021 14472467 14058319 14121069 13481024 13694372 14271668 14271667 14447366 13757122]
Requests Number (per Connection):  [1135 1142 1140 1086 1146 1094 1153 1120 1125 1074 1091 1137 1137 1151 1096]
Requests/sec:  2286.0208658854167 KB
Transfer/sec:  5723.749983723958 KB

2023-12-01 15:23:04.254890134 +0800 CST m=+4156.556858696
Running 1m0s myx-test @ https://192.168.12.127:6443/api/v1/persistentvolumes
30 connections
Requests/bytes (per Connection):  [8497134 8221686 8747540 8555563 8422012 8780927 8305155 8463746 8255074 8138220 8572254 8597298 8305155 8305155 8154911 8538865 8605642 8714154 8046402 8230036 8321850 8747541 8388625 8605642 8463747 8588951 8455400 8146565 8513828 8597297]
Response/bytes (per Connection):  [12778008 12363861 13154726 12865858 12665059 13204925 12489360 12727808 12414061 12238143 12891177 12928608 12489360 12489360 12263462 12841198 12941377 13104306 12100314 12376192 12514461 13154505 12614860 12941377 12727809 12916058 12715259 12250913 12803108 12928607]
Requests Number (per Connection):  [1018 985 1048 1025 1009 1052 995 1014 989 975 1027 1030 995 995 977 1023 1031 1044 964 986 997 1048 1005 1031 1014 1029 1013 976 1020 1030]
Requests/sec:  4122.499593098958 KB
Transfer/sec:  10321.948160807291 KB

2023-12-01 15:25:15.401863757 +0800 CST m=+4287.703832381
Running 1m0s myx-test @ https://192.168.12.127:6443/api/v1/persistentvolumes
60 connections
Requests/bytes (per Connection):  [4340383 4131709 4348732 4373769 4540709 4549056 4423852 4507319 4565750 4515668 4532360 4365422 4407156 4265259 4440544 4515671 4373769 4415506 4131710 4306993 4256916 4415506 4323692 4281956 4290304 4490628 4265261 4390463 4515668 4415504 4482281 4348730 4340383 4365422 4415505 4390462 4473934 4398812 4415504 4448893 4432197 4348728 4415503 4465589 4415505 4390463 4457238 4582442 4306995 4498976 4448893 4348728 4398813 4498976 4457238 4432199 4365424 4465585 4382116 4457240]
Response/bytes (per Connection):  [6527053 6213526 6539383 6577473 6828251 6840801 6652552 6778271 6865901 6790601 6815921 6564923 6627672 6414324 6677872 6790382 6577473 6640003 6213305 6477073 6401334 6640003 6501734 6438983 6451534 6752952 6414104 6602573 6790601 6640223 6740402 6539603 6527053 6564923 6640002 6602572 6727852 6614903 6640223 6690202 6665322 6539823 6640222 6715082 6640002 6602573 6702972 6891221 6476853 6765281 6690202 6539823 6614682 6765281 6702972 6665102 6564703 6715522 6590023 6702752]
Requests Number (per Connection):  [520 495 521 524 544 545 530 540 547 541 543 523 528 511 532 541 524 529 495 516 510 529 518 513 514 538 511 526 541 529 537 521 520 523 529 526 536 527 529 533 531 521 529 535 529 526 534 549 516 539 533 521 527 539 534 531 523 535 525 534]
Requests/sec:  4302.506656901041 KB
Transfer/sec:  10772.639290364583 KB

2023-12-01 15:27:26.376245067 +0800 CST m=+4418.678213620
Running 1m0s myx-test @ https://192.168.12.127:6443/api/v1/persistentvolumes
90 connections
Requests/bytes (per Connection):  [3130081 3255285 3130083 3288675 3322062 3221898 3213551 3188514 3063307 3238591 3263633 3196859 3246940 3413878 3113391 3263636 3305370 3113392 3347103 3146779 3238595 3138430 3138429 3130086 3263636 3205204 3196861 3029922 3313713 3405530 3221899 3313715 3105041 3221901 3221901 3155122 3213555 3313717 3213550 3180165 3196859 3180165 3297020 3213552 3255285 3313717 3313715 3205205 3221900 3188512 3205208 3246938 3263634 3146775 3313714 3180165 3105044 3138430 3230247 3246940 3163472 3146777 3096696 3230248 3080004 3230246 3246940 3180166 3105041 3263632 3105043 3146777 3105043 3246941 3263636 3171816 3213552 3171819 3255287 3080003 3313717 3130083 3246940 3221898 3138430 3146776 3130085 3205208 3271980 3221900]
Response/bytes (per Connection):  [4707316 4895565 4707096 4945545 4995744 4845366 4832816 4794726 4606918 4870465 4907894 4807496 4882795 5133793 4681776 4907675 4970424 4681777 5033394 4731976 4870025 4719646 4719867 4706877 4907675 4820266 4807276 4556277 4983414 5121464 4845145 4983194 4669667 4844925 4844925 4744966 4832376 4982974 4832815 4782396 4807496 4782396 4958315 4832595 4895565 4982974 4983194 4820045 4845146 4794946 4819826 4883015 4907895 4732416 4983415 4782396 4669226 4719646 4857696 4882795 4757075 4732196 4656897 4857475 4631577 4857695 4882795 4782175 4669667 4908115 4669447 4732196 4669447 4882574 4907675 4770066 4832595 4769625 4895345 4631576 4982974 4707096 4882795 4845366 4719646 4732417 4706876 4819826 4920444 4845146]
Requests Number (per Connection):  [375 390 375 394 398 386 385 382 367 388 391 383 389 409 373 391 396 373 401 377 388 376 376 375 391 384 383 363 397 408 386 397 372 386 386 378 385 397 385 381 383 381 395 385 390 397 397 384 386 382 384 389 391 377 397 381 372 376 387 389 379 377 371 387 369 387 389 381 372 391 372 377 372 389 391 380 385 380 390 369 397 375 389 386 376 377 375 384 392 386]
Requests/sec:  4698.521826171875 KB
Transfer/sec:  11764.220458984375 KB

2023-12-01 15:29:37.574893439 +0800 CST m=+4549.876861993
Running 1m0s myx-test @ https://192.168.12.127:6443/api/v1/persistentvolumes
150 connections
Requests/bytes (per Connection):  [2128458 2136803 2270355 2061683 2095068 2078376 2136805 2186887 2145150 2120109 2103415 2170192 2070029 2128456 2044987 2111762 2128456 2153497 2186886 2145150 2019948 2195233 2236968 2111763 2136803 2128456 2128458 2170193 2120107 2220272 2178537 2145150 2061683 2028295 2070028 2170191 1919783 2003254 2095071 2161846 2036641 2078372 2153495 2111765 2128456 2128458 2111764 2161844 2061683 2120109 2170193 2186884 2061683 2161844 2111763 2086724 2161845 2136801 2044987 2053334 1919783 2019946 1936477 2036642 2186887 2145150 2028295 2061682 2120109 2070030 2203580 2228619 2145152 2003255 2128456 2136805 2170192 1994905 2128458 2111764 2078377 2262008 2195229 2128456 2253662 2203577 2003254 2153499 2236965 2103417 2253659 2195234 1994908 2245313 2103417 2136803 2036640 2211923 2095068 2078375 2136801 2186885 2111764 2153497 2145152 2095068 2061681 2170192 2086724 2136805 2044989 2136805 2095069 2153499 2036640 2061683 2044987 2019948 2078377 2036642 2061680 2220274 2103417 2211927 2145152 2195234 2095068 2170192 2145152 2103417 2078377 2070026 1919785 1919785 2111764 2228621 2203580 2161842 2070029 2036642 2070027 2086721 2103414 2186886 2128458 2086723 2053334 2136805 2053336 2236964]
Response/bytes (per Connection):  [3200667 3213437 3414015 3100268 3150687 3125367 3213217 3288517 3225987 3188337 3163237 3263416 3112817 3200887 3075388 3175787 3200887 3238537 3288516 3225987 3037518 3301066 3363816 3175788 3213437 3200887 3200667 3263417 3188557 3338936 3276186 3225987 3100268 3050068 3113038 3263637 2887139 3012418 3150468 3250867 3062839 3125807 3238757 3175568 3200887 3200667 3175567 3251087 3100268 3188337 3263417 3288736 3100268 3251087 3175788 3137918 3250866 3213657 3075388 3087938 2887139 3037738 2912239 3062618 3288517 3225987 3050068 3100267 3188337 3112818 3313616 3351486 3225767 3012419 3200887 3213217 3263416 3000088 3200667 3175567 3125368 3401465 3301506 3200887 3388916 3314057 3012418 3238317 3364035 3163017 3389135 3301067 2999869 3376586 3163017 3213437 3062838 3326606 3150687 3125588 3213657 3288737 3175567 3238537 3225767 3150687 3100488 3263416 3137918 3213217 3075168 3213217 3150688 3238317 3062838 3100268 3075388 3037518 3125368 3062618 3100487 3338716 3163017 3326166 3225767 3301067 3150687 3263416 3225767 3163017 3125368 3113258 2886919 2886919 3175567 3351266 3313616 3251307 3112817 3062618 3113037 3138137 3163458 3288516 3200667 3137917 3087938 3213217 3087718 3364256]
Requests Number (per Connection):  [255 256 272 247 251 249 256 262 257 254 252 260 248 255 245 253 255 258 262 257 242 263 268 253 256 255 255 260 254 266 261 257 247 243 248 260 230 240 251 259 244 249 258 253 255 255 253 259 247 254 260 262 247 259 253 250 259 256 245 246 230 242 232 244 262 257 243 247 254 248 264 267 257 240 255 256 260 239 255 253 249 271 263 255 270 264 240 258 268 252 270 263 239 269 252 256 244 265 251 249 256 262 253 258 257 251 247 260 250 256 245 256 251 258 244 247 245 242 249 244 247 266 252 265 257 263 251 260 257 252 249 248 230 230 253 267 264 259 248 244 248 250 252 262 255 250 246 256 246 268]
Requests/sec:  5164.502262369791 KB
Transfer/sec:  12930.919026692709 KB

2023-12-01 15:31:48.71984365 +0800 CST m=+4681.021812207
Running 1m0s myx-test @ https://192.168.12.127:6443/api/v1/persistentvolumes
300 connections
Requests/bytes (per Connection):  [1235339 1168566 1160216 1243688 1268727 1302116 1218647 1260380 1310461 1093443 1193606 1343851 1243683 1252034 1185259 1310463 1252035 1343850 1260382 1151868 1285420 1193604 1327155 1135178 1210300 1201951 1252034 1252034 1160218 1268725 1168563 1260380 1201953 1285420 1160218 1352196 1143523 1277073 1268727 1260381 1126831 1185260 1151871 1260377 1260378 1185257 1260381 1435667 1293767 1218646 1210300 1285422 1302114 1168563 1268728 1201952 1318807 1201953 1260380 1343851 1285422 1060056 1185259 1252035 1360540 1210298 1168563 1201953 1226992 1143524 1176912 1126829 1444014 1343846 1243688 1185258 1168565 1360545 1210300 1243686 1176911 1193604 1135178 1226990 1260381 1268728 1201953 1268726 1185259 1210300 1068402 1360542 1243685 1310463 1168566 1343850 1327157 1185258 1210300 1302114 1218647 1185257 1218645 1126831 1201951 1176910 1176912 1218647 1185260 1126829 1235341 1252034 1201953 1210300 1235340 1285422 1185259 1185259 1268728 1185257 1118484 1185260 1201953 1226991 1185255 1260381 1176910 1343848 1193606 1193606 1218647 1168563 1176912 1293767 1260382 1318806 1302116 1293769 1226992 1185258 1260381 1118484 1293769 1352195 1235341 1193604 1110137 1235341 1360545 1218645 1226994 1201951 1293767 1201953 1277075 1168561 1151871 1335503 1252033 1135177 1310461 1201953 1235339 1352198 1168566 1252034 1210298 1285422 1252032 1126827 1185258 1218647 1110137 1260379 1335504 1260382 1226994 1260378 1243687 1226992 1060056 1193606 1185257 1285422 1235339 1243688 1201951 1252034 1252034 1068403 1268729 1201953 1243685 1185257 1277073 1168565 1277075 1277073 1260381 1327157 1176913 1318806 1218647 1185257 1193606 1135177 1293769 1277073 1260379 1277075 1126831 1168563 1327156 1168565 1318807 1235341 1160215 1185260 1360544 1277072 1302114 1185259 1185255 1335501 1143523 1293769 1210300 1335504 1293769 1201953 1135175 1193605 1185259 1226994 1193606 1302116 1243686 1285420 1260382 1143525 1368891 1151871 1302116 1285422 1268727 1260381 1260379 1310463 1201953 1168565 1210300 1302112 1293769 1268725 1293769 1268725 1252034 1185260 1343850 1151869 1218647 1235340 1210300 1076749 1185259 1293769 1118482 1377236 1318810 1293765 1285422 1226994 1226993 1226994 1143525 1176910 1201951 1235340 1201951 1268729 1193606 1360544 1193606 1151870 1193605 1318809 1176912 1185258 1226994 1277075 1285421 1260381 1385583 1210300 1260382 1318809 1160218 1168565 1210300 1193602]
Response/bytes (per Connection):  [1857827 1757208 1744877 1870157 1908027 1958006 1832507 1895477 1970776 1644258 1794857 2020756 1870596 1882706 1782307 1970556 1882707 2020755 1895257 1732548 1933126 1795077 1995876 1707008 1819957 1807627 1882706 1882706 1744657 1908247 1757427 1895477 1807407 1933126 1744657 2033526 1719778 1920576 1908027 1895256 1694458 1782308 1732107 1895696 1895697 1782527 1895256 2158805 1945676 1832506 1819957 1932906 1958226 1757427 1907806 1807628 1983325 1807407 1895477 2020756 1932906 1594059 1782307 1882707 2046295 1820177 1757427 1807407 1845277 1719557 1769757 1694678 2171355 2021195 1870157 1782528 1757207 2045856 1819957 1870377 1769978 1795077 1707008 1845497 1895256 1907806 1807407 1908026 1782307 1819957 1606608 2046075 1870376 1970556 1757208 2020755 1995656 1782528 1819957 1958226 1832507 1782527 1832727 1694458 1807627 1769977 1769757 1832507 1782308 1694678 1857607 1882706 1807407 1819957 1857606 1932906 1782307 1782307 1907806 1782527 1681908 1782308 1807407 1845276 1782747 1895256 1769977 2020975 1794857 1794857 1832507 1757427 1769757 1945676 1895257 1983546 1958006 1945456 1845277 1782528 1895256 1681908 1945456 2033525 1857607 1795077 1669358 1857607 2045856 1832727 1845057 1807627 1945676 1807407 1920356 1757647 1732107 2008205 1882927 1707007 1970776 1807407 1857827 2033306 1757208 1882706 1820177 1932906 1882926 1694898 1782528 1832507 1669358 1895476 2008206 1895257 1845057 1895697 1870156 1845277 1594059 1794857 1782527 1932906 1857827 1870157 1807627 1882706 1882706 1606609 1907807 1807407 1870376 1782527 1920576 1757207 1920356 1920576 1895256 1995656 1769758 1983546 1832507 1782527 1794857 1707007 1945456 1920576 1895476 1920356 1694458 1757427 1995655 1757207 1983325 1857607 1745098 1782308 2045855 1920797 1958226 1782307 1782747 2008425 1719778 1945456 1819957 2008206 1945456 1807407 1707227 1795078 1782307 1845057 1794857 1958006 1870377 1933126 1895257 1719558 2058405 1732107 1958006 1932906 1908027 1895256 1895476 1970556 1807407 1757207 1819957 1958446 1945456 1908247 1945456 1908247 1882706 1782308 2020755 1732327 1832507 1857606 1819957 1619158 1782307 1945456 1682128 2071175 1983106 1945896 1932906 1845057 1845056 1845057 1719558 1769977 1807627 1857606 1807627 1907807 1794857 2045855 1794857 1732328 1795078 1983105 1769757 1782528 1845057 1920356 1933127 1895256 2083725 1819957 1895257 1983105 1744657 1757207 1819957 1795297]
Requests Number (per Connection):  [148 140 139 149 152 156 146 151 157 131 143 161 149 150 142 157 150 161 151 138 154 143 159 136 145 144 150 150 139 152 140 151 144 154 139 162 137 153 152 151 135 142 138 151 151 142 151 172 155 146 145 154 156 140 152 144 158 144 151 161 154 127 142 150 163 145 140 144 147 137 141 135 173 161 149 142 140 163 145 149 141 143 136 147 151 152 144 152 142 145 128 163 149 157 140 161 159 142 145 156 146 142 146 135 144 141 141 146 142 135 148 150 144 145 148 154 142 142 152 142 134 142 144 147 142 151 141 161 143 143 146 140 141 155 151 158 156 155 147 142 151 134 155 162 148 143 133 148 163 146 147 144 155 144 153 140 138 160 150 136 157 144 148 162 140 150 145 154 150 135 142 146 133 151 160 151 147 151 149 147 127 143 142 154 148 149 144 150 150 128 152 144 149 142 153 140 153 153 151 159 141 158 146 142 143 136 155 153 151 153 135 140 159 140 158 148 139 142 163 153 156 142 142 160 137 155 145 160 155 144 136 143 142 147 143 156 149 154 151 137 164 138 156 154 152 151 151 157 144 140 145 156 155 152 155 152 150 142 161 138 146 148 145 129 142 155 134 165 158 155 154 147 147 147 137 141 144 148 144 152 143 163 143 138 143 158 141 142 147 153 154 151 166 145 151 158 139 140 145 143]
Requests/sec:  6018.890348307292 KB
Transfer/sec:  15070.120345052082 KB

