2023-12-02 12:31:31.259141961 +0800 CST m=+1774.447663792
Running 1m0s myx-test @ https://192.168.12.127:6443/api/v1/namespaces/myx-test/pods
3 connections
Requests/bytes (per Connection):  [30968739 28775146 27048715]
Response/bytes (per Connection):  [54060711 50238589 47166679]
Requests Number (per Connection):  [3713 3450 3243]
Requests/sec:  1412.6399739583333 KB
Transfer/sec:  3877.906559244792 KB

2023-12-02 12:33:06.713119186 +0800 CST m=+1869.901641017
Running 1m0s myx-test @ https://192.168.12.127:6443/api/v1/namespaces/myx-test/pods
6 connections
Requests/bytes (per Connection):  [27824362 25989437 26423092 26564898 26072853 27757633]
Response/bytes (per Connection):  [48547861 45332171 46131316 46367664 45475167 48433468]
Requests Number (per Connection):  [3336 3116 3168 3185 3126 3328]
Requests/sec:  2614.4576009114585 KB
Transfer/sec:  7176.431022135416 KB

2023-12-02 12:34:42.056936755 +0800 CST m=+1965.245458588
Running 1m0s myx-test @ https://192.168.12.127:6443/api/v1/namespaces/myx-test/pods
9 connections
Requests/bytes (per Connection):  [21710691 23337097 23420448 22819947 23553955 23028505 21827417 21752396 22703210]
Response/bytes (per Connection):  [37865418 40714357 40901985 39842130 41100436 40174342 38102657 37945319 39613313]
Requests Number (per Connection):  [2603 2798 2808 2736 2824 2761 2617 2608 2722]
Requests/sec:  3322.81357421875 KB
Transfer/sec:  9121.315478515626 KB

2023-12-02 12:36:17.451673025 +0800 CST m=+2060.640194880
Running 1m0s myx-test @ https://192.168.12.127:6443/api/v1/namespaces/myx-test/pods
15 connections
Requests/bytes (per Connection):  [15997365 15738734 15071526 14963095 15346771 15113230 15788844 15780502 15772161 15797185 15705436 15088206 15880592 15930620 15246678]
Response/bytes (per Connection):  [27895419 27498485 26298969 26111398 26776729 26371306 27535419 27521119 27506820 27549718 27390745 26328408 27694391 27794498 26602611]
Requests Number (per Connection):  [1918 1887 1807 1794 1840 1812 1893 1892 1891 1894 1883 1809 1904 1910 1828]
Requests/sec:  3795.913818359375 KB
Transfer/sec:  10418.2451171875 KB

2023-12-02 12:37:52.834190716 +0800 CST m=+2156.022712596
Running 1m0s myx-test @ https://192.168.12.127:6443/api/v1/namespaces/myx-test/pods
30 connections
Requests/bytes (per Connection):  [8932832 8916138 8449012 8941125 8891080 8699318 8932802 8532500 8866104 8507429 8932835 8615897 8974568 9316535 8457432 8941205 9082921 8474114 9132967 8632520 8615896 9132990 8574204 8949466 8816012 8807749 9183077 8624250 8807676 8849376]
Response/bytes (per Connection):  [15582035 15562701 14776288 15624981 15538345 15155561 15596369 14867897 15459237 14853650 15579506 15020147 15629954 16220414 14738364 15571916 15868906 14766962 15954700 15090872 15020989 15937020 14940234 15639280 15408812 15343132 15999215 15026028 15392832 15466008]
Requests Number (per Connection):  [1071 1069 1013 1072 1066 1043 1071 1023 1063 1020 1071 1033 1076 1117 1014 1072 1089 1016 1095 1035 1033 1095 1028 1073 1057 1056 1101 1034 1056 1061]
Requests/sec:  4306.478352864583 KB
Transfer/sec:  11820.025797526041 KB

2023-12-02 12:39:28.221768935 +0800 CST m=+2251.410290785
Running 1m0s myx-test @ https://192.168.12.127:6443/api/v1/namespaces/myx-test/pods
60 connections
Requests/bytes (per Connection):  [4670745 4745812 4795867 4687438 4779176 4954334 4679107 4612393 4804198 4662402 4795858 4920971 4754153 4712453 4845922 4537291 4687441 4570677 5071107 4862585 4620744 4787542 4820880 4795857 4787517 4829221 5062765 4654061 4862585 4987701 4920971 4895961 4879267 4770862 4687453 4787516 4879267 5012721 4779202 4946001 4762493 4720823 4912630 4737471 4854254 4770834 5154499 4795858 4712448 4837562 4829221 4887608 4895950 4687426 4737471 4996039 4795857 4812539 4895953 4904301]
Response/bytes (per Connection):  [8157351 8286883 8371843 8177530 8344079 8646884 8163220 8037874 8387818 8143893 8372677 8588846 8301182 8226320 8449195 7926883 8175004 7974807 8847912 8487911 8036187 8339008 8416416 8373519 8358378 8430715 8833612 8129594 8487911 8702397 8588846 8535840 8516509 8315449 8165743 8359220 8516509 8746977 8323870 8626689 8316323 8217878 8574547 8272584 8472779 8330622 9005215 8372677 8229687 8445014 8430715 8530808 8545108 8185948 8272584 8718379 8373519 8402117 8542582 8550984]
Requests Number (per Connection):  [560 569 575 562 573 594 561 553 576 559 575 590 570 565 581 544 562 548 608 583 554 574 578 575 574 579 607 558 583 598 590 587 585 572 562 574 585 601 573 593 571 566 589 568 582 572 618 575 565 580 579 586 587 562 568 599 575 577 587 588]
Requests/sec:  4697.579117838542 KB
Transfer/sec:  12895.195833333333 KB

2023-12-02 12:41:03.604928534 +0800 CST m=+2346.793450374
Running 1m0s myx-test @ https://192.168.12.127:6443/api/v1/namespaces/myx-test/pods
90 connections
Requests/bytes (per Connection):  [3236122 3427953 3519779 3636552 3419688 3477996 3494756 3686554 3486364 3553121 3478075 3594768 3569824 3478074 3419688 3503097 3603147 3619816 3594803 3436358 3594847 3561404 3311256 3494677 3536461 3561434 3653205 3594811 3411347 3486378 3644880 3352907 3494740 3503097 3494677 3319598 3594768 3611482 3594768 3544799 3453052 3544774 3644832 3519779 3453052 3519779 3511398 3628137 3503097 3553143 3544723 3561483 3561484 3528056 3478055 3603110 3703272 3494678 3678256 3511427 3461393 3603175 3461392 3469654 3419677 3469654 3452980 3461392 3586497 3453051 3669915 3611529 3444688 3486416 3477995 3469655 3453052 3628211 3444641 3369627 3503018 3344541 3377983 3528118 3578126 3402979 3519760 3528094 3469730 3419661]
Response/bytes (per Connection):  [5675191 6013329 6120920 6321948 5948490 6100806 6078023 6433864 6103309 6187388 6048583 6302676 6207556 6049425 5948490 6092322 6288345 6327052 6284138 5978765 6250453 6245480 5761761 6130246 6149518 6222749 6364029 6278242 5934191 6083949 6345507 5866958 6082231 6092322 6130246 5775218 6302676 6306856 6302676 6165500 6005686 6177301 6375000 6120920 6005686 6120920 6129372 6356505 6092322 6178116 6216040 6193257 6192415 6176498 6056168 6316133 6438861 6129404 6394285 6115040 6019985 6274012 6020827 6087349 5956909 6087349 6052858 6020827 6237831 6006528 6379986 6279051 6009067 6062882 6101648 6086507 6005686 6307649 6041933 5866062 6144545 5871180 5876995 6136060 6252170 5932534 6136075 6147019 6036809 5961132]
Requests Number (per Connection):  [388 411 422 436 410 417 419 442 418 426 417 431 428 417 410 420 432 434 431 412 431 427 397 419 424 427 438 431 409 418 437 402 419 420 419 398 431 433 431 425 414 425 437 422 414 422 421 435 420 426 425 427 427 423 417 432 444 419 441 421 415 432 415 416 410 416 414 415 430 414 440 433 413 418 417 416 414 435 413 404 420 401 405 423 429 408 422 423 416 410]
Requests/sec:  5145.83759765625 KB
Transfer/sec:  14121.9251953125 KB

2023-12-02 12:42:39.042964968 +0800 CST m=+2442.231486812
Running 1m0s myx-test @ https://192.168.12.127:6443/api/v1/namespaces/myx-test/pods
150 connections
Requests/bytes (per Connection):  [2302032 2318690 2276985 2235304 2243622 2343713 2343713 2335391 2393758 2368736 2276985 2168556 2368751 2318690 2343713 2201954 2410442 2293667 2493849 2427122 2377076 2293667 2343732 2385417 2368735 2493849 2368737 2427122 2260303 2427122 2510531 2477170 2377076 2318690 2402099 2593940 2160215 2352054 2276986 2427131 2268645 2327031 2185238 2251962 2235291 2385417 2310349 2310349 2343713 2435463 2327031 2402111 2352054 2310349 2327051 2335372 2360394 2393758 2443804 2477171 2218599 2118509 2343712 2327044 2251963 2402099 2435471 2593930 2260304 2360397 2352053 2201953 2335393 2510530 2343713 2385417 2335372 2377076 2443803 2377078 2335392 2260322 2251987 2427121 2393771 2435463 2251963 2193613 2302008 2310351 2385431 2293689 2410440 2393758 2368735 2410451 2335392 2285326 2393771 2452151 2335374 2368742 2318690 2327053 2527213 2385418 2552236 2552236 2352053 2435462 2402099 2460486 2201917 2343715 2518870 2452145 2443807 2302008 2343713 2251993 2276986 2493849 2352053 2210258 2327033 2343713 2235281 2276985 2443810 2593940 2418785 2427122 2285326 2493849 2418781 2427122 2385417 2302032 2427121 2452150 2310349 2276985 2410440 2410451 2393772 2310349 2360411 2260304 2443803 2335374]
Response/bytes (per Connection):  [4002936 4050077 3978582 3889408 3920544 4092974 4092974 4063520 4179610 4135871 3978582 3790170 4124066 4050077 4092974 3821252 4207367 4007180 4352040 4236806 4151012 4007180 4078650 4165311 4136713 4352040 4135872 4236806 3949984 4236806 4380638 4323445 4151012 4050077 4193909 4524470 3775871 4107273 3977740 4230056 3963441 4064376 3818768 3935685 3898668 4165311 4035778 4035778 4092974 4251105 4064376 4184645 4107273 4035778 4048379 4078675 4122414 4179610 4265404 4320911 3877647 3704375 4093816 4055116 3934843 4193909 4245200 4526146 3949142 4120731 4108115 3821236 4071091 4381480 4092974 4165311 4078675 4151012 4266246 4150171 4063521 3935672 3917164 4237648 4169492 4251105 3934843 3806119 4021479 4034937 4154360 3990342 4208208 4179610 4136713 4199786 4063494 3992881 4169504 4275494 4077834 4131662 4050077 4055950 4409236 4164469 4452133 4452133 4108115 4251947 4193909 4294002 3849049 4092133 4396621 4279703 4263721 4021479 4092974 3912106 3977740 4352040 4108115 3863348 4063535 4092974 3906245 3978582 4260352 4524470 4219982 4236806 3992881 4352040 4222507 4236806 4165311 4011366 4237648 4275487 4035778 3978582 4208208 4199780 4169502 4035778 4108943 3949142 4266246 4077834]
Requests Number (per Connection):  [276 278 273 268 269 281 281 280 287 284 273 260 284 278 281 264 289 275 299 291 285 275 281 286 284 299 284 291 271 291 301 297 285 278 288 311 259 282 273 291 272 279 262 270 268 286 277 277 281 292 279 288 282 277 279 280 283 287 293 297 266 254 281 279 270 288 292 311 271 283 282 264 280 301 281 286 280 285 293 285 280 271 270 291 287 292 270 263 276 277 286 275 289 287 284 289 280 274 287 294 280 284 278 279 303 286 306 306 282 292 288 295 264 281 302 294 293 276 281 270 273 299 282 265 279 281 268 273 293 311 290 291 274 299 290 291 286 276 291 294 277 273 289 289 287 277 283 271 293 280]
Requests/sec:  5757.397623697917 KB
Transfer/sec:  15804.404671223958 KB

2023-12-02 12:44:14.619638764 +0800 CST m=+2537.808160597
Running 1m0s myx-test @ https://192.168.12.127:6443/api/v1/namespaces/myx-test/pods
300 connections
Requests/bytes (per Connection):  [1401192 1251134 1417895 1392923 1292808 1201063 1242782 1217692 1317783 1309482 1326152 1401271 1276114 1284419 1426233 1267774 1409612 1284420 1459578 1284437 1192748 1392930 1317783 1384589 1217771 1401192 1267775 1409533 1334544 1267765 1384558 1334490 1334465 1384555 1217696 1267774 1409590 1267802 1351146 1267737 1292839 1376248 1359487 1309521 1376169 1426221 1284419 1376170 1276078 1359558 1359527 1251055 1392883 1175988 1334498 1292801 1342885 1267738 1217758 1301146 1426294 1292799 1251080 1201012 1351146 1226073 1351146 1351147 1292839 1284498 1326138 1242766 1317793 1417874 1376169 1351165 1384510 1292839 1267737 1317862 1217735 1201030 1292760 1301101 1150965 1376238 1242717 1326202 1267817 1409550 1292760 1234443 1251056 1367907 1201089 1284494 1459631 1192721 1134313 1292839 1326124 1226046 1284498 1276079 1159313 1209395 1392851 1209395 1276078 1276132 1367848 1284498 1434634 1351147 1292828 1476300 1342884 1226111 1267737 1367843 1401253 1284421 1292839 1259475 1309466 1384589 1284419 1267793 1351225 1284419 1334485 1234426 1401192 1334486 1451284 1367828 1342806 1217768 1217771 1217692 1351225 1242715 1326203 1292839 1201042 1434555 1367843 1351146 1342814 1209374 1334544 1359488 1317783 1317857 1242714 1209395 1459658 1192709 1201066 1359567 1242773 1376169 1401224 1417953 1417921 1317826 1226107 1301177 1351196 1359520 1284499 1142630 1276143 1342879 1392851 1426214 1284455 1226111 1267761 1367828 1267784 1384526 1334500 1367855 1434595 1367889 1301101 1242714 1284419 1326202 1267737 1359488 1284477 1234452 1284498 1326133 1367828 1367838 1251056 1267767 1309442 1334544 1334465 1342805 1267764 1242714 1359488 1301101 1284434 1359541 1317783 1267737 1342806 1326136 1526320 1342856 1276111 1226033 1192669 1309479 1351226 1317785 1367828 1176028 1367849 1376248 1309442 1417950 1309442 1209429 1434556 1351208 1276079 1351226 1267738 1367828 1326139 1351193 1201067 1342860 1326128 1292808 1267781 1409533 1359539 1301101 1359498 1317782 1426257 1367832 1409572 1309521 1351220 1276078 1309442 1317862 1292818 1117601 1326203 1251134 1317797 1342805 1326165 1359561 1376169 1359515 1334498 1417873 1209392 1309442 1342843 1376221 1292760 1326128 1167695 1292760 1359487 1317783 1434556 1276157 1276090 1376198 1492942 1484601 1234374 1242741 1459657 1367907 1309521 1251089 1267797 1351207 1367907 1150989 1317841 1276157 1451266 1276157 1342885 1434556]
Response/bytes (per Connection):  [2467926 2157479 2480528 2406455 2252547 2090206 2144012 2151664 2324094 2287044 2325752 2415703 2224810 2266898 2505774 2209669 2430002 2266056 2568861 2253428 2056544 2401404 2324094 2387105 2099441 2467926 2209673 2482225 2300469 2225659 2402275 2334171 2352692 2412364 2149139 2209669 2438428 2196179 2382132 2238300 2228974 2372806 2396431 2257572 2425029 2506614 2266898 2424187 2252599 2350101 2365274 2209702 2436772 2079327 2327432 2249198 2314768 2237458 2101114 2260969 2458600 2250882 2191181 2122225 2382132 2144055 2382132 2381290 2228974 2214675 2328291 2163385 2323261 2496524 2425029 2367820 2439328 2228974 2238300 2271871 2118824 2116330 2281197 2295496 2036430 2380383 2193720 2287012 2185235 2478018 2281197 2129715 2208860 2358507 2070843 2217200 2536001 2076749 1993507 2228974 2338393 2164287 2214675 2251757 2049050 2111243 2453627 2103683 2252599 2218897 2403994 2214675 2473741 2381290 2230649 2566302 2315610 2114582 2238300 2399786 2420752 2266057 2228974 2171778 2299682 2387105 2266898 2202914 2329909 2266898 2337538 2148244 2467926 2345108 2518351 2410730 2366991 2101124 2099441 2151664 2329909 2194561 2286170 2228974 2107054 2525964 2399786 2382132 2366156 2128094 2300469 2395589 2324094 2275238 2195403 2111243 2515796 2086859 2080114 2343366 2149919 2425029 2451071 2444301 2468719 2291254 2115421 2244956 2351798 2371171 2213833 2020451 2210478 2318977 2453627 2511665 2247515 2114582 2220621 2410730 2210495 2427542 2334151 2398934 2503213 2371977 2295496 2195403 2266898 2287012 2238300 2395589 2230671 2128881 2214675 2331658 2410730 2409054 2208860 2223975 2309795 2300469 2352692 2367833 2218095 2195403 2395589 2295496 2264381 2362729 2324094 2238300 2366991 2329975 2680732 2336657 2235745 2165963 2108767 2289570 2329067 2323253 2410730 2057419 2394734 2372806 2309795 2445984 2309795 2085984 2525122 2334116 2251757 2329067 2237458 2410730 2335876 2354327 2079269 2325723 2335868 2252547 2212178 2482225 2356004 2295496 2394756 2324936 2486385 2408205 2451910 2257572 2331590 2252599 2309795 2271871 2236555 1979234 2286170 2157479 2313992 2367833 2314800 2345889 2425029 2374541 2334992 2497366 2114615 2309795 2338360 2393011 2281197 2335868 2027972 2281197 2396431 2324094 2525122 2200376 2250925 2402297 2626057 2611758 2180262 2183607 2516638 2358507 2257572 2192006 2200389 2343379 2358507 2026317 2287867 2200376 2531830 2200376 2314768 2525122]
Requests Number (per Connection):  [168 150 170 167 155 144 149 146 158 157 159 168 153 154 171 152 169 154 175 154 143 167 158 166 146 168 152 169 160 152 166 160 160 166 146 152 169 152 162 152 155 165 163 157 165 171 154 165 153 163 163 150 167 141 160 155 161 152 146 156 171 155 150 144 162 147 162 162 155 154 159 149 158 170 165 162 166 155 152 158 146 144 155 156 138 165 149 159 152 169 155 148 150 164 144 154 175 143 136 155 159 147 154 153 139 145 167 145 153 153 164 154 172 162 155 177 161 147 152 164 168 154 155 151 157 166 154 152 162 154 160 148 168 160 174 164 161 146 146 146 162 149 159 155 144 172 164 162 161 145 160 163 158 158 149 145 175 143 144 163 149 165 168 170 170 158 147 156 162 163 154 137 153 161 167 171 154 147 152 164 152 166 160 164 172 164 156 149 154 159 152 163 154 148 154 159 164 164 150 152 157 160 160 161 152 149 163 156 154 163 158 152 161 159 183 161 153 147 143 157 162 158 164 141 164 165 157 170 157 145 172 162 153 162 152 164 159 162 144 161 159 155 152 169 163 156 163 158 171 164 169 157 162 153 157 158 155 134 159 150 158 161 159 163 165 163 160 170 145 157 161 165 155 159 140 155 163 158 172 153 153 165 179 178 148 149 175 164 157 150 152 162 164 138 158 153 174 153 161 172]
Requests/sec:  6422.705240885417 KB
Transfer/sec:  17642.97996419271 KB

