2023-12-02 15:03:43.009227379 +0800 CST m=+1067.211262686
Running 1m0s myx-test @ https://192.168.12.127:6443/api/v1/namespaces/myx-test/podtemplates
3 connections
Requests/bytes (per Connection):  [14482065 13688202 11766139]
Response/bytes (per Connection):  [22036212 20828244 17903611]
Requests Number (per Connection):  [1733 1638 1408]
Requests/sec:  650.0066080729167 KB
Transfer/sec:  1639.0701985677083 KB

2023-12-02 15:05:23.425500405 +0800 CST m=+1167.627535723
Running 1m0s myx-test @ https://192.168.12.127:6443/api/v1/namespaces/myx-test/podtemplates
6 connections
Requests/bytes (per Connection):  [26682703 28571360 26841523 28521196 27108945 27367967]
Response/bytes (per Connection):  [40600990 43474781 40842631 43398463 41249541 41643692]
Requests Number (per Connection):  [3193 3419 3212 3413 3244 3275]
Requests/sec:  2687.071842447917 KB
Transfer/sec:  6775.777864583333 KB

2023-12-02 15:08:18.095166353 +0800 CST m=+1342.297201663
Running 1m0s myx-test @ https://192.168.12.127:6443/api/v1/namespaces/myx-test/podtemplates
9 connections
Requests/bytes (per Connection):  [21986303 22880470 23181258 22270418 23014179 23055967 22153472 23306613 23072679]
Response/bytes (per Connection):  [33454832 34815412 35273124 33887153 35018865 35082448 33709181 35463864 35107878]
Requests Number (per Connection):  [2631 2738 2774 2665 2754 2759 2651 2789 2761]
Requests/sec:  3335.3085774739584 KB
Transfer/sec:  8410.386002604168 KB

2023-12-02 15:09:58.558726864 +0800 CST m=+1442.760762208
Running 1m0s myx-test @ https://192.168.12.127:6443/api/v1/namespaces/myx-test/podtemplates
15 connections
Requests/bytes (per Connection):  [16128298 15610208 15844201 15209078 15000160 15242506 15735541 15092081 15175650 16487610 15902652 16236948 15919407 16119948 15835844]
Response/bytes (per Connection):  [24541168 23752820 24108865 23142458 22824565 23193322 23943538 22964435 23091594 25087917 24197829 24706485 24223302 24528459 24096149]
Requests Number (per Connection):  [1930 1868 1896 1820 1795 1824 1883 1806 1816 1973 1903 1943 1905 1929 1895]
Requests/sec:  3833.6610026041667 KB
Transfer/sec:  9667.041634114583 KB

2023-12-02 15:12:10.139852948 +0800 CST m=+1574.341888254
Running 1m0s myx-test @ https://192.168.12.127:6443/api/v1/namespaces/myx-test/podtemplates
30 connections
Requests/bytes (per Connection):  [8431792 8206235 8222949 8348223 8181161 8498727 7888674 7997268 8105925 8222948 8181123 8314875 8105951 8364948 8089204 7922102 8206235 8064111 8406795 8130986 8256317 8398440 8548808 8364978 8131019 8339945 8390086 8080881 8055810 8456938]
Response/bytes (per Connection):  [12830023 12486773 12512205 12702864 12448622 12931830 12003570 12168831 12334155 12512204 12448584 12652080 12334181 12728307 12308716 12054434 12486773 12270546 12791949 12372293 12563009 12779235 13008065 12728337 12372326 12690227 12766522 12296034 12257886 12868246]
Requests Number (per Connection):  [1009 982 984 999 979 1017 944 957 970 984 979 995 970 1001 968 948 982 965 1006 973 988 1005 1023 1001 973 998 1004 967 964 1012]
Requests/sec:  4018.7736653645834 KB
Transfer/sec:  10133.826188151043 KB

2023-12-02 15:13:50.656232611 +0800 CST m=+1674.858267917
Running 1m0s myx-test @ https://192.168.12.127:6443/api/v1/namespaces/myx-test/podtemplates
60 connections
Requests/bytes (per Connection):  [4913709 5105906 5030692 4763303 4922065 4821771 4688092 4796715 4930411 5005623 4729847 4646278 4696447 5055765 5030694 5172752 4955481 4955482 4955488 4696456 4738202 4871913 4813414 4888629 4863574 4780000 5022336 5013980 4779996 4679704 4679704 4972197 4955482 4788343 4788343 4855199 5013980 4963839 4830136 4729871 4805082 4663032 4947133 4871930 4738233 4654633 4721488 5114261 5047408 4571117 5022337 4654654 4754916 4788343 5156047 4838499 4947132 4754916 4805060 4779987]
Response/bytes (per Connection):  [7476801 7769255 7654810 7247933 7489516 7336914 7133491 7298781 7502221 7616664 7197041 7069882 7146205 7692960 7654812 7870973 7540368 7540369 7540375 7146214 7209755 7413210 7324198 7438644 7400512 7273348 7642095 7629380 7273344 7120744 7120744 7565802 7540369 7286050 7286050 7387778 7629380 7553085 7349638 7197065 7311507 7095354 7527661 7413227 7209786 7082596 7184323 7781969 7680244 6955490 7642096 7082617 7235187 7286050 7845550 7362360 7527660 7235187 7311485 7273335]
Requests Number (per Connection):  [588 611 602 570 589 577 561 574 590 599 566 556 562 605 602 619 593 593 593 562 567 583 576 585 582 572 601 600 572 560 560 595 593 573 573 581 600 594 578 566 575 558 592 583 567 557 565 612 604 547 601 557 569 573 617 579 592 569 575 572]
Requests/sec:  4745.085074869791 KB
Transfer/sec:  11965.307405598958 KB

2023-12-02 15:15:31.014245488 +0800 CST m=+1775.216280813
Running 1m0s myx-test @ https://192.168.12.127:6443/api/v1/namespaces/myx-test/podtemplates
90 connections
Requests/bytes (per Connection):  [3384449 3484742 3543201 3434605 3468033 3576672 3518113 3526531 3534888 3509818 3493103 3501453 3442962 3526531 3618415 3584950 3401113 3451253 3493052 3610021 3384406 3359392 3526452 3702026 3568237 3551593 3593308 3501381 3409484 3476389 3476315 3618457 3626806 3651840 3442883 3576599 3468033 3585029 3476390 3484674 3309252 3526483 3610064 3484723 3493024 3718740 3518147 3551602 3484717 3651848 3509779 3409456 3401131 3426248 3593386 3359322 3459676 3601676 3442937 3651806 3559958 3442962 3476384 3509817 3534875 3501460 3568287 3651884 3467965 3468029 3501392 3484746 3610088 3467953 3493103 3509780 3593354 3417837 3585029 3434605 3409474 3743753 3376028 3727055 3551602 3534862 3384463 3484746 3518175 3467953]
Response/bytes (per Connection):  [5149844 5302445 5391417 5226154 5277018 5442324 5353252 5366029 5378745 5340598 5315165 5327874 5238870 5366029 5505862 5454961 5175226 5251520 5315114 5493109 5149801 5111710 5365950 5633063 5429530 5404168 5467678 5327802 5187956 5289733 5289659 5505904 5518612 5556723 5238791 5442251 5277018 5455040 5289734 5302377 5035416 5365981 5493152 5302426 5315086 5658495 5353286 5404177 5302420 5556731 5340559 5187928 5175244 5213438 5467756 5111640 5264302 5480405 5238845 5556689 5416892 5238870 5289728 5340597 5378732 5327881 5429580 5556767 5276950 5277014 5327813 5302449 5493176 5276938 5315165 5340560 5467724 5200668 5455040 5226154 5187946 5696585 5137064 5671169 5404177 5378719 5149858 5302449 5353314 5276938]
Requests Number (per Connection):  [405 417 424 411 415 428 421 422 423 420 418 419 412 422 433 429 407 413 418 432 405 402 422 443 427 425 430 419 408 416 416 433 434 437 412 428 415 429 416 417 396 422 432 417 418 445 421 425 417 437 420 408 407 410 430 402 414 431 412 437 426 412 416 420 423 419 427 437 415 415 419 417 432 415 418 420 430 409 429 411 408 448 404 446 425 423 405 417 421 415]
Requests/sec:  5147.546142578125 KB
Transfer/sec:  12980.1625 KB

2023-12-02 15:17:25.395481907 +0800 CST m=+1889.597517248
Running 1m0s myx-test @ https://192.168.12.127:6443/api/v1/namespaces/myx-test/podtemplates
150 connections
Requests/bytes (per Connection):  [802264 802211 844046 827296 810601 785521 777193 727049 676850 735408 810597 793906 760453 752122 919227 844041 860759 894108 827292 785548 844046 827278 793860 827285 768765 802222 835646 802262 927536 693552 777136 793885 743694 802261 810620 827332 810612 802262 793877 793906 727028 752106 827253 785517 785475 810557 818937 710336 818903 852403 693622 835689 810600 727000 760476 752075 793905 818975 835640 701899 860759 902466 735408 810558 785497 760479 743699 843988 710335 760476 768785 802263 768834 852358 718642 827332 852324 827334 718673 752120 835691 752075 852396 827332 844046 802245 802263 727050 785526 910901 802245 752122 810618 701972 685267 835660 785550 877431 752122 810539 860689 802183 701977 785547 844048 852403 885830 885793 785543 735406 802200 768831 885830 768836 802210 818904 752115 793861 752122 835689 902534 894133 802244 869116 802261 835676 818977 860697 760477 835613 768836 768816 902530 885833 785479 810619 735369 785509 810619 810605 752120 793905 860722 844046 844012 860733 760477 735408 760473 785547]
Response/bytes (per Connection):  [1220728 1220675 1284305 1258837 1233424 1195267 1182580 1106282 1029929 1119000 1233420 1208011 1157122 1144432 1398717 1284300 1309736 1360521 1258833 1195294 1284305 1258819 1207965 1258826 1169793 1220686 1271546 1220726 1411385 1055349 1182523 1207990 1131645 1220725 1233443 1258873 1233435 1220726 1207982 1208011 1106261 1144416 1258794 1195263 1195221 1233380 1246119 1080851 1246085 1297021 1055419 1271589 1233423 1106233 1157145 1144385 1208010 1246157 1271540 1068055 1309736 1373238 1119000 1233381 1195243 1157148 1131650 1284247 1080850 1157145 1169813 1220727 1169862 1296976 1093516 1258873 1296942 1258875 1093547 1144430 1271591 1144385 1297014 1258873 1284305 1220709 1220727 1106283 1195272 1386032 1220709 1144432 1233441 1068128 1042705 1271560 1195296 1335126 1144432 1233362 1309666 1220647 1068133 1195293 1284307 1297021 1347884 1347847 1195289 1118998 1220664 1169859 1347884 1157706 1220674 1246086 1144425 1207966 1144432 1271589 1373306 1360546 1220708 1322452 1220725 1271576 1246159 1309674 1157146 1271513 1169864 1169844 1373302 1347887 1195225 1233442 1118961 1195255 1233442 1233428 1144430 1208010 1309699 1284305 1284271 1309710 1157146 1119000 1157142 1195293]
Requests Number (per Connection):  [96 96 101 99 97 94 93 87 81 88 97 95 91 90 110 101 103 107 99 94 101 99 95 99 92 96 100 96 111 83 93 95 89 96 97 99 97 96 95 95 87 90 99 94 94 97 98 85 98 102 83 100 97 87 91 90 95 98 100 84 103 108 88 97 94 91 89 101 85 91 92 96 92 102 86 99 102 99 86 90 100 90 102 99 101 96 96 87 94 109 96 90 97 84 82 100 94 105 90 97 103 96 84 94 101 102 106 106 94 88 96 92 106 92 96 98 90 95 90 100 108 107 96 104 96 100 98 103 91 100 92 92 108 106 94 97 88 94 97 97 90 95 103 101 101 103 91 88 91 94]
Requests/sec:  1953.9666178385417 KB
Transfer/sec:  4926.96376953125 KB

2023-12-02 15:19:06.079639276 +0800 CST m=+1990.281674634
Running 1m0s myx-test @ https://192.168.12.127:6443/api/v1/namespaces/myx-test/podtemplates
300 connections
Requests/bytes (per Connection):  [1128167 1086363 1211732 1061325 1236742 1061256 1144877 1153234 1052925 1169958 1027887 1178298 1094675 1094707 1136538 1086396 1161537 1161587 1194957 1195037 1195006 1136471 1328668 1103111 1103110 1169931 1061325 1236744 1153252 1011105 1153252 1061326 1186676 1094674 1111389 1086340 1186644 1078006 1061325 1078032 1094738 1103031 1178322 1094726 1186645 1111467 1061326 1111467 1094753 1194957 1128180 1094677 1128181 1044533 1119824 1069683 1153251 1228420 1103031 1286910 1161530 1203393 1002805 1119745 1169906 1119806 1136473 1128129 1128102 1186669 1136538 1103110 1111434 1061293 1161530 1136537 1144818 1195021 1052889 1144873 1069613 1061256 1128180 1295319 1136493 1194957 1119817 1253489 1136488 1186679 1161558 1086396 1086396 1245112 1153177 1161609 1203393 1119771 1236772 1236742 1169887 1169935 1052968 1161530 1119753 1178267 1161602 1128141 1194964 1019541 1086363 1069673 1195036 1169946 1261892 1119779 1061291 1086383 1169921 1061292 1144816 1161529 1211712 1128181 1061286 1194991 1103060 1178249 1253455 1228459 1119809 1236801 1094754 1119776 1220065 1061292 1153252 1228395 1044611 1169965 1261891 1153223 1128181 1128102 1119803 1027819 994429 1203393 1161530 1211713 1136484 1086326 1169963 1194957 1211750 1245141 1169886 1270169 1119824 1178243 1245120 1044533 1278583 1094704 1153251 1211708 1153172 1136537 1128181 1211726 1169965 994464 1203351 1002807 1203393 1194967 1203393 1186679 1153242 1086393 1203364 1077988 1002827 1111397 1220030 1153197 1069666 1153250 1261840 1094674 1069648 1128102 1153189 1078007 1203360 1278540 1195036 1111462 1161600 1077960 1253455 1186601 1236768 1086388 1186679 1228423 1270182 1186638 1119761 1136538 1153173 986092 1103110 1236821 1136537 1194958 1144894 1169946 1220100 1136513 1186679 1186625 1153222 1153189 1153214 1103031 1236780 1119807 1052969 1169927 1178323 1044599 1136513 1119815 1203325 1203372 1253534 1128175 1203384 1144847 1169887 1144869 1228400 1061246 1153173 1119745 1094723 1128102 1136538 1052911 1169948 1119824 1128139 1144815 1144838 1103077 994471 1161530 1195036 1195004 1228385 1103110 1270203 1186600 1211750 1144868 1103061 1077960 1078022 1078000 1128140 1144857 1019512 1103110 1211673 1027898 1119745 1094753 1069634 1153251 1161538 1153252 1261813 1086344 1161605 1169946 1136459 1128143 1236741 1144895 1128112 1094707 1052890 1169886 1103031 1169912 1220028 1128115 1077960 1195036]
Response/bytes (per Connection):  [1716632 1653033 1843787 1614918 1881874 1614849 1742060 1754776 1602159 1780218 1564044 1792917 1665704 1665736 1729362 1653066 1767438 1767488 1818294 1818374 1818343 1729295 2021749 1678499 1678498 1780191 1614918 1881876 1754794 1538544 1754794 1614919 1805654 1665703 1691136 1653010 1805622 1640317 1614918 1640343 1665767 1678419 1792941 1665755 1805623 1691214 1614919 1691214 1665782 1818294 1716645 1665706 1716646 1589408 1703930 1627635 1754793 1869193 1678419 1958196 1767431 1831089 1525885 1703851 1780166 1703912 1729297 1716594 1716567 1805647 1729362 1678498 1691181 1614886 1767431 1729361 1742001 1818358 1602123 1742056 1627565 1614849 1716645 1970964 1729317 1818294 1703923 1907339 1729312 1805657 1767459 1653066 1653066 1894603 1754719 1767510 1831089 1703877 1881904 1881874 1780147 1780195 1602202 1767431 1703859 1792886 1767503 1716606 1818301 1551339 1653033 1627625 1818373 1780206 1920101 1703885 1614884 1653053 1780181 1614885 1741999 1767430 1843767 1716646 1614879 1818328 1678448 1792868 1907305 1869232 1703915 1881933 1665783 1703882 1856479 1614885 1754794 1869168 1589486 1780225 1920100 1754765 1716646 1716567 1703909 1563976 1513150 1831089 1767431 1843768 1729308 1652996 1780223 1818294 1843805 1894632 1780146 1932737 1703930 1792862 1894611 1589408 1945510 1665733 1754793 1843763 1754714 1729361 1716646 1843781 1780225 1513185 1831047 1525887 1831089 1818304 1831089 1805657 1754784 1653063 1831060 1640299 1525907 1691144 1856444 1754739 1627618 1754792 1920049 1665703 1627600 1716567 1754731 1640318 1831056 1945467 1818373 1691209 1767501 1640271 1907305 1805579 1881900 1653058 1805657 1869196 1932750 1805616 1703867 1729362 1754715 1500454 1678498 1881953 1729361 1818295 1742077 1780206 1856514 1729337 1805657 1805603 1754764 1754731 1754756 1678419 1881912 1703913 1602203 1780187 1792942 1589474 1729337 1703921 1831021 1831068 1907384 1716640 1831080 1742030 1780147 1742052 1869173 1614839 1754715 1703851 1665752 1716567 1729362 1602145 1780208 1703930 1716604 1741998 1742021 1678465 1513192 1767431 1818373 1818341 1869158 1678498 1932771 1805578 1843805 1742051 1678449 1640271 1640333 1640311 1716605 1742040 1551310 1678498 1843728 1564055 1703851 1665782 1627586 1754793 1767439 1754794 1920022 1653014 1767506 1780206 1729283 1716608 1881873 1742078 1716577 1665736 1602124 1780146 1678419 1780172 1856442 1716580 1640271 1818373]
Requests Number (per Connection):  [135 130 145 127 148 127 137 138 126 140 123 141 131 131 136 130 139 139 143 143 143 136 159 132 132 140 127 148 138 121 138 127 142 131 133 130 142 129 127 129 131 132 141 131 142 133 127 133 131 143 135 131 135 125 134 128 138 147 132 154 139 144 120 134 140 134 136 135 135 142 136 132 133 127 139 136 137 143 126 137 128 127 135 155 136 143 134 150 136 142 139 130 130 149 138 139 144 134 148 148 140 140 126 139 134 141 139 135 143 122 130 128 143 140 151 134 127 130 140 127 137 139 145 135 127 143 132 141 150 147 134 148 131 134 146 127 138 147 125 140 151 138 135 135 134 123 119 144 139 145 136 130 140 143 145 149 140 152 134 141 149 125 153 131 138 145 138 136 135 145 140 119 144 120 144 143 144 142 138 130 144 129 120 133 146 138 128 138 151 131 128 135 138 129 144 153 143 133 139 129 150 142 148 130 142 147 152 142 134 136 138 118 132 148 136 143 137 140 146 136 142 142 138 138 138 132 148 134 126 140 141 125 136 134 144 144 150 135 144 137 140 137 147 127 138 134 131 135 136 126 140 134 135 137 137 132 119 139 143 143 147 132 152 142 145 137 132 129 129 129 135 137 122 132 145 123 134 131 128 138 139 138 151 130 139 140 136 135 148 137 135 131 126 140 132 140 146 135 129 143]
Requests/sec:  5585.5046875 KB
Transfer/sec:  14084.52978515625 KB

