2023-12-02 18:56:25.849643737 +0800 CST m=+1864.118902810
Running 1m0s myx-test @ https://192.168.12.127:6443/api/v1/namespaces/myx-test/replicationcontrollers
3 connections
Requests/bytes (per Connection):  [34386053 31814500 31630135]
Response/bytes (per Connection):  [54102368 50056294 49766263]
Requests Number (per Connection):  [4105 3798 3776]
Requests/sec:  1592.2963541666666 KB
Transfer/sec:  4097.584847005209 KB

2023-12-02 18:58:06.182875835 +0800 CST m=+1964.452134907
Running 1m0s myx-test @ https://192.168.12.127:6443/api/v1/namespaces/myx-test/replicationcontrollers
6 connections
Requests/bytes (per Connection):  [28036602 29644891 27986344 28246004 28321348 29468975]
Response/bytes (per Connection):  [44112243 46642708 44033167 44441720 44560291 46365929]
Requests Number (per Connection):  [3347 3539 3341 3372 3381 3518]
Requests/sec:  2794.664127604167 KB
Transfer/sec:  7191.735384114583 KB

2023-12-02 18:59:46.52202401 +0800 CST m=+2064.791283087
Running 1m0s myx-test @ https://192.168.12.127:6443/api/v1/namespaces/myx-test/replicationcontrollers
9 connections
Requests/bytes (per Connection):  [23957164 23647206 23018954 22893348 24074461 24074445 24166607 22549895 23957213]
Response/bytes (per Connection):  [37693744 37206075 36217598 36019947 37878283 37878267 38023262 35479571 37693793]
Requests Number (per Connection):  [2860 2823 2748 2733 2874 2874 2885 2692 2860]
Requests/sec:  3456.043180338542 KB
Transfer/sec:  8893.714729817708 KB

2023-12-02 19:01:26.923540029 +0800 CST m=+2165.192799086
Running 1m0s myx-test @ https://192.168.12.127:6443/api/v1/namespaces/myx-test/replicationcontrollers
15 connections
Requests/bytes (per Connection):  [16133369 15731334 15513512 15689394 15413017 15144955 15865309 15957513 15865368 15362721 16041210 15329218 15471655 15580555 15103070]
Response/bytes (per Connection):  [25383947 24751368 24408668 24685413 24250537 23828779 24962191 25107228 24962250 24171423 25238955 24118708 24342796 24514135 23762879]
Requests Number (per Connection):  [1926 1878 1852 1873 1840 1808 1894 1905 1894 1834 1915 1830 1847 1860 1803]
Requests/sec:  3811.884765625 KB
Transfer/sec:  9809.431591796874 KB

2023-12-02 19:03:07.266747364 +0800 CST m=+2265.536006420
Running 1m0s myx-test @ https://192.168.12.127:6443/api/v1/namespaces/myx-test/replicationcontrollers
30 connections
Requests/bytes (per Connection):  [8837310 8569328 8795499 8493857 8770374 8502283 8611180 8669800 8552504 8586080 8586003 8703358 8644687 8493936 8493936 8359870 8711663 8410156 8468805 8703332 8493876 8761963 8669772 8669822 8745243 8720033 8761932 8644641 8778672 8862493]
Response/bytes (per Connection):  [13904475 13482797 13838649 13364099 13799115 13377328 13548664 13640905 13456367 13509155 13509078 13693675 13601383 13364178 13364178 13153264 13706783 13232368 13324638 13693649 13364118 13785901 13640877 13640927 13759575 13719956 13785870 13601337 13812216 13944067]
Requests Number (per Connection):  [1055 1023 1050 1014 1047 1015 1028 1035 1021 1025 1025 1039 1032 1014 1014 998 1040 1004 1011 1039 1014 1046 1035 1035 1044 1041 1046 1032 1048 1058]
Requests/sec:  4216.673307291667 KB
Transfer/sec:  10851.106770833334 KB

2023-12-02 19:04:47.677349965 +0800 CST m=+2365.946609024
Running 1m0s myx-test @ https://192.168.12.127:6443/api/v1/namespaces/myx-test/replicationcontrollers
60 connections
Requests/bytes (per Connection):  [4464740 4380960 4280478 4431220 4339073 4314005 4380958 4515005 4330698 4556873 4389337 4313988 4548497 4406128 4238566 4414484 4389336 4464769 4313971 4389337 4364285 4339073 4246990 4431221 4389335 4246931 4246953 4473106 4330698 4640642 4330761 4305568 4439645 4573627 4372583 4380960 4280437 4397744 4414538 4456379 4590410 4339076 4431241 4347452 4414518 4389355 4280513 4339081 4481509 4439635 4406121 4473143 4397733 4531783 4188364 4205054 4372583 4556873 4322352 4322401]
Response/bytes (per Connection):  [7024739 6892929 6734811 6972007 6827027 6787550 6892927 7103822 6813849 7169705 6906109 6787533 7156526 6932506 6668884 6945665 6906108 7024768 6787516 6906109 6866648 6827027 6682111 6972008 6906107 6682052 6682074 7037908 6813849 7301504 6813912 6774310 6985235 7196065 6879749 6892929 6734770 6919319 6945719 7011575 7222454 6827030 6972028 6840209 6945699 6906127 6734846 6827035 7051114 6985225 6932499 7037945 6919308 7130206 6589864 6616160 6879749 7169705 6800700 6800749]
Requests Number (per Connection):  [533 523 511 529 518 515 523 539 517 544 524 515 543 526 506 527 524 533 515 524 521 518 507 529 524 507 507 534 517 554 517 514 530 546 522 523 511 525 527 532 548 518 529 519 527 524 511 518 535 530 526 534 525 541 500 502 522 544 516 516]
Requests/sec:  4286.345963541667 KB
Transfer/sec:  11030.398909505207 KB

2023-12-02 19:06:28.089253261 +0800 CST m=+2466.358512318
Running 1m0s myx-test @ https://192.168.12.127:6443/api/v1/namespaces/myx-test/replicationcontrollers
90 connections
Requests/bytes (per Connection):  [3166387 3166387 3241761 3275278 3292041 3317098 3358995 3216651 3426019 3359056 3409317 3266835 3266910 3459522 3300399 3216650 3258497 3292023 3225015 3116127 3266912 3300418 3333852 3166389 3191507 3090997 3325550 3392564 3342278 3308797 3392520 3208200 3166387 3208220 3400863 3250089 3258459 3300363 3325549 3426029 3308795 3350659 3451174 3476333 3593534 3333889 3216595 3099366 3174709 3384186 3367433 3367433 3158010 3166347 3300406 3409317 3166343 3359038 3476333 3342266 3333921 3300420 3292031 3367422 3308788 3459500 3233335 3208200 3166376 3266898 3308744 3241776 3107749 3476280 3367358 3375771 3342304 3300418 3258494 3266848 3132839 3157961 3116125 3250156 3183141 3417621 3308796 3250093 3317139 3493069]
Response/bytes (per Connection):  [4981921 4981921 5100522 5153251 5179620 5219086 5284998 5061003 5390446 5285059 5364138 5140005 5140080 5443161 5192781 5061002 5126864 5179602 5074170 4902843 5140082 5192800 5245446 4981923 5021450 4863304 5232341 5337779 5258675 5205982 5337735 5047749 4981921 5047769 5350881 5113653 5126826 5192745 5232340 5390456 5205980 5271859 5430010 5469578 5654021 5245483 5060947 4876476 4995046 5324598 5298239 5298239 4968741 4981881 5192788 5364138 4981877 5285041 5469578 5258663 5245515 5192802 5179610 5298228 5205973 5443139 5087293 5047749 4981910 5140068 5205929 5100537 4889662 5469525 5298164 5311380 5258701 5192800 5126861 5140018 4929161 4968692 4902841 5113720 5008281 5377245 5205981 5113657 5219127 5495920]
Requests Number (per Connection):  [378 378 387 391 393 396 401 384 409 401 407 390 390 413 394 384 389 393 385 372 390 394 398 378 381 369 397 405 399 395 405 383 378 383 406 388 389 394 397 409 395 400 412 415 429 398 384 370 379 404 402 402 377 378 394 407 378 401 415 399 398 394 393 402 395 413 386 383 378 390 395 387 371 415 402 403 399 394 389 390 374 377 372 388 380 408 395 388 396 417]
Requests/sec:  4824.19677734375 KB
Transfer/sec:  12414.4962890625 KB

2023-12-02 19:08:08.509153018 +0800 CST m=+2566.778412077
Running 1m0s myx-test @ https://192.168.12.127:6443/api/v1/namespaces/myx-test/replicationcontrollers
150 connections
Requests/bytes (per Connection):  [2261682 2203045 2177933 2194686 2278437 2362206 2311944 2228209 2211439 2295216 2203044 2177934 2119275 2203045 2219799 2177913 2420855 2228209 2278464 2412479 2161159 2303593 2186290 2261683 2228175 2337075 2337096 2203076 2186290 2337095 2353834 2219834 2085794 2194689 2261703 2144406 2261706 2152785 2219798 2337075 2253306 2270059 2295190 2261708 2295190 2303568 2144406 2085785 2311944 2203049 2286840 2320321 2286813 2219826 2211421 2261683 2253329 2186291 2311945 2295190 2370583 2286814 2219798 2194667 2253306 2286814 2236552 2161170 2219833 2119305 2186291 2295190 2236552 2161160 2219803 2278436 2328698 2236552 2311944 2244948 2211421 2161187 2203081 2152822 2278454 2295190 2328698 2311946 2303567 2261682 2303568 2236552 2186321 2177913 2270060 2219799 2387336 2345472 2270059 2236585 2144406 2270060 2303570 2320344 2387336 2253306 2035508 2236585 2337075 2311944 2203044 2311957 2152826 2253308 2286813 2278437 2253316 2311945 2253305 2169538 2161183 2144421 2328698 2378975 2110898 2270089 2270060 2261683 2370582 2219798 2144406 2278446 2177947 2203081 2278465 2278437 2144439 2119322 2311944 2219833 2261683 2094195 2244929 2286813 2219833 2211453 2203081 2094146 2303567 2320321]
Response/bytes (per Connection):  [3558492 3466234 3426713 3453072 3584853 3716652 3637572 3505807 3479431 3611238 3466233 3426714 3334434 3466234 3492594 3426693 3808922 3505807 3584880 3795743 3400333 3624418 3439873 3558493 3505773 3677112 3677133 3466265 3439873 3677132 3703477 3492629 3281741 3453075 3558513 3373974 3558516 3387156 3492593 3677112 3545313 3571672 3611212 3558518 3611212 3624393 3373974 3281732 3637572 3466238 3598059 3650752 3598032 3492621 3479413 3558493 3545336 3439874 3637573 3611212 3729832 3598033 3492593 3453053 3545313 3598033 3518953 3400344 3492628 3334464 3439874 3611212 3518953 3400334 3492598 3584852 3663932 3518953 3637572 3532152 3479413 3400361 3466270 3387193 3584870 3611212 3663932 3637574 3624392 3558492 3624393 3518953 3439904 3426693 3571673 3492594 3756191 3690312 3571672 3518986 3373974 3571673 3624395 3650775 3756191 3545313 3202637 3518986 3677112 3637572 3466233 3637585 3387197 3545315 3598032 3584853 3545323 3637573 3545312 3413515 3400357 3373989 3663932 3743027 3321254 3571702 3571673 3558493 3729831 3492593 3373974 3584862 3426727 3466270 3584881 3584853 3374007 3334481 3637572 3492628 3558493 3294945 3532133 3598032 3492628 3479445 3466270 3294896 3624392 3650752]
Requests Number (per Connection):  [270 263 260 262 272 282 276 266 264 274 263 260 253 263 265 260 289 266 272 288 258 275 261 270 266 279 279 263 261 279 281 265 249 262 270 256 270 257 265 279 269 271 274 270 274 275 256 249 276 263 273 277 273 265 264 270 269 261 276 274 283 273 265 262 269 273 267 258 265 253 261 274 267 258 265 272 278 267 276 268 264 258 263 257 272 274 278 276 275 270 275 267 261 260 271 265 285 280 271 267 256 271 275 277 285 269 243 267 279 276 263 276 257 269 273 272 269 276 269 259 258 256 278 284 252 271 271 270 283 265 256 272 260 263 272 272 256 253 276 265 270 250 268 273 265 264 263 250 275 277]
Requests/sec:  5481.352766927083 KB
Transfer/sec:  14105.606119791666 KB

2023-12-02 19:09:49.006726003 +0800 CST m=+2667.275985062
Running 1m0s myx-test @ https://192.168.12.127:6443/api/v1/namespaces/myx-test/replicationcontrollers
300 connections
Requests/bytes (per Connection):  [1373742 1432370 1424073 1398880 1373733 1315094 1348632 1231404 1315136 1331868 1340242 1357058 1248092 1415617 1264833 1264838 1432411 1432403 1306791 1306787 1231337 1398863 1298349 1373759 1415616 1440826 1348621 1348621 1440794 1390565 1323471 1264888 1239780 1248130 1323519 1348626 1348680 1348645 1315157 1172696 1390486 1281586 1290040 1457581 1356978 1382109 1482711 1331927 1390489 1323536 1407240 1248079 1315093 1407240 1323544 1440780 1398934 1356995 1289968 1331848 1315173 1281597 1432422 1264911 1189485 1474255 1281665 1457501 1323521 1273288 1415696 1323503 1398918 1390565 1273209 1357002 1340276 1373811 1423999 1365426 1331927 1289963 1373761 1382124 1365424 1407319 1214627 1214606 1398942 1499444 1206250 1181090 1290042 1348681 1340267 1323471 1365421 1323550 1206273 1415696 1357057 1256486 1281665 1331926 1331848 1390496 1373811 1474313 1315173 1365426 1306746 1390487 1273209 1423994 1365368 1239717 1306796 1315126 1323485 1273226 1273225 1407270 1290007 1348668 1390565 1407239 1390486 1331889 1256491 1139258 1357050 1248158 1298340 1315173 1348678 1290021 1398863 1323471 1390487 1290042 1348618 1373746 1315160 1382109 1424034 1356978 1281586 1315157 1424032 1357033 1398934 1147625 1340290 1298419 1407258 1382160 1298419 1306717 1398863 1340294 1407319 1331848 1256527 1566401 1331848 1373811 1365358 1290004 1357058 1264832 1491048 1331927 1315160 1382109 1373732 1365421 1398941 1264911 1264911 1365419 1356978 1398942 1189519 1340224 1382109 1214626 1390510 1373741 1499424 1474270 1264912 1331847 1424010 1390486 1331927 1323550 1256486 1373732 1289971 1298376 1398941 1239702 1331847 1290042 1281605 1390552 1357056 1223027 1407298 1340251 1432450 1264846 1231355 1281586 1273238 1390519 1356998 1365435 1390514 1164388 1398914 1323546 1390565 1415694 1390503 1357039 1407260 1323471 1281636 1457542 1382110 1273286 1457545 1323544 1340304 1306791 1390523 1281663 1323471 1315094 1373759 1164309 1298419 1407259 1357038 1331848 1306796 1298419 1323545 1365355 1306785 1323521 1365364 1331847 1390497 1323491 1315118 1398863 1457581 1306717 1298419 1231382 1323521 1482711 1398942 1315170 1214571 1424029 1340225 1273286 1264911 1323519 1298347 1323498 1248078 1298340 1264882 1306795 1373793 1407319 1289963 1306717 1273288 1398907 1315173 1323471 1323528 1382109 1482632 1256455 1365356 1315173 1323550 1315155 1323471 1457562 1273210 1357007 1340244 1357058]
Response/bytes (per Connection):  [2161434 2253683 2240583 2200981 2161425 2069165 2121915 1937445 2069207 2095545 2108722 2135144 1963739 2227324 1990086 1990091 2253724 2253716 2056059 2056055 1937378 2200964 2042814 2161451 2227323 2266942 2121904 2121904 2266910 2187863 2082345 1990141 1950624 1963777 2082393 2121909 2121963 2121928 2069228 1845116 2187784 2016445 2029702 2293303 2135064 2174604 2332842 2095604 2187787 2082410 2214144 1963726 2069164 2214144 2082418 2266896 2201035 2135081 2029630 2095525 2069244 2016456 2253735 1990164 1871511 2319583 2016524 2293223 2082395 2003344 2227403 2082377 2201019 2187863 2003265 2135088 2108756 2161503 2240509 2148315 2095604 2029625 2161453 2174619 2148313 2214223 1911062 1911041 2201043 2359181 1897882 1858313 2029704 2121964 2108747 2082345 2148310 2082424 1897905 2227403 2135143 1976936 2016524 2095603 2095525 2187794 2161503 2319641 2069244 2148315 2056014 2187785 2003265 2240504 2148257 1950561 2056064 2069197 2082359 2003282 2003281 2214174 2029669 2121951 2187863 2214143 2187784 2095566 1976941 1792466 2135136 1963805 2042805 2069244 2121961 2029683 2200964 2082345 2187785 2029704 2121901 2161438 2069231 2174604 2240544 2135064 2016445 2069228 2240542 2135119 2201035 1805636 2108770 2042884 2214162 2174655 2042884 2055985 2200964 2108774 2214223 2095525 1976977 2464562 2095525 2161503 2148247 2029666 2135144 1990085 2345982 2095604 2069231 2174604 2161424 2148310 2201042 1990164 1990164 2148308 2135064 2201043 1871545 2108704 2174604 1911061 2187808 2161433 2359161 2319598 1990165 2095524 2240520 2187784 2095604 2082424 1976936 2161424 2029633 2042841 2201042 1950546 2095524 2029704 2016464 2187850 2135142 1924265 2214202 2108731 2253763 1990099 1937396 2016445 2003294 2187817 2135084 2148324 2187812 1832005 2201015 2082420 2187863 2227401 2187801 2135125 2214164 2082345 2016495 2293264 2174605 2003342 2293267 2082418 2108784 2056059 2187821 2016522 2082345 2069165 2161451 1831926 2042884 2214163 2135124 2095525 2056064 2042884 2082419 2148244 2056053 2082395 2148253 2095524 2187795 2082365 2069189 2200964 2293303 2055985 2042884 1937423 2082395 2332842 2201043 2069241 1911006 2240539 2108705 2003342 1990164 2082393 2042812 2082372 1963725 2042805 1990135 2056063 2161485 2214223 2029625 2055985 2003344 2201008 2069244 2082345 2082402 2174604 2332763 1976905 2148245 2069244 2082424 2069226 2082345 2293284 2003266 2135093 2108724 2135144]
Requests Number (per Connection):  [164 171 170 167 164 157 161 147 157 159 160 162 149 169 151 151 171 171 156 156 147 167 155 164 169 172 161 161 172 166 158 151 148 149 158 161 161 161 157 140 166 153 154 174 162 165 177 159 166 158 168 149 157 168 158 172 167 162 154 159 157 153 171 151 142 176 153 174 158 152 169 158 167 166 152 162 160 164 170 163 159 154 164 165 163 168 145 145 167 179 144 141 154 161 160 158 163 158 144 169 162 150 153 159 159 166 164 176 157 163 156 166 152 170 163 148 156 157 158 152 152 168 154 161 166 168 166 159 150 136 162 149 155 157 161 154 167 158 166 154 161 164 157 165 170 162 153 157 170 162 167 137 160 155 168 165 155 156 167 160 168 159 150 187 159 164 163 154 162 151 178 159 157 165 164 163 167 151 151 163 162 167 142 160 165 145 166 164 179 176 151 159 170 166 159 158 150 164 154 155 167 148 159 154 153 166 162 146 168 160 171 151 147 153 152 166 162 163 166 139 167 158 166 169 166 162 168 158 153 174 165 152 174 158 160 156 166 153 158 157 164 139 155 168 162 159 156 155 158 163 156 158 163 159 166 158 157 167 174 156 155 147 158 177 167 157 145 170 160 152 151 158 155 158 149 155 151 156 164 168 154 156 152 167 157 158 158 165 177 150 163 157 158 157 158 174 152 162 160 162]
Requests/sec:  6539.079654947916 KB
Transfer/sec:  16827.532454427084 KB

