2023-12-03 06:08:48.616780563 +0800 CST m=+38483.894715941
Running 1m0s myx-test @ https://192.168.12.127:6443/apis/apps/v1/namespaces/myx-test/replicasets
3 connections
Requests/bytes (per Connection):  [30432675 30675183 33266980]
Response/bytes (per Connection):  [47813675 48194658 52266705]
Requests Number (per Connection):  [3640 3669 3979]
Requests/sec:  1536.0487955729166 KB
Transfer/sec:  3949.3794921875 KB

2023-12-03 06:10:29.038573379 +0800 CST m=+38584.316508773
Running 1m0s myx-test @ https://192.168.12.127:6443/apis/apps/v1/namespaces/myx-test/replicasets
6 connections
Requests/bytes (per Connection):  [26988107 25591916 25759107 25374497 26871055 25366171]
Response/bytes (per Connection):  [42401807 40208191 40470882 39866622 42217905 39853521]
Requests Number (per Connection):  [3228 3061 3081 3035 3214 3034]
Requests/sec:  2538.2625813802083 KB
Transfer/sec:  6526.200862630209 KB

2023-12-03 06:12:09.410559139 +0800 CST m=+38684.688494514
Running 1m0s myx-test @ https://192.168.12.127:6443/apis/apps/v1/namespaces/myx-test/replicasets
9 connections
Requests/bytes (per Connection):  [19237871 19931746 19940107 19864859 18986965 20040440 19338123 19672557 19722763]
Response/bytes (per Connection):  [30225146 31315346 31328482 31210259 29830990 31486115 30382698 30908132 30986988]
Requests Number (per Connection):  [2301 2384 2385 2376 2271 2397 2313 2353 2359]
Requests/sec:  2876.5532389322916 KB
Transfer/sec:  7395.989371744791 KB

2023-12-03 06:13:49.743229721 +0800 CST m=+38785.021165099
Running 1m0s myx-test @ https://192.168.12.127:6443/apis/apps/v1/namespaces/myx-test/replicasets
15 connections
Requests/bytes (per Connection):  [12407175 12808497 12808467 12131266 12189794 12816850 13017465 12214875 12758311 12273433 12683086 13017476 12716508 12733251 12900426]
Response/bytes (per Connection):  [19493275 20123797 20123767 19059791 19151744 20136925 20452140 19191150 20044961 19283133 19926761 20452151 19979283 20005576 20268251]
Requests Number (per Connection):  [1484 1532 1532 1451 1458 1533 1557 1461 1526 1468 1517 1557 1521 1523 1543]
Requests/sec:  3083.93359375 KB
Transfer/sec:  7929.192464192708 KB

2023-12-03 06:15:30.110597891 +0800 CST m=+38885.388533265
Running 1m0s myx-test @ https://192.168.12.127:6443/apis/apps/v1/namespaces/myx-test/replicasets
30 connections
Requests/bytes (per Connection):  [7056359 6872421 7173454 6755368 7022916 6989480 7047998 7064768 6964440 7064744 7282104 7148330 6972752 6939326 6855700 7140014 7273773 7022917 7098175 6847371 6914224 7457691 7064722 7131608 7173454 7014617 7240299 7457683 7181794 7048030]
Response/bytes (per Connection):  [11086459 10797471 11270404 10613568 11033916 10981380 11073323 11099643 10942015 11099619 11441129 11230955 10955102 10902576 10771200 11217864 11428023 11033917 11152150 10758096 10863149 11716991 11099597 11204683 11270404 11020842 11375449 11716983 11283519 11073355]
Requests Number (per Connection):  [844 822 858 808 840 836 843 845 833 845 871 855 834 830 820 854 870 840 849 819 827 892 845 853 858 839 866 892 859 843]
Requests/sec:  3455.0216796875 KB
Transfer/sec:  8883.305891927082 KB

2023-12-03 06:17:10.511150757 +0800 CST m=+38985.789086133
Running 1m0s myx-test @ https://192.168.12.127:6443/apis/apps/v1/namespaces/myx-test/replicasets
60 connections
Requests/bytes (per Connection):  [3904400 4113410 4105122 3979646 4155233 4063238 4088376 4054877 3937825 4029795 4063277 4088321 3971342 4071631 4171928 4071655 4054948 4046550 4063243 4138526 4029874 4113403 4146909 4029809 4013073 4046517 4230456 4272259 4088321 4088324 4088390 3887738 3988069 4105121 3971269 3996430 4079966 4079960 4054899 4130136 4071599 4046596 3962908 4063238 4105113 4071599 3954620 4113404 4071599 3979665 4255540 4021434 4038166 4021434 3929472 4163569 3912742 4130130 4004721 3912758]
Response/bytes (per Connection):  [6134325 6462710 6449647 6252546 6528408 6383888 6423351 6370752 6186850 6331345 6383927 6423296 6239467 6397056 6554653 6397080 6370823 6357650 6383893 6502151 6331424 6462703 6515309 6331359 6305073 6357617 6646606 6712284 6423296 6423299 6423365 6108113 6265744 6449646 6239394 6278880 6410166 6410160 6370774 6488986 6397024 6357696 6226258 6383888 6449638 6397024 6213195 6462704 6397024 6252565 6686015 6318209 6344491 6318209 6173722 6541519 6147442 6488980 6291946 6147458]
Requests Number (per Connection):  [467 492 491 476 497 486 489 485 471 482 486 489 475 487 499 487 485 484 486 495 482 492 496 482 480 484 506 511 489 489 489 465 477 491 475 478 488 488 485 494 487 484 474 486 491 487 473 492 487 476 509 481 483 481 470 498 468 494 479 468]
Requests/sec:  3962.314013671875 KB
Transfer/sec:  10187.6236328125 KB

2023-12-03 06:18:50.905128904 +0800 CST m=+39086.183064279
Running 1m0s myx-test @ https://192.168.12.127:6443/apis/apps/v1/namespaces/myx-test/replicasets
90 connections
Requests/bytes (per Connection):  [2942957 2850947 2942957 2984760 3018204 3018166 2758994 2951316 2901109 2942957 3051649 2959625 2834264 3009844 2942928 3034911 2942957 2976351 3009845 2968038 2842586 2884386 2909512 2842587 2942957 3034927 2967984 2817515 2993121 2725550 2859346 2984762 2817541 3051647 3009845 2867709 2800786 2884396 2909511 2934589 2859347 2934597 3001482 2859314 2942957 2825905 2934584 2976401 2859346 2825905 3034925 2909492 2817544 3059983 2825904 2917872 3009831 3026565 3018204 2917874 2984762 2968040 2850966 2867709 2667047 2884431 3051649 2834266 2809183 2942907 2968040 2892790 2784067 3034921 3001437 2859346 3060008 2817507 3018204 2909512 2901153 2984725 2834266 2984762 2876068 2850946 2917825 2993063 2926234 2934597]
Response/bytes (per Connection):  [4623757 4479222 4623757 4689435 4741979 4741941 4334744 4636891 4558034 4623757 4794524 4649975 4452989 4728844 4623728 4768236 4623757 4676251 4728845 4663163 4466086 4531761 4571212 4466087 4623757 4768252 4663109 4426690 4702571 4282200 4492396 4689437 4426716 4794522 4728845 4505534 4400411 4531771 4571211 4610614 4492397 4610622 4715707 4492364 4623757 4439855 4610609 4676301 4492396 4439855 4768250 4571192 4426719 4807633 4439854 4584347 4728831 4755115 4741979 4584349 4689437 4663165 4479241 4505534 4190272 4531806 4794524 4452991 4413583 4623707 4663165 4544940 4374142 4768246 4715662 4492396 4807658 4426682 4741979 4571212 4558078 4689400 4452991 4689437 4518668 4479221 4584300 4702513 4597484 4610622]
Requests Number (per Connection):  [352 341 352 357 361 361 330 353 347 352 365 354 339 360 352 363 352 356 360 355 340 345 348 340 352 363 355 337 358 326 342 357 337 365 360 343 335 345 348 351 342 351 359 342 352 338 351 356 342 338 363 348 337 366 338 349 360 362 361 349 357 355 341 343 319 345 365 339 336 352 355 346 333 363 359 342 366 337 361 348 347 357 339 357 344 341 349 358 350 351]
Requests/sec:  4282.104475911458 KB
Transfer/sec:  11009.84208984375 KB

2023-12-03 06:20:31.314601966 +0800 CST m=+39186.592537342
Running 1m0s myx-test @ https://192.168.12.127:6443/apis/apps/v1/namespaces/myx-test/replicasets
150 connections
Requests/bytes (per Connection):  [1856041 1981512 1939708 1697254 1956424 1914565 1998192 2098531 2014899 1814234 1797563 2039981 1998174 1989814 1872766 1931349 1822597 1939657 1839317 2065071 1973094 2006537 1856077 1839319 2014953 1897844 1864402 1822598 1822595 1989820 1914565 1906241 1772468 1939671 1939659 1973141 1931288 2048340 1914601 1956370 1730637 1956381 1897846 1889485 1989816 1906205 2115227 1847716 1914567 1956370 2073423 1881124 1931332 1839319 1839337 1856039 1805947 1839370 1872761 1789154 1914568 1822597 1981455 1839344 1964796 1856041 1922998 2048342 1906244 1847714 1822644 1939664 2031633 1931300 1914570 1822663 1981487 1906268 1881197 1830993 1948044 1814234 2014899 1973093 1872761 1973147 1914566 1889483 1889507 1830956 1797558 1922929 1839317 2039981 1914567 1956401 1939648 1814244 1981514 1906205 1872761 1922926 1989814 1939650 1939648 1897850 1830958 1906206 1914582 1864440 1948009 1839351 1830972 1981458 2048347 1872761 1964791 1897844 1789154 1973145 1931289 1864463 1872763 1914565 1922928 1964731 2006535 1906236 1847680 1998200 2106866 1939650 1964796 1948009 1805875 1956370 1939650 1789219 1981501 1747349 1830965 1973092 1889482 1872761 1906236 1981455 1814286 1839327 1906242 2006595]
Response/bytes (per Connection):  [2916091 3113187 3047508 2666579 3073774 3008040 3139417 3297056 3165674 2850409 2824188 3205081 3139399 3126264 2942366 3034374 2863547 3047457 2889817 3244496 3099994 3152537 2916127 2889819 3165728 2981769 2929227 2863548 2863545 3126270 3008040 2994941 2784768 3047471 3047459 3100041 3034313 3218215 3008076 3073720 2719062 3073731 2981771 2968635 3126266 2994905 3323302 2902991 3008042 3073720 3257623 2955499 3034357 2889819 2889837 2916089 2837347 2889870 2942361 2811004 3008043 2863547 3113130 2889844 3086921 2916091 3021248 3218217 2994944 2902989 2863594 3047464 3191958 3034325 3008045 2863613 3113162 2994968 2955572 2876718 3060619 2850409 3165674 3099993 2942361 3100047 3008041 2968633 2968657 2876681 2824183 3021179 2889817 3205081 3008042 3073751 3047448 2850419 3113189 2994905 2942361 3021176 3126264 3047450 3047448 2981775 2876683 2994906 3008057 2929265 3060584 2889851 2876697 3113133 3218222 2942361 3086916 2981769 2811004 3100045 3034314 2929288 2942363 3008040 3021178 3086856 3152535 2994936 2902955 3139425 3310166 3047450 3086921 3060584 2837275 3073720 3047450 2811069 3113176 2745324 2876690 3099992 2968632 2942361 2994936 3113130 2850461 2889827 2994942 3152595]
Requests Number (per Connection):  [222 237 232 203 234 229 239 251 241 217 215 244 239 238 224 231 218 232 220 247 236 240 222 220 241 227 223 218 218 238 229 228 212 232 232 236 231 245 229 234 207 234 227 226 238 228 253 221 229 234 248 225 231 220 220 222 216 220 224 214 229 218 237 220 235 222 230 245 228 221 218 232 243 231 229 218 237 228 225 219 233 217 241 236 224 236 229 226 226 219 215 230 220 244 229 234 232 217 237 228 224 230 238 232 232 227 219 228 229 223 233 220 219 237 245 224 235 227 214 236 231 223 224 229 230 235 240 228 221 239 252 232 235 233 216 234 232 214 237 209 219 236 226 224 228 237 217 220 228 240]
Requests/sec:  4670.192757161459 KB
Transfer/sec:  12007.670670572918 KB

2023-12-03 06:22:12.475496292 +0800 CST m=+39287.753431689
Running 1m0s myx-test @ https://192.168.12.127:6443/apis/apps/v1/namespaces/myx-test/replicasets
300 connections
Requests/bytes (per Connection):  [1070187 1095277 1078477 1078516 1103619 1095277 1195535 1120343 1095274 1045103 1061755 1153804 1120359 1170446 1070143 1045112 1103638 1086916 1019978 1203969 1053473 1020029 1220678 1128712 1086898 1045112 969790 1137046 1053453 1111999 1028312 1237375 1045112 1036679 1137082 1078477 1086916 1061827 994947 1111999 1103638 1036738 1120312 1036712 1078483 1036746 1145443 1128714 1053473 1078556 1128642 1103571 1145379 1070171 1061764 1170525 1245757 1203927 1187247 1086867 1203969 1212251 1128642 1153787 1120352 1036734 1162164 1036698 1145402 1111920 1170508 1095277 1170475 1162125 1036698 1178886 961502 1036751 1053472 1195532 1120360 1111999 1187211 1095277 1095267 986585 1078477 1070124 1162137 1045093 1061833 1086898 1011658 1145393 1145392 1086917 1203969 1070115 1086866 1061763 1120352 1153724 1153804 1103605 1212319 1212251 1078537 1170447 1120319 1011604 1203969 1011663 1045087 1212263 1053404 1212330 1045074 1128721 1028361 1187200 1128641 1304300 1162085 978225 1078546 1086850 1053394 1061833 1028390 1153804 1086908 1195529 1086917 1070124 1003241 1178808 1170446 1095198 1036672 1036751 1095205 1095277 1036737 994946 1028321 1178812 1120358 1045074 1061834 1162158 1086917 1045069 1103638 1003232 1178812 1020012 1078526 1086850 1028365 1036700 1111921 1095227 1120339 1070163 1095275 1053472 1061755 1153764 1162114 1170525 1153724 969864 1153804 1003249 1086858 1128721 1061830 1020029 978150 1103609 1145369 1086889 1145430 1053446 1128721 1053410 1162096 1061823 1061834 1086907 1103595 1086916 1137003 1053461 1078533 1003263 994905 1020029 1120325 1086846 1137023 1103626 1153788 1036672 1195606 1103638 1103634 961502 1178814 978167 961488 1187240 1128642 1120350 1220612 1153804 1145363 1145425 1162115 1128642 1120360 1137068 1128717 1053473 1228973 1053393 1103559 1028390 1137010 1145443 1028324 1162121 1061808 1019963 1045112 1111999 1061774 1061833 1111982 1028320 1170446 1170446 1178808 1170482 1103587 1153786 1162165 1019950 1103596 1053400 1228991 1011658 961502 1111930 1036751 1178813 994946 1036751 1111999 1036712 1095218 1003255 1036705 1103559 1086898 1111999 1237349 1078551 1162136 1053406 978165 1086917 1111995 1128641 1153725 1137048 1137034 1095261 1053429 1120281 1086866 986506 978189 1220612 1078476 1170525 1003229 1153725 994875 1053394 1078476 1020029 1036751 1028390 1178866 1036738 1019968 1078526 1103595 1295901]
Response/bytes (per Connection):  [1681387 1720802 1694452 1694491 1733919 1720802 1878360 1760193 1720799 1641978 1668180 1812754 1760209 1838946 1681343 1641987 1733938 1707666 1602528 1891569 1655123 1602579 1917828 1773337 1707648 1641987 1523690 1786446 1655103 1747074 1615637 1944075 1641987 1628779 1786482 1694452 1707666 1668252 1563172 1747074 1733938 1628838 1760162 1628812 1694458 1628846 1799618 1773339 1655123 1694531 1773267 1733871 1799554 1681371 1668189 1839025 1957232 1891527 1865297 1707617 1891569 1904626 1773267 1812737 1760202 1628834 1825889 1628798 1799577 1746995 1839008 1720802 1838975 1825850 1628798 1852161 1510627 1628851 1655122 1878357 1760210 1747074 1865261 1720802 1720792 1550035 1694452 1681324 1825862 1641968 1668258 1707648 1589433 1799568 1799567 1707667 1891569 1681315 1707616 1668188 1760202 1812674 1812754 1733905 1904694 1904626 1694512 1838947 1760169 1589379 1891569 1589438 1641962 1904638 1655054 1904705 1641949 1773346 1615686 1865250 1773266 2049200 1825810 1536900 1694521 1707600 1655044 1668258 1615715 1812754 1707658 1878354 1707667 1681324 1576241 1852083 1838946 1720723 1628772 1628851 1720730 1720802 1628837 1563171 1615646 1852087 1760208 1641949 1668259 1825883 1707667 1641944 1733938 1576232 1852087 1602562 1694501 1707600 1615690 1628800 1746996 1720752 1760189 1681363 1720800 1655122 1668180 1812714 1825839 1839025 1812674 1523764 1812754 1576249 1707608 1773346 1668255 1602579 1536825 1733909 1799544 1707639 1799605 1655096 1773346 1655060 1825821 1668248 1668259 1707657 1733895 1707666 1786403 1655111 1694508 1576263 1563130 1602579 1760175 1707596 1786423 1733926 1812738 1628772 1878431 1733938 1733934 1510627 1852089 1536842 1510613 1865290 1773267 1760200 1917762 1812754 1799538 1799600 1825840 1773267 1760210 1786468 1773342 1655123 1930898 1655043 1733859 1615715 1786410 1799618 1615649 1825846 1668233 1602513 1641987 1747074 1668199 1668258 1747057 1615645 1838946 1838946 1852083 1838982 1733887 1812736 1825890 1602500 1733896 1655050 1930916 1589433 1510627 1747005 1628851 1852088 1563171 1628851 1747074 1628812 1720743 1576255 1628805 1733859 1707648 1747074 1944049 1694526 1825861 1655056 1536840 1707667 1747070 1773266 1812675 1786448 1786434 1720786 1655079 1760131 1707616 1549956 1536864 1917762 1694451 1839025 1576229 1812675 1563100 1655044 1694451 1602579 1628851 1615715 1852141 1628838 1602518 1694501 1733895 2036026]
Requests Number (per Connection):  [128 131 129 129 132 131 143 134 131 125 127 138 134 140 128 125 132 130 122 144 126 122 146 135 130 125 116 136 126 133 123 148 125 124 136 129 130 127 119 133 132 124 134 124 129 124 137 135 126 129 135 132 137 128 127 140 149 144 142 130 144 145 135 138 134 124 139 124 137 133 140 131 140 139 124 141 115 124 126 143 134 133 142 131 131 118 129 128 139 125 127 130 121 137 137 130 144 128 130 127 134 138 138 132 145 145 129 140 134 121 144 121 125 145 126 145 125 135 123 142 135 156 139 117 129 130 126 127 123 138 130 143 130 128 120 141 140 131 124 124 131 131 124 119 123 141 134 125 127 139 130 125 132 120 141 122 129 130 123 124 133 131 134 128 131 126 127 138 139 140 138 116 138 120 130 135 127 122 117 132 137 130 137 126 135 126 139 127 127 130 132 130 136 126 129 120 119 122 134 130 136 132 138 124 143 132 132 115 141 117 115 142 135 134 146 138 137 137 139 135 134 136 135 126 147 126 132 123 136 137 123 139 127 122 125 133 127 127 133 123 140 140 141 140 132 138 139 122 132 126 147 121 115 133 124 141 119 124 133 124 131 120 124 132 130 133 148 129 139 126 117 130 133 135 138 136 136 131 126 134 130 118 117 146 129 140 120 138 119 126 129 122 124 123 141 124 122 129 132 155]
Requests/sec:  5358.89033203125 KB
Transfer/sec:  13778.397119140625 KB

