2023-12-02 20:16:35.886620915 +0800 CST m=+2951.164556297
Running 1m0s myx-test @ https://192.168.12.127:6443/api/v1/namespaces/myx-test/resourcequotas
3 connections
Requests/bytes (per Connection):  [38642879 34888943 36193136]
Response/bytes (per Connection):  [55323677 49949300 51816497]
Requests Number (per Connection):  [4622 4173 4329]
Requests/sec:  1785.88798828125 KB
Transfer/sec:  4342.6828125 KB

2023-12-02 20:18:16.209812277 +0800 CST m=+3051.487747652
Running 1m0s myx-test @ https://192.168.12.127:6443/api/v1/namespaces/myx-test/resourcequotas
6 connections
Requests/bytes (per Connection):  [30248775 29563238 30215333 31327289 31435988 29446186]
Response/bytes (per Connection):  [43306137 42324662 43258259 44850212 45005828 42157084]
Requests Number (per Connection):  [3618 3536 3614 3747 3760 3522]
Requests/sec:  2966.093896484375 KB
Transfer/sec:  7212.548681640625 KB

2023-12-02 20:19:56.536681688 +0800 CST m=+3151.814617063
Running 1m0s myx-test @ https://192.168.12.127:6443/api/v1/namespaces/myx-test/resourcequotas
9 connections
Requests/bytes (per Connection):  [24755863 24622102 23275945 24112048 23894711 24622095 23267611 24346160 23359612]
Response/bytes (per Connection):  [35442112 35250607 33323401 34520404 34209233 35250600 33311458 34855568 33443158]
Requests Number (per Connection):  [2961 2945 2784 2884 2858 2945 2783 2912 2794]
Requests/sec:  3519.7940592447917 KB
Transfer/sec:  8558.963020833333 KB

2023-12-02 20:21:36.87231632 +0800 CST m=+3252.150251695
Running 1m0s myx-test @ https://192.168.12.127:6443/api/v1/namespaces/myx-test/resourcequotas
15 connections
Requests/bytes (per Connection):  [14639464 14748149 14555846 14497348 14488959 14957170 14363548 14915365 14555881 14748147 14296707 14923742 14940461 14497320 14739803]
Response/bytes (per Connection):  [20958823 21114425 20839115 20755354 20743356 21413671 20563810 21353821 20839150 21114423 20468097 21365807 21389744 20755326 21102470]
Requests Number (per Connection):  [1751 1764 1741 1734 1733 1789 1718 1784 1741 1764 1710 1785 1787 1734 1763]
Requests/sec:  3578.5792643229165 KB
Transfer/sec:  8701.909212239583 KB

2023-12-02 20:23:17.194482486 +0800 CST m=+3352.472417860
Running 1m0s myx-test @ https://192.168.12.127:6443/api/v1/namespaces/myx-test/resourcequotas
30 connections
Requests/bytes (per Connection):  [7792119 8193440 8335507 8268689 8210162 8235166 7917486 7967696 8076365 7942593 7783758 7976058 8026225 8185082 7950928 8185044 7833921 8134915 8042914 8118154 8159999 7792119 8126555 7900811 7917486 8185066 8243606 8101470 8218476 8118194]
Response/bytes (per Connection):  [11155707 11730260 11933680 11837990 11754200 11790031 11335209 11407073 11562659 11371143 11143737 11419044 11490865 11718293 11383087 11718255 11215554 11646472 11514772 11622493 11682383 11155707 11634503 11311316 11335209 11718277 11802080 11598591 11766123 11622533]
Requests Number (per Connection):  [932 980 997 989 982 985 947 953 966 950 931 954 960 979 951 979 937 973 962 971 976 932 972 945 947 979 986 969 983 971]
Requests/sec:  3937.8255859375 KB
Transfer/sec:  9575.47607421875 KB

2023-12-02 20:24:57.530108979 +0800 CST m=+3452.808044357
Running 1m0s myx-test @ https://192.168.12.127:6443/api/v1/namespaces/myx-test/resourcequotas
60 connections
Requests/bytes (per Connection):  [4640139 4832440 4782275 4932770 4857529 4857522 4723748 4773924 4815718 4589975 4982937 4932771 4757223 4782275 4815720 4807357 4656863 4865884 4865883 4865890 4874245 4857523 4824079 4732109 4773913 4707027 4782300 4690344 4907701 4648500 4890966 4757192 4982936 4899327 4932782 4556530 4732109 4773913 4824102 4799014 4640139 4966214 4773944 4765573 4815720 4673624 4748831 4890970 4890966 4840813 4748830 4765553 4773914 4824079 4874245 4798997 4916049 4824092 4673583 4865884]
Response/bytes (per Connection):  [6643134 6918442 6846623 7062080 6954358 6954351 6762833 6834663 6894502 6571316 7133901 7062081 6810744 6846623 6894504 6882532 6667076 6966322 6966321 6966328 6978292 6954352 6906472 6774803 6834652 6738894 6846648 6714993 7026184 6655104 7002231 6810713 7133900 7014201 7062092 6523435 6774803 6834652 6906495 6870580 6643134 7109960 6834683 6822703 6894504 6691055 6798743 7002235 7002231 6930424 6798742 6822683 6834653 6906472 6978292 6870563 7038141 6906485 6691014 6966322]
Requests Number (per Connection):  [555 578 572 590 581 581 565 571 576 549 596 590 569 572 576 575 557 582 582 582 583 581 577 566 571 563 572 561 587 556 585 569 596 586 590 545 566 571 577 574 555 594 571 570 576 559 568 585 585 579 568 570 571 577 583 574 588 577 559 582]
Requests/sec:  4690.063069661458 KB
Transfer/sec:  11404.667057291666 KB

2023-12-02 20:26:37.892488523 +0800 CST m=+3553.170423920
Running 1m0s myx-test @ https://192.168.12.127:6443/api/v1/namespaces/myx-test/resourcequotas
90 connections
Requests/bytes (per Connection):  [3411167 3461328 3360967 3427889 3478054 3494724 3469693 3469676 3327510 3486348 3486336 3377664 3528219 3586746 3661944 3402798 3302430 3461331 3427861 3394418 3494756 3611750 3402726 3436224 3661917 3394445 3402772 3636911 3452970 3411166 3411166 3386083 3494768 3595027 3386044 3603467 3486414 3394408 3611828 3578316 3494776 3436249 3536566 3536580 3586746 3511418 3494706 3411092 3386083 3427867 3511429 3511418 3436247 3411102 3486414 3511418 3419528 3628518 3553302 3477974 3553265 3595081 3511418 3611812 3561663 3553266 3503137 3469633 3586667 3444531 3335839 3452892 3511485 3269026 3653606 3519806 3352639 3528201 3444554 3436249 3369362 3319161 3369361 3369322 3452935 3361001 3511478 3603467 3394445 3469646]
Response/bytes (per Connection):  [4883639 4955454 4811785 4907579 4979398 5003286 4967428 4967411 4763892 4991301 4991289 4835700 5051217 5135007 5242686 4871661 4727985 4955457 4907551 4859672 5003318 5170838 4871589 4919523 5242659 4859699 4871635 5206826 4943487 4883638 4883638 4847728 5003330 5146897 4847689 5158946 4991367 4859662 5170916 5122968 5003338 4919548 5063173 5063187 5135007 5027198 5003268 4883564 4847728 4907557 5027209 5027198 4919546 4883574 4991367 5027198 4895609 5194824 5087127 4979318 5087090 5146951 5027198 5170900 5099097 5087091 5015308 4967368 5134928 4931439 4775830 4943409 5027265 4680145 5230739 5039195 4799848 5051199 4931462 4919548 4823789 4751934 4823788 4823749 4943452 4811819 5027258 5158946 4859699 4967381]
Requests Number (per Connection):  [408 414 402 410 416 418 415 415 398 417 417 404 422 429 438 407 395 414 410 406 418 432 407 411 438 406 407 435 413 408 408 405 418 430 405 431 417 406 432 428 418 411 423 423 429 420 418 408 405 410 420 420 411 408 417 420 409 434 425 416 425 430 420 432 426 425 419 415 429 412 399 413 420 391 437 421 401 422 412 411 403 397 403 403 413 402 420 431 406 415]
Requests/sec:  5090.407584635416 KB
Transfer/sec:  12378.169856770834 KB

2023-12-02 20:28:18.330639709 +0800 CST m=+3653.608575084
Running 1m0s myx-test @ https://192.168.12.127:6443/api/v1/namespaces/myx-test/resourcequotas
150 connections
Requests/bytes (per Connection):  [2324250 2290806 2391141 2382792 2374415 2232288 2366054 2357694 2382776 2290806 2182136 2349333 2315912 2207198 2466390 2307530 2324250 2274084 2407860 2290807 2416220 2491469 2382776 2441303 2257363 2357694 2366055 2173754 2466391 2349352 2148673 2249002 2424581 2324272 2290806 2240640 2416231 2324272 2198839 2265752 2315889 2366054 2349333 2182138 2207234 2407859 2374416 2282465 2190476 2232300 2157064 2223919 2215560 2299167 2324250 2374416 2399498 2232313 2274084 2374421 2198836 2265724 2491468 2198837 2324272 2349332 2157032 2357711 2340972 2307550 2282447 2441302 2357693 2416232 2190476 2324250 2382777 2458025 2424581 2215559 2416231 2357693 2340972 2324250 2458031 2207197 2332630 2374416 2366071 2340975 2340972 2332610 2190496 2315889 2324252 2466390 2240641 2391137 2315889 2382776 2315890 2307539 2290806 2223923 2340991 2374415 2324250 2357694 2315912 2416220 2315912 2290806 2499829 2366054 2407860 2349352 2274085 2332633 2307528 2432941 2182116 2232298 2165392 2424591 2349332 2340971 2399512 2307528 2315912 2249002 2357694 2416220 2391137 2349333 2282472 2274113 2416220 2340992 2541634 2349333 2432942 2391137 2366054 2315889 2324250 2424591 2307553 2483107 2424581 2416231]
Response/bytes (per Connection):  [3327552 3279672 3423315 3411357 3399371 3195891 3387401 3375432 3411341 3279672 3124085 3363462 3315605 3159974 3531045 3303614 3327552 3255732 3447252 3279673 3459221 3566951 3411341 3495131 3231793 3375432 3387402 3112094 3531046 3363481 3076186 3219823 3471191 3327574 3279672 3207852 3459232 3327574 3148006 3243791 3315582 3387401 3363462 3124087 3160010 3447251 3399372 3267722 3136034 3195903 3088186 3183913 3171945 3291642 3327552 3399372 3435281 3195916 3255732 3399377 3148003 3243763 3566950 3148004 3327574 3363461 3088154 3375449 3351492 3303634 3267704 3495130 3375431 3459233 3136034 3327552 3411342 3519071 3471191 3171944 3459232 3375431 3351492 3327552 3519077 3159973 3339541 3399372 3387418 3351495 3351492 3339521 3136054 3315582 3327554 3531045 3207853 3423311 3315582 3411341 3315583 3303623 3279672 3183917 3351511 3399371 3327552 3375432 3315605 3459221 3315605 3279672 3578920 3387401 3447252 3363481 3255733 3339544 3303612 3483160 3124065 3195901 3100123 3471201 3363461 3351491 3435295 3303612 3315605 3219823 3375432 3459221 3423311 3363462 3267729 3255761 3459221 3351512 3638770 3363462 3483161 3423311 3387401 3315582 3327552 3471201 3303637 3554980 3471191 3459232]
Requests Number (per Connection):  [278 274 286 285 284 267 283 282 285 274 261 281 277 264 295 276 278 272 288 274 289 298 285 292 270 282 283 260 295 281 257 269 290 278 274 268 289 278 263 271 277 283 281 261 264 288 284 273 262 267 258 266 265 275 278 284 287 267 272 284 263 271 298 263 278 281 258 282 280 276 273 292 282 289 262 278 285 294 290 265 289 282 280 278 294 264 279 284 283 280 280 279 262 277 278 295 268 286 277 285 277 276 274 266 280 284 278 282 277 289 277 274 299 283 288 281 272 279 276 291 261 267 259 290 281 280 287 276 277 269 282 289 286 281 273 272 289 280 304 281 291 286 283 277 278 290 276 297 290 289]
Requests/sec:  5690.237532552083 KB
Transfer/sec:  13836.756705729167 KB

2023-12-02 20:29:58.770932807 +0800 CST m=+3754.048868202
Running 1m0s myx-test @ https://192.168.12.127:6443/api/v1/namespaces/myx-test/resourcequotas
300 connections
Requests/bytes (per Connection):  [1295865 1362747 1488172 1320943 1304300 1337688 1320943 1329340 1295926 1438068 1337664 1337744 1404598 1437996 1454786 1412958 1362768 1362826 1304234 1412982 1346105 1220688 1396200 1220640 1329367 1304289 1295860 1320956 1237370 1320943 1362782 1454747 1429643 1446372 1237353 1354458 1329383 1463096 1396243 1270777 1488240 1404631 1529965 1362826 1429697 1387876 1245774 1412958 1379511 1421282 1304270 1337711 1504883 1320959 1337665 1270856 1329363 1245714 1438075 1379469 1479800 1346025 1346056 1329374 1320981 1346067 1346104 1421334 1262429 1337707 1329383 1387830 1421273 1412948 1354466 1387909 1429635 1371172 1396242 1270778 1270857 1254095 1437996 1463087 1346065 1580208 1295939 1329303 1479800 1262416 1471514 1404574 1454773 1321022 1220691 1513243 1396270 1412935 1329378 1513244 1396220 1321022 1270856 1312661 1346077 1421348 1329322 1387858 1220680 1446363 1496522 1387843 1387909 1421274 1362762 1329316 1362757 1379469 1321022 1404565 1371147 1354437 1245694 1354387 1279217 1429711 1312661 1279191 1437995 1362803 1304275 1479800 1379471 1371119 1346104 1312590 1304300 1237334 1295934 1471503 1404585 1371183 1463158 1203911 1304252 1454777 1488161 1295860 1287499 1279217 1580131 1379548 1321017 1471439 1504948 1488187 1379517 1396270 1479800 1496522 1279171 1354426 1471456 1295860 1262493 1354387 1412965 1312582 1438066 1329383 1262417 1270777 1362826 1396191 1371113 1337671 1287517 1429700 1354459 1454718 1245725 1312582 1346026 1270857 1354386 1337694 1304265 1295877 1387890 1412991 1362802 1228973 1371161 1337694 1304300 1412992 1270856 1254096 1379469 1362747 1312582 1237334 1412987 1421273 1254074 1437996 1329383 1254055 1362807 1446435 1295885 1337742 1279183 1379469 1354386 1429714 1379469 1304243 1429659 1362800 1521678 1312661 1421274 1362748 1429635 1387830 1396268 1304227 1362777 1229052 1479813 1346096 1454796 1337664 1279217 1337741 1446392 1229052 1412992 1279209 1270857 1354417 1354386 1320943 1421273 1354427 1446356 1170525 1337664 1429661 1287544 1387832 1320943 1270777 1337664 1287499 1321021 1279174 1312661 1321022 1362777 1412913 1379548 1312586 1446379 1312661 1463157 1337741 1387830 1429713 1371187 1513244 1362791 1396246 1262432 1504923 1279159 1178864 1312661 1346077 1404564 1337676 1337679 1379469 1287578 1429635 1387835 1270824 1320943 1546757 1254108 1295939 1320956 1329383 1429686 1346025 1404552 1237402 1396270 1412913]
Response/bytes (per Connection):  [1855260 1951014 2130574 1891165 1867304 1915128 1891165 1903171 1855321 2058816 1915104 1915184 2010910 2058744 2082752 2022879 1951035 1951093 1867238 2022903 1927154 1747602 1998903 1747554 1903198 1867293 1855255 1891178 1771502 1891165 1951049 2082713 2046782 2070729 1771485 1939116 1903214 2094671 1998946 1819345 2130642 2010943 2190412 1951093 2046836 1986970 1783515 2022879 1974996 2034812 1867274 1915151 2154503 1891181 1915105 1819424 1903194 1783455 2058823 1974954 2118593 1927074 1927105 1903205 1891203 1927116 1927153 2034864 1807388 1915147 1903214 1986924 2034803 2022869 1939124 1987003 2046774 1963048 1998945 1819346 1819425 1795445 2058744 2094662 1927114 2262309 1855334 1903134 2118593 1807375 2106698 2010886 2082739 1891244 1747605 2166472 1998973 2022856 1903209 2166473 1998923 1891244 1819424 1879274 1927126 2034878 1903153 1986952 1747594 2070720 2142533 1986937 1987003 2034804 1951029 1903147 1951024 1974954 1891244 2010877 1963023 1939095 1783435 1939045 1831394 2046850 1879274 1831368 2058743 1951070 1867279 2118593 1974956 1962995 1927153 1879203 1867304 1771466 1855329 2106687 2010897 1963059 2094733 1723607 1867256 2082743 2130563 1855255 1843285 1831394 2262232 1975033 1891239 2106623 2154568 2130589 1975002 1998973 2118593 2142533 1831348 1939084 2106640 1855255 1807452 1939045 2022886 1879195 2058814 1903214 1807376 1819345 1951093 1998894 1962989 1915111 1843303 2046839 1939117 2082684 1783466 1879195 1927075 1819425 1939044 1915134 1867269 1855272 1986984 2022912 1951069 1759496 1963037 1915134 1867304 2022913 1819424 1795446 1974954 1951014 1879195 1771466 2022908 2034803 1795424 2058744 1903214 1795405 1951074 2070792 1855280 1915182 1831360 1974954 1939044 2046853 1974954 1867247 2046798 1951067 2178516 1879274 2034804 1951015 2046774 1986924 1998971 1867231 1951044 1759575 2118606 1927145 2082762 1915104 1831394 1915181 2070749 1759575 2022913 1831386 1819425 1939075 1939044 1891165 2034803 1939085 2070713 1675785 1915104 2046800 1843330 1986926 1891165 1819345 1915104 1843285 1891243 1831351 1879274 1891244 1951044 2022834 1975033 1879199 2070736 1879274 2094732 1915181 1986924 2046852 1963063 2166473 1951058 1998949 1807391 2154543 1831336 1687733 1879274 1927126 2010876 1915116 1915119 1974954 1843364 2046774 1986929 1819392 1891165 2214422 1795458 1855334 1891178 1903214 2046825 1927074 2010864 1771534 1998973 2022834]
Requests Number (per Connection):  [155 163 178 158 156 160 158 159 155 172 160 160 168 172 174 169 163 163 156 169 161 146 167 146 159 156 155 158 148 158 163 174 171 173 148 162 159 175 167 152 178 168 183 163 171 166 149 169 165 170 156 160 180 158 160 152 159 149 172 165 177 161 161 159 158 161 161 170 151 160 159 166 170 169 162 166 171 164 167 152 152 150 172 175 161 189 155 159 177 151 176 168 174 158 146 181 167 169 159 181 167 158 152 157 161 170 159 166 146 173 179 166 166 170 163 159 163 165 158 168 164 162 149 162 153 171 157 153 172 163 156 177 165 164 161 157 156 148 155 176 168 164 175 144 156 174 178 155 154 153 189 165 158 176 180 178 165 167 177 179 153 162 176 155 151 162 169 157 172 159 151 152 163 167 164 160 154 171 162 174 149 157 161 152 162 160 156 155 166 169 163 147 164 160 156 169 152 150 165 163 157 148 169 170 150 172 159 150 163 173 155 160 153 165 162 171 165 156 171 163 182 157 170 163 171 166 167 156 163 147 177 161 174 160 153 160 173 147 169 153 152 162 162 158 170 162 173 140 160 171 154 166 158 152 160 154 158 153 157 158 163 169 165 157 173 157 175 160 166 171 164 181 163 167 151 180 153 141 157 161 168 160 160 165 154 171 166 152 158 185 150 155 158 159 171 161 168 148 167 169]
Requests/sec:  6640.069287109375 KB
Transfer/sec:  16146.42705078125 KB

