2023-12-02 21:40:59.513223872 +0800 CST m=+8014.791159256
Running 1m0s myx-test @ https://192.168.12.127:6443/api/v1/namespaces/myx-test/secrets
3 connections
Requests/bytes (per Connection):  [34371415 32101151 31842385]
Response/bytes (per Connection):  [49517419 46246739 45873955]
Requests Number (per Connection):  [4118 3846 3815]
Requests/sec:  1600.1782389322916 KB
Transfer/sec:  3905.4860677083334 KB

2023-12-02 21:42:39.823667199 +0800 CST m=+8115.101602622
Running 1m0s myx-test @ https://192.168.12.127:6443/api/v1/namespaces/myx-test/secrets
6 connections
Requests/bytes (per Connection):  [27401993 28620639 28370207 27927801 27318523 27911154]
Response/bytes (per Connection):  [39476867 41232501 40871729 40234389 39356617 40210386]
Requests Number (per Connection):  [3283 3429 3399 3346 3273 3344]
Requests/sec:  2727.055940755208 KB
Transfer/sec:  6655.807389322917 KB

2023-12-02 21:44:20.132145911 +0800 CST m=+8215.410081306
Running 1m0s myx-test @ https://192.168.12.127:6443/api/v1/namespaces/myx-test/secrets
9 connections
Requests/bytes (per Connection):  [23303824 21818119 23779519 23479109 23186953 23019972 21809739 23570851 21826422]
Response/bytes (per Connection):  [33572800 31432411 34258141 33825323 33404437 33163896 31420353 33957523 31444392]
Requests Number (per Connection):  [2792 2614 2849 2813 2778 2758 2613 2824 2615]
Requests/sec:  3349.519986979167 KB
Transfer/sec:  8175.029036458333 KB

2023-12-02 21:46:00.441893439 +0800 CST m=+8315.719828817
Running 1m0s myx-test @ https://192.168.12.127:6443/api/v1/namespaces/myx-test/secrets
15 connections
Requests/bytes (per Connection):  [15432898 15224266 14857002 14723451 15082369 14848655 14614990 14372882 15074022 15057328 14564860 15124103 14840308 14815268 15257646]
Response/bytes (per Connection):  [22233520 21932938 21403842 21211443 21728515 21391817 21055168 20706398 21716490 21692440 20982970 21788639 21379792 21343718 21981030]
Requests Number (per Connection):  [1849 1824 1780 1764 1807 1779 1751 1722 1806 1804 1745 1812 1778 1775 1828]
Requests/sec:  3644.04375 KB
Transfer/sec:  8893.86015625 KB

2023-12-02 21:47:40.779143965 +0800 CST m=+8416.057079341
Running 1m0s myx-test @ https://192.168.12.127:6443/api/v1/namespaces/myx-test/secrets
30 connections
Requests/bytes (per Connection):  [8246460 8304903 8413364 8371700 8238150 8388336 8463515 8371680 8304902 8421755 8004436 8321618 8471856 8279884 7954356 8329886 8004438 8622055 8338248 8563641 8488510 8104569 8204728 8446822 8112946 8154612 8213110 8188062 7946009 8146311]
Response/bytes (per Connection):  [11880324 11964513 12120788 12060734 11868336 12084726 12193007 12060714 11964512 12132857 11531638 11988584 12205026 11928460 11459490 12000530 11531640 12421429 12012570 12337269 12229036 11675907 11820202 12168958 11687962 11748018 11832262 11796180 11447465 11736039]
Requests Number (per Connection):  [988 995 1008 1003 987 1005 1014 1003 995 1009 959 997 1015 992 953 998 959 1033 999 1026 1017 971 983 1012 972 977 984 981 952 976]
Requests/sec:  4043.30830078125 KB
Transfer/sec:  9868.32744140625 KB

2023-12-02 21:49:21.153449543 +0800 CST m=+8516.431384927
Running 1m0s myx-test @ https://192.168.12.127:6443/api/v1/namespaces/myx-test/secrets
60 connections
Requests/bytes (per Connection):  [4674103 4540553 4590637 4457097 4832716 4615676 4882776 4540553 4757602 4674133 4715838 4774269 4749226 4882776 4498820 4573972 4598981 4799308 4523868 4640719 4682451 4715838 4690798 4432083 4816003 4807679 4732561 4523862 4774266 4557301 4657409 4624065 4507167 4482188 4682450 4690798 4323572 4432043 4582332 4523906 4674103 4765939 4440390 4523861 4724185 4657449 4557247 4749226 4724185 4557258 4749257 4607360 4849389 4682451 4632413 4615675 4724186 4799307 4515547 4599030]
Response/bytes (per Connection):  [6733783 6541385 6613537 6421149 6962278 6649610 7034406 6541385 6854062 6733813 6793908 6878085 6842008 7034406 6481262 6589516 6625559 6914158 6517344 6685687 6745809 6793908 6757834 6385101 6938209 6926207 6817987 6517338 6878082 6565489 6709733 6661677 6493287 6457274 6745808 6757834 6228776 6385061 6601554 6517382 6733783 6866077 6397086 6517337 6805933 6709773 6565435 6842008 6805933 6565446 6842039 6637616 6986307 6745809 6673703 6649609 6805934 6914157 6505345 6625608]
Requests Number (per Connection):  [560 544 550 534 579 553 585 544 570 560 565 572 569 585 539 548 551 575 542 556 561 565 562 531 577 576 567 542 572 546 558 554 540 537 561 562 518 531 549 542 560 571 532 542 566 558 546 569 566 546 569 552 581 561 555 553 566 575 541 551]
Requests/sec:  4536.309456380209 KB
Transfer/sec:  11071.573600260417 KB

2023-12-02 21:51:01.548136077 +0800 CST m=+8616.826071449
Running 1m0s myx-test @ https://192.168.12.127:6443/api/v1/namespaces/myx-test/secrets
90 connections
Requests/bytes (per Connection):  [3722590 3455457 3447119 3388762 3572314 3647436 3597365 3597384 3563968 3639089 3397108 3647436 3497191 3355375 3630821 3422122 3480514 3572338 3614127 3488923 3347025 3513905 3572368 3330256 3438842 3430495 3605780 3497216 3639104 3530579 3522262 3430416 3388762 3455457 3505617 3580666 3413722 3355366 3597427 3488917 3463882 3363708 3530579 3488851 3597403 3480563 3455535 3488923 3605769 3580737 3422085 3447110 3455457 3689218 3480536 3497191 3589007 3538925 3539005 3380335 3472230 3539005 3622418 3363720 3614110 3463882 3497221 3488924 3488923 3447125 3338663 3438841 3347025 3455536 3480502 3330333 3472229 3530640 3455505 3564046 3438842 3547308 3455536 3305254 3564046 3455533 3363650 3513964 3363719 3589007]
Response/bytes (per Connection):  [5362978 4978149 4966133 4882030 5146498 5254722 5182583 5182602 5134474 5242697 4894054 5254722 5038273 4833931 5230751 4930102 5014240 5146522 5206701 5026327 4821903 5062343 5146552 4797778 4954178 4942153 5194676 5038298 5242712 5086373 5074378 4942074 4882030 4978149 5050377 5158528 4918024 4833922 5182645 5026321 4990252 4845942 5086373 5026255 5182621 5014289 4978227 5026327 5194665 5158599 4930065 4966124 4978149 5314894 5014262 5038273 5170547 5098397 5098477 4869925 5002278 5098477 5218670 4845954 5206684 4990252 5038303 5026328 5026327 4966139 4809863 4954177 4821903 4978228 5014228 4797855 5002277 5086434 4978197 5134552 4954178 5110458 4978228 4761742 5134552 4978225 4845884 5062402 4845953 5170547]
Requests Number (per Connection):  [446 414 413 406 428 437 431 431 427 436 407 437 419 402 435 410 417 428 433 418 401 421 428 399 412 411 432 419 436 423 422 411 406 414 420 429 409 402 431 418 415 403 423 418 431 417 414 418 432 429 410 413 414 442 417 419 430 424 424 405 416 424 434 403 433 415 419 418 418 413 400 412 401 414 417 399 416 423 414 427 412 425 414 396 427 414 403 421 403 430]
Requests/sec:  5118.557568359375 KB
Transfer/sec:  12492.64384765625 KB

2023-12-02 21:52:41.954950638 +0800 CST m=+8717.232886011
Running 1m0s myx-test @ https://192.168.12.127:6443/api/v1/namespaces/myx-test/secrets
150 connections
Requests/bytes (per Connection):  [2437215 2337051 2353746 2562419 2245236 2362109 2412174 2312034 2470606 2253583 2420530 2303665 2437223 2295318 2362106 2370439 2303666 2345398 2478949 2353748 2420521 2529028 2520682 2395480 2286996 2320380 2370439 2420521 2320358 2395480 2478950 2453914 2278650 2312013 2412174 2328705 2445562 2353745 2253604 2387134 2295317 2303664 2428868 2362109 2270294 2595806 2328705 2195192 2337071 2328705 2337051 2337052 2353764 2503990 2445561 2412174 2403827 2278651 2345399 2303688 2378801 2320380 2387133 2345399 2362092 2312034 2378786 2412185 2587460 2353745 2412174 2245236 2428877 2295317 2345399 2437223 2362093 2278623 2328707 2312013 2253585 2529026 2320358 2595795 2470603 2195155 2520682 2403827 2395483 2437223 2337071 2278623 2278624 2445562 2403827 2412174 2337055 2412174 2153420 2370439 2353746 2353745 2353763 2320358 2370439 2378786 2520681 2312035 2353745 2428875 2420521 2312011 2345415 2445562 2370440 2312032 2320380 2328725 2220208 2295342 2395480 2270277 2328705 2453909 2470602 2253586 2337052 2345417 2353764 2453908 2328705 2312011 2395480 2295317 2378802 2211863 2337052 2428868 2303664 2495643 2428868 2253598 2428868 2312011 2462255 2286972 2362110 2428867 2211850 2512337]
Response/bytes (per Connection):  [3511191 3366891 3390942 3691565 3234618 3402983 3475116 3330840 3559294 3246643 3487150 3318793 3511199 3306768 3402980 3414991 3318794 3378916 3571315 3390944 3487141 3643462 3631438 3451066 3294768 3342864 3414991 3487141 3342842 3451066 3571316 3535246 3282744 3330819 3475116 3354867 3523216 3390941 3246664 3439042 3306767 3318792 3499166 3402983 3270710 3739664 3354867 3162506 3366911 3354867 3366891 3366892 3390960 3607390 3523215 3475116 3463091 3282745 3378917 3318816 3427031 3342864 3439041 3378917 3402966 3330840 3427016 3475127 3727640 3390941 3475116 3234618 3499175 3306767 3378917 3511199 3402967 3282717 3354869 3330819 3246645 3643460 3342842 3739653 3559291 3162469 3631438 3463091 3451069 3511199 3366911 3282717 3282718 3523216 3463091 3475116 3366895 3475116 3102344 3414991 3390942 3390941 3390959 3342842 3414991 3427016 3631437 3330841 3390941 3499173 3487141 3330817 3378933 3523216 3414992 3330838 3342864 3354887 3198556 3306792 3451066 3270693 3354867 3535241 3559290 3246646 3366892 3378935 3390960 3535240 3354867 3330817 3451066 3306767 3427032 3186533 3366892 3499166 3318792 3595365 3499166 3246658 3499166 3330817 3547265 3294744 3402984 3499165 3186520 3619415]
Requests Number (per Connection):  [292 280 282 307 269 283 289 277 296 270 290 276 292 275 283 284 276 281 297 282 290 303 302 287 274 278 284 290 278 287 297 294 273 277 289 279 293 282 270 286 275 276 291 283 272 311 279 263 280 279 280 280 282 300 293 289 288 273 281 276 285 278 286 281 283 277 285 289 310 282 289 269 291 275 281 292 283 273 279 277 270 303 278 311 296 263 302 288 287 292 280 273 273 293 288 289 280 289 258 284 282 282 282 278 284 285 302 277 282 291 290 277 281 293 284 277 278 279 266 275 287 272 279 294 296 270 280 281 282 294 279 277 287 275 285 265 280 291 276 299 291 270 291 277 295 274 283 291 265 301]
Requests/sec:  5778.930208333333 KB
Transfer/sec:  14104.384537760418 KB

2023-12-02 21:54:22.415423177 +0800 CST m=+8817.693358569
Running 1m0s myx-test @ https://192.168.12.127:6443/api/v1/namespaces/myx-test/secrets
300 connections
Requests/bytes (per Connection):  [1151807 1168486 1168565 1059989 1143507 1026589 1201874 1043283 1126780 1110058 1060055 1168486 1218611 1201930 1151836 1110078 1076749 1085056 1210227 1135177 1060055 1185201 1101748 1201915 1143525 1068324 1126752 1110062 1101757 1093402 1226994 1268681 1085030 1185233 1059994 1151871 1243616 1260302 1218611 1176900 976587 1243632 1085096 1151848 1135178 1160152 1085069 1176833 1118405 1118484 1251955 1168487 1101780 1210255 1226994 1143468 1126831 1243687 1135140 1185180 1176833 1160219 1218568 1193594 1051630 1060056 1226915 1218647 1135128 1252034 1210241 1135178 1210300 1235261 1043361 1193527 1160140 1201874 1035000 1168565 1277032 1076703 1176885 1176913 1168487 1285382 1176854 1168495 1352145 1160219 1009935 1210300 1018249 1009923 1143525 1126789 1176887 1093443 1210300 1126830 1126751 1251955 1185239 1201898 1176907 1126769 1185227 1143445 1193579 1143477 1143480 1335503 1126814 1201953 1285420 1143476 1118405 1101751 1085026 1126806 1143500 1218641 1226993 1168565 1076725 1060034 1151822 1101762 1160195 1043283 1277004 1168487 1093443 1126815 1126756 1051708 1260368 1185259 1235341 1085097 1151792 1143471 1143524 1176907 1193530 1151857 1252034 1176849 1135099 1210223 1126815 1160140 1201875 1168566 1185244 1210271 1168561 1176842 1160218 1343789 1093364 1151871 1135130 1210300 1151792 1135178 1068403 1110112 1126831 1160172 1168486 1251996 1168535 1160139 1160186 1302111 1101711 1193527 1135099 1126820 1085095 1118444 1118417 1235275 1034985 1151871 1285343 1260318 1160219 1051684 1068402 1243613 1085068 1185259 1226915 1085097 1176913 1168507 1126803 1135133 1185194 1185259 1160218 1110068 1185230 1118405 1110059 1193606 1126752 1168555 1143512 1034949 1118484 1176906 1168530 1135162 1210247 1243609 1135178 1068378 1310384 1285344 1118428 1193527 1018309 1135099 1135099 1118460 1126831 1168501 1043357 1226994 1285344 1026661 1160218 1126780 1151871 1168520 1143475 1268698 1193527 1193549 1251995 1277067 1085017 1176886 1143494 1160218 1218614 1160202 1101755 1185259 1118460 1135150 1160139 1126806 1168557 1093443 1076690 1143496 1218647 1168537 1201875 1226994 1143446 1101712 1135178 1060011 1085066 1168493 1243635 1151804 1160188 1126831 1185260 1218619 1251956 1076690 1160211 1285422 1143480 1143485 1226944 1235319 1135175 1143509 1176902 1093365 1235316 1101790 1210256 1193527 1118484 1268679 1176885 1176913 1060027 1051630 1218592 1110137]
Response/bytes (per Connection):  [1659371 1683406 1683485 1527095 1647393 1478983 1731506 1503033 1623310 1599232 1527161 1683406 1755599 1731562 1659400 1599252 1551211 1563196 1743537 1635385 1527161 1707477 1587244 1731547 1647411 1539108 1623282 1599236 1587253 1575220 1767660 1827737 1563170 1707509 1527100 1659435 1791638 1815680 1755599 1695498 1406913 1791654 1563236 1659412 1635386 1671394 1563209 1695431 1611257 1611336 1803655 1683407 1587276 1743565 1767660 1647354 1623361 1791709 1635348 1707456 1695431 1671461 1755556 1719548 1515058 1527162 1767581 1755635 1635336 1803734 1743551 1635386 1743610 1779605 1503111 1719481 1671382 1731506 1491072 1683485 1839766 1551165 1695483 1695511 1683407 1851794 1695452 1683415 1947981 1671461 1454973 1743610 1466965 1454961 1647411 1623319 1695485 1575261 1743610 1623360 1623281 1803655 1707515 1731530 1695505 1623299 1707503 1647331 1719533 1647363 1647366 1923983 1623344 1731585 1851832 1647362 1611257 1587247 1563166 1623336 1647386 1755629 1767659 1683485 1551187 1527140 1659386 1587258 1671437 1503033 1839738 1683407 1575261 1623345 1623286 1515136 1815746 1707535 1779685 1563237 1659356 1647357 1647410 1695505 1719484 1659421 1803734 1695447 1635307 1743533 1623345 1671382 1731507 1683486 1707520 1743581 1683481 1695440 1671460 1935947 1575182 1659435 1635338 1743610 1659356 1635386 1539187 1599286 1623361 1671414 1683406 1803696 1683455 1671381 1671428 1875879 1587207 1719481 1635307 1623350 1563235 1611296 1611269 1779619 1491057 1659435 1851755 1815696 1671461 1515112 1539186 1791635 1563208 1707535 1767581 1563237 1695511 1683427 1623333 1635341 1707470 1707535 1671460 1599242 1707506 1611257 1599233 1719560 1623282 1683475 1647398 1491021 1611336 1695504 1683450 1635370 1743557 1791631 1635386 1539162 1887830 1851756 1611280 1719481 1467025 1635307 1635307 1611312 1623361 1683421 1503107 1767660 1851756 1479055 1671460 1623310 1659435 1683440 1647361 1827754 1719481 1719503 1803695 1839801 1563157 1695484 1647380 1671460 1755602 1671444 1587251 1707535 1611312 1635358 1671381 1623336 1683477 1575261 1551152 1647382 1755635 1683457 1731507 1767660 1647332 1587208 1635386 1527117 1563206 1683413 1791657 1659368 1671430 1623361 1707536 1755607 1803656 1551152 1671453 1851834 1647366 1647371 1767610 1779663 1635383 1647395 1695500 1575183 1779660 1587286 1743566 1719481 1611336 1827735 1695483 1695511 1527133 1515058 1755580 1599311]
Requests Number (per Connection):  [138 140 140 127 137 123 144 125 135 133 127 140 146 144 138 133 129 130 145 136 127 142 132 144 137 128 135 133 132 131 147 152 130 142 127 138 149 151 146 141 117 149 130 138 136 139 130 141 134 134 150 140 132 145 147 137 135 149 136 142 141 139 146 143 126 127 147 146 136 150 145 136 145 148 125 143 139 144 124 140 153 129 141 141 140 154 141 140 162 139 121 145 122 121 137 135 141 131 145 135 135 150 142 144 141 135 142 137 143 137 137 160 135 144 154 137 134 132 130 135 137 146 147 140 129 127 138 132 139 125 153 140 131 135 135 126 151 142 148 130 138 137 137 141 143 138 150 141 136 145 135 139 144 140 142 145 140 141 139 161 131 138 136 145 138 136 128 133 135 139 140 150 140 139 139 156 132 143 136 135 130 134 134 148 124 138 154 151 139 126 128 149 130 142 147 130 141 140 135 136 142 142 139 133 142 134 133 143 135 140 137 124 134 141 140 136 145 149 136 128 157 154 134 143 122 136 136 134 135 140 125 147 154 123 139 135 138 140 137 152 143 143 150 153 130 141 137 139 146 139 132 142 134 136 139 135 140 131 129 137 146 140 144 147 137 132 136 127 130 140 149 138 139 135 142 146 150 129 139 154 137 137 147 148 136 137 141 131 148 132 145 143 134 152 141 141 127 126 146 133]
Requests/sec:  5651.635237630208 KB
Transfer/sec:  13793.702701822916 KB

