2023-12-02 23:05:26.61648755 +0800 CST m=+13081.894422927
Running 1m0s myx-test @ https://192.168.12.127:6443/api/v1/namespaces/myx-test/serviceaccounts
3 connections
Requests/bytes (per Connection):  [34044269 37255519 34646374]
Response/bytes (per Connection):  [48646946 53235604 49507315]
Requests Number (per Connection):  [4071 4455 4143]
Requests/sec:  1724.3841471354167 KB
Transfer/sec:  4188.411897786458 KB

2023-12-02 23:07:06.982226876 +0800 CST m=+13182.260162253
Running 1m0s myx-test @ https://192.168.12.127:6443/api/v1/namespaces/myx-test/serviceaccounts
6 connections
Requests/bytes (per Connection):  [26526242 27002924 26568129 28332587 26626673 28366076]
Response/bytes (per Connection):  [37904206 38585347 37964028 40485343 38047681 40533180]
Requests Number (per Connection):  [3172 3229 3177 3388 3184 3392]
Requests/sec:  2659.8735514322916 KB
Transfer/sec:  6460.651302083334 KB

2023-12-02 23:08:47.337349144 +0800 CST m=+13282.615284539
Running 1m0s myx-test @ https://192.168.12.127:6443/api/v1/namespaces/myx-test/serviceaccounts
9 connections
Requests/bytes (per Connection):  [19468222 20438286 20597183 20404834 19326021 19451508 20764402 20413199 20530280]
Response/bytes (per Connection):  [27818758 29204914 29431964 29157114 27615578 27794870 29670923 29169066 29336365]
Requests Number (per Connection):  [2328 2444 2463 2440 2311 2326 2483 2441 2455]
Requests/sec:  2952.375244140625 KB
Transfer/sec:  7171.117952473958 KB

2023-12-02 23:10:27.62865414 +0800 CST m=+13382.906589522
Running 1m0s myx-test @ https://192.168.12.127:6443/api/v1/namespaces/myx-test/serviceaccounts
15 connections
Requests/bytes (per Connection):  [13430416 13112581 12702845 13179515 12711188 13079163 13405309 13288247 13254797 13162803 12594127 13313336 13430416 12644305 12803169]
Response/bytes (per Connection):  [19191138 18736997 18151498 18832627 18163428 18689231 19155270 18987990 18940192 18808741 17996149 19023840 19191138 18067849 18294866]
Requests Number (per Connection):  [1606 1568 1519 1576 1520 1564 1603 1589 1585 1574 1506 1592 1606 1512 1531]
Requests/sec:  3191.930615234375 KB
Transfer/sec:  7752.981298828125 KB

2023-12-02 23:12:07.977159111 +0800 CST m=+13483.255094506
Running 1m0s myx-test @ https://192.168.12.127:6443/api/v1/namespaces/myx-test/serviceaccounts
30 connections
Requests/bytes (per Connection):  [6991204 7242032 7325662 7250427 6874106 7032960 7183491 7133313 7400926 7300571 6899152 7041363 7267151 7175130 7300598 7158402 6823956 7074814 7334023 7133336 7141722 7200245 7016232 7133314 6974481 7216942 7242031 7033013 7183491 7124951]
Response/bytes (per Connection):  [9989936 10348374 10467874 10360356 9822620 10049627 10264724 10193024 10575421 10432022 9858427 10061617 10384254 10252776 10432049 10228874 9750948 10109416 10479822 10193047 10205020 10288652 10025725 10193025 9966039 10312523 10348373 10049680 10264724 10181075]
Requests Number (per Connection):  [836 866 876 867 822 841 859 853 885 873 825 842 869 858 873 856 816 846 877 853 854 861 839 853 834 863 866 841 859 852]
Requests/sec:  3486.475244140625 KB
Transfer/sec:  8468.409554036458 KB

2023-12-02 23:13:48.325175757 +0800 CST m=+13583.603111139
Running 1m0s myx-test @ https://192.168.12.127:6443/api/v1/namespaces/myx-test/serviceaccounts
60 connections
Requests/bytes (per Connection):  [4198017 4122785 4106025 4072608 3997367 3963873 4122751 3997386 4231519 3922104 3913756 4039201 4256592 4097662 3846853 4131114 4005735 3972218 3813344 4039121 4097662 4106024 4097736 3980660 4089299 3972240 3972218 3938767 3947131 4014112 4139474 4089368 3871942 4047485 4030837 4005734 3955501 4198020 3913705 3922063 4223174 4131161 3913678 3880305 4106103 4080986 4014049 4122750 4206443 4181321 4030758 3896952 4064262 4131163 4122751 4147868 4055852 3930413 4055879 4089299]
Response/bytes (per Connection):  [5998691 5891176 5867242 5819477 5711953 5664111 5891142 5711972 6046541 5604407 5592472 5771722 6082375 5855292 5496873 5903092 5723908 5676043 5449016 5771642 5855292 5867241 5855366 5688072 5843342 5676065 5676043 5628244 5640195 5735872 5915039 5843411 5532723 5783593 5759771 5723907 5652152 5998694 5592421 5604366 6034609 5903139 5592394 5544673 5867320 5831442 5735809 5891141 6010704 5974821 5759692 5568494 5807544 5903141 5891142 5927020 5795547 5616303 5795574 5843342]
Requests Number (per Connection):  [502 493 491 487 478 474 493 478 506 469 468 483 509 490 460 494 479 475 456 483 490 491 490 476 489 475 475 471 472 480 495 489 463 484 482 479 473 502 468 469 505 494 468 464 491 488 480 493 503 500 482 466 486 494 493 496 485 470 485 489]
Requests/sec:  3948.977473958333 KB
Transfer/sec:  9591.796598307292 KB

2023-12-02 23:15:28.716372223 +0800 CST m=+13683.994307615
Running 1m0s myx-test @ https://192.168.12.127:6443/api/v1/namespaces/myx-test/serviceaccounts
90 connections
Requests/bytes (per Connection):  [2784766 2943662 2809854 2809850 2826581 2826580 2851664 2985474 2952024 2801492 2843307 2843275 2993779 2818210 2826581 2893483 3002196 2801473 2859990 2784733 2726226 2985418 2734587 2918573 2826574 2893438 2717862 2826580 2784747 3060740 2801492 2960375 2901799 2843267 2860026 2809820 2751314 2759654 2910209 2834942 2784766 3044017 2818216 2793127 2742942 2667685 2784766 2801457 2918571 3018926 2885119 2801477 2726200 2951974 2793105 2935299 2926935 2993786 2826581 2801457 2910194 2784766 2768040 2893442 2759677 2809855 2826578 2826581 2893484 2860031 2860032 2985474 2826581 2726226 2901845 2935299 2868395 2851669 2834943 2776395 2876758 2843306 2826558 2742924 2935271 2801458 2910209 2968748 2985474 3002200]
Response/bytes (per Connection):  [3979237 4206286 4015086 4015082 4038987 4038986 4074831 4266033 4218235 4003137 4062887 4062855 4277925 4027029 4038987 4134585 4289929 4003118 4086744 3979204 3895588 4265977 3907536 4170436 4038980 4134540 3883637 4038986 3979218 4373582 4003137 4230173 4146488 4062847 4086780 4015052 3931437 3943364 4158485 4050935 3979237 4349685 4027035 3991185 3919478 3811938 3979237 4003102 4170434 4313833 4122634 4003122 3895562 4218185 3991163 4194336 4182385 4277932 4038987 4003102 4158470 3979237 3955337 4134544 3943387 4015087 4038984 4038987 4134586 4086785 4086786 4266033 4038987 3895588 4146534 4194336 4098736 4074836 4050936 3967279 4110686 4062886 4038964 3919460 4194308 4003103 4158485 4242133 4266033 4289933]
Requests Number (per Connection):  [333 352 336 336 338 338 341 357 353 335 340 340 358 337 338 346 359 335 342 333 326 357 327 349 338 346 325 338 333 366 335 354 347 340 342 336 329 330 348 339 333 364 337 334 328 319 333 335 349 361 345 335 326 353 334 351 350 358 338 335 348 333 331 346 330 336 338 338 346 342 342 357 338 326 347 351 343 341 339 332 344 340 338 328 351 335 348 355 357 359]
Requests/sec:  4182.542903645834 KB
Transfer/sec:  10159.111246744791 KB

2023-12-02 23:17:09.10979303 +0800 CST m=+13784.387728406
Running 1m0s myx-test @ https://192.168.12.127:6443/api/v1/namespaces/myx-test/serviceaccounts
150 connections
Requests/bytes (per Connection):  [1915026 2023780 1906662 1772856 1789585 1831396 2007074 1990289 1973564 1940112 1889935 1981927 1814745 1915043 1965217 1931777 1906698 1864909 1990338 1722678 1764557 2015378 1706001 1823081 2032147 1889940 1856483 1981953 1973574 1998654 1898308 1923454 1990291 1739402 1998704 1923388 1956904 1756175 1906697 1831394 1915024 1956838 1889954 1915075 1781258 1889936 1898350 1848124 1948504 1839757 2023758 1814684 1856485 1797969 1873248 1931749 1714315 1831396 1772855 1848200 1973565 1889934 1781222 1915085 1856486 2057193 2015427 1881571 1772887 1848145 1948499 1898331 1948521 1923421 1981975 1898313 1898298 1973585 1856483 1965201 2015436 1739484 1881571 1956904 1923388 1940144 1789595 2048839 1898297 1797997 1889944 1956889 1789610 1781284 1856483 1906691 1856498 1881574 2007050 1772856 1756130 1940130 1873274 1889937 1864848 1915095 1890005 1940156 1881582 1864897 1764493 2023743 1756130 1831395 1848122 1889945 1889974 1848134 1915032 1898322 1839775 1789582 2007016 1848196 1948475 1898300 1873210 1831394 1839757 1856553 1990290 1990324 1839796 1831465 1998655 1890009 1889935 1948475 1931750 1973566 1990292 1823036 1973566 1898365 1856483 1889936 1906710 1831450 2023743 1940115]
Response/bytes (per Connection):  [2736449 2891834 2724498 2533300 2557203 2616949 2867954 2843995 2820096 2772296 2700597 2832046 2593124 2736466 2808162 2760374 2724534 2664810 2844044 2461600 2521414 2879845 2437749 2605047 2903788 2700602 2652797 2832072 2820106 2855947 2712557 2748464 2843997 2485498 2855997 2748398 2796262 2509445 2724533 2616947 2736447 2796196 2700616 2736498 2545289 2700598 2712599 2640851 2784275 2628897 2891812 2593063 2652799 2569174 2676736 2760346 2449650 2616949 2533299 2640927 2820097 2700596 2545253 2736508 2652800 2939595 2879894 2688646 2533331 2640872 2784270 2712580 2784292 2748431 2832094 2712562 2712547 2820117 2652797 2808146 2879903 2485580 2688646 2796262 2748398 2772328 2557213 2927654 2712546 2569202 2700606 2796247 2557228 2545315 2652797 2724527 2652812 2688649 2867930 2533300 2509400 2772314 2676762 2700599 2664749 2736518 2700667 2772340 2688657 2664798 2521350 2891797 2509400 2616948 2640849 2700607 2700636 2640861 2736455 2712571 2628915 2557200 2867896 2640923 2784246 2712549 2676698 2616947 2628897 2652867 2843996 2844030 2628936 2617018 2855948 2700671 2700597 2784246 2760347 2820098 2843998 2605002 2820098 2712614 2652797 2700598 2724546 2617003 2891797 2772299]
Requests Number (per Connection):  [229 242 228 212 214 219 240 238 236 232 226 237 217 229 235 231 228 223 238 206 211 241 204 218 243 226 222 237 236 239 227 230 238 208 239 230 234 210 228 219 229 234 226 229 213 226 227 221 233 220 242 217 222 215 224 231 205 219 212 221 236 226 213 229 222 246 241 225 212 221 233 227 233 230 237 227 227 236 222 235 241 208 225 234 230 232 214 245 227 215 226 234 214 213 222 228 222 225 240 212 210 232 224 226 223 229 226 232 225 223 211 242 210 219 221 226 226 221 229 227 220 214 240 221 233 227 224 219 220 222 238 238 220 219 239 226 226 233 231 236 238 218 236 227 222 226 228 219 242 232]
Requests/sec:  4623.271712239583 KB
Transfer/sec:  11229.610302734374 KB

2023-12-02 23:18:49.539241732 +0800 CST m=+13884.817177091
Running 1m0s myx-test @ https://192.168.12.127:6443/api/v1/namespaces/myx-test/serviceaccounts
300 connections
Requests/bytes (per Connection):  [1095481 1112265 1112265 1137354 1045283 1078735 970095 1187531 1095460 1237630 1195848 1220983 1137353 1103823 1195894 1028570 1062009 1195815 1045287 1112218 986807 1112249 1087135 1162417 1204223 1204178 1137275 1053646 1145664 1112265 1078778 1003547 1162442 1062008 1170726 1204189 1279471 1036998 1078740 1087169 1187484 1170798 1112250 1120628 1020273 1078758 1062081 1045348 1271144 1078735 1078794 1154000 1020273 1036950 1128990 1028583 1112213 1028572 1095478 1162442 1154080 1078804 1045328 1137354 1162442 1078814 1053725 1170805 1095539 1120622 1087109 1070423 1103902 1053703 1078739 1070451 953291 1170726 1112188 1128991 1095517 1154041 1128991 1087107 1187512 1062031 1254411 1212609 1145665 1120583 986751 1036999 1145716 1145658 1145717 1070372 1128991 1087177 1145638 1128911 1128957 1120589 1112206 1128984 1095522 1078798 1028636 1195822 1087142 1195894 1279499 1179169 1128991 961733 1062087 1112186 1087176 1053716 1087157 1170759 1137354 1095529 1170729 1170746 1053723 1045282 1053723 1103868 1112265 1128912 1036937 1112265 1162427 1237709 1120549 1087154 1053725 978446 1103902 1120549 1137274 1078813 1170761 1154038 1179114 1036999 1095497 1036994 1087157 1045283 1220947 1062087 1095461 1087097 1112265 1170763 1254363 1062088 1078796 1062088 1128938 1078814 1053725 1087160 1020196 1162442 1087176 1028557 1120628 1087107 1262797 1179147 1120603 1020225 1078767 1078777 961728 1187501 1045328 1120615 1078814 1120628 1062009 1045292 1070436 1045304 1045283 1087104 1120604 1112186 1170744 1036933 970095 1120574 1045283 1187531 1137343 1137339 1087135 1028636 1070450 953369 1062008 1262718 1045327 1145638 1062009 1095462 1103881 1095539 1112265 1220983 1078734 1103848 1070447 1103872 1162435 1179168 1154001 1070390 1179090 1187531 1095539 1020194 1154001 1087112 1170806 1045352 1011867 1045316 1112226 1053693 1103874 995181 1128912 1128991 1145717 1020273 1078813 1103823 1162443 1070372 1187531 1120628 1011897 1045342 1112221 1028573 1128912 1078785 1087177 1137275 1062070 1087176 1254356 1070371 1095539 1229267 1120561 1128920 970093 1212594 1170752 1087176 1053709 1145717 1020273 1045282 1070409 1095524 1179168 1078735 1087097 1145688 1128929 1103902 1095539 1154000 1095540 1053725 1262720 1028557 1036968 1087176 1220926 1062011 1070450 1062033 1062087 1095539 1070406 1062085 1137281 1078813 1162363 1053646 1028636 1062026 1154028 1162411]
Response/bytes (per Connection):  [1565378 1589336 1589336 1625186 1493658 1541458 1386187 1696885 1565357 1768506 1708789 1744685 1625185 1577307 1708835 1469771 1517558 1708756 1493662 1589289 1410073 1589320 1553445 1661010 1720751 1720706 1625107 1505608 1637083 1589336 1541501 1433987 1661035 1517557 1672906 1720717 1828282 1481786 1541463 1553479 1696838 1672978 1589321 1601286 1457887 1541481 1517630 1493723 1816368 1541458 1541517 1649006 1457887 1481738 1613235 1469784 1589284 1469773 1565375 1661035 1649086 1541527 1493703 1625186 1661035 1541537 1505687 1672985 1565436 1601280 1553419 1529559 1577386 1505665 1541462 1529587 1362209 1672906 1589259 1613236 1565414 1649047 1613236 1553417 1696866 1517580 1792461 1732724 1637084 1601241 1410017 1481787 1637135 1637077 1637136 1529508 1613236 1553487 1637057 1613156 1613202 1601247 1589277 1613229 1565419 1541521 1469837 1708763 1553452 1708835 1828310 1684936 1613236 1374238 1517636 1589257 1553486 1505678 1553467 1672939 1625186 1565426 1672909 1672926 1505685 1493657 1505685 1577352 1589336 1613157 1481725 1589336 1661020 1768585 1601207 1553464 1505687 1398125 1577386 1601207 1625106 1541536 1672941 1649044 1684881 1481787 1565394 1481782 1553467 1493658 1744649 1517636 1565358 1553407 1589336 1672943 1792413 1517637 1541519 1517637 1613183 1541537 1505687 1553470 1457810 1661035 1553486 1469758 1601286 1553417 1804434 1684914 1601261 1457839 1541490 1541500 1374233 1696855 1493703 1601273 1541537 1601286 1517558 1493667 1529572 1493679 1493658 1553414 1601262 1589257 1672924 1481721 1386187 1601232 1493658 1696885 1625175 1625171 1553445 1469837 1529586 1362287 1517557 1804355 1493702 1637057 1517558 1565359 1577365 1565436 1589336 1744685 1541457 1577332 1529583 1577356 1661028 1684935 1649007 1529526 1684857 1696885 1565436 1457808 1649007 1553422 1672986 1493727 1445894 1493691 1589297 1505655 1577358 1422034 1613157 1613236 1637136 1457887 1541536 1577307 1661036 1529508 1696885 1601286 1445924 1493717 1589292 1469774 1613157 1541508 1553487 1625107 1517619 1553486 1792406 1529507 1565436 1756556 1601219 1613165 1386185 1732709 1672932 1553486 1505671 1637136 1457887 1493657 1529545 1565421 1684935 1541458 1553407 1637107 1613174 1577386 1565436 1649006 1565437 1505687 1804357 1469758 1481756 1553486 1744628 1517560 1529586 1517582 1517636 1565436 1529542 1517634 1625113 1541536 1660956 1505608 1469837 1517575 1649034 1661004]
Requests Number (per Connection):  [131 133 133 136 125 129 116 142 131 148 143 146 136 132 143 123 127 143 125 133 118 133 130 139 144 144 136 126 137 133 129 120 139 127 140 144 153 124 129 130 142 140 133 134 122 129 127 125 152 129 129 138 122 124 135 123 133 123 131 139 138 129 125 136 139 129 126 140 131 134 130 128 132 126 129 128 114 140 133 135 131 138 135 130 142 127 150 145 137 134 118 124 137 137 137 128 135 130 137 135 135 134 133 135 131 129 123 143 130 143 153 141 135 115 127 133 130 126 130 140 136 131 140 140 126 125 126 132 133 135 124 133 139 148 134 130 126 117 132 134 136 129 140 138 141 124 131 124 130 125 146 127 131 130 133 140 150 127 129 127 135 129 126 130 122 139 130 123 134 130 151 141 134 122 129 129 115 142 125 134 129 134 127 125 128 125 125 130 134 133 140 124 116 134 125 142 136 136 130 123 128 114 127 151 125 137 127 131 132 131 133 146 129 132 128 132 139 141 138 128 141 142 131 122 138 130 140 125 121 125 133 126 132 119 135 135 137 122 129 132 139 128 142 134 121 125 133 123 135 129 130 136 127 130 150 128 131 147 134 135 116 145 140 130 126 137 122 125 128 131 141 129 130 137 135 132 131 138 131 126 151 123 124 130 146 127 128 127 127 131 128 127 136 129 139 126 123 127 138 139]
Requests/sec:  5396.379296875 KB
Transfer/sec:  13107.436149088542 KB

