2023-12-03 00:30:09.615327498 +0800 CST m=+18164.893262874
Running 1m0s myx-test @ https://192.168.12.127:6443/api/v1/namespaces/myx-test/services
3 connections
Requests/bytes (per Connection):  [34888936 35740519 33553181]
Response/bytes (per Connection):  [51846510 53111981 49861511]
Requests Number (per Connection):  [4179 4281 4019]
Requests/sec:  1695.6809244791666 KB
Transfer/sec:  4215.537727864584 KB

2023-12-03 00:31:49.921358799 +0800 CST m=+18265.199294182
Running 1m0s myx-test @ https://192.168.12.127:6443/api/v1/namespaces/myx-test/services
6 connections
Requests/bytes (per Connection):  [27133085 26223016 27617282 27734166 26273187 27199836]
Response/bytes (per Connection):  [40320943 38968578 41040512 41214198 39043107 40420166]
Requests Number (per Connection):  [3250 3141 3308 3322 3147 3258]
Requests/sec:  2639.657747395833 KB
Transfer/sec:  6562.305924479167 KB

2023-12-03 00:33:30.231697313 +0800 CST m=+18365.509632689
Running 1m0s myx-test @ https://192.168.12.127:6443/api/v1/namespaces/myx-test/services
9 connections
Requests/bytes (per Connection):  [21464338 21172170 20103511 21030192 21205492 20938400 20045069 20170300 21038535]
Response/bytes (per Connection):  [31896976 31462784 29874707 31251784 31512310 31115376 29787861 29973960 31264185]
Requests Number (per Connection):  [2571 2536 2408 2519 2540 2508 2401 2416 2520]
Requests/sec:  3046.354280598958 KB
Transfer/sec:  7573.37158203125 KB

2023-12-03 00:35:10.578067995 +0800 CST m=+18465.856003457
Running 1m0s myx-test @ https://192.168.12.127:6443/api/v1/namespaces/myx-test/services
15 connections
Requests/bytes (per Connection):  [12907000 13716843 13324445 13449649 13758565 13040539 12973737 13808667 13942263 12923650 13015534 13332771 13875393 13366188 13608255]
Response/bytes (per Connection):  [19180360 20383825 19800717 19986799 20445849 19378845 19279563 20520265 20718809 19205148 19341660 19813065 20619455 19862750 20222453]
Requests Number (per Connection):  [1546 1643 1596 1611 1648 1562 1554 1654 1670 1548 1559 1597 1662 1601 1630]
Requests/sec:  3272.1923665364584 KB
Transfer/sec:  8134.815462239583 KB

2023-12-03 00:36:50.905163397 +0800 CST m=+18566.183098773
Running 1m0s myx-test @ https://192.168.12.127:6443/api/v1/namespaces/myx-test/services
30 connections
Requests/bytes (per Connection):  [8373706 8123240 8215076 8206706 8156634 8190026 7939555 8039751 8206687 7906169 7972958 8198378 7972960 8281868 8273519 8181626 8398752 8106540 7906168 8223421 7839378 7830999 8256821 7956262 8039689 8148233 8164983 8473814 8064798 8315264]
Response/bytes (per Connection):  [12443696 12071488 12207970 12195508 12121124 12170720 11798531 11947411 12195487 11748913 11848156 12183150 11848180 12307218 12294799 12158254 12480906 12046678 11748906 12220351 11649656 11637241 12269987 11823352 11947371 12108627 12133525 12592490 11984632 12356844]
Requests Number (per Connection):  [1003 973 984 983 977 981 951 963 983 947 955 982 955 992 991 980 1006 971 947 985 939 938 989 953 963 976 978 1015 966 996]
Requests/sec:  3970.767919921875 KB
Transfer/sec:  9871.503125 KB

2023-12-03 00:38:31.319180092 +0800 CST m=+18666.597115467
Running 1m0s myx-test @ https://192.168.12.127:6443/api/v1/namespaces/myx-test/services
60 connections
Requests/bytes (per Connection):  [3973954 3940543 4074170 4282826 4082473 4082528 4107541 3965596 4049058 4032360 4124198 3823716 4040709 4174305 4124245 4191026 3998963 3957247 4049057 3923866 3940529 4299603 4040787 4182647 4090802 3948934 3990694 4057467 4132623 4082506 4132547 4032367 4032400 3998975 4082453 4132547 4090802 4090881 3923824 4032365 4007313 4015740 4032434 4032359 4191061 4132569 3957298 3940540 4199379 4241080 4266159 4082453 3965610 3940600 4157594 4165942 4282827 3990654 3898789 4274503]
Response/bytes (per Connection):  [5905492 5855809 6054392 6364478 6066727 6066808 6104007 5893068 6017098 5992270 6128754 5682208 6004683 6203203 6128833 6228032 5942655 5880621 6017097 5831062 5855823 6389377 6004769 6215619 6079126 5868266 5930338 6029555 6141245 6066770 6141159 5992295 5992304 5942675 6066721 6141147 6079126 6079215 5830980 5992277 5955051 5967566 5992362 5992281 6228095 6141203 5880696 5855840 6240489 6302436 6339721 6066715 5893052 5855900 6178390 6190784 6364475 5930266 5793797 6352121]
Requests Number (per Connection):  [476 472 488 513 489 489 492 475 485 483 494 458 484 500 494 502 479 474 485 470 472 515 484 501 490 473 478 486 495 489 495 483 483 479 489 495 490 490 470 483 480 481 483 483 502 495 474 472 503 508 511 489 475 472 498 499 513 478 467 512]
Requests/sec:  3972.8033528645833 KB
Transfer/sec:  9876.568391927083 KB

2023-12-03 00:40:11.700288558 +0800 CST m=+18766.978223952
Running 1m0s myx-test @ https://192.168.12.127:6443/api/v1/namespaces/myx-test/services
90 connections
Requests/bytes (per Connection):  [3030528 2997138 2846895 2972127 2947083 3097323 2997152 2980421 2805130 2838507 3022207 2788451 2938733 2930384 2988825 2838507 2905336 2896954 2838538 3005469 3072314 2838514 2846893 3072316 3030515 3063967 2888597 3047204 2922035 2938733 2947083 2955431 2930385 2838544 2780104 2888640 3005503 2922036 3005525 2796800 2947082 2813463 2863591 2947082 2880246 2980465 2930383 2980478 2947078 3047257 3055552 2947082 3055616 2888640 2955399 2855244 2938681 2855244 2938701 3114031 2846894 2997139 2830198 3038919 2963780 2813463 2838546 2771755 3038918 2880267 2955431 3097352 3072276 2896942 2913646 2972127 2938733 2913680 2896989 3005524 2871903 2972129 2997154 2838505 2880250 3013872 2871942 2796767 3030572 3030571]
Response/bytes (per Connection):  [4503482 4453920 4230615 4416717 4379481 4602743 4453886 4429065 4168540 4218173 4491129 4143765 4367093 4354672 4441527 4218167 4317448 4304996 4218202 4466263 4565590 4218156 4230611 4565594 4503483 4553187 4292611 4528306 4342255 4367085 4379479 4391905 4354687 4218194 4131344 4292654 4466297 4342278 4466325 4156170 4379494 4180947 4255427 4379478 4280208 4429081 4354681 4429112 4379468 4528353 4540708 4379490 4540782 4292650 4391843 4243022 4367035 4243024 4367029 4627605 4230612 4453917 4205806 4515967 4404314 4180941 4218204 4118945 4515964 4280191 4391889 4602798 4565578 4305006 4329802 4416711 4367085 4329840 4305047 4466326 4267803 4416719 4453924 4218141 4280208 4478748 4267818 4156133 4503554 4503551]
Requests Number (per Connection):  [363 359 341 356 353 371 359 357 336 340 362 334 352 351 358 340 348 347 340 360 368 340 341 368 363 367 346 365 350 352 353 354 351 340 333 346 360 350 360 335 353 337 343 353 345 357 351 357 353 365 366 353 366 346 354 342 352 342 352 373 341 359 339 364 355 337 340 332 364 345 354 371 368 347 349 356 352 349 347 360 344 356 359 340 345 361 344 335 363 363]
Requests/sec:  4303.131608072917 KB
Transfer/sec:  10697.777994791666 KB

2023-12-03 00:41:52.109306868 +0800 CST m=+18867.387242253
Running 1m0s myx-test @ https://192.168.12.127:6443/api/v1/namespaces/myx-test/services
150 connections
Requests/bytes (per Connection):  [2045404 1953589 1786625 2012007 1878480 1970260 2028702 1836737 1861724 1861726 1886806 1986959 1920197 1903469 1903514 1853393 1945214 1895119 1911825 1920168 1987018 1953564 1953562 2045402 2028702 1961913 1920166 2020355 2012024 1928562 2020389 1870112 1995306 1945215 2003684 1811630 1920166 2112192 2012005 1961911 1961913 1886811 1961955 2020369 1828353 1828368 2045400 2012009 1928558 1970279 1794957 2037052 1920215 1861744 1845096 1961911 1903468 1928534 1895184 1920201 1995309 1861724 2028748 2020381 1945213 2070446 2062098 2028737 2003673 1820060 1953562 1936925 2045432 1878424 2070446 1853375 1945220 2003715 1970260 1970262 1903469 1961964 1794979 1945271 1920166 1978611 1761587 1920169 1845059 1903471 1920193 1895122 2028706 1911820 2078836 2078846 1945214 1836679 1920168 1936924 2028702 1995306 1836679 1995327 1861751 1945215 2062129 1953562 2003655 1819980 1911890 2062108 1961937 1953564 2003655 2112193 1886819 1820021 1961913 2145589 1811630 1945214 1903493 1911818 1903536 1978644 1786599 1769910 2070446 1936866 1978617 2028713 1878424 1945267 2078795 1986957 1920213 1870075 1845028 1903473 1886780 1853403 1870073 2070459 1978611 1978640 1903469 2012004 1986960 1936866]
Response/bytes (per Connection):  [3039570 2903099 2654989 2989939 2791478 2927898 3014746 2729477 2766616 2766610 2803892 2952709 2853511 2828657 2828668 2754221 2890686 2816247 2841075 2853458 2952764 2903080 2903076 3039558 3014752 2915491 2853458 3002339 2989974 2865944 3002403 2779082 2965110 2890675 2977578 2692170 2853470 3138820 2989937 2915491 2915489 2803851 2915569 3002353 2717035 2717054 3039572 2989945 2865938 2927923 2667375 3027156 2853539 2766630 2741874 2915499 2828648 2865912 2816314 2853521 2965117 2766624 3014784 3002391 2890667 3076782 3064372 3014759 2977539 2704662 2903090 2878325 3039614 2791440 3076772 2754197 2890704 2977581 2927904 2927896 2828647 2915568 2667433 2890733 2853454 2940307 2617771 2853459 2741823 2828637 2853475 2816234 3014772 2841052 3089220 3089228 2890668 2729393 2853464 2878350 3014758 2965110 2729385 2965129 2766665 2890677 3064381 2903088 2977527 2704576 2841130 3064406 2915537 2903084 2977513 3138815 2803911 2704607 2915487 3188453 2692174 2890676 2828693 2841064 2828710 2940370 2654961 2630152 3076768 2878268 2940323 3014775 2791428 2890755 3089179 2952717 2853537 2779011 2741808 2828665 2803842 2754259 2779019 3076809 2940307 2940360 2828655 2989938 2952714 2878276]
Requests Number (per Connection):  [245 234 214 241 225 236 243 220 223 223 226 238 230 228 228 222 233 227 229 230 238 234 234 245 243 235 230 242 241 231 242 224 239 233 240 217 230 253 241 235 235 226 235 242 219 219 245 241 231 236 215 244 230 223 221 235 228 231 227 230 239 223 243 242 233 248 247 243 240 218 234 232 245 225 248 222 233 240 236 236 228 235 215 233 230 237 211 230 221 228 230 227 243 229 249 249 233 220 230 232 243 239 220 239 223 233 247 234 240 218 229 247 235 234 240 253 226 218 235 257 217 233 228 229 228 237 214 212 248 232 237 243 225 233 249 238 230 224 221 228 226 222 224 248 237 237 228 241 238 232]
Requests/sec:  4745.156494140625 KB
Transfer/sec:  11796.674641927084 KB

2023-12-03 00:43:32.527640159 +0800 CST m=+18967.805575536
Running 1m0s myx-test @ https://192.168.12.127:6443/api/v1/namespaces/myx-test/services
300 connections
Requests/bytes (per Connection):  [1060310 1118673 1068590 1143792 1076948 1035184 1068589 1160417 1127100 1035202 1060309 1127022 1127028 1193892 1093653 1051961 1152148 1068580 1085356 1110403 1068659 1101975 1185465 1135381 1060266 1068580 1035263 1143719 1018506 1160418 1043611 1168777 1060305 1043585 1018550 1085304 1127101 1143746 1118711 1168766 1127021 1093698 1102032 1143740 1143755 1051887 1127101 1085282 1051961 976820 1118752 1043535 1093680 1127101 976821 985170 1010172 1001824 985136 1018565 1018557 1185514 1010216 1118673 1160496 1076966 1093642 1068659 1210524 1135441 1193813 1102020 1001868 1068626 1110335 1118715 1110403 1101975 1068593 1085356 1101989 1026871 1093647 1202175 1110349 1076990 1168846 1143799 1102046 1102054 1110403 960107 993499 1135383 1110341 1210563 1102041 1177122 1193892 1127101 1010217 1085348 1035262 1060310 1168766 1001868 1010212 985169 1160446 1068643 1177145 1135450 1110372 1269033 1101975 1076928 1143765 1060231 1210589 1143722 1127043 1051893 1076982 1127064 1135448 1210568 1135450 1135443 1001867 1143750 1135371 1110328 1077007 1085356 1060272 1168813 1135413 1177115 1051961 1152136 1060296 1060241 1085299 1218939 1093706 1102054 1068580 1127101 1177127 1102054 1068658 1010137 1076949 993518 1177116 1068634 1143766 1068659 1060310 1260639 1210584 1160470 1093706 1093636 1118687 1043612 1026914 1026835 1051906 1135376 1193892 1218935 1051912 1077008 1118673 1051882 1102052 1143725 1051882 1210590 1085356 1168772 1118747 1093641 1060255 1093681 1076960 1168845 1001817 1085337 1102054 1152069 1076980 1018486 1068645 1110324 1101975 1118751 1135443 1035259 1068659 1193892 1085356 1210577 1135424 1177194 1202225 1143798 1160475 1076928 1193892 1118685 1177116 1093705 1051894 960090 1085357 1093705 1110400 993515 1026835 968467 1051946 1068586 1110403 1110396 1160417 1093653 1026914 1202189 1043578 1093705 1085277 1110362 1077004 1110370 1060250 1135378 1035187 1085310 1168767 1168824 1035191 1101991 985170 1035250 976770 1018565 1093705 1168776 1110346 1135450 1193878 1177116 993518 1060287 1051888 1160496 1118707 893252 1085356 1018549 1101978 1160483 1135399 1077007 1060310 1068658 1001852 1018545 1185464 1110403 1177148 1101982 1093663 1043549 1202208 1026851 1160457 1085295 1152108 1168798 1051960 1018559 985169 1118673 1076979 1018533 1110359 1160417 1077005 1101975 1051881 1085356 1085344 1127101 1085354 1043611 993499 1060293]
Response/bytes (per Connection):  [1575666 1662419 1587974 1699708 1600426 1538342 1587989 1724443 1674922 1538378 1575665 1674818 1674830 1774166 1625241 1563265 1712118 1587984 1612872 1650101 1588063 1637599 1761657 1687251 1575580 1587984 1538429 1699637 1513536 1724448 1550839 1736883 1575637 1550803 1513614 1612832 1674901 1699678 1662471 1736852 1674815 1625276 1637684 1699678 1699691 1563167 1674917 1612780 1563247 1451580 1662504 1550755 1625274 1674913 1451581 1463986 1501136 1488730 1463980 1513637 1513617 1761708 1501216 1662403 1724538 1600436 1625230 1588073 1798922 1687297 1774075 1637676 1488810 1588046 1650027 1662483 1650103 1637593 1587999 1612868 1637631 1525951 1625235 1786513 1650015 1600430 1736954 1699729 1637682 1637696 1650099 1426749 1476371 1687261 1650049 1798933 1637659 1749262 1774158 1674915 1501233 1612858 1538446 1575666 1736844 1488796 1501200 1463999 1724456 1588023 1749269 1687320 1650050 1885827 1637595 1600386 1699707 1575557 1798983 1699638 1674821 1563177 1600428 1674892 1687314 1798962 1687316 1687301 1488821 1699642 1687217 1650002 1600467 1612872 1575630 1736931 1687297 1749251 1563251 1712106 1575640 1575583 1612797 1811389 1625298 1637700 1587984 1674911 1749289 1637700 1588062 1501119 1600425 1476402 1749258 1588052 1699668 1588079 1575650 1873347 1798960 1724524 1625284 1625212 1662425 1550848 1526044 1525933 1563206 1687238 1774174 1811385 1563212 1600468 1662409 1563170 1637688 1699645 1563168 1798988 1612882 1736852 1662503 1625203 1575577 1625241 1600388 1736947 1488727 1612861 1637698 1712039 1600460 1513530 1588029 1650008 1637593 1662497 1687315 1538419 1588059 1774166 1612868 1798951 1687300 1749336 1786561 1699726 1724525 1600374 1774154 1662443 1749258 1625277 1563162 1426712 1612873 1625277 1650096 1476397 1525933 1439181 1563240 1587966 1650103 1650080 1724435 1625241 1526036 1786523 1550782 1625295 1612793 1650026 1600468 1650082 1575608 1687226 1538345 1612796 1736841 1736934 1538341 1637639 1464002 1538402 1451542 1513625 1625289 1736884 1650048 1687320 1774152 1749258 1476402 1575617 1563154 1724542 1662469 1327432 1612874 1513589 1637604 1724523 1687273 1600463 1575664 1588054 1488776 1513615 1761658 1650095 1749274 1637596 1625205 1550757 1786556 1525943 1724477 1612795 1712068 1736866 1563248 1513617 1464005 1662417 1600461 1513565 1650021 1724447 1600465 1637595 1563151 1612874 1612848 1674903 1612874 1550849 1476373 1575641]
Requests Number (per Connection):  [127 134 128 137 129 124 128 139 135 124 127 135 135 143 131 126 138 128 130 133 128 132 142 136 127 128 124 137 122 139 125 140 127 125 122 130 135 137 134 140 135 131 132 137 137 126 135 130 126 117 134 125 131 135 117 118 121 120 118 122 122 142 121 134 139 129 131 128 145 136 143 132 120 128 133 134 133 132 128 130 132 123 131 144 133 129 140 137 132 132 133 115 119 136 133 145 132 141 143 135 121 130 124 127 140 120 121 118 139 128 141 136 133 152 132 129 137 127 145 137 135 126 129 135 136 145 136 136 120 137 136 133 129 130 127 140 136 141 126 138 127 127 130 146 131 132 128 135 141 132 128 121 129 119 141 128 137 128 127 151 145 139 131 131 134 125 123 123 126 136 143 146 126 129 134 126 132 137 126 145 130 140 134 131 127 131 129 140 120 130 132 138 129 122 128 133 132 134 136 124 128 143 130 145 136 141 144 137 139 129 143 134 141 131 126 115 130 131 133 119 123 116 126 128 133 133 139 131 123 144 125 131 130 133 129 133 127 136 124 130 140 140 124 132 118 124 117 122 131 140 133 136 143 141 119 127 126 139 134 107 130 122 132 139 136 129 127 128 120 122 142 133 141 132 131 125 144 123 139 130 138 140 126 122 118 134 129 122 133 139 129 132 126 130 130 135 130 125 119 127]
Requests/sec:  5354.734505208334 KB
Transfer/sec:  13312.10859375 KB

