2023-12-03 07:33:21.20111302 +0800 CST m=+43556.479048395
Running 1m0s myx-test @ https://192.168.12.127:6443/apis/apps/v1/namespaces/myx-test/statefulsets
3 connections
Requests/bytes (per Connection):  [31217706 31711078 30197472]
Response/bytes (per Connection):  [51556077 52370850 49871169]
Requests Number (per Connection):  [3733 3792 3611]
Requests/sec:  1515.7268229166666 KB
Transfer/sec:  4018.9510416666667 KB

2023-12-03 07:35:01.515839449 +0800 CST m=+43656.793774833
Running 1m0s myx-test @ https://192.168.12.127:6443/apis/apps/v1/namespaces/myx-test/statefulsets
6 connections
Requests/bytes (per Connection):  [26292157 25012634 25974367 26618297 26024544 25096263]
Response/bytes (per Connection):  [43421583 41308395 42896739 43960200 42979608 41446512]
Requests Number (per Connection):  [3144 2991 3106 3183 3112 3001]
Requests/sec:  2523.08369140625 KB
Transfer/sec:  6689.962548828125 KB

2023-12-03 07:36:41.927941329 +0800 CST m=+43757.205876710
Running 1m0s myx-test @ https://192.168.12.127:6443/apis/apps/v1/namespaces/myx-test/statefulsets
9 connections
Requests/bytes (per Connection):  [19702396 18966455 18832619 19894720 19434739 18715538 19844548 19593637 19476555]
Response/bytes (per Connection):  [32538576 31323129 31102053 32856177 32096469 30908688 32773323 32358900 32165532]
Requests Number (per Connection):  [2356 2268 2252 2379 2324 2238 2373 2343 2329]
Requests/sec:  2839.537874348958 KB
Transfer/sec:  7529.037337239583 KB

2023-12-03 07:38:22.294164953 +0800 CST m=+43857.572100328
Running 1m0s myx-test @ https://192.168.12.127:6443/apis/apps/v1/namespaces/myx-test/statefulsets
15 connections
Requests/bytes (per Connection):  [13330037 12677757 12627579 13622745 12819913 12661031 13238066 12702845 13806726 13196207 13221343 13840180 13196206 13923828 13748207]
Response/bytes (per Connection):  [22014573 20937339 20854467 22498002 21172098 20909715 21862707 20978772 22801851 21793515 21835092 22857105 21793512 22995279 22705233]
Requests Number (per Connection):  [1594 1516 1510 1629 1533 1514 1583 1519 1651 1578 1581 1655 1578 1665 1644]
Requests/sec:  3232.6280924479165 KB
Transfer/sec:  8571.320475260416 KB

2023-12-03 07:40:02.624822868 +0800 CST m=+43957.902758245
Running 1m0s myx-test @ https://192.168.12.127:6443/apis/apps/v1/namespaces/myx-test/statefulsets
30 connections
Requests/bytes (per Connection):  [7141688 7058047 7024595 7275498 7183519 6999506 7317298 6999547 6932604 7467829 7292211 7233697 7208579 7116590 7342388 7476193 7325661 7484560 7208597 7551459 6848984 6882426 7049684 7451104 7484556 7367475 7083152 7275513 7434378 7400941]
Response/bytes (per Connection):  [11794506 11656353 11601105 12015504 11863614 11559669 12084519 11559792 11449179 12333126 12043089 11946486 11904963 11753043 12125958 12346941 12098331 12360765 11905017 12471246 11311089 11366307 11642541 12305505 12360753 12167388 11697837 12015549 12277881 12222678]
Requests Number (per Connection):  [854 844 840 870 859 837 875 837 829 893 872 865 862 851 878 894 876 895 862 903 819 823 843 891 895 881 847 870 889 885]
Requests/sec:  3530.570947265625 KB
Transfer/sec:  9361.312060546876 KB

2023-12-03 07:41:44.554308215 +0800 CST m=+44059.832243883
Running 1m0s myx-test @ https://192.168.12.127:6443/apis/apps/v1/namespaces/myx-test/statefulsets
60 connections
Requests/bytes (per Connection):  [3947129 4164565 4047511 4147840 3989023 4097661 4189654 3980581 4106088 4064210 4189656 3997307 4080970 3980660 4064210 4080936 4014074 3963926 3771509 4022395 4030819 4047561 4097662 3980581 4080936 4089354 3913752 4181291 4014033 4189654 4081012 4106024 3913709 4181361 4047563 4214743 4055847 3988986 4315095 4139509 4030838 4114388 4089344 4047547 3905355 4106034 3980650 4214821 3880305 4131111 3980649 3972277 4047512 3930409 4064210 4239887 4072574 3838474 4122785 4080937]
Response/bytes (per Connection):  [6518643 6877749 6684465 6850128 6587940 6767253 6919185 6573891 6781257 6712008 6919191 6601515 6739734 6574128 6712008 6739632 6629262 6546480 6228600 6642948 6656943 6684615 6767256 6573891 6739632 6753609 6463620 6905373 6629139 6919185 6739860 6781065 6463491 6905583 6684621 6960621 6698196 6587829 7126353 6836412 6657000 6794880 6753579 6684573 6449706 6781095 6574098 6960855 6408387 6822495 6574095 6560256 6684468 6491037 6712008 7002222 6725823 6339279 6808794 6739635]
Requests Number (per Connection):  [472 498 484 496 477 490 501 476 491 486 501 478 488 476 486 488 480 474 451 481 482 484 490 476 488 489 468 500 480 501 488 491 468 500 484 504 485 477 516 495 482 492 489 484 467 491 476 504 464 494 476 475 484 470 486 507 487 459 493 488]
Requests/sec:  3961.9059895833334 KB
Transfer/sec:  10504.998372395834 KB

2023-12-03 07:43:24.969083597 +0800 CST m=+44160.247018971
Running 1m0s myx-test @ https://192.168.12.127:6443/apis/apps/v1/namespaces/myx-test/statefulsets
90 connections
Requests/bytes (per Connection):  [3169459 2968735 3077413 3010505 2910210 3002162 2985476 3010565 2993780 2868395 3060742 2935297 3035654 2876756 3010560 3035591 2885076 2968733 2893482 3085829 3035651 2968748 3110892 3035600 2926917 2910210 3094194 2993839 3018927 3010565 2893474 2968748 3110917 2943609 3135991 2860032 2910208 2960388 3052315 2918570 3018867 2851670 3069070 2960387 2918573 3144370 2960387 3069103 3035653 3027290 2910163 3010563 2885076 2885111 2943661 2901847 2960361 3027290 2893440 2910209 2960387 3018865 3027291 2885121 3018925 3002177 2951999 2818181 3094125 2926936 2926933 3018928 2876758 3035637 2851648 3018874 2968750 2901847 2918573 2876758 3035653 3010563 2993781 2893438 2977111 2935248 3043992 2977071 2868380 2918535]
Response/bytes (per Connection):  [5234394 4902870 5082303 4971795 4806234 4958043 4930539 4971975 4944174 4737174 5054844 4847664 5013411 4750980 4971960 5013222 4764663 4902864 4778604 5096274 5013402 4902909 5137632 5013249 4833801 4806234 5110092 4944351 4985784 4971975 4778580 4902909 5137707 4861323 5179098 4723362 4806228 4889106 5040840 4820037 4985604 4709553 5068551 4889103 4820046 5192958 4889103 5068650 5013408 4999596 4806093 4971969 4764663 4764768 4861479 4792422 4889025 4999596 4778478 4806231 4889103 4985598 4999599 4764798 4985778 4958088 4875216 4654194 5109885 4833858 4833849 4985787 4750986 5013360 4709487 4985625 4902915 4792422 4820046 4750986 5013408 4971969 4944177 4778472 4916721 4847517 5027148 4916601 4737129 4819932]
Requests Number (per Connection):  [379 355 368 360 348 359 357 360 358 343 366 351 363 344 360 363 345 355 346 369 363 355 372 363 350 348 370 358 361 360 346 355 372 352 375 342 348 354 365 349 361 341 367 354 349 376 354 367 363 362 348 360 345 345 352 347 354 362 346 348 354 361 362 345 361 359 353 337 370 350 350 361 344 363 341 361 355 347 349 344 363 360 358 346 356 351 364 356 343 349]
Requests/sec:  4358.395035807292 KB
Transfer/sec:  11556.288199869792 KB

2023-12-03 07:45:05.421637085 +0800 CST m=+44260.699572461
Running 1m0s myx-test @ https://192.168.12.127:6443/apis/apps/v1/namespaces/myx-test/statefulsets
150 connections
Requests/bytes (per Connection):  [1990319 1889937 2007042 2007067 1906679 1931760 1923418 1898341 2007015 2124096 1965241 1831396 1948542 1906663 2032143 1864856 1848122 1898372 1906683 2032104 1889934 1990290 1814671 1739402 1823033 1998693 1864864 1940171 1906660 1906660 1915062 1973564 1806387 2007017 1948477 1889947 1906693 1823075 1931749 1990290 1898298 1881574 2032161 1915025 2023762 2048838 2065555 2032132 2040468 1931804 1940156 1940145 1873211 1948475 1990318 1889937 1931751 1864848 1881572 1873211 1814669 1747765 2032106 2007015 1772856 1806308 1889945 1906660 1973627 1848122 1915023 1873233 1948475 1873211 1881572 1931809 1823033 1831442 1889991 1873249 1756156 1839757 1856493 1948494 2040469 1956900 1948527 1915094 1889937 1948542 1948504 1915024 1873231 1923386 2057195 1848122 1923388 1956838 1948512 1881572 1956905 1973563 1956841 1889937 1923386 1923441 1881572 1898300 1889934 1915046 1956840 1823071 2015378 1906662 1948475 2082294 1931751 1881574 1965201 2099057 1839759 1940114 1873279 2048885 1931749 1831419 1923435 1990342 1931758 1873209 1831394 1856485 1856485 1881645 2007016 1940114 2032106 1915025 1831397 1948513 2107370 1973563 2107371 2023744 1931776 1789620 1898297 1956850 1881644 2032104]
Response/bytes (per Connection):  [3287031 3121209 3314646 3314721 3148881 3190293 3176544 3135144 3314565 3507930 3245628 3024525 3218085 3148833 3356118 3079797 3052149 3135237 3148893 3356001 3121200 3286944 2996904 2872590 3010713 3300876 3079821 3204249 3148824 3148824 3162753 3259320 2983329 3314571 3217890 3121239 3148923 3010839 3190260 3286944 3135015 3107397 3356172 3162642 3342252 3383649 3411246 3356085 3369816 3190425 3204204 3204171 3093585 3217884 3287028 3121209 3190266 3079773 3107391 3093585 2996898 2886402 3356007 3314565 2927844 2983092 3121233 3148824 3259509 3052149 3162636 3093651 3217884 3093585 3107391 3190440 3010713 3024663 3121371 3093699 2900298 3038331 3065985 3217941 3369819 3231882 3218040 3162849 3121209 3218085 3217971 3162639 3093645 3176448 3397443 3052149 3176454 3231696 3217995 3107391 3231897 3259317 3231705 3121209 3176448 3176613 3107391 3135021 3121200 3162705 3231702 3010827 3328377 3148830 3217884 3438909 3190266 3107397 3245508 3466644 3038337 3204078 3093789 3383790 3190260 3024594 3176595 3287100 3190287 3093579 3024519 3065961 3065961 3107610 3314568 3204078 3356007 3162642 3024528 3217998 3480306 3259317 3480309 3342198 3190341 2955582 3135012 3231732 3107607 3356001]
Requests Number (per Connection):  [238 226 240 240 228 231 230 227 240 254 235 219 233 228 243 223 221 227 228 243 226 238 217 208 218 239 223 232 228 228 229 236 216 240 233 226 228 218 231 238 227 225 243 229 242 245 247 243 244 231 232 232 224 233 238 226 231 223 225 224 217 209 243 240 212 216 226 228 236 221 229 224 233 224 225 231 218 219 226 224 210 220 222 233 244 234 233 229 226 233 233 229 224 230 246 221 230 234 233 225 234 236 234 226 230 230 225 227 226 229 234 218 241 228 233 249 231 225 235 251 220 232 224 245 231 219 230 238 231 224 219 222 222 225 240 232 243 229 219 233 252 236 252 242 231 214 227 234 225 243]
Requests/sec:  4700.710026041666 KB
Transfer/sec:  12463.932682291666 KB

2023-12-03 07:46:46.450013143 +0800 CST m=+44361.727948518
Running 1m0s myx-test @ https://192.168.12.127:6443/apis/apps/v1/namespaces/myx-test/statefulsets
300 connections
Requests/bytes (per Connection):  [1145706 1246066 1103823 1128911 1254390 1279461 1095493 1154018 1137274 1120549 1137332 1128986 1095525 1220980 1137298 1120560 1078734 1078734 1070451 1070440 1154001 1162415 1170806 1162442 1195894 1087114 1187482 1112193 1312896 1229318 1229345 1204223 1154010 1154015 1229310 1170727 1137318 1187532 1170726 1162398 1070429 1162414 1170727 1070432 1095482 1170726 1011832 1137284 1195851 1120620 1020273 1137296 1229334 1179089 1187527 1162407 1187461 1254434 1095460 1321337 1187531 1220903 1212541 1103861 1271133 1154039 1212591 1112189 1103872 1170726 1095530 1128991 1120549 1154001 1103855 1162442 1195838 1095539 1204225 1095539 1112265 1087166 1145716 1154011 1045362 1245993 1179168 1145717 1112186 1279519 1045341 1262719 1112265 1204191 1112265 1011831 1154053 1254374 1154080 1112256 1145638 1145715 1187531 1087144 1187458 1128924 1095539 1212607 1095471 1120615 1162380 1287828 1145637 1187453 1162443 1103902 1137325 1237708 1246010 1128978 1170757 1112197 1053713 1070445 1137275 1078768 1246071 1145701 1229346 1162387 1179094 1220904 1187457 1179168 986821 1045335 1204257 1137321 1095492 1128954 1028621 1170780 1254434 1103827 1120628 1195894 1154080 1162442 1128929 1137318 1346347 1162379 1120628 1120628 1087163 1137275 1179168 953370 1095461 1170805 1028557 1204257 1154000 1254356 1154001 1062016 1020231 1254435 1112200 1112265 1154017 1154036 1087098 1154000 1162363 1028610 1237708 1112186 1220983 1145717 1128970 1195873 1212590 1062029 1262740 1262795 1128912 1170806 1036941 1262789 1162363 1154079 1087105 1179168 1070414 1179124 1087097 1036972 1103853 1220970 1229339 1145647 1170786 1179160 1212586 1246071 1112186 1195855 1229267 1154033 1128979 1279445 1137352 1145707 1103902 1195819 1062026 1254434 1053695 1070446 1120549 1053712 1220983 1120628 1120628 1120628 1237635 1204193 1162364 1212541 1062050 1120615 1087136 1145650 1095539 1128946 1220982 1137299 1078763 1120581 1271161 1078813 1162421 1087104 1154062 1103902 1262719 1112213 1087115 1162363 1262718 1237709 1246071 1204178 1112186 1170727 1036941 1187527 1195825 1154000 1154001 1170805 1204257 1137315 1195878 1162427 1187519 1154080 1112221 1103841 1128988 1078738 1220955 1137354 1145716 1170775 1179169 1095540 1162363 1095539 1137328 1246041 1304593 1087176 1103872 1070434 1220904 1321274 1212541 1162415 1170806 1195830 1195815 1128990 1154055 1120624 1103902 1220903 1220904 1170795]
Response/bytes (per Connection):  [1892169 2057925 1822905 1864338 2071620 2113002 1809192 1905828 1878150 1850529 1878324 1864563 1809288 2016498 1878222 1850562 1781469 1781469 1767897 1767864 1905777 1919742 1933638 1919823 1975071 1795332 1961112 1836738 2168199 2030235 2030316 1988781 1905804 1905819 2030211 1933401 1878282 1961262 1933398 1919691 1767831 1919739 1933401 1767840 1809159 1933398 1670979 1878180 1974942 1850742 1685025 1878216 2030283 1947210 1961247 1919718 1961049 2071752 1809093 2182245 1961259 2016267 2002458 1823019 2099295 1905891 2002608 1836726 1823052 1933398 1809303 1864578 1850529 1905777 1823001 1919823 1974903 1809330 1988787 1809330 1836954 1795488 1892199 1905807 1726461 2057706 1947447 1892202 1836717 2113176 1726398 2085330 1836954 1988685 1836954 1670976 1905933 2071572 1906014 1836927 1891965 1892196 1961259 1795422 1961040 1864377 1809330 2002656 1809126 1850727 1919637 2126826 1891962 1961025 1919826 1823142 1878303 2044128 2057757 1864539 1933491 1836750 1740237 1767879 1878153 1781571 2057940 1892154 2030319 1919658 1947225 2016270 1961037 1947447 1629777 1726380 1988883 1878291 1809189 1864467 1698792 1933560 2071752 1822917 1850766 1975071 1906014 1919823 1864392 1878282 2223444 1919634 1850766 1850766 1795479 1878153 1947447 1574532 1809096 1933635 1698600 1988883 1905774 2071518 1905777 1753869 1684899 2071755 1836759 1836954 1905825 1905882 1795284 1905774 1919586 1698759 2044128 1836717 2016507 1892202 1864515 1975008 2002605 1753908 2085393 2085558 1864341 1933638 1712475 2085540 1919586 1906011 1795305 1947447 1767786 1947315 1795281 1712568 1822995 2016468 2030298 1891992 1933578 1947423 2002593 2057940 1836717 1974954 2030082 1905873 1864542 2112954 1878384 1892172 1823142 1974846 1753899 2071752 1740183 1767882 1850529 1740234 2016507 1850766 1850766 1850766 2043909 1988691 1919589 2002458 1753971 1850727 1795398 1892001 1809330 1864443 2016504 1878225 1781556 1850625 2099379 1781706 1919760 1795302 1905960 1823142 2085330 1836798 1795335 1919586 2085327 2044131 2057940 1988646 1836717 1933401 1712475 1961247 1974864 1905774 1905777 1933635 1988883 1878273 1975023 1919778 1961223 1906014 1836822 1822959 1864569 1781481 2016423 1878390 1892199 1933545 1947450 1809333 1919586 1809330 1878312 2057850 2154567 1795518 1823052 1767846 2016270 2182056 2002458 1919742 1933638 1974879 1974834 1864575 1905939 1850754 1823142 2016267 2016270 1933605]
Requests Number (per Connection):  [137 149 132 135 150 153 131 138 136 134 136 135 131 146 136 134 129 129 128 128 138 139 140 139 143 130 142 133 157 147 147 144 138 138 147 140 136 142 140 139 128 139 140 128 131 140 121 136 143 134 122 136 147 141 142 139 142 150 131 158 142 146 145 132 152 138 145 133 132 140 131 135 134 138 132 139 143 131 144 131 133 130 137 138 125 149 141 137 133 153 125 151 133 144 133 121 138 150 138 133 137 137 142 130 142 135 131 145 131 134 139 154 137 142 139 132 136 148 149 135 140 133 126 128 136 129 149 137 147 139 141 146 142 141 118 125 144 136 131 135 123 140 150 132 134 143 138 139 135 136 161 139 134 134 130 136 141 114 131 140 123 144 138 150 138 127 122 150 133 133 138 138 130 138 139 123 148 133 146 137 135 143 145 127 151 151 135 140 124 151 139 138 130 141 128 141 130 124 132 146 147 137 140 141 145 149 133 143 147 138 135 153 136 137 132 143 127 150 126 128 134 126 146 134 134 134 148 144 139 145 127 134 130 137 131 135 146 136 129 134 152 129 139 130 138 132 151 133 130 139 151 148 149 144 133 140 124 142 143 138 138 140 144 136 143 139 142 138 133 132 135 129 146 136 137 140 141 131 139 131 136 149 156 130 132 128 146 158 145 139 140 143 143 135 138 134 132 146 146 140]
Requests/sec:  5630.482600911459 KB
Transfer/sec:  14929.227620442709 KB

