2023-12-01 17:45:11.38809804 +0800 CST m=+4842.148939013
Running 1m0s myx-test @ https://192.168.12.127:6443/api/v1/namespaces/myx-test/configmaps
3 connections
Requests/bytes (per Connection):  [17419680 14484140 16602461]
Response/bytes (per Connection):  [25432200 21146402 24239085]
Requests Number (per Connection):  [1620 1347 1544]
Requests/sec:  789.4902506510417 KB
Transfer/sec:  1942.121875 KB

2023-12-01 17:47:22.59465753 +0800 CST m=+4973.355498517
Running 1m0s myx-test @ https://192.168.12.127:6443/api/v1/namespaces/myx-test/configmaps
6 connections
Requests/bytes (per Connection):  [28817745 30323150 29183343 29086570 28634945 30323150]
Response/bytes (per Connection):  [42073025 44270870 42606787 42465500 41806143 44270870]
Requests Number (per Connection):  [2680 2820 2714 2705 2663 2820]
Requests/sec:  2870.587613932292 KB
Transfer/sec:  7061.557584635417 KB

2023-12-01 17:49:33.936273697 +0800 CST m=+5104.697114669
Running 1m0s myx-test @ https://192.168.12.127:6443/api/v1/namespaces/myx-test/configmaps
9 connections
Requests/bytes (per Connection):  [23161726 23677862 22753116 22419776 23183230 23656360 22634833 23355279 23193983]
Response/bytes (per Connection):  [33815410 34568954 33218852 32732186 33846806 34537560 33046163 34097991 33862505]
Requests Number (per Connection):  [2154 2202 2116 2085 2156 2200 2105 2172 2157]
Requests/sec:  3386.0052897135415 KB
Transfer/sec:  8329.469270833333 KB

2023-12-01 17:51:45.184925495 +0800 CST m=+5235.945766477
Running 1m0s myx-test @ https://192.168.12.127:6443/api/v1/namespaces/myx-test/configmaps
15 connections
Requests/bytes (per Connection):  [14215321 13731442 14365862 13914241 14107792 14290592 13838971 14355109 14161556 14226072 13968003 14247580 13968004 14312096 14279838]
Response/bytes (per Connection):  [20753933 20047484 20973718 20314365 20596944 20863826 20204473 20958019 20675438 20769630 20392857 20801030 20392858 20895222 20848126]
Requests Number (per Connection):  [1322 1277 1336 1294 1312 1329 1287 1335 1317 1323 1299 1325 1299 1331 1328]
Requests/sec:  3450.235660807292 KB
Transfer/sec:  8487.473990885417 KB

2023-12-01 17:53:56.456137436 +0800 CST m=+5367.216978400
Running 1m0s myx-test @ https://192.168.12.127:6443/api/v1/namespaces/myx-test/configmaps
30 connections
Requests/bytes (per Connection):  [7182930 7419494 7139920 7484011 7311964 7322719 7376482 7193682 7419494 7225942 7311967 7387235 7441000 7172177 7430249 7204437 7311965 7236694 7279704 7430247 7451753 7172177 7397990 7548527 7484011 7484013 7064648 7354979 7333469 7032389]
Response/bytes (per Connection):  [10486858 10832234 10424064 10926427 10675244 10690945 10769438 10502556 10832234 10549654 10675247 10785137 10863632 10471159 10847935 10518257 10675245 10565352 10628146 10847933 10879331 10471159 10800838 11020619 10926427 10926429 10314170 10738043 10706641 10267073]
Requests Number (per Connection):  [668 690 664 696 680 681 686 669 690 672 680 687 692 667 691 670 680 673 677 691 693 667 688 702 696 696 657 684 682 654]
Requests/sec:  3574.3207845052084 KB
Transfer/sec:  8792.719661458334 KB

2023-12-01 17:56:07.812453313 +0800 CST m=+5498.573294294
Running 1m0s myx-test @ https://192.168.12.127:6443/api/v1/namespaces/myx-test/configmaps
60 connections
Requests/bytes (per Connection):  [4000076 3914053 3914052 4043084 3989320 3967818 3946312 3914053 3849536 3860289 3795769 3892544 3860289 3935555 3946312 4000073 3881795 3838783 3774265 3903299 3946310 3935558 3957063 3935557 3967816 4010827 4107603 3838781 3742005 3752757 3871039 4021578 3828028 4075345 3935559 4043088 3924804 3914051 3946312 3817277 3935557 3957063 3806524 3957065 3838779 3774265 3881790 3978569 4032334 3838781 3849535 3838781 4043086 3957065 3860289 3924806 4000077 4021582 3946310 3860287]
Response/bytes (per Connection):  [5839988 5714397 5714396 5902780 5824286 5792892 5761494 5714397 5620204 5635903 5541707 5682996 5635903 5745791 5761494 5839985 5667301 5604505 5510311 5698697 5761492 5745794 5777191 5745793 5792890 5855685 5996975 5604503 5463213 5478911 5651599 5871382 5588804 5949879 5745795 5902784 5730094 5714395 5761494 5573107 5745793 5777191 5557408 5777193 5604501 5510311 5667296 5808589 5887084 5604503 5620203 5604503 5902782 5777193 5635903 5730096 5839989 5871386 5761492 5635901]
Requests Number (per Connection):  [372 364 364 376 371 369 367 364 358 359 353 362 359 366 367 372 361 357 351 363 367 366 368 366 369 373 382 357 348 349 360 374 356 379 366 376 365 364 367 355 366 368 354 368 357 351 361 370 375 357 358 357 376 368 359 365 372 374 367 359]
Requests/sec:  3826.5166015625 KB
Transfer/sec:  9413.113671875 KB

2023-12-01 17:58:19.131121912 +0800 CST m=+5629.891962943
Running 1m0s myx-test @ https://192.168.12.127:6443/api/v1/namespaces/myx-test/configmaps
90 connections
Requests/bytes (per Connection):  [2914033 3032317 2817258 2871021 3000056 2935541 2903279 2935540 2860268 2817258 2935540 2957044 3118338 2881773 3010809 3086081 2871023 2881776 2935540 2849515 3053819 3043067 3010809 2881776 2914033 2914030 3021562 3021559 2946291 2935540 3010809 2967797 2967799 2946291 2967795 2989305 2871023 2914032 3000058 2946289 2828011 2828011 2978551 2989303 2731235 2892527 2903279 2892529 2860270 2967797 3021563 3107585 2914034 2871023 3021560 2989305 2914034 3010809 2967800 2935540 2914033 2989301 2828011 3032317 2881774 2892527 2946290 2935538 2828007 3043069 2989303 2817257 2935539 2903279 2935538 3021562 2935540 2946291 2903277 2935538 3000056 2957042 2946291 2860268 3000056 3064572 2828008 2914034 2967799 3032315]
Response/bytes (per Connection):  [4254399 4427089 4113110 4191603 4379990 4285799 4238699 4285798 4175904 4113110 4285798 4317194 4552678 4207301 4395689 4505583 4191605 4207304 4285798 4160205 4458483 4442785 4395689 4207304 4254399 4254396 4411388 4411385 4301495 4285798 4395689 4332893 4332895 4301495 4332891 4364293 4191605 4254398 4379992 4301493 4128809 4128809 4348593 4364291 3987519 4223001 4238699 4223003 4175906 4332893 4411389 4536979 4254400 4191605 4411386 4364293 4254400 4395689 4332896 4285798 4254399 4364289 4128809 4427089 4207302 4223001 4301494 4285796 4128805 4442787 4364291 4113109 4285797 4238699 4285796 4411388 4285798 4301495 4238697 4285796 4379990 4317192 4301495 4175904 4379990 4474182 4128806 4254400 4332895 4427087]
Requests Number (per Connection):  [271 282 262 267 279 273 270 273 266 262 273 275 290 268 280 287 267 268 273 265 284 283 280 268 271 271 281 281 274 273 280 276 276 274 276 278 267 271 279 274 263 263 277 278 254 269 270 269 266 276 281 289 271 267 281 278 271 280 276 273 271 278 263 282 268 269 274 273 263 283 278 262 273 270 273 281 273 274 270 273 279 275 274 266 279 285 263 271 276 282]
Requests/sec:  4309.0314453125 KB
Transfer/sec:  10600.08544921875 KB

2023-12-01 18:00:30.745054995 +0800 CST m=+5761.505895974
Running 1m0s myx-test @ https://192.168.12.127:6443/api/v1/namespaces/myx-test/configmaps
150 connections
Requests/bytes (per Connection):  [2010790 2021545 2021541 1935520 1967778 2000039 2075308 1806486 1795734 2010790 1946270 1935522 1946272 1989286 1871002 1924767 1871002 2075307 2043051 1946273 1892506 1871004 1914014 1892508 1924767 1957028 1903261 1967779 2000040 1860247 1989282 1957025 1957026 1957028 1871004 1914014 1924769 1924767 1914016 1903263 1881757 1978534 2139825 1935522 1903261 1946275 1978531 1914012 1989284 1946271 1957028 1849497 1978533 1838746 2000037 1817237 1946272 1946271 2053803 1946275 2053804 1914014 2032296 1817240 2032294 2021541 2032298 1871003 1817239 2053804 1978533 1892508 1924767 1967777 2043049 1914014 1871002 1827991 2043051 1989285 1935520 2000035 1924768 1957027 1935521 1957023 2010790 2021543 1935522 1935522 1849499 2010792 1817240 2064555 1967779 1795732 1924767 1914016 1924767 1903263 1978533 1849499 1914014 1914012 1989285 1967779 2010790 2021545 2086059 2000035 1957025 1978531 2086058 1967776 1914014 1967780 1860252 2064555 1892508 1914016 1892510 2000037 1935519 1935519 2021541 2064554 1774228 1881757 2010791 1957025 1924765 2086059 1935522 2032296 2021545 1838742 2000040 1935518 1989287 1935521 1914014 1924765 1989285 1914016 2000039 1967781 1731214 2043049 1903263 1989284]
Response/bytes (per Connection):  [2935692 2951393 2951389 2825800 2872896 2919995 3029886 2637414 2621716 2935692 2841496 2825802 2841498 2904296 2731606 2810101 2731606 3029885 2982791 2841499 2763002 2731608 2794402 2763004 2810101 2857200 2778703 2872897 2919996 2715905 2904292 2857197 2857198 2857200 2731608 2794402 2810103 2810101 2794404 2778705 2747307 2888598 3124079 2825802 2778703 2841501 2888595 2794400 2904294 2841497 2857200 2700209 2888597 2684512 2919993 2653111 2841498 2841497 2998489 2841501 2998490 2794402 2967090 2653114 2967088 2951389 2967092 2731607 2653113 2998490 2888597 2763004 2810101 2872895 2982789 2794402 2731606 2668811 2982791 2904295 2825800 2919991 2810102 2857199 2825801 2857195 2935692 2951391 2825802 2825802 2700211 2935694 2653114 3014187 2872897 2621714 2810101 2794404 2810101 2778705 2888597 2700211 2794402 2794400 2904295 2872897 2935692 2951393 3045583 2919991 2857197 2888595 3045582 2872894 2794402 2872898 2715910 3014187 2763004 2794404 2763006 2919993 2825799 2825799 2951389 3014186 2590318 2747307 2935693 2857197 2810099 3045583 2825802 2967090 2951393 2684508 2919996 2825798 2904297 2825801 2794402 2810099 2904295 2794404 2919995 2872899 2527520 2982789 2778705 2904294]
Requests Number (per Connection):  [187 188 188 180 183 186 193 168 167 187 181 180 181 185 174 179 174 193 190 181 176 174 178 176 179 182 177 183 186 173 185 182 182 182 174 178 179 179 178 177 175 184 199 180 177 181 184 178 185 181 182 172 184 171 186 169 181 181 191 181 191 178 189 169 189 188 189 174 169 191 184 176 179 183 190 178 174 170 190 185 180 186 179 182 180 182 187 188 180 180 172 187 169 192 183 167 179 178 179 177 184 172 178 178 185 183 187 188 194 186 182 184 194 183 178 183 173 192 176 178 176 186 180 180 188 192 165 175 187 182 179 194 180 189 188 171 186 180 185 180 178 179 185 178 186 183 161 190 177 185]
Requests/sec:  4759.169026692708 KB
Transfer/sec:  11707.4099609375 KB

2023-12-01 18:02:42.354572248 +0800 CST m=+5893.115413240
Running 1m0s myx-test @ https://192.168.12.127:6443/api/v1/namespaces/myx-test/configmaps
300 connections
Requests/bytes (per Connection):  [1182818 1043030 1129054 1215077 1096797 1182818 1107548 1236580 1182818 1075289 989266 1172065 1075289 1075289 1129053 1161310 1172065 1258088 1118300 1107548 1118301 1064536 1193571 1150559 1161312 1172065 1193571 1043031 1118301 1107550 1086044 1139804 1118300 1043031 1129053 1215077 1150559 1182818 1129054 1139807 1139805 1215077 1193569 1182818 1107548 1129053 1215075 1118301 1075289 1086042 1193571 1064536 1075289 1150559 1182818 1064536 1150559 1000019 1225827 1150559 1021525 1064537 1236583 1150559 1118303 1000017 1311853 1096797 1118300 1139805 1193571 1064537 1268841 1086042 1118300 1161313 1107546 1118301 1215077 1010771 989266 1096797 1096795 1172063 1139806 1075289 1150559 1107550 1172065 1311853 1182818 1139806 1182818 1064536 1172065 1204322 1172065 1182818 1225828 1075289 1236583 1247335 1182818 1129054 1172065 1182817 1096794 1096795 1172064 1129053 1150560 1075287 1182818 1118301 1182818 1118300 1053783 1182818 1086042 1193571 1096795 1118302 1107546 1139808 1118301 1021522 1043030 1021524 1075289 1161313 1107547 1107548 1150559 1204324 946254 1053781 1129054 1161312 1064536 1064536 1236583 1139806 913998 1118299 1161312 1139807 1182818 1129054 1139807 1075289 1182818 1139806 1225830 1139807 1161312 1139807 1096795 1215076 1225829 1064536 1096794 1043030 1064536 1172066 1204324 1075289 1118301 1150559 1118300 1236582 1129054 1118301 1161312 1096795 1032277 1193571 1247336 1096794 1150560 1268841 1182818 1075289 1118303 1064536 1043028 1236582 1150559 1075289 1182818 1161312 1096795 1193571 1021526 1129053 1129053 1247335 1129054 1247335 1172065 1172064 1150559 1053784 1010772 1129053 1129053 1247335 1172065 1161312 1182818 1139807 1172065 1150560 1247334 1086040 1096795 1258088 1150559 1182818 1075289 1193571 1182818 1182818 1129054 1225830 1107546 1268841 1215077 1064536 1139806 1172066 1129054 1150560 1075289 1139806 1204324 1150560 1139807 989266 1107547 1053784 1193571 1075289 1161312 1139806 1086044 1161313 1129053 1150559 1204324 1150559 1150559 1139809 1139806 1279595 1118299 1107546 1161311 1053783 1086042 1139807 1096794 1193571 1172065 1075289 1053783 1096795 1236583 1172065 1107548 1204324 1150561 1333359 1172064 1129053 1150562 1129053 1268839 1053783 1311851 1129054 1182818 1172065 1096795 1161313 1182818 1150559 967760 1129053 1118301 1150559 1075289 1161311 1139807 1258088 1075289 1118303 1150562 1150559 1107548 1064536]
Response/bytes (per Connection):  [1726878 1522792 1648384 1773975 1601289 1726878 1616986 1805370 1726878 1569889 1444298 1711179 1569889 1569889 1648383 1695478 1711179 1836770 1632684 1616986 1632685 1554190 1742577 1679781 1695480 1711179 1742577 1522793 1632685 1616988 1585590 1664080 1632684 1522793 1648383 1773975 1679781 1726878 1648384 1664083 1664081 1773975 1742575 1726878 1616986 1648383 1773973 1632685 1569889 1585588 1742577 1554190 1569889 1679781 1726878 1554190 1679781 1459997 1789671 1679781 1491395 1554191 1805373 1679781 1632687 1459995 1915265 1601289 1632684 1664081 1742577 1554191 1852469 1585588 1632684 1695481 1616984 1632685 1773975 1475695 1444298 1601289 1601287 1711177 1664082 1569889 1679781 1616988 1711179 1915265 1726878 1664082 1726878 1554190 1711179 1758274 1711179 1726878 1789672 1569889 1805373 1821071 1726878 1648384 1711179 1726877 1601286 1601287 1711178 1648383 1679782 1569887 1726878 1632685 1726878 1632684 1538491 1726878 1585588 1742577 1601287 1632686 1616984 1664084 1632685 1491392 1522792 1491394 1569889 1695481 1616985 1616986 1679781 1758276 1381502 1538489 1648384 1695480 1554190 1554190 1805373 1664082 1334408 1632683 1695480 1664083 1726878 1648384 1664083 1569889 1726878 1664082 1789674 1664083 1695480 1664083 1601287 1773974 1789673 1554190 1601286 1522792 1554190 1711180 1758276 1569889 1632685 1679781 1632684 1805372 1648384 1632685 1695480 1601287 1507093 1742577 1821072 1601286 1679782 1852469 1726878 1569889 1632687 1554190 1522790 1805372 1679781 1569889 1726878 1695480 1601287 1742577 1491396 1648383 1648383 1821071 1648384 1821071 1711179 1711178 1679781 1538492 1475696 1648383 1648383 1821071 1711179 1695480 1726878 1664083 1711179 1679782 1821070 1585586 1601287 1836770 1679781 1726878 1569889 1742577 1726878 1726878 1648384 1789674 1616984 1852469 1773975 1554190 1664082 1711180 1648384 1679782 1569889 1664082 1758276 1679782 1664083 1444298 1616985 1538492 1742577 1569889 1695480 1664082 1585590 1695481 1648383 1679781 1758276 1679781 1679781 1664085 1664082 1868169 1632683 1616984 1695479 1538491 1585588 1664083 1601286 1742577 1711179 1569889 1538491 1601287 1805373 1711179 1616986 1758276 1679783 1946663 1711178 1648383 1679784 1648383 1852467 1538491 1915263 1648384 1726878 1711179 1601287 1695481 1726878 1679781 1412900 1648383 1632685 1679781 1569889 1695479 1664083 1836770 1569889 1632687 1679784 1679781 1616986 1554190]
Requests Number (per Connection):  [110 97 105 113 102 110 103 115 110 100 92 109 100 100 105 108 109 117 104 103 104 99 111 107 108 109 111 97 104 103 101 106 104 97 105 113 107 110 105 106 106 113 111 110 103 105 113 104 100 101 111 99 100 107 110 99 107 93 114 107 95 99 115 107 104 93 122 102 104 106 111 99 118 101 104 108 103 104 113 94 92 102 102 109 106 100 107 103 109 122 110 106 110 99 109 112 109 110 114 100 115 116 110 105 109 110 102 102 109 105 107 100 110 104 110 104 98 110 101 111 102 104 103 106 104 95 97 95 100 108 103 103 107 112 88 98 105 108 99 99 115 106 85 104 108 106 110 105 106 100 110 106 114 106 108 106 102 113 114 99 102 97 99 109 112 100 104 107 104 115 105 104 108 102 96 111 116 102 107 118 110 100 104 99 97 115 107 100 110 108 102 111 95 105 105 116 105 116 109 109 107 98 94 105 105 116 109 108 110 106 109 107 116 101 102 117 107 110 100 111 110 110 105 114 103 118 113 99 106 109 105 107 100 106 112 107 106 92 103 98 111 100 108 106 101 108 105 107 112 107 107 106 106 119 104 103 108 98 101 106 102 111 109 100 98 102 115 109 103 112 107 124 109 105 107 105 118 98 122 105 110 109 102 108 110 107 90 105 104 107 100 108 106 117 100 104 107 107 103 99]
Requests/sec:  5556.885042317708 KB
Transfer/sec:  13669.766927083334 KB

