2023-12-03 02:09:58.227664467 +0800 CST m=+24153.505599841
Running 1m0s myx-test @ https://192.168.12.127:6443/apis/apps/v1/namespaces/myx-test/controllerrevisions
3 connections
Requests/bytes (per Connection):  [34021827 33946411 31392349]
Response/bytes (per Connection):  [49573209 49463311 45741787]
Requests Number (per Connection):  [3157 3150 2913]
Requests/sec:  1617.1970540364584 KB
Transfer/sec:  3973.614811197917 KB

2023-12-03 02:11:38.644673313 +0800 CST m=+24253.922608689
Running 1m0s myx-test @ https://192.168.12.127:6443/apis/apps/v1/namespaces/myx-test/controllerrevisions
6 connections
Requests/bytes (per Connection):  [25066429 26284219 25400555 26424270 25799261 25088009]
Response/bytes (per Connection):  [36524305 38298733 37011137 38502822 37592105 36555737]
Requests Number (per Connection):  [2326 2439 2357 2452 2394 2328]
Requests/sec:  2507.5316243489583 KB
Transfer/sec:  6161.256217447916 KB

2023-12-03 02:13:19.062168317 +0800 CST m=+24354.340103693
Running 1m0s myx-test @ https://192.168.12.127:6443/apis/apps/v1/namespaces/myx-test/controllerrevisions
9 connections
Requests/bytes (per Connection):  [20475571 19354833 20292363 20335459 19990670 20098439 19559579 20055272 19807428]
Response/bytes (per Connection):  [29834971 28201929 29568021 29630821 29128400 29285429 28500269 29222558 28861416]
Requests Number (per Connection):  [1900 1796 1883 1887 1855 1865 1815 1861 1838]
Requests/sec:  2929.192936197917 KB
Transfer/sec:  7197.321419270834 KB

2023-12-03 02:14:59.46880025 +0800 CST m=+24454.746735667
Running 1m0s myx-test @ https://192.168.12.127:6443/apis/apps/v1/namespaces/myx-test/controllerrevisions
15 connections
Requests/bytes (per Connection):  [11875825 11681878 12102138 12199130 12242240 11725027 12134469 11843494 12037477 12360786 12026701 12285347 12220686 11940528 12231463]
Response/bytes (per Connection):  [17304277 17021662 17634036 17775362 17838176 17084515 17681145 17257168 17539819 18010908 17524117 17900987 17806770 17398536 17822473]
Requests Number (per Connection):  [1102 1084 1123 1132 1136 1088 1126 1099 1117 1147 1116 1140 1134 1108 1135]
Requests/sec:  2944.452945963542 KB
Transfer/sec:  7234.816731770833 KB

2023-12-03 02:16:39.957168806 +0800 CST m=+24555.235104181
Running 1m0s myx-test @ https://192.168.12.127:6443/apis/apps/v1/namespaces/myx-test/controllerrevisions
30 connections
Requests/bytes (per Connection):  [6983255 6767734 6843142 7058691 7069485 6853912 6778492 7004826 6950939 6950940 6821618 6810841 7047915 7209573 7069438 7155700 6756957 7047933 7112545 6821616 7037156 6886280 6875497 6886279 6972495 7123362 7112593 6670740 7112592 7047931]
Response/bytes (per Connection):  [10175303 9861262 9971152 10285221 10300941 9986848 9876946 10206726 10128209 10128210 9939776 9924073 10269519 10505067 10300894 10426564 9845559 10269537 10363705 9939774 10253834 10033994 10018285 10033993 10159617 10379448 10363753 9719934 10363752 10269535]
Requests Number (per Connection):  [648 628 635 655 656 636 629 650 645 645 633 632 654 669 656 664 627 654 660 633 653 639 638 639 647 661 660 619 660 654]
Requests/sec:  3399.0963053385417 KB
Transfer/sec:  8351.919075520833 KB

2023-12-03 02:18:20.457991669 +0800 CST m=+24655.735927047
Running 1m0s myx-test @ https://192.168.12.127:6443/apis/apps/v1/namespaces/myx-test/controllerrevisions
60 connections
Requests/bytes (per Connection):  [3922712 3761059 4095138 4095107 3987373 3933484 3965757 4019700 4030479 3933488 4030430 4052035 3987374 4181358 3955019 3922705 4181358 4008909 3890371 4213687 3976528 3944266 4041257 3857993 3911934 4170579 4052035 4105918 3836495 3793389 4030479 4159759 4073569 3911933 4008925 4192062 3998084 3976592 3954986 4084363 3890381 4041258 4170581 3987361 4084314 3998149 3998148 3944216 3879545 3987374 4051983 4030479 4224410 3955041 4138249 3868828 4051960 4127472 3998095 4084364]
Response/bytes (per Connection):  [5715776 5480233 5967018 5966987 5809993 5731474 5778525 5857098 5872803 5731478 5872754 5904211 5809994 6092646 5762861 5715769 6092646 5841381 5668657 6139753 5794222 5747182 5888507 5621501 5700072 6076941 5904211 5982724 5590151 5527341 5872803 6061195 5935597 5700071 5841397 6108276 5825630 5794286 5762828 5951317 5668667 5888508 6076943 5809981 5951268 5825695 5825694 5747132 5652905 5809994 5904159 5872803 6155402 5762883 6029833 5637262 5904136 6014130 5825641 5951318]
Requests Number (per Connection):  [364 349 380 380 370 365 368 373 374 365 374 376 370 388 367 364 388 372 361 391 369 366 375 358 363 387 376 381 356 352 374 386 378 363 372 389 371 369 367 379 361 375 387 370 379 371 371 366 360 370 376 374 392 367 384 359 376 383 371 379]
Requests/sec:  3918.6343912760417 KB
Transfer/sec:  9628.475911458334 KB

2023-12-03 02:20:00.952767264 +0800 CST m=+24756.230702639
Running 1m0s myx-test @ https://192.168.12.127:6443/apis/apps/v1/namespaces/myx-test/controllerrevisions
90 connections
Requests/bytes (per Connection):  [2845021 2758840 2823469 2823467 2823505 2963567 2758828 2866575 2898908 2855833 2748029 2866575 2866576 2995898 2952790 2748031 2726475 2877352 2888147 2920467 2748029 2920459 2780360 2909712 2952792 2974353 2801923 2834249 2672590 2726522 2952791 2855814 2845021 2651037 2791141 2909713 2877352 2769592 2672632 2780360 2845022 2845021 2694145 2823500 2758828 2683370 2780362 2748031 2845057 2737293 2834246 2801954 2834246 2726476 2888161 2823470 2877375 2823505 2931244 2866575 2898931 2898916 2737254 2737253 2834244 2823470 2823467 2758808 2942013 2855798 2780359 2909683 2812726 2801916 2748074 2942014 2737256 2845047 2995898 2769626 2715730 2812691 2801914 2834271 2866575 2920460 2801916 2791137 2877352 2952790]
Response/bytes (per Connection):  [4145485 4019896 4114081 4114079 4114117 4318217 4019884 4176891 4224002 4161223 4004159 4176891 4176892 4365326 4302514 4004161 3972753 4192594 4208315 4255413 4004159 4255405 4051268 4239732 4302516 4333929 4082683 4129787 3894238 3972800 4302515 4161204 4145485 3862833 4066975 4239733 4192594 4035574 3894280 4051268 4145486 4145485 3925645 4114112 4019884 3909944 4051270 4004161 4145521 3988497 4129784 4082714 4129784 3972754 4208329 4114082 4192617 4114117 4271116 4176891 4224025 4224010 3988458 3988457 4129782 4114082 4114079 4019864 4286811 4161188 4051267 4239703 4098412 4082676 4004204 4286812 3988460 4145511 4365326 4035608 3957082 4098377 4082674 4129809 4176891 4255406 4082676 4066971 4192594 4302514]
Requests Number (per Connection):  [264 256 262 262 262 275 256 266 269 265 255 266 266 278 274 255 253 267 268 271 255 271 258 270 274 276 260 263 248 253 274 265 264 246 259 270 267 257 248 258 264 264 250 262 256 249 258 255 264 254 263 260 263 253 268 262 267 262 272 266 269 269 254 254 263 262 262 256 273 265 258 270 261 260 255 273 254 264 278 257 252 261 260 263 266 271 260 259 267 274]
Requests/sec:  4144.372802734375 KB
Transfer/sec:  10183.13896484375 KB

2023-12-03 02:21:41.533635951 +0800 CST m=+24856.811571338
Running 1m0s myx-test @ https://192.168.12.127:6443/apis/apps/v1/namespaces/myx-test/controllerrevisions
150 connections
Requests/bytes (per Connection):  [1875125 1929065 1853553 1842849 1993647 2047531 1864404 1961317 1799672 1821257 1907487 1907482 1864324 1821217 1875181 1918209 1875101 1875106 1907466 1735081 1939762 1972173 1778120 1821217 1853547 1918235 2004424 1972168 1982870 1735081 1939827 1918288 2047611 1918255 1842850 1896681 2058327 2047532 1853548 2047583 1972170 1778109 1831993 1896701 1864368 2004466 1907493 1778188 1875121 1756568 1832033 1918209 1875131 2004490 2026036 2004496 1810503 1961353 1907451 1972111 1950540 1842771 1842845 1810469 1929007 1810488 1939782 1950618 1832046 1907511 1842850 1864325 1982896 1939842 1702750 1724271 1907505 1767384 1907432 1918288 1853591 1842788 1982898 1864404 2026023 1896657 1950540 1907432 1972173 1939763 1821217 1885878 1842783 2079863 1885880 1907436 1810440 1918223 2101414 1864325 1875181 1810519 1821217 1918288 2015223 1799663 1950618 1799687 1875181 1767391 1799729 1961332 1875180 1832003 1950540 1875171 1929030 1885878 1821217 1832073 1864361 1929012 1875181 1961316 1907466 1907493 1950619 1832026 1853619 1810469 1972093 1961338 1885891 1907503 1864354 1993647 2004431 1821232 1972163 1929012 1810518 1832072 1907456 1832000 1885957 1907435 1939763 1821218 1831993 1896717]
Response/bytes (per Connection):  [2732249 2810819 2700825 2685195 2904957 2983471 2716602 2857849 2622314 2653751 2779389 2779384 2716522 2653711 2732305 2795037 2732225 2732230 2779368 2528167 2826442 2873631 2590910 2653711 2700819 2795063 2920660 2873626 2889254 2528167 2826507 2795116 2983551 2795083 2685196 2763657 2999193 2983472 2700820 2983523 2873628 2590899 2669413 2763677 2716566 2920702 2779395 2590978 2732245 2559506 2669453 2795037 2732255 2920726 2952124 2920732 2638071 2857885 2779353 2873569 2842146 2685117 2685191 2638037 2810761 2638056 2826462 2842224 2669466 2779413 2685196 2716523 2889280 2826522 2481058 2512431 2779407 2575248 2779334 2795116 2700863 2685134 2889282 2716602 2952111 2763633 2842146 2779334 2873631 2826443 2653711 2747928 2685129 3030581 2747930 2779338 2638008 2795051 3061984 2716523 2732305 2638087 2653711 2795116 2936385 2622305 2842224 2622329 2732305 2575255 2622371 2857864 2732304 2669423 2842146 2732295 2810784 2747928 2653711 2669493 2716559 2810766 2732305 2857848 2779368 2779395 2842225 2669446 2700891 2638037 2873551 2857870 2747941 2779405 2716552 2904957 2920667 2653726 2873621 2810766 2638086 2669492 2779358 2669420 2748007 2779337 2826443 2653712 2669413 2763693]
Requests Number (per Connection):  [174 179 172 171 185 190 173 182 167 169 177 177 173 169 174 178 174 174 177 161 180 183 165 169 172 178 186 183 184 161 180 178 190 178 171 176 191 190 172 190 183 165 170 176 173 186 177 165 174 163 170 178 174 186 188 186 168 182 177 183 181 171 171 168 179 168 180 181 170 177 171 173 184 180 158 160 177 164 177 178 172 171 184 173 188 176 181 177 183 180 169 175 171 193 175 177 168 178 195 173 174 168 169 178 187 167 181 167 174 164 167 182 174 170 181 174 179 175 169 170 173 179 174 182 177 177 181 170 172 168 183 182 175 177 173 185 186 169 183 179 168 170 177 170 175 177 180 169 170 176]
Requests/sec:  4625.504345703125 KB
Transfer/sec:  11365.32421875 KB

2023-12-03 02:23:22.1760395 +0800 CST m=+24957.453974890
Running 1m0s myx-test @ https://192.168.12.127:6443/apis/apps/v1/namespaces/myx-test/controllerrevisions
300 connections
Requests/bytes (per Connection):  [1142350 1023732 1034581 1066912 1099179 1056121 1045358 1023804 1056127 980697 1088426 1023743 1185440 1002208 1056135 1056135 1023726 1034503 959143 1056136 1066899 1066904 980697 1109971 937558 1142346 959131 1109982 1045360 1131576 1045299 1013012 1120781 1099196 1012970 1013023 1088468 969886 1163860 959145 1174647 1207012 1088409 1023806 1142286 1088465 1131574 1056104 1088466 1163904 926804 1045359 1131573 1099243 1002250 1088468 1045292 969922 1066912 1066872 1045359 969896 1056135 1109957 1045351 1131573 872930 1002250 1002232 1023804 1196200 1131574 1045354 1045347 1110019 1088433 1066877 1163905 991413 1066912 959065 1131544 1066833 1153089 1013022 1099209 1034581 1002251 1034502 1088462 980699 1012956 980699 1012996 1131565 1013021 969849 894466 1002214 969920 1045361 1066889 1131507 959143 1034581 1142276 1023775 1045358 1045279 1045358 1056135 1088410 1056085 1077670 991473 1012986 1034525 1163847 1023804 1099243 1034581 1045358 1034582 1045325 959143 1002218 1217789 991440 1013028 851333 1013028 1056131 1142351 969880 1110011 1131565 1131574 1066913 991421 969920 1034583 1034556 1077678 1077689 1207012 1013028 1002214 1228565 1002248 1196235 1163905 1066902 980634 1142326 1088407 1045306 980666 959084 1066912 1034545 1034516 1012967 1045358 1110019 1077638 969921 980692 1120762 1077625 1056071 1045360 1023760 1088457 1066912 1163905 980697 1217789 1034570 1142350 1034502 1002253 1239343 1002178 1142351 1023746 1056056 991475 969922 1034581 1045358 1088466 1045355 1131512 991451 991474 1045358 948341 1045361 1056132 1066912 1153127 1185458 980618 1099245 1023738 1163882 1056135 1045359 1066833 980678 1174675 1099242 1077610 991474 1034581 1110020 1045299 1056136 1196158 1077640 959097 1066852 980663 1088411 959145 1088466 1066884 1120796 1109984 1120745 1023804 1013029 980643 1034581 1056135 1034581 1066912 1077689 1120797 959124 1174681 1099241 1110003 1002171 1002253 1045358 1023805 1066914 1002253 1088466 1066912 1099243 1045340 1174681 1099206 1088466 991416 980697 1066834 1045359 1077675 1088440 1174625 969895 1045359 1077691 1142317 1012956 969849 1120762 1099169 1013029 872928 1066866 1034556 1066863 991448 1099243 1056102 1174602 1120721 1013028 969866 1077689 1131546 1002174 1066901 1099242 969922 1056089 1142350 1023805 991473 1099229 1002232 1023795 1185458 1120796 926814 1012974]
Response/bytes (per Connection):  [1664506 1491702 1507477 1554586 1601631 1538869 1523180 1491774 1538875 1428963 1585952 1491713 1727300 1460326 1538883 1538883 1491696 1507399 1397557 1538884 1554573 1554578 1428963 1617349 1366120 1664502 1397545 1617360 1523182 1648806 1523121 1476056 1633085 1601648 1476014 1476067 1585994 1413226 1695868 1397559 1711581 1758724 1585935 1491776 1664442 1585991 1648804 1538852 1585992 1695912 1350440 1523181 1648803 1601695 1460368 1585994 1523114 1413262 1554586 1554546 1523181 1413236 1538883 1617335 1523173 1648803 1271936 1460368 1460350 1491774 1742986 1648804 1523176 1523169 1617397 1585959 1554551 1695913 1444605 1554586 1397479 1648774 1554507 1680171 1476066 1601661 1507477 1460369 1507398 1585988 1428965 1476000 1428965 1476040 1648795 1476065 1413189 1303324 1460332 1413260 1523183 1554563 1648737 1397557 1507477 1664432 1491745 1523180 1523101 1523180 1538883 1585936 1538833 1570270 1444665 1476030 1507421 1695855 1491774 1601695 1507477 1523180 1507478 1523147 1397557 1460336 1774427 1444632 1476072 1240487 1476072 1538879 1664507 1413220 1617389 1648795 1648804 1554587 1444613 1413260 1507479 1507452 1570278 1570289 1758724 1476072 1460332 1790129 1460366 1743021 1695913 1554576 1428900 1664482 1585933 1523128 1428932 1397498 1554586 1507441 1507412 1476011 1523180 1617397 1570238 1413261 1428958 1633066 1570225 1538819 1523182 1491730 1585983 1554586 1695913 1428963 1774427 1507466 1664506 1507398 1460371 1805833 1460296 1664507 1491716 1538804 1444667 1413262 1507477 1523180 1585992 1523177 1648742 1444643 1444666 1523180 1381829 1523183 1538880 1554586 1680209 1727318 1428884 1601697 1491708 1695890 1538883 1523181 1554507 1428944 1711609 1601694 1570210 1444666 1507477 1617398 1523121 1538884 1742944 1570240 1397511 1554526 1428929 1585937 1397559 1585992 1554558 1633100 1617362 1633049 1491774 1476073 1428909 1507477 1538883 1507477 1554586 1570289 1633101 1397538 1711615 1601693 1617381 1460289 1460371 1523180 1491775 1554588 1460371 1585992 1554586 1601695 1523162 1711615 1601658 1585992 1444608 1428963 1554508 1523181 1570275 1585966 1711559 1413235 1523181 1570291 1664473 1476000 1413189 1633066 1601621 1476073 1271934 1554540 1507452 1554537 1444640 1601695 1538850 1711536 1633025 1476072 1413206 1570289 1648776 1460292 1554575 1601694 1413262 1538837 1664506 1491775 1444665 1601681 1460350 1491765 1727318 1633100 1350450 1476018]
Requests Number (per Connection):  [106 95 96 99 102 98 97 95 98 91 101 95 110 93 98 98 95 96 89 98 99 99 91 103 87 106 89 103 97 105 97 94 104 102 94 94 101 90 108 89 109 112 101 95 106 101 105 98 101 108 86 97 105 102 93 101 97 90 99 99 97 90 98 103 97 105 81 93 93 95 111 105 97 97 103 101 99 108 92 99 89 105 99 107 94 102 96 93 96 101 91 94 91 94 105 94 90 83 93 90 97 99 105 89 96 106 95 97 97 97 98 101 98 100 92 94 96 108 95 102 96 97 96 97 89 93 113 92 94 79 94 98 106 90 103 105 105 99 92 90 96 96 100 100 112 94 93 114 93 111 108 99 91 106 101 97 91 89 99 96 96 94 97 103 100 90 91 104 100 98 97 95 101 99 108 91 113 96 106 96 93 115 93 106 95 98 92 90 96 97 101 97 105 92 92 97 88 97 98 99 107 110 91 102 95 108 98 97 99 91 109 102 100 92 96 103 97 98 111 100 89 99 91 101 89 101 99 104 103 104 95 94 91 96 98 96 99 100 104 89 109 102 103 93 93 97 95 99 93 101 99 102 97 109 102 101 92 91 99 97 100 101 109 90 97 100 106 94 90 104 102 94 81 99 96 99 92 102 98 109 104 94 90 100 105 93 99 102 90 98 106 95 92 102 93 95 110 104 86 94]
Requests/sec:  5158.034879557292 KB
Transfer/sec:  12673.798958333333 KB

