2023-12-03 09:12:56.293631402 +0800 CST m=+49531.571566778
Running 1m0s myx-test @ https://192.168.12.127:6443/apis/batch/v1/namespaces/myx-test/cronjobs
3 connections
Requests/bytes (per Connection):  [30664350 30804142 32858475]
Response/bytes (per Connection):  [47878688 48096974 51304565]
Requests Number (per Connection):  [2851 2864 3055]
Requests/sec:  1535.2696451822917 KB
Transfer/sec:  3932.408756510417 KB

2023-12-03 09:14:36.751855695 +0800 CST m=+49632.029791070
Running 1m0s myx-test @ https://192.168.12.127:6443/apis/batch/v1/namespaces/myx-test/cronjobs
6 connections
Requests/bytes (per Connection):  [25480087 26007109 26846085 25953347 25738228 26889059]
Response/bytes (per Connection):  [39784109 40606993 41916933 40523041 40187162 41984059]
Requests Number (per Connection):  [2369 2418 2496 2413 2393 2500]
Requests/sec:  2553.9374186197915 KB
Transfer/sec:  6541.605013020833 KB

2023-12-03 09:16:17.168831898 +0800 CST m=+49732.446767271
Running 1m0s myx-test @ https://192.168.12.127:6443/apis/batch/v1/namespaces/myx-test/cronjobs
9 connections
Requests/bytes (per Connection):  [19650549 20962690 20629267 19887131 20726138 20930490 20973523 21048816 19983981]
Response/bytes (per Connection):  [30681975 32730752 32210151 31051393 32361364 32680438 32747623 32865182 31202585]
Requests Number (per Connection):  [1827 1949 1918 1849 1927 1946 1950 1957 1858]
Requests/sec:  3007.6918131510415 KB
Transfer/sec:  7703.841927083334 KB

2023-12-03 09:17:57.601331042 +0800 CST m=+49832.879266419
Running 1m0s myx-test @ https://192.168.12.127:6443/apis/batch/v1/namespaces/myx-test/cronjobs
15 connections
Requests/bytes (per Connection):  [13616650 13347739 13917797 13466067 13562871 12928272 13681118 13229409 13433799 13562816 13304729 13864034 13777914 13315484 13638160]
Response/bytes (per Connection):  [21260758 20840897 21730969 21025643 21176789 20185948 21361454 20656149 20975261 21176734 20773735 21647016 21512592 20790528 21294344]
Requests Number (per Connection):  [1266 1241 1294 1252 1261 1202 1272 1230 1249 1261 1237 1289 1281 1238 1268]
Requests/sec:  3298.288720703125 KB
Transfer/sec:  8448.171809895834 KB

2023-12-03 09:19:38.061064892 +0800 CST m=+49933.339000281
Running 1m0s myx-test @ https://192.168.12.127:6443/apis/batch/v1/namespaces/myx-test/cronjobs
30 connections
Requests/bytes (per Connection):  [7077164 6948152 7141758 6894332 7141752 7077204 7087976 7023441 7259998 7001931 7120193 7131002 7131003 6991126 7184782 7195537 7206293 7174024 6754545 7087977 7281585 6829837 7270827 7066466 7012644 7012635 7098675 7313851 7023414 7238518]
Response/bytes (per Connection):  [11050168 10848700 11150990 10764690 11150984 11050208 11067018 10966255 11335648 10932669 11117349 11134196 11134197 10915826 11218166 11234959 11251753 11201370 10546409 11067019 11369311 10663967 11352515 11033432 10949420 10949411 11083755 11419691 10966228 11302092]
Requests Number (per Connection):  [658 646 664 641 664 658 659 653 675 651 662 663 663 650 668 669 670 667 628 659 677 635 676 657 652 652 660 680 653 673]
Requests/sec:  3463.19404296875 KB
Transfer/sec:  8870.557259114583 KB

2023-12-03 09:21:18.561343653 +0800 CST m=+50033.839279041
Running 1m0s myx-test @ https://192.168.12.127:6443/apis/batch/v1/namespaces/myx-test/cronjobs
60 connections
Requests/bytes (per Connection):  [4033309 4076407 3990303 4226987 4044064 4054893 3947268 4087163 3936536 4097884 4140941 3958090 3968808 4119370 3936573 4065602 4248499 4119430 4033363 3968848 3968848 4011861 4001074 4076407 4087128 4205476 4108602 4044137 4054882 4044111 4001062 3947329 4022565 4065625 4044124 3947269 3904312 3990325 4054893 3979590 3958024 4162454 4033318 4151699 3979603 4087163 4065593 4173210 4108634 4054839 3936580 3936538 3861240 4033352 4044139 4022627 4044139 3925824 4033341 4044093]
Response/bytes (per Connection):  [6297559 6364809 6230401 6599921 6314352 6331219 6163214 6381603 6146444 6398362 6465571 6180074 6196830 6431924 6146481 6347966 6633509 6431984 6297613 6196870 6196870 6264035 6247210 6364809 6381568 6566334 6415118 6314425 6331208 6314399 6247198 6163275 6280777 6347989 6314412 6163215 6096106 6230423 6331219 6213650 6180008 6499160 6297568 6482367 6213663 6381603 6347957 6515954 6415150 6331165 6146488 6146446 6028882 6297602 6314427 6280839 6314427 6129694 6297591 6314381]
Requests Number (per Connection):  [375 379 371 393 376 377 367 380 366 381 385 368 369 383 366 378 395 383 375 369 369 373 372 379 380 391 382 376 377 376 372 367 374 378 376 367 363 371 377 370 368 387 375 386 370 380 378 388 382 377 366 366 359 375 376 374 376 365 375 376]
Requests/sec:  3943.202604166667 KB
Transfer/sec:  10100.043717447918 KB

2023-12-03 09:22:59.083123241 +0800 CST m=+50134.361058615
Running 1m0s myx-test @ https://192.168.12.127:6443/apis/batch/v1/namespaces/myx-test/cronjobs
90 connections
Requests/bytes (per Connection):  [2850235 2850258 2936289 2904012 2796477 2860990 3086877 3043857 2968550 2839477 2785728 2968548 2957793 3033084 2882526 2936307 3022328 2968552 2861023 3000834 2839513 3076107 2947047 3022327 3097619 2947036 2914797 2817965 2882501 2979321 2893257 2947039 3043840 2731939 2904013 2968548 2893275 2914770 2871745 2979304 2904012 2925524 2947063 2839479 2936281 2817965 2893287 2968548 3097619 2904013 3000837 3022347 3076107 2807242 3043840 2850236 3097630 2957792 2807210 2882503 2871745 2947037 3086874 2839479 3054598 2904013 2817965 2807211 2839478 2904043 2785697 2936297 2990060 2957816 2914769 3022327 3033101 2839477 3033083 3033085 2817969 3043840 3054595 3097619 2904013 2817966 2796455 2990062 3054595 2979327]
Response/bytes (per Connection):  [4450305 4450328 4584663 4534272 4366357 4467098 4819783 4752611 4635038 4433509 4349570 4635036 4618243 4735800 4500710 4584681 4719006 4635040 4467131 4685436 4433545 4802975 4601459 4719005 4836563 4601448 4551095 4399921 4500685 4651847 4517479 4601451 4752594 4265591 4534273 4635036 4517497 4551068 4483891 4651830 4534272 4567860 4601475 4433511 4584655 4399921 4517509 4635036 4836563 4534273 4685439 4719025 4802975 4383160 4752594 4450306 4836574 4618242 4383128 4500687 4483891 4601449 4819780 4433511 4769390 4534273 4399921 4383129 4433510 4534303 4349539 4584671 4668624 4618266 4551067 4719005 4735817 4433509 4735799 4735801 4399925 4752594 4769387 4836563 4534273 4399922 4366335 4668626 4769387 4651853]
Requests Number (per Connection):  [265 265 273 270 260 266 287 283 276 264 259 276 275 282 268 273 281 276 266 279 264 286 274 281 288 274 271 262 268 277 269 274 283 254 270 276 269 271 267 277 270 272 274 264 273 262 269 276 288 270 279 281 286 261 283 265 288 275 261 268 267 274 287 264 284 270 262 261 264 270 259 273 278 275 271 281 282 264 282 282 262 283 284 288 270 262 260 278 284 277]
Requests/sec:  4299.802067057291 KB
Transfer/sec:  11013.428287760416 KB

2023-12-03 09:24:39.639186161 +0800 CST m=+50234.917121545
Running 1m0s myx-test @ https://192.168.12.127:6443/apis/batch/v1/namespaces/myx-test/cronjobs
150 connections
Requests/bytes (per Connection):  [1849987 1828454 1979007 1936053 1892960 1806988 1882204 1806936 1839238 1806942 1860770 1806991 1763943 2022030 1892974 1720926 1925227 1903733 1828424 1796235 1849982 2011339 1936025 1903715 1828424 1946739 1946747 1882247 1774644 1817717 1828423 1914471 1893009 1731621 1828423 1634822 1806928 1796156 1796161 1925227 1796183 1871448 1871448 1957516 2022030 1849939 1882203 1946766 1860771 1731680 1774704 1828423 1860770 1914471 1882204 1828488 1753182 1677841 1968251 1925229 1882203 1817668 1860704 1742413 2032800 1850015 1796156 1957523 2054377 1860771 1850015 1882203 1817712 1925306 1753190 1796198 1979085 1763926 2000597 1839180 1892960 1871492 1957495 1860744 1903715 1903727 1871448 1796156 1946776 1796190 1849949 1796156 1936055 1871455 1806942 1935983 1817704 1860746 1893018 1667100 1785451 1957546 1989807 1828430 1936002 1903790 1871448 1882262 1817721 1968251 1892990 1785479 1893004 1753132 1850015 1914548 1796156 1806975 1935991 1925227 1925234 2032857 1828495 1979006 1806991 1925227 1871450 1720941 1817725 1936035 1774723 2022094 1957494 1979044 1828457 1914482 1903738 1742377 1946799 2011275 1785434 1903740 1936062 2000548 1796215 1688676 1796156 1914518 1882282 1882204]
Response/bytes (per Connection):  [2888523 2854914 3089999 3022893 2955648 2821372 2938854 2821320 2871736 2821326 2905344 2821375 2754175 3157174 2955662 2687006 3006029 2972459 2854884 2804581 2888518 3140445 3022865 2972441 2854884 3039617 3039625 2938897 2770914 2838139 2854883 2989235 2955697 2703739 2854883 2552598 2821312 2804502 2804507 3006029 2804529 2922060 2922060 3056432 3157174 2888475 2938853 3039644 2905345 2703798 2770974 2854883 2905344 2989235 2938854 2854948 2737376 2619769 3073205 3006031 2938853 2838090 2905278 2720569 3173982 2888551 2804502 3056439 3207635 2905345 2888551 2938853 2838134 3006108 2737384 2804544 3090077 2754158 3123665 2871678 2955648 2922104 3056411 2905318 2972441 2972453 2922060 2804502 3039654 2804536 2888485 2804502 3022895 2922067 2821326 3022823 2838126 2905320 2955706 2602990 2787759 3056462 3106837 2854890 3022842 2972516 2922060 2938912 2838143 3073205 2955678 2787787 2955692 2737326 2888551 2989312 2804502 2821359 3022831 3006029 3006036 3174039 2854955 3089998 2821375 3006029 2922062 2687021 2838147 3022875 2770993 3157238 3056410 3090036 2854917 2989246 2972464 2720533 3039677 3140381 2787742 2972466 3022902 3123616 2804561 2636642 2804502 2989282 2938932 2938854]
Requests Number (per Connection):  [172 170 184 180 176 168 175 168 171 168 173 168 164 188 176 160 179 177 170 167 172 187 180 177 170 181 181 175 165 169 170 178 176 161 170 152 168 167 167 179 167 174 174 182 188 172 175 181 173 161 165 170 173 178 175 170 163 156 183 179 175 169 173 162 189 172 167 182 191 173 172 175 169 179 163 167 184 164 186 171 176 174 182 173 177 177 174 167 181 167 172 167 180 174 168 180 169 173 176 155 166 182 185 170 180 177 174 175 169 183 176 166 176 163 172 178 167 168 180 179 179 189 170 184 168 179 174 160 169 180 165 188 182 184 170 178 177 162 181 187 166 177 180 186 167 157 167 178 175 175]
Requests/sec:  4559.06162109375 KB
Transfer/sec:  11677.49228515625 KB

2023-12-03 09:26:20.235959389 +0800 CST m=+50335.513894751
Running 1m0s myx-test @ https://192.168.12.127:6443/apis/batch/v1/namespaces/myx-test/cronjobs
300 connections
Requests/bytes (per Connection):  [1043242 1140045 1140124 1011022 1011053 1140125 1097092 1118533 1075569 1183148 1054077 1064833 1279873 1150802 1107808 1129369 946518 1064834 1172373 1172314 1064810 1129368 1172335 1021810 1064776 1043321 1129369 1140122 1150880 1032565 1043315 1086346 1172392 1236849 1097101 1150840 1183148 1064833 1075510 1118612 1075514 1021758 1193904 1204660 1107810 989495 1183112 1097064 1129368 1086345 1086297 1204658 1021810 1043306 1054027 1086266 1129346 1118557 978726 1107857 1150832 1097045 1075562 1183148 1118533 1097100 1011053 924975 1129301 1129312 1097101 946518 1118569 1118569 1161561 1054045 1075589 1000298 1043297 1172389 1086266 1150841 1118613 1075564 1193898 978738 1129296 1150867 1129368 935762 1150866 1086321 1054041 1129290 1021749 1086319 1086266 1183125 1150801 1064820 1086266 1075543 1193904 1054070 1097100 1086270 1086345 1032567 1086282 1172313 1054077 1097078 1021810 1097103 1161587 1140124 1086309 1086266 1054036 1129327 1010975 1140124 1118613 967951 1172392 1172329 1097032 1140122 1204610 1129369 989463 1032527 1161570 1011054 1140045 1032568 1086345 1172392 1118612 1129351 1054060 1086266 1011033 1097087 1021752 1107810 1107856 1075589 1279951 1097022 1107846 1075589 1054077 1140113 1097054 1064833 1204593 1172383 1161589 1107805 1236927 1193825 1064820 1021805 1215337 989544 1129330 1064833 1000267 1107856 1129368 1215402 1043324 1215416 1107857 1193904 1064793 1053999 1161636 957274 1054030 1086345 1129290 1053999 1118549 1053998 1086335 1043275 1129321 1043322 1097054 1086345 1183120 1097101 1161607 1118584 1021812 1107793 935693 1097081 1075591 1043249 1161636 1021764 1247635 1118614 989541 881982 1107815 1129369 1193904 1086266 1086292 1064833 1075591 1043308 1064825 1161636 1097103 1032567 1075589 1086287 1032566 1150877 1043323 1140124 1097022 1097038 1129356 1097101 1129314 881984 1086266 1107857 1086273 978741 1075530 1161636 1107839 1086345 1043273 1215416 1118533 1043271 1150881 1129363 1236927 1215366 1086299 1150802 1118613 1118585 1161637 1118613 1129328 957253 1161637 1032558 1086345 1075511 1054051 1075589 1140127 1097093 1075589 1021782 1097100 1183144 1086304 1097100 1086345 914178 1075589 1086345 1118612 1086305 1097042 1043248 1140045 1215365 1129362 1129369 1064769 1204606 1129353 1204581 1064754 1021809 1064822 1064784 1118544 1140124 1032567 1032558 1129357 1215337 1129290 1193838 1097101 1043322]
Response/bytes (per Connection):  [1628928 1780073 1780152 1578594 1578625 1780153 1712968 1746485 1679369 1847328 1645801 1662595 1998395 1796868 1729722 1763359 1477862 1662596 1830515 1830456 1662572 1763358 1830477 1595420 1662538 1629007 1763359 1780150 1796946 1612213 1629001 1696184 1830534 1931219 1712977 1796906 1847328 1662595 1679310 1746564 1679314 1595368 1864122 1880916 1729724 1544991 1847292 1712940 1763358 1696183 1696135 1880914 1595420 1628992 1645751 1696104 1763336 1746509 1528184 1729771 1796898 1712921 1679362 1847328 1746485 1712976 1578625 1444243 1763291 1763302 1712977 1477862 1746521 1746521 1813665 1645769 1679389 1561832 1628983 1830531 1696104 1796907 1746565 1679364 1864116 1528196 1763286 1796933 1763358 1461068 1796932 1696159 1645765 1763280 1595359 1696157 1696104 1847305 1796867 1662582 1696104 1679343 1864122 1645794 1712976 1696108 1696183 1612215 1696120 1830455 1645801 1712954 1595420 1712979 1813691 1780152 1696147 1696104 1645760 1763317 1578547 1780152 1746565 1511371 1830534 1830471 1712908 1780150 1880866 1763359 1544959 1612175 1813674 1578626 1780073 1612216 1696183 1830534 1746564 1763341 1645784 1696104 1578605 1712963 1595362 1729724 1729770 1679389 1998473 1712898 1729760 1679389 1645801 1780141 1712930 1662595 1880849 1830525 1813693 1729719 1931297 1864043 1662582 1595415 1897631 1545040 1763320 1662595 1561801 1729770 1763358 1897696 1629010 1897710 1729771 1864122 1662555 1645723 1813740 1494656 1645754 1696183 1763280 1645723 1746501 1645722 1696173 1628961 1763311 1629008 1712930 1696183 1847300 1712977 1813711 1746536 1595422 1729707 1460999 1712957 1679391 1628935 1813740 1595374 1948043 1746566 1545037 1377098 1729729 1763359 1864122 1696104 1696130 1662595 1679391 1628994 1662587 1813740 1712979 1612215 1679389 1696125 1612214 1796943 1629009 1780152 1712898 1712914 1763346 1712977 1763304 1377100 1696104 1729771 1696111 1528199 1679330 1813740 1729753 1696183 1628959 1897710 1746485 1628957 1796947 1763353 1931297 1897660 1696137 1796868 1746565 1746537 1813741 1746565 1763318 1494635 1813741 1612206 1696183 1679311 1645775 1679389 1780155 1712969 1679389 1595392 1712976 1847324 1696142 1712976 1696183 1427408 1679389 1696183 1746564 1696143 1712918 1628934 1780073 1897659 1763352 1763359 1662531 1880862 1763343 1880837 1662516 1595419 1662584 1662546 1746496 1780152 1612215 1612206 1763347 1897631 1763280 1864056 1712977 1629008]
Requests Number (per Connection):  [97 106 106 94 94 106 102 104 100 110 98 99 119 107 103 105 88 99 109 109 99 105 109 95 99 97 105 106 107 96 97 101 109 115 102 107 110 99 100 104 100 95 111 112 103 92 110 102 105 101 101 112 95 97 98 101 105 104 91 103 107 102 100 110 104 102 94 86 105 105 102 88 104 104 108 98 100 93 97 109 101 107 104 100 111 91 105 107 105 87 107 101 98 105 95 101 101 110 107 99 101 100 111 98 102 101 101 96 101 109 98 102 95 102 108 106 101 101 98 105 94 106 104 90 109 109 102 106 112 105 92 96 108 94 106 96 101 109 104 105 98 101 94 102 95 103 103 100 119 102 103 100 98 106 102 99 112 109 108 103 115 111 99 95 113 92 105 99 93 103 105 113 97 113 103 111 99 98 108 89 98 101 105 98 104 98 101 97 105 97 102 101 110 102 108 104 95 103 87 102 100 97 108 95 116 104 92 82 103 105 111 101 101 99 100 97 99 108 102 96 100 101 96 107 97 106 102 102 105 102 105 82 101 103 101 91 100 108 103 101 97 113 104 97 107 105 115 113 101 107 104 104 108 104 105 89 108 96 101 100 98 100 106 102 100 95 102 110 101 102 101 85 100 101 104 101 102 97 106 113 105 105 99 112 105 112 99 95 99 99 104 106 96 96 105 113 105 111 102 97]
Requests/sec:  5362.578841145833 KB
Transfer/sec:  13735.607779947917 KB

