2023-12-03 03:34:40.022086882 +0800 CST m=+29235.300022276
Running 1m0s myx-test @ https://192.168.12.127:6443/apis/apps/v1/namespaces/myx-test/daemonsets
3 connections
Requests/bytes (per Connection):  [28962239 31146228 29123623]
Response/bytes (per Connection):  [46823467 50354551 47084301]
Requests Number (per Connection):  [2692 2895 2707]
Requests/sec:  1452.34521484375 KB
Transfer/sec:  3800.3647298177084 KB

2023-12-03 03:36:20.469356813 +0800 CST m=+29335.747292190
Running 1m0s myx-test @ https://192.168.12.127:6443/apis/apps/v1/namespaces/myx-test/daemonsets
6 connections
Requests/bytes (per Connection):  [24551229 23593646 23733572 23529153 23830403 24518894]
Response/bytes (per Connection):  [39691650 38144625 38369762 38039362 38526254 39640379]
Requests Number (per Connection):  [2282 2193 2206 2187 2215 2279]
Requests/sec:  2339.793245442708 KB
Transfer/sec:  6122.541162109375 KB

2023-12-03 03:38:00.923482722 +0800 CST m=+29436.201418099
Running 1m0s myx-test @ https://192.168.12.127:6443/apis/apps/v1/namespaces/myx-test/daemonsets
9 connections
Requests/bytes (per Connection):  [19300987 19290227 18278942 19010496 18967496 18332685 18289651 19118085 19268710]
Response/bytes (per Connection):  [31204048 31186674 29551293 30734544 30664444 29639016 29569425 30908438 31151884]
Requests Number (per Connection):  [1794 1793 1699 1767 1763 1704 1700 1777 1791]
Requests/sec:  2764.604150390625 KB
Transfer/sec:  7234.164143880208 KB

2023-12-03 03:39:41.416572524 +0800 CST m=+29536.694507911
Running 1m0s myx-test @ https://192.168.12.127:6443/apis/apps/v1/namespaces/myx-test/daemonsets
15 connections
Requests/bytes (per Connection):  [13372993 12985666 13254640 13093262 13082503 13329958 13555865 13372987 13362195 13534369 13426756 13652725 13555860 13179333 13577410]
Response/bytes (per Connection):  [21620000 20994074 21428825 21167870 21150482 21550434 21916089 21620095 21603228 21880957 21707447 22072116 21916159 21306988 21950439]
Requests Number (per Connection):  [1243 1207 1232 1217 1216 1239 1260 1243 1242 1258 1248 1269 1260 1225 1262]
Requests/sec:  3260.685579427083 KB
Transfer/sec:  8532.254638671875 KB

2023-12-03 03:41:21.957234198 +0800 CST m=+29637.235169571
Running 1m0s myx-test @ https://192.168.12.127:6443/apis/apps/v1/namespaces/myx-test/daemonsets
30 connections
Requests/bytes (per Connection):  [7057652 6874777 6853259 6971606 7046920 6799465 7132978 6939286 7262031 7122169 7111413 6874738 7079186 6982367 6864017 6745670 6960842 7025379 6993126 6971578 6971560 6788706 6939287 6982320 7057677 6788704 7143686 6767189 7111473 7143701]
Response/bytes (per Connection):  [11410365 11114318 11079542 11270849 11392540 10992588 11531877 11219320 11741343 11515229 11497777 11114908 11444895 11288198 11096955 10905648 11253531 11358134 11305586 11271289 11271526 10975200 11219306 11288911 11409967 10975239 11550008 10940410 11496882 11549813]
Requests Number (per Connection):  [656 639 637 648 655 632 663 645 675 662 661 639 658 649 638 627 647 653 650 648 648 631 645 649 656 631 664 629 661 664]
Requests/sec:  3407.5970377604167 KB
Transfer/sec:  8916.7466796875 KB

2023-12-03 03:43:02.439229826 +0800 CST m=+29737.717165213
Running 1m0s myx-test @ https://192.168.12.127:6443/apis/apps/v1/namespaces/myx-test/daemonsets
60 connections
Requests/bytes (per Connection):  [4152856 4271176 4109813 4238925 4206647 4056024 4002220 3980712 4152854 4012921 4055990 3969955 4088301 4023747 4045265 3905401 4012988 4206649 4066723 4088301 3969953 3980714 4131315 4109819 4088301 4185131 3916160 4195826 4077544 4195890 4142024 4034508 4023747 4206648 4152854 4034507 4260444 4152854 4088300 3991454 4185075 3948372 4045244 4066750 4045192 3948435 4055996 3905402 4012918 3948437 4056024 4185131 4249620 4120531 3991473 4206604 4077544 4346495 3916158 3991437]
Response/bytes (per Connection):  [6713545 6905278 6644128 6852702 6800552 6557078 6470290 6435348 6713584 6488530 6557587 6417921 6609242 6504914 6539690 6313608 6487526 6800524 6575387 6609242 6417960 6435309 6679139 6644018 6609242 6765748 6330981 6784087 6591815 6783136 6697282 6522263 6504914 6800538 6713584 6522288 6887464 6713584 6609256 6453011 6766587 6384121 6540021 6574976 6540778 6383184 6557518 6313579 6488561 6383145 6557078 6765748 6871067 6662108 6452697 6801213 6591815 7026899 6331020 6453245]
Requests Number (per Connection):  [386 397 382 394 391 377 372 370 386 373 377 369 380 374 376 363 373 391 378 380 369 370 384 382 380 389 364 390 379 390 385 375 374 391 386 375 396 386 380 371 389 367 376 378 376 367 377 363 373 367 377 389 395 383 371 391 379 404 364 371]
Requests/sec:  3985.812158203125 KB
Transfer/sec:  10429.621647135416 KB

2023-12-03 03:44:42.985508352 +0800 CST m=+29838.263443755
Running 1m0s myx-test @ https://192.168.12.127:6443/apis/apps/v1/namespaces/myx-test/daemonsets
90 connections
Requests/bytes (per Connection):  [2937102 2958617 2915581 2926341 3023189 2915610 3087724 2894063 2894067 2947858 2937099 3055464 2829516 2969376 2904853 3001653 2980135 2840269 2851054 2958617 2990894 2926343 2958617 2969376 2894064 3055447 2894095 2872547 2947858 2947858 2958642 2926341 3087737 2872546 2883337 3012431 3055447 3044706 2894075 2958617 2990896 2861787 2829510 3012412 2958617 2807992 2947859 3023171 2980137 2937099 3001653 2872552 2958617 2840269 2872546 2840269 2937107 3012412 3055450 2808032 2861822 2851028 2851028 2797233 2926340 3152278 2829535 2990895 2861821 2937099 2904825 2861789 2958638 2990894 2958617 2980135 2937100 2797242 2883305 2894095 2915610 3033929 2947858 2894095 2990916 3076965 2904842 3012412 2947858 2990894]
Response/bytes (per Connection):  [4748508 4783337 4713785 4731159 4887402 4713357 4992007 4679009 4678942 4765949 4748561 4939583 4574546 4800725 4695930 4852889 4818113 4592055 4609020 4783337 4835501 4731120 4783322 4800725 4678995 4939843 4678528 4644194 4765949 4765949 4782965 4731144 4991814 4644219 4661126 4870000 4939843 4922181 4678804 4783337 4835462 4626831 4574667 4870277 4783337 4539891 4765935 4887665 4818074 4748561 4852889 4644098 4783337 4592055 4644219 4592055 4748438 4870277 4939775 4539287 4626297 4609443 4609443 4522503 4731173 5096335 4574269 4835476 4626322 4748561 4696344 4626792 4782995 4835501 4783337 4818113 4748547 4522340 4661607 4678528 4713357 4905067 4765949 4678528 4835171 4974619 4696095 4870277 4765949 4835501]
Requests Number (per Connection):  [273 275 271 272 281 271 287 269 269 274 273 284 263 276 270 279 277 264 265 275 278 272 275 276 269 284 269 267 274 274 275 272 287 267 268 280 284 283 269 275 278 266 263 280 275 261 274 281 277 273 279 267 275 264 267 264 273 280 284 261 266 265 265 260 272 293 263 278 266 273 270 266 275 278 275 277 273 260 268 269 271 282 274 269 278 286 270 280 274 278]
Requests/sec:  4304.502783203125 KB
Transfer/sec:  11263.639208984376 KB

2023-12-03 03:46:23.633283223 +0800 CST m=+29938.911218592
Running 1m0s myx-test @ https://192.168.12.127:6443/apis/apps/v1/namespaces/myx-test/daemonsets
150 connections
Requests/bytes (per Connection):  [1861211 1796672 1882728 1861289 1958120 1904309 1915005 1936523 1925764 1915068 1764398 2011895 2033353 1893502 2001091 1915016 1893487 1925777 1904246 1893566 1828992 1958088 2022661 1979598 1871969 1742863 1839693 2033387 1904281 1839734 1850456 1968824 1850452 1850475 1968878 1893517 1915005 2044191 1958110 1839771 1979559 1893488 1990383 1785935 1882761 1968807 1915029 1861289 1947282 2044166 1979622 1904298 1893521 1861210 1936570 1785898 1893512 1915005 2001137 1839693 1818230 1893513 1861210 1990319 1925804 1904246 1904246 1925818 1861247 2033390 1764380 2076421 1796657 1871985 1947296 1818185 1850451 1872049 1925788 1936523 2022595 1893566 1915045 1818254 1828963 1947281 1710664 2033396 2033356 1979580 2011904 1990396 1893487 1990396 1990373 1925843 1764387 1850501 1925764 1839751 1925764 1882808 2001118 1742886 1861279 1871970 1936561 1861234 1968800 1818254 1893542 1699840 1872035 1882780 1925773 1742881 1785898 1850469 1882728 1753698 1958048 1850469 1915005 1861210 1904259 1947301 1807494 1753621 1979637 1710659 1990318 1796708 2087209 1904246 1958081 1861290 1872048 1968878 1958119 1850451 1936523 1775139 1958040 1893528 1915083 1807485 2054931 1915084 1936593 1958120]
Response/bytes (per Connection):  [3009582 2905022 3044372 3008387 3164879 3078185 3096536 3131312 3113924 3095573 2852790 3252147 3287818 3061513 3235407 3096371 3061760 3113731 3079148 3060551 2956551 3165360 3269426 3200285 3026984 2818300 2974806 3287309 3078599 2974173 2992101 3183118 2992194 2991850 3182281 3061292 3096536 3304012 3165056 2973611 3200864 3061746 3217261 2887289 3043862 3183341 3096152 3008387 3148700 3304395 3199927 3078376 3061236 3009596 3130584 2887866 3061362 3096536 3234719 2974806 2939205 3061374 3009596 3218227 3113305 3079148 3079148 3113098 3009019 3287241 2853090 3356889 2905254 3026738 3148467 2939879 2992208 3025761 3113566 3131312 3270416 3060551 3095917 2938821 2956990 3148714 2764941 3287157 3287750 3200548 3251984 3217057 3061760 3217057 3217427 3112715 2852981 2991438 3113924 2973939 3113924 3043149 3235007 2817945 3008538 3026970 3130747 3009238 3183476 2938821 3060935 2748544 3025994 3043574 3113798 2818026 2887866 2991908 3044372 2834547 3165964 2991908 3096536 3009596 3078944 3148423 2921447 2835702 3199669 2765022 3218252 2904470 3373823 3079148 3165469 3008373 3025775 3182281 3164893 2992208 3131312 2870478 3166102 3061127 3095356 2921584 3321673 3095327 3130266 3164879]
Requests Number (per Connection):  [173 167 175 173 182 177 178 180 179 178 164 187 189 176 186 178 176 179 177 176 170 182 188 184 174 162 171 189 177 171 172 183 172 172 183 176 178 190 182 171 184 176 185 166 175 183 178 173 181 190 184 177 176 173 180 166 176 178 186 171 169 176 173 185 179 177 177 179 173 189 164 193 167 174 181 169 172 174 179 180 188 176 178 169 170 181 159 189 189 184 187 185 176 185 185 179 164 172 179 171 179 175 186 162 173 174 180 173 183 169 176 158 174 175 179 162 166 172 175 163 182 172 178 173 177 181 168 163 184 159 185 167 194 177 182 173 174 183 182 172 180 165 182 176 178 168 191 178 180 182]
Requests/sec:  4642.289794921875 KB
Transfer/sec:  12147.463216145834 KB

2023-12-03 03:48:04.309521514 +0800 CST m=+30039.587456905
Running 1m0s myx-test @ https://192.168.12.127:6443/apis/apps/v1/namespaces/myx-test/daemonsets
300 connections
Requests/bytes (per Connection):  [1129683 1183424 1183414 1237214 1097407 1334070 1226505 1118924 1258791 1129683 1161881 1204996 1172719 1248032 1237268 1204996 1194237 1075889 1032853 1086579 1065122 1194237 1183478 989768 1204932 1065066 1032853 1172683 1161960 1161938 1194175 1226475 1140404 1183399 1204981 1194208 1269527 1151132 1140442 1301817 1086643 1258790 1248007 1172679 1161960 1032854 1226434 1194237 1204974 1097407 1247970 1161945 1129684 1086648 1075889 1204956 1258790 1075886 1151174 1140443 1269525 1258762 1237213 1194158 1108111 1161881 1151127 1183427 1204956 1172719 1204996 1226434 1269549 1086620 1043593 1097393 1194188 1280247 1108129 1194237 1140390 1204956 1108109 1151173 1280284 1161881 1301799 1097407 1054328 1172719 1258791 1204955 1086648 1258768 1151175 1226444 1237234 1151143 1075891 1194237 1334024 1151202 1151202 1118910 1118925 1161942 1215694 1075842 1194158 1323343 1151202 1151202 1140442 1140443 1129656 1258790 1183423 1237272 1129668 1011336 1129642 1183478 1344861 1065130 1194237 1291062 1280258 1237273 1269549 1183437 1226477 1108119 1237193 1140438 1194237 1204996 1237265 1118924 1280282 1291001 1258712 1215714 1204965 1118869 1215755 1204996 1194237 1280257 1194187 1226514 1108168 1151174 1269492 1194166 1194237 1183418 1108087 1204995 1291067 1140444 1226435 1151202 1269492 1204996 1129683 1204996 1065130 1108154 1258791 1097408 1151122 1161960 1248031 1301794 1183478 1269545 1118845 1022028 1140367 1258711 1075878 1129649 1161961 1065070 1258735 1086608 1140441 1258771 1161881 1065073 1161957 1151195 1108166 1237273 1183399 1258750 1129684 1237238 1420174 1140376 1108157 1183478 1226458 1301777 1129682 1226513 1032793 1194237 1075852 1204996 1183428 1140370 1151202 1280308 1215742 1151172 1183399 1161960 1237242 1194237 1183471 1151201 1097372 1129622 1161931 1129647 1258748 1291063 1194215 1215698 1204988 1248011 1172641 1140363 1172719 1140374 1151201 1215755 1140443 1172641 1161881 1290988 1140414 1172673 1140429 1215755 1140442 1237264 1161917 1161946 1344853 1161931 1237246 1194237 1140442 1258711 1151151 1086647 1161960 1194219 1140363 1248002 1151147 1258723 1301826 1172719 1151202 1269499 1118925 1280278 1226514 1204917 1183478 1215688 1118872 1161960 1097363 1172653 1172641 1247967 1280229 1140443 1183402 1194195 1291026 1151174 1118882 1215728 1258791 1086645 1151139 1140373 1108113 1183400 1118876 1183460 1237194 1183478 1151201 1237272]
Response/bytes (per Connection):  [1825919 1913685 1913810 2000680 1773741 2156800 1982563 1808531 2034575 1825919 1879292 1947635 1895471 2017187 1999895 1947635 1930247 1738965 1669413 1757411 1721715 1930247 1912859 1600591 1948612 1722554 1669413 1896034 1878083 1878428 1931196 1983016 1843872 1914068 1947882 1930701 2052322 1861727 1843307 2104267 1756423 2034589 2017559 1896064 1878083 1669399 1983634 1930247 1947965 1773741 2018136 1878304 1825905 1756353 1738965 1948254 2034589 1739007 1861095 1843293 2052361 2035029 2000720 1931456 1791969 1879292 1861823 1913617 1948254 1895471 1947635 1983634 2051977 1756793 1687104 1773974 1930977 2070300 1791706 1930247 1844105 1948254 1791982 1861109 2069723 1879292 2104541 1773741 1704835 1895471 2034575 1948268 1756353 2034919 1861107 1983457 2000404 1861588 1738926 1930247 2157514 1860681 1860681 1808738 1808517 1878372 1965958 1739693 1931456 2138931 1860681 1860681 1843307 1843293 1826345 2034589 1913684 1999813 1826140 1634623 1826526 1912859 2173707 1721577 1930247 2086860 2070135 1999799 2051977 1913466 1982988 1791857 2001022 1843363 1930247 1947635 1999937 1808531 2069777 2087743 2035784 1965630 1948091 1809356 1965023 1947635 1930247 2070123 1931017 1982411 1791090 1861095 2052856 1931307 1930247 1913754 1792338 1947649 2086753 1843268 1983620 1860681 2052830 1947635 1825919 1947635 1721577 1791308 2034575 1773716 1861904 1878083 2017201 2104637 1912859 2052070 1809740 1653015 1844449 2035798 1739130 1826428 1878069 1722472 2035429 1756946 1843321 2034866 1879277 1722430 1878151 1860779 1791129 1999799 1914068 2035208 1825905 2000322 2295423 1844297 1791255 1912859 1983265 2104897 1825933 1982425 1670334 1930247 1739516 1947635 1913629 1844381 1860681 2069365 1965216 1861123 1914068 1878083 2000281 1930247 1912957 1860695 1774264 1826854 1878537 1826482 2035236 2086820 1930577 1965876 1947747 2017518 1896666 1844516 1895471 1844325 1860695 1965023 1843293 1896666 1879292 2087962 1843747 1896159 1843500 1965023 1843322 1999951 1878744 1878316 2173830 1878511 2000225 1930247 1843307 2035798 1861439 1756367 1878083 1930510 1844516 2017629 1861506 2035593 2104141 1895471 1860681 2052721 1808517 2069833 1982411 1948844 1912859 1966027 1809303 1878083 1774401 1896461 1896666 2018178 2070574 1843293 1914015 1930894 2087360 1861095 1809178 1965423 2034575 1756395 1861618 1844339 1791941 1914039 1809273 1913148 2001008 1912859 1860695 1999813]
Requests Number (per Connection):  [105 110 110 115 102 124 114 104 117 105 108 112 109 116 115 112 111 100 96 101 99 111 110 92 112 99 96 109 108 108 111 114 106 110 112 111 118 107 106 121 101 117 116 109 108 96 114 111 112 102 116 108 105 101 100 112 117 100 107 106 118 117 115 111 103 108 107 110 112 109 112 114 118 101 97 102 111 119 103 111 106 112 103 107 119 108 121 102 98 109 117 112 101 117 107 114 115 107 100 111 124 107 107 104 104 108 113 100 111 123 107 107 106 106 105 117 110 115 105 94 105 110 125 99 111 120 119 115 118 110 114 103 115 106 111 112 115 104 119 120 117 113 112 104 113 112 111 119 111 114 103 107 118 111 111 110 103 112 120 106 114 107 118 112 105 112 99 103 117 102 107 108 116 121 110 118 104 95 106 117 100 105 108 99 117 101 106 117 108 99 108 107 103 115 110 117 105 115 132 106 103 110 114 121 105 114 96 111 100 112 110 106 107 119 113 107 110 108 115 111 110 107 102 105 108 105 117 120 111 113 112 116 109 106 109 106 107 113 106 109 108 120 106 109 106 113 106 115 108 108 125 108 115 111 106 117 107 101 108 111 106 116 107 117 121 109 107 118 104 119 114 112 110 113 104 108 102 109 109 116 119 106 110 111 120 107 104 113 117 101 107 106 103 110 104 110 115 110 107 115]
Requests/sec:  5763.680598958334 KB
Transfer/sec:  15081.825146484374 KB

