2023-12-03 04:59:20.719550103 +0800 CST m=+34315.997485485
Running 1m0s myx-test @ https://192.168.12.127:6443/apis/apps/v1/namespaces/myx-test/deployments
3 connections
Requests/bytes (per Connection):  [23996246 20811021 23770268]
Response/bytes (per Connection):  [40165334 34833840 39787088]
Requests Number (per Connection):  [2230 1934 2209]
Requests/sec:  1116.1708170572917 KB
Transfer/sec:  2984.436800130208 KB

2023-12-03 05:01:01.27012753 +0800 CST m=+34416.548062902
Running 1m0s myx-test @ https://192.168.12.127:6443/apis/apps/v1/namespaces/myx-test/deployments
6 connections
Requests/bytes (per Connection):  [23124614 23522769 24588058 24448166 23113854 23619552]
Response/bytes (per Connection):  [38706378 39372818 41155918 40921764 38688368 39534808]
Requests Number (per Connection):  [2149 2186 2285 2272 2148 2195]
Requests/sec:  2317.9852376302083 KB
Transfer/sec:  6197.868929036458 KB

2023-12-03 05:02:41.809606997 +0800 CST m=+34517.087542372
Running 1m0s myx-test @ https://192.168.12.127:6443/apis/apps/v1/namespaces/myx-test/deployments
9 connections
Requests/bytes (per Connection):  [19358379 19412180 19218501 20154687 19896425 19724248 20348353 20057818 20391427]
Response/bytes (per Connection):  [32402388 32492440 32168260 33735264 33302980 33014788 34059424 33573120 34131524]
Requests Number (per Connection):  [1799 1804 1786 1873 1849 1833 1891 1864 1895]
Requests/sec:  2906.2828450520833 KB
Transfer/sec:  7770.86923828125 KB

2023-12-03 05:04:22.336867463 +0800 CST m=+34617.614802840
Running 1m0s myx-test @ https://192.168.12.127:6443/apis/apps/v1/namespaces/myx-test/deployments
15 connections
Requests/bytes (per Connection):  [13429284 13214066 13117217 12934282 13569162 13655254 12826673 13536891 12923521 13267870 13536858 13203304 13375480 13461566 13160261]
Response/bytes (per Connection):  [22478168 22117932 21955824 21649624 22712298 22856402 21469506 22658284 21631612 22207990 22658224 22099918 22388110 22532202 22027872]
Requests Number (per Connection):  [1248 1228 1219 1202 1261 1269 1192 1258 1201 1233 1258 1227 1243 1251 1223]
Requests/sec:  3242.377750651042 KB
Transfer/sec:  8669.525634765625 KB

2023-12-03 05:06:02.841460775 +0800 CST m=+34718.119396164
Running 1m0s myx-test @ https://192.168.12.127:6443/apis/apps/v1/namespaces/myx-test/deployments
30 connections
Requests/bytes (per Connection):  [7274207 7177361 7328014 7532425 7198823 7241925 7263449 7640062 7392549 7209641 7209574 7306475 7209644 7209644 7467903 7091223 7188120 7500161 7371055 7274134 7489346 7026694 7252686 7403327 7091215 7317251 7220404 7392579 7317251 7284970]
Response/bytes (per Connection):  [12175696 12013592 12265758 12607900 12049510 12121662 12157688 12788070 12373774 12067624 12067500 12229706 12067628 12067628 12499908 11869408 12031602 12553900 12337802 12175564 12535790 11761402 12139674 12391818 11869390 12247744 12085638 12373828 12247744 12193710]
Requests Number (per Connection):  [676 667 681 700 669 673 675 710 687 670 670 679 670 670 694 659 668 697 685 676 696 653 674 688 659 680 671 687 680 677]
Requests/sec:  3562.534375 KB
Transfer/sec:  9525.56591796875 KB

2023-12-03 05:07:43.410317075 +0800 CST m=+34818.688252451
Running 1m0s myx-test @ https://192.168.12.127:6443/apis/apps/v1/namespaces/myx-test/deployments
60 connections
Requests/bytes (per Connection):  [3927606 3798467 4035187 3809279 3906127 3895339 4013737 4013734 4035256 3895307 4046017 3970647 3916887 4089063 3970692 4002974 3959929 3755426 3981454 3916887 3884604 4056742 3841545 3981396 3938410 3830801 4056778 4024476 3927611 3884606 3927649 3895366 4013736 3981437 4056762 3852321 3906125 3959932 3906090 3798516 3852302 3830784 3916824 3873842 3981413 3884605 3981418 4013736 3863074 3992147 4002927 3927617 3798516 3895332 3895366 4013712 3906074 3906099 3992192 3949171]
Response/bytes (per Connection):  [6574092 6357934 6754158 6376038 6538144 6520084 6718264 6718260 6754284 6520026 6772296 6646134 6556156 6844346 6646214 6700250 6628200 6285890 6664228 6556156 6502120 6790242 6430046 6664124 6592180 6412062 6790308 6736236 6574100 6502122 6574168 6520132 6718262 6664198 6790278 6448084 6538142 6628204 6538080 6358024 6448048 6412032 6556040 6484106 6664154 6502120 6664164 6718262 6466082 6682118 6700166 6574110 6358024 6520072 6520132 6718220 6538050 6538094 6682200 6610192]
Requests Number (per Connection):  [365 353 375 354 363 362 373 373 375 362 376 369 364 380 369 372 368 349 370 364 361 377 357 370 366 356 377 374 365 361 365 362 373 370 377 358 363 368 363 353 358 356 364 360 370 361 370 373 359 371 372 365 353 362 362 373 363 363 371 367]
Requests/sec:  3843.458154296875 KB
Transfer/sec:  10276.704443359375 KB

2023-12-03 05:09:23.96423 +0800 CST m=+34919.242165378
Running 1m0s myx-test @ https://192.168.12.127:6443/apis/apps/v1/namespaces/myx-test/deployments
90 connections
Requests/bytes (per Connection):  [2690145 2722427 2700929 2926912 2830047 2819275 2830037 2959167 2883864 2797777 2711666 2851560 2808514 2991450 3131351 2819275 2808514 2916123 2926885 2894607 2959193 2808514 2862319 2905363 2840797 2754710 2787034 2926913 2916124 2862348 2883849 2797753 2786993 2754710 2657888 2819275 2786993 2894602 2819276 2948420 2948407 2883841 2894602 2959167 2743971 2797793 2765473 2851583 2797794 2926912 2808515 2873080 2647116 2894602 2840834 2765471 2851558 2808514 2754710 2819275 2840823 2959167 2808534 2700906 2905363 2894631 3002228 2905363 2743949 2873080 2819277 2604057 2776238 2926887 2883841 2873113 2873113 2819276 2937663 2926912 2862321 2840827 2840832 2679421 2711668 2862319 2862347 2883841 2937645 2905364]
Response/bytes (per Connection):  [4502810 4556844 4520862 4899120 4736982 4718950 4736964 4953104 4827062 4682968 4538832 4772988 4700938 5007140 5241310 4718950 4700938 4881056 4899070 4845042 4953150 4700938 4790998 4863046 4754974 4610880 4664990 4899120 4881058 4791050 4827036 4682926 4664916 4610880 4448820 4718950 4664916 4845034 4718952 4935116 4935094 4827022 4845034 4953104 4592906 4683000 4628894 4773030 4683000 4899120 4700940 4809010 4430786 4845034 4755040 4628892 4772986 4700938 4610880 4718950 4755020 4953104 4700974 4520822 4863046 4845086 5025182 4863046 4592868 4809010 4718952 4358714 4646912 4899072 4827022 4809070 4809070 4718952 4917110 4899116 4791000 4755026 4755036 4484862 4538834 4790998 4791046 4827022 4917080 4863046]
Requests Number (per Connection):  [250 253 251 272 263 262 263 275 268 260 252 265 261 278 291 262 261 271 272 269 275 261 266 270 264 256 259 272 271 266 268 260 259 256 247 262 259 269 262 274 274 268 269 275 255 260 257 265 260 272 261 267 246 269 264 257 265 261 256 262 264 275 261 251 270 269 279 270 255 267 262 242 258 272 268 267 267 262 273 272 266 264 264 249 252 266 266 268 273 270]
Requests/sec:  4164.840869140625 KB
Transfer/sec:  11136.023128255209 KB

2023-12-03 05:11:04.809128429 +0800 CST m=+35020.087063835
Running 1m0s myx-test @ https://192.168.12.127:6443/apis/apps/v1/namespaces/myx-test/deployments
150 connections
Requests/bytes (per Connection):  [2001455 1893839 1936900 1958449 1872396 2012209 1872338 1947643 1915368 2076775 2012211 1979989 1883146 1979927 1818543 1980005 1979960 2076775 1829300 2130579 1926122 1904600 1990688 2012209 2098297 2001485 1904605 1904662 1861575 1926169 2001512 1872318 1990736 1829317 2001475 1936883 2066084 2227428 1958405 1926166 1990767 1829353 2044544 1797031 1818513 1990720 1947722 2044492 2076818 2012216 1904667 1904653 1926201 1915440 1936922 1958483 2055303 1915380 1926186 1872318 2087535 1904600 1969244 1840052 1904600 1861635 1990687 1990687 2066084 1926182 1915440 1990718 2055308 1915361 1904600 1904610 2012209 2087535 1936913 2055325 1926122 2066014 2001527 1861611 1947648 1893846 1926158 1829299 2076835 1915416 1936883 1883088 1958420 1818554 2055253 1893918 2022970 1947643 2001448 1958450 1840111 1979952 1743266 1904600 1797070 1850848 1958483 1861556 1958447 2022970 1893918 1990687 1979926 2066047 1936883 1969213 2033810 1883100 2044492 1915361 2012276 1743265 2012209 1915440 1990702 1979927 1969236 1915361 2098297 1936883 1947644 1883079 1850795 2087602 1915390 1883130 1764733 1904601 2001499 1861556 1936883 2012254 1936954 2033784 1958433 1936883 2033766 2055253 1883079 1958484]
Response/bytes (per Connection):  [3350068 3169936 3242014 3278088 3134054 3368066 3133950 3259994 3205970 3476138 3368070 3314144 3152048 3314032 3043908 3314172 3314092 3476138 3061914 3566196 3223972 3187948 3332044 3368066 3512162 3350120 3187954 3188062 3115934 3224058 3350170 3133914 3332132 3061944 3350104 3241984 3458252 3728304 3278008 3224052 3332186 3062008 3422198 3007902 3043854 3332102 3260136 3422102 3476216 3368080 3188070 3188044 3224114 3206102 3242056 3278148 3440206 3205994 3224088 3133914 3494148 3187948 3296160 3079910 3187948 3116042 3332042 3332042 3458254 3224080 3206102 3332098 3440214 3205960 3187948 3187966 3368066 3494148 3242040 3440244 3223972 3458126 3350196 3116000 3260002 3169946 3224036 3061910 3476248 3206060 3241984 3151940 3278034 3043930 3440114 3170078 3386078 3259994 3350054 3278090 3080016 3314076 2917914 3187948 3007972 3097984 3278148 3115900 3278084 3386078 3170078 3332042 3314030 3458186 3241984 3296104 3404232 3151964 3422102 3205960 3368188 2917912 3368066 3206102 3332070 3314032 3296146 3205960 3512162 3241984 3259996 3151926 3097888 3494270 3206014 3152018 2953840 3187950 3350148 3115900 3241984 3368148 3242114 3404188 3278058 3241984 3404154 3440114 3151926 3278150]
Requests Number (per Connection):  [186 176 180 182 174 187 174 181 178 193 187 184 175 184 169 184 184 193 170 198 179 177 185 187 195 186 177 177 173 179 186 174 185 170 186 180 192 207 182 179 185 170 190 167 169 185 181 190 193 187 177 177 179 178 180 182 191 178 179 174 194 177 183 171 177 173 185 185 192 179 178 185 191 178 177 177 187 194 180 191 179 192 186 173 181 176 179 170 193 178 180 175 182 169 191 176 188 181 186 182 171 184 162 177 167 172 182 173 182 188 176 185 184 192 180 183 189 175 190 178 187 162 187 178 185 184 183 178 195 180 181 175 172 194 178 175 164 177 186 173 180 187 180 189 182 180 189 191 175 182]
Requests/sec:  4763.294889322917 KB
Transfer/sec:  12736.1796875 KB

2023-12-03 05:12:45.457492011 +0800 CST m=+35120.735427400
Running 1m0s myx-test @ https://192.168.12.127:6443/apis/apps/v1/namespaces/myx-test/deployments
300 connections
Requests/bytes (per Connection):  [1237503 1108322 1151363 1280546 1162138 1215928 1194380 1119135 1140654 1215917 1355846 1129835 1291262 1183698 1172938 1097562 1172937 1205186 1086810 1258945 1215981 1119104 1129893 1194459 1151375 1065327 1205141 1108347 1162174 1086850 1183698 1140654 1129873 1119070 1119135 1086850 1151415 1086792 1237503 1162136 1119133 1269785 1043806 1237478 1302068 1291307 1151344 1291307 1280506 1119133 1151415 1280546 1291239 1248200 1226742 1119135 1215981 1129855 1119100 1129864 1194401 1097584 1172909 1183669 1151386 1248226 1054494 1194459 1129876 1119115 1065254 1172888 1119063 1076036 1215923 1215939 1151341 1172937 1162176 1237500 1151415 1215933 1226692 1312757 1205141 1119054 1226742 1097531 1183698 1076089 1140655 1119135 1097565 1022262 1183694 1054521 1248202 1140581 1108335 1065328 1054569 1140621 1183698 1140599 1140654 1237497 1065328 1140638 1172940 1172901 1172938 1280470 1129877 1140657 1108325 1194450 1162176 1119135 1345039 1205220 1194380 1140643 1086783 1022239 1011495 1140654 1108372 1151342 1237503 1269777 1205220 1076010 1151336 1205141 1129893 1119081 1248249 1269715 1151347 1108372 1119133 1097600 1269785 1183693 1076071 1129814 1280545 1086850 1097532 1129875 1194459 1086852 1129825 1226716 1312752 1172866 1140575 1172858 1162113 1269710 1172937 1162176 1183664 1205220 1215968 1205141 1151365 1065328 1140640 1086850 1183698 1162176 1076062 1226742 1205200 1205193 1258987 1151416 1269729 1097606 1129855 1183698 1215925 1162176 1194459 1205186 1183698 1172867 1215980 1119054 1151416 1151418 1172937 1151416 1162176 1129889 1065328 1215981 1108358 1172924 1269784 1237429 1259024 1172873 1194459 1183646 1183698 1215902 1119133 1022287 1119096 1097577 1215901 1076089 1215902 1043802 989945 1011523 1172937 1129866 1043780 1194459 1172918 1226696 1205220 1043807 1108372 1205220 1043788 1119132 1162137 1129844 1140655 1076012 1076089 1097610 1151415 1065323 1151364 1129878 1237488 1312817 1076064 1097600 1151357 1280538 1140647 1259024 1097553 1097611 1172897 1172937 1151415 1205220 1172889 1172937 1215901 1151361 1140654 1140654 1065306 1054567 1172888 1129893 1129819 1043809 1248263 1108371 1205217 1269706 1054567 1312829 979180 1194405 1162107 1129823 1108374 1108319 1183632 1108293 1086850 1301989 1119080 1172937 1162108 1237447 1129895 1140606 1140597 1108346 1237500 1172939 1151376 1022257 1140592 1280546 1108347 1215919 1237489 1129841]
Response/bytes (per Connection):  [2071358 1855126 1927166 2143404 1945206 2035238 1999168 1873230 1909250 2035218 2269438 1891134 2161334 1981298 1963288 1837114 1963286 2017260 1819118 2107238 2035334 1873176 1891238 1999310 1927190 1783166 2017180 1855170 1945270 1819192 1981298 1909250 1891202 1873112 1873230 1819192 1927262 1819088 2071358 1945200 1873228 2125392 1747144 2071312 2179428 2161416 1927134 2161416 2143330 1873228 1927262 2143404 2161292 2089254 2053346 1873230 2035334 1891168 1873168 1891186 1999206 1837156 1963236 1981244 1927210 2089300 1765022 1999310 1891206 1873194 1783032 1963196 1873100 1801084 2035230 2035256 1927128 1963286 1945274 2071354 1927262 2035248 2053254 2197310 2017180 1873086 2053346 1837060 1981298 1801180 1909252 1873230 1837120 1711080 1981292 1765072 2089256 1909118 1855150 1783168 1765158 1909190 1981298 1909150 1909250 2071350 1783168 1909220 1963290 1963220 1963288 2143266 1891208 1909254 1855130 1999294 1945274 1873230 2251344 2017322 1999168 1909230 1819070 1711038 1693056 1909250 1855216 1927128 2071358 2125380 2017322 1801038 1927120 2017180 1891238 1873134 2089342 2125264 1927140 1855216 1873228 1837184 2125392 1981288 1801146 1891096 2143404 1819192 1837062 1891204 1999310 1819194 1891116 2053298 2197300 1963156 1909108 1963144 1945158 2125256 1963286 1945274 1981236 2017322 2035310 2017180 1927172 1783168 1909226 1819192 1981298 1945274 1801132 2053346 2017286 2017272 2107312 1927264 2125290 1837196 1891170 1981298 2035232 1945274 1999310 2017260 1981298 1963160 2035332 1873086 1927264 1927266 1963286 1927264 1945274 1891230 1783168 2035334 1855190 1963262 2125392 2071224 2107380 1963170 1999310 1981202 1981298 2035192 1873228 1711124 1873160 1837142 2035190 1801180 2035192 1747136 1656982 1693108 1963286 1891190 1747098 1999310 1963250 2053262 2017322 1747146 1855216 2017322 1747110 1873226 1945202 1891150 1909252 1801040 1801180 1837202 1927262 1783158 1927168 1891210 2071332 2197418 1801136 1837184 1927156 2143392 1909236 2107380 1837098 1837204 1963212 1963286 1927262 2017322 1963198 1963286 2035190 1927164 1909250 1909250 1783128 1765156 1963196 1891238 1891102 1747148 2089368 1855214 2017316 2125250 1765156 2197440 1638962 1999212 1945148 1891110 1855218 1855118 1981178 1855074 1819192 2179286 1873132 1963286 1945152 2071256 1891240 1909162 1909146 1855170 2071354 1963288 1927190 1711070 1909136 2143404 1855170 2035220 2071332 1891142]
Requests Number (per Connection):  [115 103 107 119 108 113 111 104 106 113 126 105 120 110 109 102 109 112 101 117 113 104 105 111 107 99 112 103 108 101 110 106 105 104 104 101 107 101 115 108 104 118 97 115 121 120 107 120 119 104 107 119 120 116 114 104 113 105 104 105 111 102 109 110 107 116 98 111 105 104 99 109 104 100 113 113 107 109 108 115 107 113 114 122 112 104 114 102 110 100 106 104 102 95 110 98 116 106 103 99 98 106 110 106 106 115 99 106 109 109 109 119 105 106 103 111 108 104 125 112 111 106 101 95 94 106 103 107 115 118 112 100 107 112 105 104 116 118 107 103 104 102 118 110 100 105 119 101 102 105 111 101 105 114 122 109 106 109 108 118 109 108 110 112 113 112 107 99 106 101 110 108 100 114 112 112 117 107 118 102 105 110 113 108 111 112 110 109 113 104 107 107 109 107 108 105 99 113 103 109 118 115 117 109 111 110 110 113 104 95 104 102 113 100 113 97 92 94 109 105 97 111 109 114 112 97 103 112 97 104 108 105 106 100 100 102 107 99 107 105 115 122 100 102 107 119 106 117 102 102 109 109 107 112 109 109 113 107 106 106 99 98 109 105 105 97 116 103 112 118 98 122 91 111 108 105 103 103 110 103 101 121 104 109 108 115 105 106 106 103 115 109 107 95 106 119 103 113 115 105]
Requests/sec:  5666.325911458333 KB
Transfer/sec:  15150.719759114583 KB

