2023-12-01 20:22:59.8492207 +0800 CST m=+61.296300199
Running 1m0s myx-test @ https://192.168.12.127:6443/api/v1/namespaces/myx-test/endpoints
3 connections
Requests/bytes (per Connection):  [22191902 22998293 21277990]
Response/bytes (per Connection):  [32280734 33453725 30951342]
Requests Number (per Connection):  [2064 2139 1979]
Requests/sec:  1081.8389485677083 KB
Transfer/sec:  2655.50107421875 KB

2023-12-01 20:25:11.12600254 +0800 CST m=+192.573082041
Running 1m0s myx-test @ https://192.168.12.127:6443/api/v1/namespaces/myx-test/endpoints
6 connections
Requests/bytes (per Connection):  [17923400 18525505 18622272 19460919 18138437 19439415]
Response/bytes (per Connection):  [26071696 26947529 27088288 28308199 26384493 28276919]
Requests Number (per Connection):  [1667 1723 1732 1810 1687 1808]
Requests/sec:  1824.7061848958333 KB
Transfer/sec:  4478.95625 KB

2023-12-01 20:27:25.183576226 +0800 CST m=+326.630655726
Running 1m0s myx-test @ https://192.168.12.127:6443/api/v1/namespaces/myx-test/endpoints
9 connections
Requests/bytes (per Connection):  [10472342 11063695 10461591 10526100 11063695 10999184 10612115 10644373 10612115]
Response/bytes (per Connection):  [15233254 16093447 15217615 15311452 16093447 15999608 15436571 15483493 15436571]
Requests Number (per Connection):  [974 1029 973 979 1029 1023 987 990 987]
Requests/sec:  1569.9090169270833 KB
Transfer/sec:  3853.5264973958333 KB

2023-12-01 20:29:36.591517301 +0800 CST m=+458.038596801
Running 1m0s myx-test @ https://192.168.12.127:6443/api/v1/namespaces/myx-test/endpoints
15 connections
Requests/bytes (per Connection):  [8096174 8450985 8386474 8182187 8354218 8741285 8257450 8515499 8558505 8450985 8644519 8493995 8085422 8343468 8461738]
Response/bytes (per Connection):  [11776838 12292953 12199114 11901955 12152194 12715229 12011434 12386795 12449353 12292953 12574471 12355515 11761198 12136556 12308594]
Requests Number (per Connection):  [753 786 780 761 777 813 768 792 796 786 804 790 752 776 787]
Requests/sec:  2051.1540364583334 KB
Transfer/sec:  5034.799088541667 KB

2023-12-01 20:31:47.830203838 +0800 CST m=+589.277283327
Running 1m0s myx-test @ https://192.168.12.127:6443/api/v1/namespaces/myx-test/endpoints
30 connections
Requests/bytes (per Connection):  [4526544 4591058 4451285 4462034 4580306 4408275 4440529 4408273 4429777 4558802 4505042 4580305 4601809 4376020 4462035 4515794 4515792 4451285 4494293 4580305 4429781 4558802 4601809 4548052 4419026 4483539 4569552 4526544 4429777 4612562]
Response/bytes (per Connection):  [6584392 6678234 6474917 6490554 6662594 6412355 6459273 6412353 6443633 6631314 6553114 6662593 6693873 6365436 6490555 6568754 6568752 6474917 6537477 6662593 6443637 6631314 6693873 6615676 6427994 6521835 6646952 6584392 6443633 6709514]
Requests Number (per Connection):  [421 427 414 415 426 410 413 410 412 424 419 426 428 407 415 420 420 414 418 426 412 424 428 423 411 417 425 421 412 429]
Requests/sec:  2199.202587890625 KB
Transfer/sec:  5398.20166015625 KB

2023-12-01 20:33:59.07911599 +0800 CST m=+720.526195503
Running 1m0s myx-test @ https://192.168.12.127:6443/api/v1/namespaces/myx-test/endpoints
60 connections
Requests/bytes (per Connection):  [2290155 2333161 2386918 2171884 2354662 2311655 2311657 2300905 2193386 2429928 2300904 2204136 2182636 2333160 2279401 2290153 2268649 2204138 2247145 2193386 2300905 2333160 2300903 2365416 2311657 2386920 2462183 2365416 2322407 2268649 2354665 2247146 2268647 2236395 2268649 2290152 2343912 2343913 2214887 2268647 2257895 2386920 2247146 2343912 2397670 2204139 2311656 2247145 2300905 2204138 2236393 2343913 2279401 2365416 2247143 2300905 2236393 2204137 2225641 2322406]
Response/bytes (per Connection):  [3331299 3393857 3472054 3159260 3425134 3362575 3362577 3346937 3190538 3534616 3346936 3206176 3174900 3393856 3315657 3331297 3300017 3206178 3268737 3190538 3346937 3393856 3346935 3440776 3362577 3472056 3581535 3440776 3378215 3300017 3425137 3268738 3300015 3253099 3300017 3331296 3409496 3409497 3221815 3300015 3284375 3472056 3268738 3409496 3487694 3206179 3362576 3268737 3346937 3206178 3253097 3409497 3315657 3440776 3268735 3346937 3253097 3206177 3237457 3378214]
Requests Number (per Connection):  [213 217 222 202 219 215 215 214 204 226 214 205 203 217 212 213 211 205 209 204 214 217 214 220 215 222 229 220 216 211 219 209 211 208 211 213 218 218 206 211 210 222 209 218 223 205 215 209 214 205 208 218 212 220 209 214 208 205 207 216]
Requests/sec:  2238.0521158854167 KB
Transfer/sec:  5493.562434895834 KB

2023-12-01 20:36:10.564638107 +0800 CST m=+852.011717604
Running 1m0s myx-test @ https://192.168.12.127:6443/api/v1/namespaces/myx-test/endpoints
90 connections
Requests/bytes (per Connection):  [1623534 1548269 1580529 1526767 1591279 1634288 1526769 1763309 1623536 1623534 1580526 1451505 1537521 1516018 1634288 1666544 1494513 1688048 1677294 1698798 1494514 1612784 1548273 1623534 1612785 1591279 1591279 1666541 1526767 1688048 1623537 1548273 1612785 1602033 1634287 1591279 1612785 1612782 1623532 1677294 1634288 1677296 1516017 1623536 1698797 1559025 1473010 1645038 1429998 1688048 1559025 1634286 1559023 1645040 1483759 1505264 1526770 1526769 1580529 1645038 1559025 1634288 1602029 1473008 1516015 1580529 1580529 1612781 1698798 1537519 1655792 1569774 1645038 1569777 1645040 1516017 1612783 1580527 1591281 1526769 1580529 1526767 1569777 1569777 1591281 1537521 1666542 1591281 1645040 1591279]
Response/bytes (per Connection):  [2361622 2252141 2299065 2220863 2314703 2377264 2220865 2564941 2361624 2361622 2299062 2111385 2236505 2205226 2377264 2424184 2173945 2455464 2439822 2471102 2173946 2345984 2252145 2361622 2345985 2314703 2314703 2424181 2220863 2455464 2361625 2252145 2345985 2330345 2377263 2314703 2345985 2345982 2361620 2439822 2377264 2439824 2205225 2361624 2471101 2267785 2142666 2392902 2080102 2455464 2267785 2377262 2267783 2392904 2158303 2189584 2220866 2220865 2299065 2392902 2267785 2377264 2330341 2142664 2205223 2299065 2299065 2345981 2471102 2236503 2408544 2283422 2392902 2283425 2392904 2205225 2345983 2299063 2314705 2220865 2299065 2220863 2283425 2283425 2314705 2236505 2424182 2314705 2392904 2314703]
Requests Number (per Connection):  [151 144 147 142 148 152 142 164 151 151 147 135 143 141 152 155 139 157 156 158 139 150 144 151 150 148 148 155 142 157 151 144 150 149 152 148 150 150 151 156 152 156 141 151 158 145 137 153 133 157 145 152 145 153 138 140 142 142 147 153 145 152 149 137 141 147 147 150 158 143 154 146 153 146 153 141 150 147 148 142 147 142 146 146 148 143 155 148 153 148]
Requests/sec:  2331.8510579427084 KB
Transfer/sec:  5723.80302734375 KB

2023-12-01 20:38:21.988308453 +0800 CST m=+983.435388000
Running 1m0s myx-test @ https://192.168.12.127:6443/api/v1/namespaces/myx-test/endpoints
150 connections
Requests/bytes (per Connection):  [1752558 1774063 1881580 1838571 1935340 1860077 1827822 1752558 1870828 1688046 1774064 1806317 1817069 1838573 1838574 1838574 1763311 1720302 1817069 1677294 1989099 1817070 1881583 1795563 1731056 1774061 1709552 1763311 1956845 1827821 1924588 1860078 1838573 1827822 1806317 1720302 1881582 1924588 1827819 1806319 1935338 1784813 1924590 1795565 1774064 1978350 1838575 1827821 1806317 1752558 1903086 1763309 1860076 1881578 1817069 1763311 1720301 1784814 1860078 1903084 1795565 1870830 1795565 1763312 1731056 1795565 1838575 1946089 1989100 1731056 1784811 1752557 1817071 1849327 1827822 1935340 1860076 1860074 1870831 1903084 1774062 1784815 1827821 1838575 1903086 1838573 1763309 1849326 1806315 1806319 1795567 1763309 1795563 1881581 1870826 1999853 1774061 1903082 1827822 1795565 1763311 1870829 1838573 1763309 1827823 1774061 1720302 1870829 1838575 1720301 1774063 1849324 1763311 1795565 1849326 1784811 1870831 1752559 1817069 1870828 1784811 1903084 1860076 1870828 1827819 1784813 1924590 1881581 1924590 1913836 1752560 1612785 1849324 1784815 1870830 1752559 1870828 1784814 1688046 1827823 1870828 1784813 1860076 1860078 1870828 1817069 1881580 1817068 1978349 1752559]
Response/bytes (per Connection):  [2549302 2580583 2736980 2674419 2815180 2705701 2658782 2549302 2721340 2455462 2580584 2627501 2643141 2674421 2674422 2674422 2564943 2502382 2643141 2439822 2893379 2643142 2736983 2611859 2518024 2580581 2486744 2564943 2846461 2658781 2799540 2705702 2674421 2658782 2627501 2502382 2736982 2799540 2658779 2627503 2815178 2596221 2799542 2611861 2580584 2877742 2674423 2658781 2627501 2549302 2768262 2564941 2705700 2736978 2643141 2564943 2502381 2596222 2705702 2768260 2611861 2721342 2611861 2564944 2518024 2611861 2674423 2830817 2893380 2518024 2596219 2549301 2643143 2690063 2658782 2815180 2705700 2705698 2721343 2768260 2580582 2596223 2658781 2674423 2768262 2674421 2564941 2690062 2627499 2627503 2611863 2564941 2611859 2736981 2721338 2909021 2580581 2768258 2658782 2611861 2564943 2721341 2674421 2564941 2658783 2580581 2502382 2721341 2674423 2502381 2580583 2690060 2564943 2611861 2690062 2596219 2721343 2549303 2643141 2721340 2596219 2768260 2705700 2721340 2658779 2596221 2799542 2736981 2799542 2783900 2549304 2345985 2690060 2596223 2721342 2549303 2721340 2596222 2455462 2658783 2721340 2596221 2705700 2705702 2721340 2643141 2736980 2643140 2877741 2549303]
Requests Number (per Connection):  [163 165 175 171 180 173 170 163 174 157 165 168 169 171 171 171 164 160 169 156 185 169 175 167 161 165 159 164 182 170 179 173 171 170 168 160 175 179 170 168 180 166 179 167 165 184 171 170 168 163 177 164 173 175 169 164 160 166 173 177 167 174 167 164 161 167 171 181 185 161 166 163 169 172 170 180 173 173 174 177 165 166 170 171 177 171 164 172 168 168 167 164 167 175 174 186 165 177 170 167 164 174 171 164 170 165 160 174 171 160 165 172 164 167 172 166 174 163 169 174 166 177 173 174 170 166 179 175 179 178 163 150 172 166 174 163 174 166 157 170 174 166 173 173 174 169 175 169 184 163]
Requests/sec:  4456.504427083333 KB
Transfer/sec:  10939.01484375 KB

2023-12-01 20:40:37.243022723 +0800 CST m=+1118.690102218
Running 1m0s myx-test @ https://192.168.12.127:6443/api/v1/namespaces/myx-test/endpoints
300 connections
Requests/bytes (per Connection):  [634363 580601 559097 602107 548347 537596 569849 548345 569852 591355 559099 612859 526843 559097 645113 602107 548346 569849 720374 602107 623609 666616 580603 580603 591355 537594 559097 623609 580603 634360 580603 580601 569851 526844 602105 548348 580603 612857 537593 580603 505339 548346 580601 559098 591353 569850 591353 666618 602105 537593 655867 559099 591352 591351 602105 559099 623611 483835 526840 537594 602107 559097 602105 548348 688120 580601 580603 591353 569852 666619 612859 623611 569849 666617 602105 623609 548345 591355 580601 623608 591353 612857 602107 548347 559100 591353 548343 569849 591355 655866 516088 580602 634361 580602 612857 559098 634362 526841 623609 537594 591353 548348 548347 591353 548343 537596 559098 698873 569851 526844 720378 580603 569849 602107 634360 634361 634359 526843 612857 505340 516090 677370 623610 602107 559098 548348 634361 645113 559096 591355 559097 645111 591355 537593 677370 602105 569851 591355 537596 559100 634363 569849 634361 580603 602105 569851 612857 612856 602107 559099 602105 516092 634363 634362 537593 591353 623611 537593 612857 559100 623611 559100 580601 516089 526843 602105 591353 666616 580602 580603 559097 623608 623609 612857 559097 516092 634361 483836 559099 559100 623609 591355 591355 602105 569849 591355 645115 537595 655867 537595 580603 580602 559100 526843 602105 505339 612857 559097 548347 677368 591355 602105 655866 548345 623608 559100 548348 580603 483834 591354 548345 612857 612859 602107 559097 698874 559099 634361 569850 591355 559097 569849 612857 591353 602107 548347 569851 677368 569850 505339 580603 655866 580601 516090 569851 645114 559097 634362 548348 569852 645114 634363 537595 612857 612857 602105 612859 655867 612858 569851 548345 591355 559099 559100 537594 569852 688120 666616 559097 580603 612859 645115 537593 666617 580603 559097 612857 623611 645115 623608 569852 537595 634363 494586 526844 612859 612855 602105 645115 580603 623611 623607 516090 612857 602107 559099 580601 623609 569851 645114 645113 548346 537594 548348 591353 591355 580603 537595 559099 591354]
Response/bytes (per Connection):  [922755 844553 813273 875835 797635 781996 828913 797633 828916 860195 813275 891475 766355 813273 938393 875835 797634 828913 1047870 875835 907113 969672 844555 844555 860195 781994 813273 907113 844555 922752 844555 844553 828915 766356 875833 797636 844555 891473 781993 844555 735075 797634 844553 813274 860193 828914 860193 969674 875833 781993 954035 813275 860192 860191 875833 813275 907115 703795 766352 781994 875835 813273 875833 797636 1000952 844553 844555 860193 828916 969675 891475 907115 828913 969673 875833 907113 797633 860195 844553 907112 860193 891473 875835 797635 813276 860193 797631 828913 860195 954034 750712 844554 922753 844554 891473 813274 922754 766353 907113 781994 860193 797636 797635 860193 797631 781996 813274 1016593 828915 766356 1047874 844555 828913 875835 922752 922753 922751 766355 891473 735076 750714 985314 907114 875835 813274 797636 922753 938393 813272 860195 813273 938391 860195 781993 985314 875833 828915 860195 781996 813276 922755 828913 922753 844555 875833 828915 891473 891472 875835 813275 875833 750716 922755 922754 781993 860193 907115 781993 891473 813276 907115 813276 844553 750713 766355 875833 860193 969672 844554 844555 813273 907112 907113 891473 813273 750716 922753 703796 813275 813276 907113 860195 860195 875833 828913 860195 938395 781995 954035 781995 844555 844554 813276 766355 875833 735075 891473 813273 797635 985312 860195 875833 954034 797633 907112 813276 797636 844555 703794 860194 797633 891473 891475 875835 813273 1016594 813275 922753 828914 860195 813273 828913 891473 860193 875835 797635 828915 985312 828914 735075 844555 954034 844553 750714 828915 938394 813273 922754 797636 828916 938394 922755 781995 891473 891473 875833 891475 954035 891474 828915 797633 860195 813275 813276 781994 828916 1000952 969672 813273 844555 891475 938395 781993 969673 844555 813273 891473 907115 938395 907112 828916 781995 922755 719434 766356 891475 891471 875833 938395 844555 907115 907111 750714 891473 875835 813275 844553 907113 828915 938394 938393 797634 781994 797636 860193 860195 844555 781995 813275 860194]
Requests Number (per Connection):  [59 54 52 56 51 50 53 51 53 55 52 57 49 52 60 56 51 53 67 56 58 62 54 54 55 50 52 58 54 59 54 54 53 49 56 51 54 57 50 54 47 51 54 52 55 53 55 62 56 50 61 52 55 55 56 52 58 45 49 50 56 52 56 51 64 54 54 55 53 62 57 58 53 62 56 58 51 55 54 58 55 57 56 51 52 55 51 53 55 61 48 54 59 54 57 52 59 49 58 50 55 51 51 55 51 50 52 65 53 49 67 54 53 56 59 59 59 49 57 47 48 63 58 56 52 51 59 60 52 55 52 60 55 50 63 56 53 55 50 52 59 53 59 54 56 53 57 57 56 52 56 48 59 59 50 55 58 50 57 52 58 52 54 48 49 56 55 62 54 54 52 58 58 57 52 48 59 45 52 52 58 55 55 56 53 55 60 50 61 50 54 54 52 49 56 47 57 52 51 63 55 56 61 51 58 52 51 54 45 55 51 57 57 56 52 65 52 59 53 55 52 53 57 55 56 51 53 63 53 47 54 61 54 48 53 60 52 59 51 53 60 59 50 57 57 56 57 61 57 53 51 55 52 52 50 53 64 62 52 54 57 60 50 62 54 52 57 58 60 58 53 50 59 46 49 57 57 56 60 54 58 58 48 57 56 52 54 58 53 60 60 51 50 51 55 55 54 50 52 55]
Requests/sec:  2868.395719401042 KB
Transfer/sec:  7040.815006510416 KB

