2023-12-03 10:37:31.075413423 +0800 CST m=+54606.353348796
Running 1m0s myx-test @ https://192.168.12.127:6443/apis/batch/v1/namespaces/myx-test/jobs
3 connections
Requests/bytes (per Connection):  [32285891 28545702 30996198]
Response/bytes (per Connection):  [52740929 46631090 50634170]
Requests Number (per Connection):  [3004 2656 2884]
Requests/sec:  1494.5929524739583 KB
Transfer/sec:  3936.0999348958335 KB

2023-12-03 10:39:11.540800243 +0800 CST m=+54706.818735617
Running 1m0s myx-test @ https://192.168.12.127:6443/apis/batch/v1/namespaces/myx-test/jobs
6 connections
Requests/bytes (per Connection):  [22795736 23806031 23311634 22881692 23343879 23924185]
Response/bytes (per Connection):  [37238202 38888603 38080968 37378582 38133645 39081519]
Requests Number (per Connection):  [2121 2215 2169 2129 2172 2226]
Requests/sec:  2279.673779296875 KB
Transfer/sec:  6003.6568359375 KB

2023-12-03 10:40:52.07287004 +0800 CST m=+54807.350805426
Running 1m0s myx-test @ https://192.168.12.127:6443/apis/batch/v1/namespaces/myx-test/jobs
9 connections
Requests/bytes (per Connection):  [18571930 18346186 18679370 18432206 18249475 18442949 17937809 18152739 18324740]
Response/bytes (per Connection):  [30338382 29969556 30513842 30110128 29811597 30127671 29302493 29653563 29934590]
Requests Number (per Connection):  [1728 1707 1738 1715 1698 1716 1669 1689 1705]
Requests/sec:  2687.783268229167 KB
Transfer/sec:  7078.437923177084 KB

2023-12-03 10:42:32.51460001 +0800 CST m=+54907.792535399
Running 1m0s myx-test @ https://192.168.12.127:6443/apis/batch/v1/namespaces/myx-test/jobs
15 connections
Requests/bytes (per Connection):  [10941049 11059349 11027105 10790577 10715396 11091581 10908818 10790635 11091592 10984113 10650908 11037795 10984054 11070077 10844390]
Response/bytes (per Connection):  [17872799 18066153 18013479 17626987 17504246 18118791 17820164 17627161 18118824 17943247 17398898 18030863 17943070 18083651 17714996]
Requests Number (per Connection):  [1018 1029 1026 1004 997 1032 1015 1004 1032 1022 991 1027 1022 1030 1009]
Requests/sec:  2669.0663899739584 KB
Transfer/sec:  7029.146614583334 KB

2023-12-03 10:44:13.011625371 +0800 CST m=+55008.289560749
Running 1m0s myx-test @ https://192.168.12.127:6443/apis/batch/v1/namespaces/myx-test/jobs
30 connections
Requests/bytes (per Connection):  [6889203 6717277 6942984 6792513 6985975 6921488 6631294 6792513 6760241 6717278 6728024 7061211 6899958 6803261 6792513 6695777 6760269 7190149 6738773 6760269 6642043 6942938 7136446 6814007 6942946 7028967 6770987 6781765 6942947 6878496]
Response/bytes (per Connection):  [11253883 10973081 11341796 11095987 11412025 11306680 10832620 11095987 11043229 10973084 10990636 11534931 11271462 11113545 11095987 10937953 11043313 11745513 11008197 11043313 10850181 11341658 11657834 11131097 11341682 11482257 11060781 11078429 11341685 11236448]
Requests Number (per Connection):  [641 625 646 632 650 644 617 632 629 625 626 657 642 633 632 623 629 669 627 629 618 646 664 634 646 654 630 631 646 640]
Requests/sec:  3344.11640625 KB
Transfer/sec:  8806.930110677084 KB

2023-12-03 10:45:53.540959871 +0800 CST m=+55108.818895249
Running 1m0s myx-test @ https://192.168.12.127:6443/apis/batch/v1/namespaces/myx-test/jobs
60 connections
Requests/bytes (per Connection):  [3707946 4019633 3869165 3707944 3847667 3869149 4127051 3987333 3826171 3901374 3901406 3912157 3955092 3998123 3987390 3772434 3965888 3847667 3890661 3955146 3879892 3815423 3901356 3836865 3847621 3987392 3965847 4041131 3815425 3879881 3922878 3987390 3944398 4019636 3987390 3869164 3890659 3879911 3955148 3987350 3858415 3879910 3729442 3869122 3890656 4008888 3826173 3965852 3890661 3750888 4019635 3955133 3847620 3976636 3793929 3955094 3901399 3965894 3901408 3944343]
Response/bytes (per Connection):  [6057168 6566335 6320535 6057162 6285413 6320487 6741729 6513493 6250297 6373104 6373200 6390767 6460828 6531177 6513664 6162516 6478530 6285413 6355651 6460990 6338030 6232739 6373050 6267693 6285275 6513670 6478407 6601457 6232745 6337997 6408244 6513664 6443432 6566344 6513664 6320532 6355645 6338087 6460996 6513544 6302971 6338084 6092284 6320406 6355636 6548786 6250303 6478422 6355651 6127250 6566341 6460951 6285272 6496088 6197629 6460834 6373179 6478548 6373206 6443267]
Requests Number (per Connection):  [345 374 360 345 358 360 384 371 356 363 363 364 368 372 371 351 369 358 362 368 361 355 363 357 358 371 369 376 355 361 365 371 367 374 371 360 362 361 368 371 359 361 347 360 362 373 356 369 362 349 374 368 358 370 353 368 363 369 363 367]
Requests/sec:  3815.026888020833 KB
Transfer/sec:  10047.10341796875 KB

2023-12-03 10:47:34.162236742 +0800 CST m=+55209.440172129
Running 1m0s myx-test @ https://192.168.12.127:6443/apis/batch/v1/namespaces/myx-test/jobs
90 connections
Requests/bytes (per Connection):  [2912601 2815908 2880389 2912600 2848113 2880357 2805127 2815869 2891135 2815886 2815870 2901853 2815907 2686901 2869638 2923350 2805122 2901855 2848113 2837365 2805160 2826617 2794373 2977112 2686894 2772878 2686896 2880357 2869611 2815870 2901852 2805122 2826617 2826622 2805124 2794413 2772878 2772878 2772878 2686944 2762130 2772878 2923349 2762129 2848148 2815870 2837403 2751382 2815876 2772886 2966340 2762130 2815903 2901855 2848118 2676193 2805135 2815871 2740634 2762130 2783628 2912601 2665400 2880357 2869609 2794373 2977101 2815890 2826618 2858895 2880357 2815904 2686909 2837366 2912601 2676146 2783666 2901852 2805147 2815870 2826617 2815892 2891135 2708397 2740636 2869609 2772888 2815872 2643903 2826618]
Response/bytes (per Connection):  [4757897 4599992 4705319 4757894 4652549 4705223 4582335 4599875 4722871 4599926 4599878 4740339 4599989 4389203 4687752 4775458 4582320 4740345 4652549 4634991 4582434 4617433 4564759 4863314 4389182 4529646 4389188 4705223 4687671 4599878 4740336 4582320 4617433 4617448 4582326 4564879 4529646 4529646 4529646 4389332 4512088 4529646 4775455 4512085 4652654 4599878 4635105 4494530 4599896 4529670 4845684 4512088 4599977 4740345 4652564 4371765 4582359 4599881 4476972 4512088 4547210 4757897 4354072 4705223 4687665 4564759 4863281 4599938 4617436 4670209 4705223 4599980 4389227 4634994 4757897 4371624 4547324 4740336 4582395 4599878 4617433 4599944 4722871 4424319 4476978 4687665 4529676 4599884 4318953 4617436]
Requests Number (per Connection):  [271 262 268 271 265 268 261 262 269 262 262 270 262 250 267 272 261 270 265 264 261 263 260 277 250 258 250 268 267 262 270 261 263 263 261 260 258 258 258 250 257 258 272 257 265 262 264 256 262 258 276 257 262 270 265 249 261 262 255 257 259 271 248 268 267 260 277 262 263 266 268 262 250 264 271 249 259 270 261 262 263 262 269 252 255 267 258 262 246 263]
Requests/sec:  4128.145703125 KB
Transfer/sec:  10871.715071614582 KB

2023-12-03 10:49:14.770783569 +0800 CST m=+55310.048718979
Running 1m0s myx-test @ https://192.168.12.127:6443/apis/batch/v1/namespaces/myx-test/jobs
150 connections
Requests/bytes (per Connection):  [1870056 1956039 1773403 1880883 1891551 1945342 1880854 1805647 1816316 1751828 1816370 1902299 1891551 1880828 1805603 1966861 1816316 2063518 1966858 1816318 1837862 1816315 1870072 1827143 1913060 1945290 1859307 1870092 1913047 1956041 1956075 1784085 1805568 1870083 1870055 1870121 1891557 2009827 1913047 1923849 1977534 1773365 1805640 1805597 1956110 1988353 1794879 1848569 1913047 1870089 1751834 1848611 1880862 1934568 1816395 1708915 1870113 1934557 1827143 1913124 1902349 1794871 1902378 1870135 1891565 1848587 1880834 1805647 1923843 1902311 1708860 1859325 1859307 1902342 1880882 1902376 2031290 1988362 1880850 1913047 1934553 1902299 1891551 1816395 1708837 2074320 1837847 1805604 1902352 1794899 1794859 1891621 1870093 1816355 1902378 1977534 1805578 1902325 1880845 1644364 1988282 1891614 1805568 1816337 2009813 1794820 1956038 1923795 1956051 1859327 1977613 1913047 1988323 1956118 1848615 1923795 2031285 1902299 1923795 1837836 1848560 1816395 1988326 1880883 1762641 1870069 1816315 1913077 1848560 1923840 2128085 1988312 1816395 1923808 1902344 1848559 1784096 1773370 1870134 1988350 1837811 1934563 1805591 1848560 1827064 1913069 1816316 1837811 1794898 1870056]
Response/bytes (per Connection):  [3054804 3195265 2897019 3072599 3089917 3177860 3072512 2949693 2967014 2861666 2967176 3107475 3089917 3072434 2949561 3213045 2967014 3370842 3213036 2967020 3002280 2967011 3054852 2984809 3125072 3177704 3037243 3054912 3125033 3195271 3195373 2914379 2949456 3054885 3054801 3054999 3089935 3283199 3125033 3142753 3230378 2896905 2949672 2949543 3195478 3248149 2932075 3019715 3125033 3054903 2861684 3019841 3072536 3160224 2967251 2791671 3054975 3160191 2984809 3125264 3107625 2932051 3107712 3055041 3089959 3019769 3072452 2949693 3142735 3107511 2791506 3037297 3037243 3107604 3072596 3107706 3318216 3248176 3072500 3125033 3160179 3107475 3089917 2967251 2791437 3388562 3002235 2949564 3107634 2932135 2932015 3090127 3054915 2967131 3107712 3230378 2949486 3107553 3072485 2686134 3247936 3090106 2949456 2967077 3283157 2931898 3195262 3142591 3195301 3037303 3230615 3125033 3248059 3195502 3019853 3142591 3318201 3107475 3142591 3002202 3019688 2967251 3248068 3072599 2879419 3054843 2967011 3125123 3019688 3142726 3476427 3248026 2967251 3142630 3107610 3019685 2914412 2896920 3055038 3248140 3002127 3160209 2949525 3019688 2984572 3125099 2967014 3002127 2932132 3054804]
Requests Number (per Connection):  [174 182 165 175 176 181 175 168 169 163 169 177 176 175 168 183 169 192 183 169 171 169 174 170 178 181 173 174 178 182 182 166 168 174 174 174 176 187 178 179 184 165 168 168 182 185 167 172 178 174 163 172 175 180 169 159 174 180 170 178 177 167 177 174 176 172 175 168 179 177 159 173 173 177 175 177 189 185 175 178 180 177 176 169 159 193 171 168 177 167 167 176 174 169 177 184 168 177 175 153 185 176 168 169 187 167 182 179 182 173 184 178 185 182 172 179 189 177 179 171 172 169 185 175 164 174 169 178 172 179 198 185 169 179 177 172 166 165 174 185 171 180 168 172 170 178 169 171 167 174]
Requests/sec:  4585.062516276042 KB
Transfer/sec:  12075.036100260417 KB

2023-12-03 10:50:55.252450412 +0800 CST m=+55410.530385789
Running 1m0s myx-test @ https://192.168.12.127:6443/apis/batch/v1/namespaces/myx-test/jobs
300 connections
Requests/bytes (per Connection):  [1128529 1193015 1128529 1193016 1021049 1117780 1139271 1096285 1182222 1128529 1192950 1107033 1160735 1193016 1171520 1107035 1139198 1192981 1107031 1128487 1096237 1106977 1160737 1182268 1053293 1021049 1149952 1106972 1171499 1236007 1064042 1268230 1107033 1106987 1139276 1160761 1085495 1300416 1117781 1085534 1182268 1150004 1203710 1203764 1171442 1150018 1171517 1107032 1128518 1160698 1171521 1343439 924247 1096237 1182268 1085477 1063971 1053279 1074789 1074791 1171521 1214512 999550 1107032 1117715 1171473 1225260 1096285 1107033 1246702 1246751 1074710 1193016 1117781 1139276 1182224 1053293 1203764 1150024 1117781 1085528 1214512 1117701 1128528 1074741 1171522 1139208 1117781 1182268 1214512 1096206 1085537 1160773 1150007 1096250 1236008 1193006 1236008 1021050 1150025 1149965 1139279 1107035 1268194 1117780 1150024 1117730 1107033 1053244 1042505 1074768 1107025 1031752 1096223 1171520 1107033 1010289 1031726 1171470 1064032 999554 1096206 1107033 1236000 1171520 1107034 1074789 1042545 1085502 1203685 1192950 1225260 1160694 1139263 1085478 1106973 1031800 1107003 1053293 1160773 1149945 1193016 1128523 1107033 1214496 1171520 1214512 1203764 1192979 1074791 1182189 1171495 1171509 1182268 1128531 1106969 1117722 1096251 1107035 1139276 1128489 1268194 1171522 1182268 1149995 1096285 1246756 1203762 1128528 1128477 1150024 956564 1246739 1203685 1053294 1225186 1107002 1139276 1149966 1149976 1128476 1139277 1235979 1193010 1096226 1064041 1064041 1063976 1020971 1096285 1117754 1246714 1106958 1235929 1171520 1128529 1150025 1246697 1235947 1192971 1225222 1160773 1139277 1171448 1214456 1214492 1139218 1150024 1171466 1203705 1171501 1278939 1203764 1214494 1171520 1085537 1278996 1053295 1128520 1128479 1107035 1117729 1203763 1064003 1096215 978058 1128517 1107003 1203728 1010273 1246755 1096225 1225221 1042545 1171441 1096233 1074769 1031722 1225260 1150025 1074730 1171485 1010272 1182209 1171479 1128482 1064041 1010276 1107033 1106954 1010247 1096206 988806 1171442 1160693 1225260 1149961 1096268 1139276 1064012 1192954 1106994 1171449 1096248 1182268 1203764 1107032 1085458 1117781 1160713 1160772 1171501 1085477 1074789 1139276 1128524 1246749 1182223 978058 1085535 1096285 1042545 1235975 1257431 1192978 1160721 1150024 1182268 1117702 1257467 1150020 1203742 1193014 1268190 1160772 1128462 999548 1278999 1042470 1107033]
Response/bytes (per Connection):  [1843557 1948899 1843557 1948902 1667977 1825996 1861097 1790883 1931206 1843557 1948704 1808441 1896117 1948902 1913786 1808447 1860878 1948797 1808435 1843431 1790739 1808273 1896123 1931344 1720651 1667977 1878454 1808258 1913723 2019131 1738212 2071742 1808441 1808303 1861112 1896195 1773199 2124242 1825999 1773316 1931344 1878610 1966298 1966460 1913552 1878652 1913777 1808438 1843524 1896006 1913789 2194567 1509745 1790739 1931344 1773145 1737999 1720609 1755767 1755773 1913789 1984018 1632852 1808438 1825801 1913645 2001576 1790883 1808441 2036530 2036677 1755530 1948902 1825999 1861112 1931212 1720651 1966460 1878670 1825999 1773298 1984018 1825759 1843554 1755623 1913792 1860908 1825999 1931344 1984018 1790646 1773325 1896231 1878619 1790778 2019134 1948872 2019134 1667980 1878673 1878493 1861121 1808447 2071634 1825996 1878670 1825846 1808441 1720504 1702973 1755704 1808417 1685400 1790697 1913786 1808441 1650383 1685322 1913636 1738182 1632864 1790646 1808441 2019110 1913786 1808444 1755767 1703093 1773220 1966223 1948704 2001576 1895994 1861073 1773148 1808261 1685544 1808351 1720651 1896231 1878433 1948902 1843539 1808441 1983970 1913786 1984018 1966460 1948791 1755773 1931107 1913711 1913753 1931344 1843563 1808249 1825822 1790781 1808447 1861112 1843437 2071634 1913792 1931344 1878583 1790883 2036692 1966454 1843554 1843401 1878670 1562638 2036641 1966223 1720654 2001354 1808348 1861112 1878496 1878526 1843398 1861115 2019047 1948884 1790706 1738209 1738209 1738014 1667743 1790883 1825918 2036566 1808216 2018897 1913786 1843557 1878673 2036515 2018951 1948767 2001462 1896231 1861115 1913570 1983850 1983958 1860938 1878670 1913624 1966283 1913729 2089183 1966460 1983964 1913786 1773325 2089354 1720657 1843530 1843407 1808447 1825843 1966457 1738095 1790673 1597748 1843521 1808351 1966352 1650335 2036689 1790703 2001459 1703093 1913549 1790727 1755707 1685310 2001576 1878673 1755590 1913681 1650332 1931167 1913663 1843416 1738209 1650344 1808441 1808204 1650257 1790646 1615306 1913552 1895991 2001576 1878481 1790832 1861112 1738122 1948716 1808324 1913573 1790772 1931344 1966460 1808438 1773088 1825999 1896051 1896228 1913729 1773145 1755767 1861112 1843542 2036671 1931209 1597748 1773319 1790883 1703093 2019035 2054031 1948788 1896075 1878670 1931344 1825762 2054139 1878658 1966394 1948896 2071622 1896228 1843356 1632846 2089363 1702868 1808441]
Requests Number (per Connection):  [105 111 105 111 95 104 106 102 110 105 111 103 108 111 109 103 106 111 103 105 102 103 108 110 98 95 107 103 109 115 99 118 103 103 106 108 101 121 104 101 110 107 112 112 109 107 109 103 105 108 109 125 86 102 110 101 99 98 100 100 109 113 93 103 104 109 114 102 103 116 116 100 111 104 106 110 98 112 107 104 101 113 104 105 100 109 106 104 110 113 102 101 108 107 102 115 111 115 95 107 107 106 103 118 104 107 104 103 98 97 100 103 96 102 109 103 94 96 109 99 93 102 103 115 109 103 100 97 101 112 111 114 108 106 101 103 96 103 98 108 107 111 105 103 113 109 113 112 111 100 110 109 109 110 105 103 104 102 103 106 105 118 109 110 107 102 116 112 105 105 107 89 116 112 98 114 103 106 107 107 105 106 115 111 102 99 99 99 95 102 104 116 103 115 109 105 107 116 115 111 114 108 106 109 113 113 106 107 109 112 109 119 112 113 109 101 119 98 105 105 103 104 112 99 102 91 105 103 112 94 116 102 114 97 109 102 100 96 114 107 100 109 94 110 109 105 99 94 103 103 94 102 92 109 108 114 107 102 106 99 111 103 109 102 110 112 103 101 104 108 108 109 101 100 106 105 116 110 91 101 102 97 115 117 111 108 107 110 104 117 107 112 111 118 108 105 93 119 97 103]
Requests/sec:  5559.07763671875 KB
Transfer/sec:  14640.17783203125 KB

