2023-12-01 22:14:58.765253366 +0800 CST m=+4823.481385787
Running 1m0s myx-test @ https://192.168.12.127:6443/api/v1/namespaces/myx-test/limitranges
3 connections
Requests/bytes (per Connection):  [28102231 27327901 29898264]
Response/bytes (per Connection):  [41044420 39913474 43667604]
Requests Number (per Connection):  [2613 2541 2780]
Requests/sec:  1388.8085286458333 KB
Transfer/sec:  3417.218326822917 KB

2023-12-01 22:17:09.548649915 +0800 CST m=+4954.264782336
Running 1m0s myx-test @ https://192.168.12.127:6443/api/v1/namespaces/myx-test/limitranges
6 connections
Requests/bytes (per Connection):  [25875988 26757891 24972578 25779196 26725627 25209234]
Response/bytes (per Connection):  [37792906 39080955 36473444 37651537 39033832 36819066]
Requests Number (per Connection):  [2406 2488 2322 2397 2485 2344]
Requests/sec:  2528.0031575520834 KB
Transfer/sec:  6220.251529947916 KB

2023-12-01 22:19:20.245078756 +0800 CST m=+5084.961211198
Running 1m0s myx-test @ https://192.168.12.127:6443/api/v1/namespaces/myx-test/limitranges
9 connections
Requests/bytes (per Connection):  [17863652 18390697 18638060 18670325 17788425 17949691 18627276 18681041 18681080]
Response/bytes (per Connection):  [26090585 26860327 27221609 27268733 25980687 26216248 27205872 27284402 27284441]
Requests Number (per Connection):  [1661 1710 1733 1736 1654 1669 1732 1737 1737]
Requests/sec:  2690.270947265625 KB
Transfer/sec:  6619.517431640625 KB

2023-12-01 22:21:30.941457535 +0800 CST m=+5215.657589968
Running 1m0s myx-test @ https://192.168.12.127:6443/api/v1/namespaces/myx-test/limitranges
15 connections
Requests/bytes (per Connection):  [13432738 12905758 12690662 12808909 13142366 13077836 12626132 12722925 13002497 12991800 13002552 13335945 13131582 13120815 12712172]
Response/bytes (per Connection):  [19619035 18849358 18535202 18707932 19194932 19100684 18440954 18582324 18990674 18975024 18990729 19477665 19179195 19163475 18566618]
Requests Number (per Connection):  [1249 1200 1180 1191 1222 1216 1174 1183 1209 1208 1209 1240 1221 1220 1182]
Requests/sec:  3169.021630859375 KB
Transfer/sec:  7797.50146484375 KB

2023-12-01 22:23:41.685491196 +0800 CST m=+5346.401623630
Running 1m0s myx-test @ https://192.168.12.127:6443/api/v1/namespaces/myx-test/limitranges
30 connections
Requests/bytes (per Connection):  [6560371 6743261 6818489 6829274 6807790 7065909 6829244 6635710 6775526 6614172 6936813 6883018 6657166 6689430 6614203 6743205 6915291 6485144 6700242 6786281 6764721 6678675 6635713 6689476 6840053 6872320 6635713 6721752 6818545 6904585]
Response/bytes (per Connection):  [9581701 9848792 9958691 9974429 9943039 10320030 9974399 9691711 9895916 9660267 10131498 10052938 9723073 9770196 9660298 9848736 10100070 9471803 9785961 9911624 9880158 9754488 9691714 9770242 9990161 10037287 9691714 9817377 9958747 10084411]
Requests Number (per Connection):  [610 627 634 635 633 657 635 617 630 615 645 640 619 622 615 627 643 603 623 631 629 621 617 622 636 639 617 625 634 642]
Requests/sec:  3298.3738932291667 KB
Transfer/sec:  8115.780647786459 KB

2023-12-01 22:25:52.515410941 +0800 CST m=+5477.231543365
Running 1m0s myx-test @ https://192.168.12.127:6443/api/v1/namespaces/myx-test/limitranges
60 connections
Requests/bytes (per Connection):  [4011518 4022273 4151332 3914726 4119068 4033028 3946989 3893214 3990066 4054538 4076065 3968499 3979253 4097558 4011518 4000801 4129822 3871762 4011521 4065293 4022274 4097608 4022273 4183597 4043785 4076078 3968525 4043840 4108312 4054538 4000764 3936234 4119125 3936234 4011541 4054538 3893216 4043784 4000796 4172843 4151333 4000763 4172842 4043810 3990008 3979254 4022273 3990011 3947015 4033028 3979254 4000764 3946989 4054538 4129822 4043783 3925536 4119124 3893217 4054538]
Response/bytes (per Connection):  [5858987 5874695 6063190 5717618 6016067 5890403 5764740 5686200 5827629 5921819 5953252 5796156 5811863 5984651 5858987 5843317 6031774 5654842 5858990 5937527 5874696 5984701 5874695 6110314 5906113 5953265 5796182 5906168 6000358 5921819 5843280 5749032 6016124 5749032 5859010 5921819 5686202 5906112 5843312 6094607 6063191 5843279 6094606 5906138 5827571 5811864 5874695 5827574 5764766 5890403 5811864 5843280 5764740 5921819 6031774 5906111 5733381 6016123 5686203 5921819]
Requests Number (per Connection):  [373 374 386 364 383 375 367 362 371 377 379 369 370 381 373 372 384 360 373 378 374 381 374 389 376 379 369 376 382 377 372 366 383 366 373 377 362 376 372 388 386 372 388 376 371 370 374 371 367 375 370 372 367 377 384 376 365 383 362 377]
Requests/sec:  3932.562679036458 KB
Transfer/sec:  9676.227213541666 KB

2023-12-01 22:28:03.275580928 +0800 CST m=+5607.991713351
Running 1m0s myx-test @ https://192.168.12.127:6443/api/v1/namespaces/myx-test/limitranges
90 connections
Requests/bytes (per Connection):  [2677969 2817783 2796217 3022116 2677912 2936085 2753239 2796220 2656401 2925274 2850047 2828481 2806970 2699478 2839235 2850047 2764008 2634949 2753253 2796272 2979072 2968295 2677969 2871557 2720932 2925331 2742498 2882261 2828483 2871500 2753253 2774761 2720980 2828502 2903765 2828480 2774706 2785497 2774749 2839291 2849990 2753196 2785505 2742462 2849990 2882255 2720968 2817783 2903765 2785461 2849990 2925332 2677911 2645702 2817757 2688724 2785517 2839235 2688666 2699478 2882312 2774762 2753253 2699422 2817783 2817728 2774706 2839292 2742498 2860801 2807028 2796273 2774728 2796244 2774713 2710198 2903775 2624194 2785461 2774706 2763951 2688669 2720986 2806970 2763973 2839235 2645647 2764007 2807028 2699423]
Response/bytes (per Connection):  [3911266 4115469 4083997 4413909 3911209 4288254 4021207 4084000 3879792 4272490 4162592 4131120 4099703 3942681 4146827 4162592 4036929 3848434 4021221 4084052 4351053 4335323 3911266 4194008 3974041 4272547 4005513 4209665 4131122 4193951 4021221 4052635 3974089 4131141 4241075 4131119 4052580 4068324 4052623 4146883 4162535 4021164 4068332 4005477 4162535 4209659 3974077 4115469 4241075 4068288 4162535 4272548 3911208 3864140 4115443 3926974 4068344 4146827 3926916 3942681 4209716 4052636 4021221 3942625 4115469 4115414 4052580 4146884 4005513 4178299 4099761 4084053 4052602 4084024 4052587 3958354 4241085 3832726 4068288 4052580 4036872 3926919 3974095 4099703 4036894 4146827 3864085 4036928 4099761 3942626]
Requests Number (per Connection):  [249 262 260 281 249 273 256 260 247 272 265 263 261 251 264 265 257 245 256 260 277 276 249 267 253 272 255 268 263 267 256 258 253 263 270 263 258 259 258 264 265 256 259 255 265 268 253 262 270 259 265 272 249 246 262 250 259 264 250 251 268 258 256 251 262 262 258 264 255 266 261 260 258 260 258 252 270 244 259 258 257 250 253 261 257 264 246 257 261 251]
Requests/sec:  4089.409033203125 KB
Transfer/sec:  10062.151171875 KB

2023-12-01 22:30:14.323786867 +0800 CST m=+5739.039919304
Running 1m0s myx-test @ https://192.168.12.127:6443/api/v1/namespaces/myx-test/limitranges
150 connections
Requests/bytes (per Connection):  [1806784 1731521 1688500 1774558 1817578 1806821 1796011 1849802 1785275 1828332 1753049 1677764 1806766 1677735 1839087 1710027 1806798 1796066 1849803 1785256 1763801 1806823 1602480 1785274 1667009 1720727 1763788 1753033 1806766 1710029 1774556 1753021 1796031 1753048 1710029 1710026 1688518 1656197 1774558 1785311 1839031 1882093 1763803 1742237 1720781 1871329 1709972 1774533 1709972 1806791 1731481 1871352 1796066 1817578 1656203 1667009 1817576 1860597 1860541 1699238 1796066 1774558 1731499 1623971 1763803 1763801 1860546 1720784 1817577 1634744 1753049 1882065 1796062 1860597 1806823 1817578 1882106 1903615 1860550 1677707 1710029 1656254 1828333 1806766 1806765 1763802 1763797 1710029 1774558 1774558 1699274 1806821 1817578 1763746 1796021 1699271 1935824 1656198 1774558 1656254 1688518 1753005 1720726 1731536 1720784 1817521 1796068 1677707 1839028 1785313 1763749 1839070 1860540 1828311 1688470 1785313 1688462 1752992 1817578 1710029 1763803 1796066 1742294 1667005 1763746 1785311 1817576 1720784 1785257 1709972 1774504 1731536 1634744 1882105 1882108 1785280 1806766 1634742 1860598 1871353 1699274 1806823 1709998 1645500 1709978 1742293 1677763 1774501 1731517 1828327]
Response/bytes (per Connection):  [2638888 2528954 2466121 2591803 2654635 2638925 2623162 2701718 2607473 2670342 2560388 2450432 2638870 2450403 2686050 2497554 2638902 2623217 2701719 2607454 2576093 2638927 2340477 2607472 2434724 2513207 2576080 2560372 2638870 2497556 2591801 2560360 2623182 2560387 2497556 2497553 2466139 2418959 2591803 2607509 2685994 2748868 2576095 2544623 2513261 2733151 2497499 2591778 2497499 2638895 2528914 2733174 2623217 2654635 2418965 2434724 2654633 2717466 2717410 2481812 2623217 2591803 2528932 2371874 2576095 2576093 2717415 2513264 2654634 2387600 2560388 2748840 2623213 2717466 2638927 2654635 2748881 2780296 2717419 2450375 2497556 2419016 2670343 2638870 2638869 2576094 2576089 2497556 2591803 2591803 2481848 2638925 2654635 2576038 2623172 2481845 2827364 2418960 2591803 2419016 2466139 2560344 2513206 2528969 2513264 2654578 2623219 2450375 2685991 2607511 2576041 2686033 2717409 2670321 2466091 2607511 2466083 2560331 2654635 2497556 2576095 2623217 2544680 2434720 2576038 2607509 2654633 2513264 2607455 2497499 2591749 2528969 2387600 2748880 2748883 2607478 2638870 2387598 2717467 2733175 2481848 2638927 2497525 2403309 2497505 2544679 2450431 2591746 2528950 2670337]
Requests Number (per Connection):  [168 161 157 165 169 168 167 172 166 170 163 156 168 156 171 159 168 167 172 166 164 168 149 166 155 160 164 163 168 159 165 163 167 163 159 159 157 154 165 166 171 175 164 162 160 174 159 165 159 168 161 174 167 169 154 155 169 173 173 158 167 165 161 151 164 164 173 160 169 152 163 175 167 173 168 169 175 177 173 156 159 154 170 168 168 164 164 159 165 165 158 168 169 164 167 158 180 154 165 154 157 163 160 161 160 169 167 156 171 166 164 171 173 170 157 166 157 163 169 159 164 167 162 155 164 166 169 160 166 159 165 161 152 175 175 166 168 152 173 174 158 168 159 153 159 162 156 165 161 170]
Requests/sec:  4311.538444010416 KB
Transfer/sec:  10608.710725911458 KB

2023-12-01 22:32:25.136227344 +0800 CST m=+5869.852359780
Running 1m0s myx-test @ https://192.168.12.127:6443/api/v1/namespaces/myx-test/limitranges
300 connections
Requests/bytes (per Connection):  [1215274 1193793 1075489 1182991 1150769 1086244 1150773 1172283 1204548 1140019 1161471 1279826 1107754 1021714 1215303 1161471 1215302 1129263 1247568 1258322 1043226 1118453 1258265 1150773 1183038 1258323 1032470 1107713 1150773 1043224 1279781 1226049 1182996 1172226 1129207 1161528 1140018 1118509 1129237 1043195 1086187 1161528 1107743 1140018 1086244 1129207 1301285 1107746 1161471 1140018 1226058 1215303 1107754 1279832 1150726 1312096 1182981 1193793 1226001 1096998 1118508 1215283 1258322 1193793 1032437 1118452 1140018 1032469 1215246 1096999 1118451 1193763 1161528 1215251 1247532 1150773 1161529 1075489 1107753 1043226 1161501 1150773 1193793 1172283 1172226 1161528 1204547 1086244 1193793 1183038 1140019 1086243 1096942 1193736 1226001 1086199 1000206 1150773 1043176 1183036 1118511 1043225 1183038 1226032 1107713 1021688 1107754 1172283 1107731 1236813 1043225 1150773 1107697 1053979 989452 1193793 1161528 1204548 1096999 1129264 1129263 1150759 1064734 1096999 1140018 1032471 1075489 1140019 1204548 1236813 1193778 1107754 1161471 1096999 1290587 1118501 1086244 1269020 1172226 1139961 1096985 1215245 1010960 1096948 1118509 1161528 1161471 1172226 1064678 1043224 989415 1193793 1107753 1140019 1096998 935675 1075489 1107754 1193793 1075489 1140019 1053979 1129263 1107725 1107754 1053979 1064685 1096999 1290531 1226001 1107754 1075489 1183039 1183038 1150726 1118511 1161528 1236771 1064677 1150751 1043226 1086211 1226058 1129253 1140018 1129263 1096942 1086196 1172284 1043224 989449 1129264 1215290 1161528 1021676 1150774 1150776 1107754 1161528 1172283 1107743 1172283 1118471 1118496 1064734 1215303 1086228 1118494 1183038 1204491 1118459 1043224 1064687 1161471 1161528 1236813 1129226 1204548 1086244 1129264 1075434 1086246 1226000 1064734 1140011 1010961 1086244 1096998 1204547 1075462 1193793 1086244 1032469 1247510 1107754 1150716 1204547 1172283 1172283 1204491 1129263 1236777 1150716 1032412 1053979 1086246 1150774 1129264 1129206 1236813 1118508 1150717 1150773 1193793 1140018 1032459 1172283 1086244 1053979 1118509 1096998 1172284 1129207 1096968 1161472 1172283 1172226 1204548 1096942 1161528 1064734 1064734 1183033 1204500 989452 1161529 1139980 1182996 1172273 1129266 1140018 1258275 1140018 1118509 1086244 1139974 1139961 1032418 1086244 1086215 1204509 1096999 1118508 1107754 1258323 1172283 1290530 1053979 1064734 1107753]
Response/bytes (per Connection):  [1774963 1743576 1570789 1727821 1680740 1586497 1680744 1712160 1759284 1665037 1696395 1869233 1617913 1492249 1774992 1696395 1774991 1649328 1822116 1837823 1523667 1633565 1837766 1680744 1727868 1837824 1507958 1617872 1680744 1523665 1869188 1790691 1727826 1712103 1649272 1696452 1665036 1633621 1649302 1523636 1586440 1696452 1617902 1665036 1586497 1649272 1900598 1617905 1696395 1665036 1790700 1774992 1617913 1869239 1680697 1916362 1727811 1743576 1790643 1602204 1633620 1774972 1837823 1743576 1507925 1633564 1665036 1507957 1774935 1602205 1633563 1743546 1696452 1774940 1822080 1680744 1696453 1570789 1617912 1523667 1696425 1680744 1743576 1712160 1712103 1696452 1759283 1586497 1743576 1727868 1665037 1586496 1602148 1743519 1790643 1586452 1460835 1680744 1523617 1727866 1633623 1523666 1727868 1790674 1617872 1492223 1617913 1712160 1617890 1806408 1523666 1680744 1617856 1539373 1445128 1743576 1696452 1759284 1602205 1649329 1649328 1680730 1555081 1602205 1665036 1507959 1570789 1665037 1759284 1806408 1743561 1617913 1696395 1602205 1884947 1633613 1586497 1853474 1712103 1664979 1602191 1774934 1476542 1602154 1633621 1696452 1696395 1712103 1555025 1523665 1445091 1743576 1617912 1665037 1602204 1366586 1570789 1617913 1743576 1570789 1665037 1539373 1649328 1617884 1617913 1539373 1555032 1602205 1884891 1790643 1617913 1570789 1727869 1727868 1680697 1633623 1696452 1806366 1555024 1680722 1523667 1586464 1790700 1649318 1665036 1649328 1602148 1586449 1712161 1523665 1445125 1649329 1774979 1696452 1492211 1680745 1680747 1617913 1696452 1712160 1617902 1712160 1633583 1633608 1555081 1774992 1586481 1633606 1727868 1759227 1633571 1523665 1555034 1696395 1696452 1806408 1649291 1759284 1586497 1649329 1570734 1586499 1790642 1555081 1665029 1476543 1586497 1602204 1759283 1570762 1743576 1586497 1507957 1822058 1617913 1680687 1759283 1712160 1712160 1759227 1649328 1806372 1680687 1507900 1539373 1586499 1680745 1649329 1649271 1806408 1633620 1680688 1680744 1743576 1665036 1507947 1712160 1586497 1539373 1633621 1602204 1712161 1649272 1602174 1696396 1712160 1712103 1759284 1602148 1696452 1555081 1555081 1727863 1759236 1445128 1696453 1664998 1727826 1712150 1649331 1665036 1837776 1665036 1633621 1586497 1664992 1664979 1507906 1586497 1586468 1759245 1602205 1633620 1617913 1837824 1712160 1884890 1539373 1555081 1617912]
Requests Number (per Connection):  [113 111 100 110 107 101 107 109 112 106 108 119 103 95 113 108 113 105 116 117 97 104 117 107 110 117 96 103 107 97 119 114 110 109 105 108 106 104 105 97 101 108 103 106 101 105 121 103 108 106 114 113 103 119 107 122 110 111 114 102 104 113 117 111 96 104 106 96 113 102 104 111 108 113 116 107 108 100 103 97 108 107 111 109 109 108 112 101 111 110 106 101 102 111 114 101 93 107 97 110 104 97 110 114 103 95 103 109 103 115 97 107 103 98 92 111 108 112 102 105 105 107 99 102 106 96 100 106 112 115 111 103 108 102 120 104 101 118 109 106 102 113 94 102 104 108 108 109 99 97 92 111 103 106 102 87 100 103 111 100 106 98 105 103 103 98 99 102 120 114 103 100 110 110 107 104 108 115 99 107 97 101 114 105 106 105 102 101 109 97 92 105 113 108 95 107 107 103 108 109 103 109 104 104 99 113 101 104 110 112 104 97 99 108 108 115 105 112 101 105 100 101 114 99 106 94 101 102 112 100 111 101 96 116 103 107 112 109 109 112 105 115 107 96 98 101 107 105 105 115 104 107 107 111 106 96 109 101 98 104 102 109 105 102 108 109 109 112 102 108 99 99 110 112 92 108 106 110 109 105 106 117 106 104 101 106 106 96 101 101 112 102 104 103 117 109 120 98 99 103]
Requests/sec:  5556.792366536459 KB
Transfer/sec:  13672.715348307293 KB

