2023-11-30 22:47:18.30881632 +0800 CST m=+4778.423684234
Running 1m0s myx-test @ https://192.168.12.127:6443/api/v1/namespaces
3 connections
Requests/bytes (per Connection):  [14253715 9338115 11892877]
Response/bytes (per Connection):  [20943142 13720710 17474586]
Requests Number (per Connection):  [1328 870 1108]
Requests/sec:  577.5505696614583 KB
Transfer/sec:  1426.157958984375 KB

2023-11-30 22:49:30.79687667 +0800 CST m=+4910.911744594
Running 1m0s myx-test @ https://192.168.12.127:6443/api/v1/namespaces
6 connections
Requests/bytes (per Connection):  [26383013 26361545 27724749 26179068 27842233 26607973]
Response/bytes (per Connection):  [38765258 38733714 40736730 38465592 40909042 39095562]
Requests Number (per Connection):  [2458 2456 2583 2439 2594 2479]
Requests/sec:  2622.047216796875 KB
Transfer/sec:  6474.682275390625 KB

2023-11-30 22:51:43.317527802 +0800 CST m=+5043.432395705
Running 1m0s myx-test @ https://192.168.12.127:6443/api/v1/namespaces
9 connections
Requests/bytes (per Connection):  [22529448 21713770 22486532 22443674 22196796 22507980 22400738 21703014 21896206]
Response/bytes (per Connection):  [33102992 31904532 33039944 32977012 32614264 33071448 32913924 31888716 32172572]
Requests Number (per Connection):  [2099 2023 2095 2091 2068 2097 2087 2022 2040]
Requests/sec:  3253.2252278645833 KB
Transfer/sec:  8033.261100260416 KB

2023-11-30 22:53:55.790389894 +0800 CST m=+5175.905257808
Running 1m0s myx-test @ https://192.168.12.127:6443/api/v1/namespaces
15 connections
Requests/bytes (per Connection):  [11077377 10765225 11108863 10786668 10904753 11120121 11184574 10647179 11119937 11216729 11119877 11216726 10894635 11131005 10776206]
Response/bytes (per Connection):  [16276482 15817362 16322366 15848856 16022370 16339186 16433916 15643926 16338818 16481138 16338698 16481132 16007830 16355258 15833628]
Requests Number (per Connection):  [1032 1003 1035 1005 1016 1036 1042 992 1036 1045 1036 1045 1015 1037 1004]
Requests/sec:  2686.6841634114585 KB
Transfer/sec:  6634.291031901042 KB

2023-11-30 22:56:08.259185476 +0800 CST m=+5308.374053377
Running 1m0s myx-test @ https://192.168.12.127:6443/api/v1/namespaces
30 connections
Requests/bytes (per Connection):  [7105510 7041433 6997959 6912386 7062645 6912316 6944343 7245377 7116559 6783640 7094568 6955470 7062901 6923360 6815624 7019956 6966281 7094585 6998499 7202097 6869052 7201833 7073596 7009231 6933979 7202441 7073146 6955562 7148767 7201945]
Response/bytes (per Connection):  [10440268 10346290 10282126 10156548 10377322 10156408 10203374 10645954 10456670 9967408 10424080 10219932 10377834 10172800 10014288 10314728 10235858 10424114 10283206 10582178 10092664 10581650 10393528 10298974 10188342 10582866 10392628 10220116 10503998 10581874]
Requests Number (per Connection):  [662 656 652 644 658 644 647 675 663 632 661 648 658 645 635 654 649 661 652 671 640 671 659 653 646 671 659 648 666 671]
Requests/sec:  3433.025081380208 KB
Transfer/sec:  8477.263785807292 KB

2023-11-30 22:58:20.867717729 +0800 CST m=+5440.982585643
Running 1m0s myx-test @ https://192.168.12.127:6443/api/v1/namespaces
60 connections
Requests/bytes (per Connection):  [3949705 4164482 4089339 3896403 4025167 4142897 4111082 4089233 3917869 3928298 3896403 4121431 4143281 3992677 4014273 4024834 4100004 3949705 3981903 4014103 3831998 4068145 3917871 3960438 4132165 4067765 3896265 3992637 3971497 3981901 3874574 3982158 4014476 3906773 3939189 4057071 4089543 3993009 4035944 3928239 4014199 3949861 3949765 4025210 4175147 3982198 3874575 4057090 3939003 4035599 3906939 3971170 3971170 4142978 3907137 4035568 3938972 3842507 3992639 4014476]
Response/bytes (per Connection):  [5803282 6118916 6008502 5725158 5914334 6087138 6040596 6008290 5756698 5771860 5725158 6055598 6087906 5866442 5898242 5913668 6024136 5803282 5850590 5897902 5630524 5977506 5756702 5819052 6071370 5976746 5724882 5866362 5835474 5850586 5692892 5851100 5898648 5740202 5787946 5961054 6008910 5867106 5930192 5771742 5898094 5803594 5803402 5914420 6134550 5851180 5692894 5961092 5787574 5929502 5740534 5834820 5834820 6087300 5740930 5929440 5787512 5645846 5866366 5898648]
Requests Number (per Connection):  [368 388 381 363 375 386 383 381 365 366 363 384 386 372 374 375 382 368 371 374 357 379 365 369 385 379 363 372 370 371 361 371 374 364 367 378 381 372 376 366 374 368 368 375 389 371 361 378 367 376 364 370 370 386 364 376 367 358 372 374]
Requests/sec:  3904.96337890625 KB
Transfer/sec:  9642.58076171875 KB

2023-11-30 23:00:53.09904463 +0800 CST m=+5593.213912543
Running 1m0s myx-test @ https://192.168.12.127:6443/api/v1/namespaces
90 connections
Requests/bytes (per Connection):  [1137792 1169886 1137792 1191351 1137686 1148437 1148419 1137687 1180728 1159261 1148526 1126956 1094856 1148526 1094755 1191350 1287947 1148526 1212817 1127059 1137687 1105591 1126954 1084125 1084123 1073326 1212817 1148527 1094755 1180619 1266597 1148419 1255865 1202196 1137686 1159260 1137793 1127059 1159212 1159261 1116325 1180728 1127058 1116326 1137726 1212817 1062655 1202196 1169886 1041091 1137793 1169885 1126998 1169885 1116324 1148419 1223590 1148527 1223664 1127059 1180728 1094857 1137792 1126954 1137793 1191462 1169994 1191462 1255749 1105487 1234282 1159260 1159261 1051921 1234397 1169994 1073291 1159261 1180618 1084125 1159239 1116325 1148420 1159260 1116324 1191462 1148527 1191420 1159243 1051921]
Response/bytes (per Connection):  [1671808 1718908 1671808 1750446 1671596 1687402 1687366 1671598 1734896 1703354 1687580 1655832 1608720 1687580 1608518 1750444 1892374 1687580 1781986 1656038 1671598 1624494 1655828 1592954 1592950 1577052 1781986 1687582 1608518 1734678 1861066 1687366 1845298 1766440 1671596 1703352 1671810 1656038 1703256 1703354 1640266 1734896 1656036 1640268 1671676 1781986 1561406 1766440 1718908 1529670 1671810 1718906 1655916 1718906 1640264 1687366 1797836 1687582 1797984 1656038 1734896 1608722 1671808 1655828 1671810 1750668 1719124 1750668 1845066 1624286 1813524 1703352 1703354 1545634 1813754 1719124 1576982 1703354 1734676 1592954 1703310 1640266 1687368 1703352 1640264 1750668 1687582 1750584 1703318 1545634]
Requests Number (per Connection):  [106 109 106 111 106 107 107 106 110 108 107 105 102 107 102 111 120 107 113 105 106 103 105 101 101 100 113 107 102 110 118 107 117 112 106 108 106 105 108 108 104 110 105 104 106 113 99 112 109 97 106 109 105 109 104 107 114 107 114 105 110 102 106 105 106 111 109 111 117 103 115 108 108 98 115 109 100 108 110 101 108 104 107 108 104 111 107 111 108 98]
Requests/sec:  1686.7189127604167 KB
Transfer/sec:  4165.057779947917 KB

2023-11-30 23:03:53.158743447 +0800 CST m=+5773.273611375
Running 1m0s myx-test @ https://192.168.12.127:6443/api/v1/namespaces
150 connections
Requests/bytes (per Connection):  [214658 171722 193210 182476 203926 193210 225410 236124 193211 182477 171742 182477 225412 182460 139528 203926 225412 182476 128807 203924 193208 203942 161009 182477 193210 193192 214659 171727 182477 193193 171726 150260 182458 236146 182475 182477 182477 150275 182477 171743 182460 214659 193192 171742 128795 203923 236144 182477 193190 182460 161009 193210 182459 203925 203926 193210 214676 161008 171740 161006 203944 171742 203944 203923 236144 139528 203944 214658 171742 193192 236146 225391 150275 214678 182459 182459 182476 182459 193210 203925 160992 193210 203926 182460 171727 203944 182459 161008 171726 193210 171743 203925 214679 139528 203944 193190 214678 203925 182476 161008 193210 161008 182476 171743 214679 193210 171727 171742 171742 203945 139541 193192 182459 193191 203925 182460 214679 182476 182476 193193 171742 182476 171743 214678 171726 193190 160994 182476 193191 203925 150261 182460 182477 171743 193192 171725 203944 193192 193210 236124 160993 193191 193210 182476 203925 193193 182477 214656 182474 225412]
Response/bytes (per Connection):  [315396 252308 283892 268120 299628 283892 331204 346936 283894 268122 252348 268122 331208 268088 205008 299628 331208 268120 189262 299624 283888 299660 236578 268122 283892 283856 315398 252318 268122 283858 252316 220776 268084 346980 268118 268122 268122 220806 268122 252350 268088 315398 283856 252348 189238 299622 346976 268122 283852 268088 236578 283892 268086 299626 299628 283892 315432 236576 252344 236572 299664 252348 299664 299622 346976 205008 299664 315396 252348 283856 346980 331166 220806 315436 268086 268086 268120 268086 283892 299626 236544 283892 299628 268088 252318 299664 268086 236576 252316 283892 252350 299626 315438 205008 299664 283852 315436 299626 268120 236576 283892 236576 268120 252350 315438 283892 252318 252348 252348 299666 205034 283856 268086 283854 299626 268088 315438 268120 268120 283858 252348 268120 252350 315436 252316 283852 236548 268120 283854 299626 220778 268088 268122 252350 283856 252314 299664 283856 283892 346936 236546 283854 283892 268120 299626 283858 268122 315392 268116 331208]
Requests Number (per Connection):  [20 16 18 17 19 18 21 22 18 17 16 17 21 17 13 19 21 17 12 19 18 19 15 17 18 18 20 16 17 18 16 14 17 22 17 17 17 14 17 16 17 20 18 16 12 19 22 17 18 17 15 18 17 19 19 18 20 15 16 15 19 16 19 19 22 13 19 20 16 18 22 21 14 20 17 17 17 17 18 19 15 18 19 17 16 19 17 15 16 18 16 19 20 13 19 18 20 19 17 15 18 15 17 16 20 18 16 16 16 19 13 18 17 18 19 17 20 17 17 18 16 17 16 20 16 18 15 17 18 19 14 17 17 16 18 16 19 18 18 22 15 18 18 17 19 18 17 20 17 21]
Requests/sec:  459.45563151041665 KB
Transfer/sec:  1134.5439778645834 KB

2023-11-30 23:06:53.234055871 +0800 CST m=+5953.348923795
Running 1m0s myx-test @ https://192.168.12.127:6443/api/v1/namespaces
300 connections
Requests/bytes (per Connection):  [96605 128807 128807 128807 118073 118073 107339 75130 107339 96606 75130 96597 96597 96603 107339 96597 85871 96605 139528 85864 107329 118073 85863 128793 107339 96596 107337 118062 118073 107329 118073 128794 85864 96596 96596 96596 96605 85864 85863 64397 85864 96605 85863 96605 139541 118062 96605 64403 96605 107329 96596 75137 85872 75138 96605 118073 85871 118073 107339 64397 150260 107339 64404 118071 118062 96605 118072 75137 85864 96596 85871 85863 96605 85863 107329 96603 118062 128805 96606 107329 85863 128807 75137 75138 64398 96596 139541 85871 96605 96596 96594 107330 96605 75130 85863 75137 64403 75138 128807 107339 85863 128807 96596 85871 96605 96595 85863 118071 118062 96605 75137 85864 107329 85863 96596 85871 85872 96605 96606 118073 75137 75138 118073 75130 75138 128807 96605 85871 128806 64397 96606 107329 128795 64398 85863 75137 107329 96605 85871 85871 96605 128793 85871 85871 107329 85871 75138 96605 107330 75137 107339 75130 85864 118062 96605 107329 96596 107329 107327 96605 107329 96605 75131 96596 85871 96596 75131 107339 64403 96605 107329 107329 128807 107339 107330 85863 118062 128807 96594 85863 96605 118062 85871 85863 96605 128807 107339 118062 96605 107329 96605 96606 118071 96605 85872 85863 107339 118073 96605 118062 107339 96605 96605 96605 96596 85863 107340 107339 85872 96596 96605 128795 139528 96605 107329 85872 118062 107329 96605 128795 85871 85871 96605 118073 118062 107329 128795 64398 128805 85871 64398 96605 118073 96597 96605 96597 75138 107329 128807 96605 85871 75130 85861 85871 107339 96596 107329 107329 96596 96594 107339 85863 118062 96605 107337 107339 75130 107339 96605 96603 118062 118062 107329 96596 96594 96605 75138 85871 118062 75130 128807 96605 85872 128795 128795 96605 107339 118073 75137 85863 96605 107339 85864 85871 85871 96596 96603 128807 107330 128795 96605 96605 85864 75137 118073 85863 96605 85872 96605 96596]
Response/bytes (per Connection):  [141946 189262 189262 189262 173490 173490 157718 110388 157718 141948 110388 141930 141930 141942 157718 141930 126174 141946 205008 126160 157698 173490 126158 189234 157718 141928 157714 173468 173490 157698 173490 189236 126160 141928 141928 141928 141946 126160 126158 94618 126160 141946 126158 141946 205034 173468 141946 94630 141946 157698 141928 110402 126176 110404 141946 173490 126174 173490 157718 94618 220776 157718 94632 173486 173468 141946 173488 110402 126160 141928 126174 126158 141946 126158 157698 141942 173468 189258 141948 157698 126158 189262 110402 110404 94620 141928 205034 126174 141946 141928 141924 157700 141946 110388 126158 110402 94630 110404 189262 157718 126158 189262 141928 126174 141946 141926 126158 173486 173468 141946 110402 126160 157698 126158 141928 126174 126176 141946 141948 173490 110402 110404 173490 110388 110404 189262 141946 126174 189260 94618 141948 157698 189238 94620 126158 110402 157698 141946 126174 126174 141946 189234 126174 126174 157698 126174 110404 141946 157700 110402 157718 110388 126160 173468 141946 157698 141928 157698 157694 141946 157698 141946 110390 141928 126174 141928 110390 157718 94630 141946 157698 157698 189262 157718 157700 126158 173468 189262 141924 126158 141946 173468 126174 126158 141946 189262 157718 173468 141946 157698 141946 141948 173486 141946 126176 126158 157718 173490 141946 173468 157718 141946 141946 141946 141928 126158 157720 157718 126176 141928 141946 189238 205008 141946 157698 126176 173468 157698 141946 189238 126174 126174 141946 173490 173468 157698 189238 94620 189258 126174 94620 141946 173490 141930 141946 141930 110404 157698 189262 141946 126174 110388 126154 126174 157718 141928 157698 157698 141928 141924 157718 126158 173468 141946 157714 157718 110388 157718 141946 141942 173468 173468 157698 141928 141924 141946 110404 126174 173468 110388 189262 141946 126176 189238 189238 141946 157718 173490 110402 126158 141946 157718 126160 126174 126174 141928 141942 189262 157700 189238 141946 141946 126160 110402 173490 126158 141946 126176 141946 141928]
Requests Number (per Connection):  [9 12 12 12 11 11 10 7 10 9 7 9 9 9 10 9 8 9 13 8 10 11 8 12 10 9 10 11 11 10 11 12 8 9 9 9 9 8 8 6 8 9 8 9 13 11 9 6 9 10 9 7 8 7 9 11 8 11 10 6 14 10 6 11 11 9 11 7 8 9 8 8 9 8 10 9 11 12 9 10 8 12 7 7 6 9 13 8 9 9 9 10 9 7 8 7 6 7 12 10 8 12 9 8 9 9 8 11 11 9 7 8 10 8 9 8 8 9 9 11 7 7 11 7 7 12 9 8 12 6 9 10 12 6 8 7 10 9 8 8 9 12 8 8 10 8 7 9 10 7 10 7 8 11 9 10 9 10 10 9 10 9 7 9 8 9 7 10 6 9 10 10 12 10 10 8 11 12 9 8 9 11 8 8 9 12 10 11 9 10 9 9 11 9 8 8 10 11 9 11 10 9 9 9 9 8 10 10 8 9 9 12 13 9 10 8 11 10 9 12 8 8 9 11 11 10 12 6 12 8 6 9 11 9 9 9 7 10 12 9 8 7 8 8 10 9 10 10 9 9 10 8 11 9 10 10 7 10 9 9 11 11 10 9 9 9 7 8 11 7 12 9 8 12 12 9 10 11 7 8 9 10 8 8 8 9 9 12 10 12 9 9 8 7 11 8 9 8 9 9]
Requests/sec:  483.9137858072917 KB
Transfer/sec:  1194.9392740885417 KB

