2023-12-01 13:22:00.50515375 +0800 CST m=+4765.628922031
Running 1m0s myx-test @ https://192.168.12.127:6443/api/v1/nodes
3 connections
Requests/bytes (per Connection):  [13939757 16427466 15355179]
Response/bytes (per Connection):  [23492737 27682498 25876193]
Requests Number (per Connection):  [1300 1532 1432]
Requests/sec:  744.1797200520833 KB
Transfer/sec:  1998.27197265625 KB

2023-12-01 13:24:11.901155936 +0800 CST m=+4897.024924216
Running 1m0s myx-test @ https://192.168.12.127:6443/api/v1/nodes
6 connections
Requests/bytes (per Connection):  [27032406 25863613 25284574 26732167 25327466 25809997]
Response/bytes (per Connection):  [45558884 43607851 42624022 45053155 42705889 43518807]
Requests Number (per Connection):  [2521 2412 2358 2493 2362 2407]
Requests/sec:  2539.879931640625 KB
Transfer/sec:  6821.595556640625 KB

2023-12-01 13:26:23.363625417 +0800 CST m=+5028.487393700
Running 1m0s myx-test @ https://192.168.12.127:6443/api/v1/nodes
9 connections
Requests/bytes (per Connection):  [20201924 20705901 20780962 20062526 19837348 19826623 19537108 20223371 20780961]
Response/bytes (per Connection):  [34056599 34905202 35031517 33809538 33442460 33412902 32919966 34092615 35031516]
Requests Number (per Connection):  [1884 1931 1938 1871 1850 1849 1822 1886 1938]
Requests/sec:  2961.535221354167 KB
Transfer/sec:  7953.434879557291 KB

2023-12-01 13:28:34.854691028 +0800 CST m=+5159.978459309
Running 1m0s myx-test @ https://192.168.12.127:6443/api/v1/nodes
15 connections
Requests/bytes (per Connection):  [9650601 10036624 10261808 9865059 9704216 10100965 10186745 9983010 10283253 9618432 9929394 9918674 9682770 9714938 9854338]
Response/bytes (per Connection):  [16269861 16919968 17297843 16631005 16349796 17023921 17172720 16829621 17335126 16215726 16731310 16713106 16323996 16378292 16608408]
Requests Number (per Connection):  [900 936 957 920 905 942 950 931 959 897 926 925 903 906 919]
Requests/sec:  2421.7256998697917 KB
Transfer/sec:  6503.768326822917 KB

2023-12-01 13:30:46.236463045 +0800 CST m=+5291.360231336
Running 1m0s myx-test @ https://192.168.12.127:6443/api/v1/nodes
30 connections
Requests/bytes (per Connection):  [4728793 4685902 4846743 4793132 4696626 4685902 4685904 4739516 4814579 4760962 4825297 4825302 4803853 4771687 4771687 4707349 4900358 4846748 4750239 4846745 4696625 4632289 4836023 4621564 4750241 4782408 4653735 4718070 4664456 4803856]
Response/bytes (per Connection):  [7977046 7909454 8180512 8071601 7909035 7909172 7890829 7999828 8117403 8035900 8144452 8125548 8108205 8035389 8035320 7931178 8264410 8179938 8014489 8167983 7927535 7800682 8162206 7801232 7999227 8071975 7836772 7953601 7873352 8089524]
Requests Number (per Connection):  [441 437 452 447 438 437 437 442 449 444 450 450 448 445 445 439 457 452 443 452 438 432 451 431 443 446 434 440 435 448]
Requests/sec:  2321.721858723958 KB
Transfer/sec:  6236.497216796875 KB

2023-12-01 13:32:57.768585787 +0800 CST m=+5422.892354120
Running 1m0s myx-test @ https://192.168.12.127:6443/api/v1/nodes
60 connections
Requests/bytes (per Connection):  [3956746 3924577 3913854 3903131 3924579 3946023 4021085 3849516 3806625 3903130 3817348 3860240 3999640 3892410 3892411 3870965 4117592 3913856 3763734 3924579 3935300 3753013 3956748 3817348 3988915 3903133 3956747 3978190 3881686 3988914 3978194 4031807 3988916 3999640 3870960 3870962 3924575 3870963 3935302 3828071 3946023 3935302 4096141 4192650 3881687 3870965 3967469 3988913 4085420 4074698 3806627 3860240 4021085 3935302 3860237 3903132 3881687 4063977 3860242 3881687]
Response/bytes (per Connection):  [6681574 6615736 6609370 6582238 6608790 6663520 6786740 6491644 6410363 6591330 6428408 6503624 6735132 6571038 6554560 6518512 6938834 6590814 6356532 6608853 6627025 6319871 6662943 6446864 6735682 6572715 6663116 6711689 6543554 6727926 6699084 6789430 6717206 6735105 6530870 6518695 6622700 6537089 6626904 6464885 6663505 6626904 6916497 7071728 6536679 6535666 6692908 6732944 6898352 6861675 6420316 6515552 6771386 6626904 6519299 6580964 6536679 6843566 6500392 6536679]
Requests Number (per Connection):  [369 366 365 364 366 368 375 359 355 364 356 360 373 363 363 361 384 365 351 366 367 350 369 356 372 364 369 371 362 372 371 376 372 373 361 361 366 361 367 357 368 367 382 391 362 361 370 372 381 380 355 360 375 367 360 364 362 379 360 362]
Requests/sec:  3837.482242838542 KB
Transfer/sec:  10307.038883463541 KB

2023-12-01 13:35:09.301119138 +0800 CST m=+5554.424887419
Running 1m0s myx-test @ https://192.168.12.127:6443/api/v1/nodes
90 connections
Requests/bytes (per Connection):  [2991688 2884459 2991688 2927351 2852290 2841568 2723616 3002407 3066744 2905904 2873736 2787950 2948794 2895178 2959517 2980965 2980965 2863011 2830844 2959517 2895180 2884459 2938072 2991685 2852286 2809396 2959517 2927351 2916626 2884457 2895179 2895182 2863013 2959517 2820121 2787953 2841565 2787952 2916626 2787953 2905905 2852290 2938073 2830844 2852286 2777228 2852287 2938073 2830844 2873734 2895181 2980965 2905903 2916624 2884459 2905903 2830842 2916623 2852288 2873734 2884459 3056023 2809397 2938071 2970240 3002411 2863013 2980965 2905905 2970242 2863011 2755784 2895182 2852290 2948796 2809397 2755783 2712892 3013132 2938071 2927350 2873734 2798673 2820119 2895178 2980963 2980962 2873732 2841567 2927350]
Response/bytes (per Connection):  [5040430 4857275 5042521 4929407 4805108 4797447 4586356 5061582 5168402 4893487 4839230 4694991 4965770 4890064 4990721 5019718 5037916 4831020 4767050 5002283 4875417 4857275 4947621 5038090 4805338 4731057 4983833 4932161 4911501 4869309 4885256 4875320 4821143 4989521 4748999 4694700 4785216 4694870 4920732 4694679 4893326 4805723 4947577 4767002 4821850 4676761 4821725 4963216 4767005 4849785 4875367 5021524 4893456 4926895 4857275 4893486 4776249 4928865 4803261 4839333 4857275 5146852 4730902 4947743 5001878 5055892 4821107 5019754 4897916 5001757 4821306 4640541 4875320 4806707 4965625 4730959 4652009 4568355 5074058 4947719 4944931 4857807 4713036 4749126 4890313 5019899 5033191 4857946 4785011 4946371]
Requests Number (per Connection):  [279 269 279 273 266 265 254 280 286 271 268 260 275 270 276 278 278 267 264 276 270 269 274 279 266 262 276 273 272 269 270 270 267 276 263 260 265 260 272 260 271 266 274 264 266 259 266 274 264 268 270 278 271 272 269 271 264 272 266 268 269 285 262 274 277 280 267 278 271 277 267 257 270 266 275 262 257 253 281 274 273 268 261 263 270 278 278 268 265 273]
Requests/sec:  4237.321940104167 KB
Transfer/sec:  11378.822639973958 KB

2023-12-01 13:37:20.963255255 +0800 CST m=+5686.087023554
Running 1m0s myx-test @ https://192.168.12.127:6443/api/v1/nodes
150 connections
Requests/bytes (per Connection):  [1994457 1887228 1962291 1919398 1983734 2037349 1897951 1908676 1994457 1812167 1930122 1983736 1940843 2015905 1930120 2005180 1908674 2048071 2026628 1908674 1994459 1994457 2069519 1876503 1897953 2015903 2005180 1940844 1930120 1876507 1865784 1994457 1951568 1876505 2048072 2026628 1983737 1994459 1897951 2005182 1844336 1940843 1833614 1930122 2015903 1908674 2037349 1876507 1930119 2048074 1855061 1897952 1994455 1940843 1994460 1962287 2026627 2080243 1844339 1865780 1973012 2026626 2005180 2037351 2058794 2090963 1951566 1973013 1822891 2048072 2005180 1930120 1962289 1908674 1919399 1951568 1951566 1865785 1855062 2026626 1812168 1994459 2133855 1983737 1983735 2026626 1983734 1930122 1930119 1962289 2048072 1876506 1983736 1812168 1994457 2080239 1951568 1973009 1962289 1940843 2015905 1812168 1908674 1844334 2015905 1919397 1876507 1876507 1919397 1887230 2037351 2015903 2048074 1801447 2080243 2037349 1790722 1908674 1994458 1833613 1951568 1865784 1951566 1855059 1897951 1930120 1908676 1973009 1919397 1994460 1951564 1940844 1962291 1962289 1940843 1876508 1897951 1994455 1801447 1940843 1790724 2005180 1962288 1994456 1962289 1737110 1983737 1983734 1908672 1844337]
Response/bytes (per Connection):  [3358686 3178114 3304308 3232250 3340641 3430836 3196159 3216051 3358623 3051739 3250173 3340520 3268339 3398960 3259150 3376731 3214141 3449015 3412694 3222580 3358565 3368157 3485002 3163874 3195981 3404862 3376731 3268340 3250294 3159897 3141903 3358686 3286263 3160033 3448911 3412652 3343104 3373799 3196159 3376559 3105874 3276472 3087767 3250173 3403509 3221461 3430866 3162654 3250416 3448733 3140172 3206111 3361645 3281653 3358443 3318461 3412810 3502925 3122725 3157043 3322474 3412821 3376731 3430694 3467021 3521213 3286384 3322475 3069722 3448911 3376731 3250252 3304429 3214204 3232128 3286263 3286345 3141736 3123736 3423255 3051620 3358553 3593393 3340350 3340519 3412764 3340641 3250173 3250353 3304405 3455799 3159908 3340472 3051677 3358620 3518185 3292536 3336010 3304429 3268339 3394655 3058811 3214204 3119597 3394655 3241474 3175542 3174822 3232249 3177987 3430697 3407850 3448790 3039907 3502925 3441060 3015587 3227878 3359917 3106363 3286263 3141903 3297298 3123979 3196099 3250294 3214083 3329164 3232249 3358443 3299306 3268295 3304308 3315874 3280399 3161179 3196123 3375922 3033466 3268339 3029260 3376668 3304551 3364412 3316663 2925107 3340398 3340575 3218969 3114917]
Requests Number (per Connection):  [186 176 183 179 185 190 177 178 186 169 180 185 181 188 180 187 178 191 189 178 186 186 193 175 177 188 187 181 180 175 174 186 182 175 191 189 185 186 177 187 172 181 171 180 188 178 190 175 180 191 173 177 186 181 186 183 189 194 172 174 184 189 187 190 192 195 182 184 170 191 187 180 183 178 179 182 182 174 173 189 169 186 199 185 185 189 185 180 180 183 191 175 185 169 186 194 182 184 183 181 188 169 178 172 188 179 175 175 179 176 190 188 191 168 194 190 167 178 186 171 182 174 182 173 177 180 178 184 179 186 182 181 183 183 181 175 177 186 168 181 167 187 183 186 183 162 185 185 178 172]
Requests/sec:  4756.014241536458 KB
Transfer/sec:  12772.699495442708 KB

2023-12-01 13:39:53.525417029 +0800 CST m=+5838.649185328
Running 1m0s myx-test @ https://192.168.12.127:6443/api/v1/nodes
300 connections
Requests/bytes (per Connection):  [96504 117952 139396 139398 107228 96504 107229 117952 107229 107229 117952 107229 64337 75060 96506 64337 128675 117952 117952 107229 107229 85783 107229 96506 107227 117952 128673 139398 107227 85783 107229 85783 107230 117952 107229 139397 107229 117952 128673 96506 117952 107229 193012 139398 117952 128675 75060 85784 96506 117952 117952 85784 96507 107227 96507 128675 96506 85784 117952 117952 117952 117952 107229 171564 85784 128673 117952 96506 117952 107229 96507 150119 107230 117952 139398 150121 85783 117952 128675 117952 117952 117952 128674 85781 96507 117952 96506 96506 107229 107229 128675 75060 85783 150121 117952 96506 107229 117950 96506 160842 139398 107229 128675 96506 96506 107229 96506 107229 139398 107230 85783 128675 107229 85783 75061 117952 107229 117952 107229 75060 117952 96504 96506 96506 117952 117952 117950 128675 117952 96506 139397 117952 85783 96506 107229 96506 107230 139398 128675 107229 107229 117952 75060 107229 160843 139398 107229 150121 107229 107229 96506 96507 96506 128675 139398 117950 128675 85784 85783 150121 96506 96507 107227 107229 107229 107229 128675 117952 107229 107229 107229 107229 85783 75060 117952 85783 128674 107229 139398 107229 96506 85783 75060 107229 107229 85784 75061 107229 107229 117952 139396 96506 96506 96507 107229 107229 117952 96506 128675 117952 139398 75061 107227 107229 107229 75060 160844 96506 160844 150121 150121 117950 96506 107229 150118 75061 96506 85783 139398 128673 96507 85783 139398 128675 85784 117952 117952 128674 128673 117952 96506 96506 107229 117952 85783 107229 85783 96506 75061 128675 117952 107229 117952 75060 96506 107229 85783 107229 117952 107229 128675 85783 107229 107229 96507 128673 85783 107227 107229 107227 85784 193013 117952 96504 117952 107230 96506 107229 96506 107229 107229 150121 128675 128675 96507 107229 150121 107227 117952 96507 139396 150120 96506 85781 64337 107229 139398 160844 107229 117952 75061 139395 117952 139398 139398 75060 107229 85784 96507 85781]
Response/bytes (per Connection):  [163509 198617 234822 234707 180571 163488 180572 198617 180569 180566 198617 180569 109007 126437 162527 108386 216662 198617 198614 180695 181679 144476 180572 162524 180687 198614 216783 234707 180693 144482 180572 144476 180450 198611 180569 234823 180572 198617 216783 162527 198617 180566 325054 234707 199817 216662 126434 144360 163487 199817 198617 144360 162405 180693 162405 216656 162527 144360 198617 199817 198617 198617 180572 289073 144360 218013 199817 162527 198617 180572 162405 252873 180450 199817 234707 252752 144479 199817 216662 198617 198617 198617 217984 144600 162405 198617 162521 162527 180569 181652 216659 126437 144482 252749 199847 162524 181679 198738 162527 270918 234707 180569 216662 163511 162527 180569 163487 180569 234707 180450 144482 216662 180569 144482 127176 198617 180572 198614 181652 126437 198617 163509 162527 163511 199817 198617 198738 217982 198617 163511 234829 199817 144482 162527 181652 162524 180450 234707 216662 180569 180572 198617 126437 180572 270907 234707 181661 252752 180572 180566 162527 162405 162524 216659 234707 198732 216662 144360 144482 252752 162527 162405 181677 181673 180572 180572 216662 198617 180569 180569 180569 180569 144482 126437 198617 144479 218014 180572 234701 180569 162527 144482 126437 181679 180572 145344 126315 180572 180566 199478 234828 163511 162527 163512 180572 180572 198614 162527 216662 198611 234701 126315 180693 180569 181679 127157 270797 162524 270797 252752 252752 198738 162527 180572 254348 126315 162524 145322 234707 216783 162405 144482 234707 216659 144360 198617 198740 216778 216780 198614 162527 162527 180572 198617 144482 180572 145343 162524 126315 216659 198611 180569 199817 126437 162527 180572 144482 180572 198617 180569 216656 144482 180572 181652 162405 218013 144479 180693 180572 180693 145344 324932 198617 162645 198617 180450 162527 180569 162524 180572 180572 252749 216659 216662 163485 180572 252749 180693 198614 162405 234822 254350 163511 144603 108392 181652 234707 270797 180572 198617 126315 234950 198617 234701 234707 126437 180572 144360 162405 144603]
Requests Number (per Connection):  [9 11 13 13 10 9 10 11 10 10 11 10 6 7 9 6 12 11 11 10 10 8 10 9 10 11 12 13 10 8 10 8 10 11 10 13 10 11 12 9 11 10 18 13 11 12 7 8 9 11 11 8 9 10 9 12 9 8 11 11 11 11 10 16 8 12 11 9 11 10 9 14 10 11 13 14 8 11 12 11 11 11 12 8 9 11 9 9 10 10 12 7 8 14 11 9 10 11 9 15 13 10 12 9 9 10 9 10 13 10 8 12 10 8 7 11 10 11 10 7 11 9 9 9 11 11 11 12 11 9 13 11 8 9 10 9 10 13 12 10 10 11 7 10 15 13 10 14 10 10 9 9 9 12 13 11 12 8 8 14 9 9 10 10 10 10 12 11 10 10 10 10 8 7 11 8 12 10 13 10 9 8 7 10 10 8 7 10 10 11 13 9 9 9 10 10 11 9 12 11 13 7 10 10 10 7 15 9 15 14 14 11 9 10 14 7 9 8 13 12 9 8 13 12 8 11 11 12 12 11 9 9 10 11 8 10 8 9 7 12 11 10 11 7 9 10 8 10 11 10 12 8 10 10 9 12 8 10 10 10 8 18 11 9 11 10 9 10 9 10 10 14 12 12 9 10 14 10 11 9 13 14 9 8 6 10 13 15 10 11 7 13 11 13 13 7 10 8 9 8]
Requests/sec:  539.6349283854166 KB
Transfer/sec:  1449.229736328125 KB

