2023-12-01 15:33:59.662010889 +0800 CST m=+4811.963979444
Running 1m0s myx-test @ https://192.168.12.127:6443/api/v1/persistentvolumes
3 connections
Requests/bytes (per Connection):  [21268095 20838218 22181582]
Response/bytes (per Connection):  [32162972 31512975 33544214]
Requests Number (per Connection):  [1979 1939 2064]
Requests/sec:  1046.3524576822917 KB
Transfer/sec:  2628.711848958333 KB

2023-12-01 15:36:11.080295642 +0800 CST m=+4943.382264204
Running 1m0s myx-test @ https://192.168.12.127:6443/api/v1/persistentvolumes
6 connections
Requests/bytes (per Connection):  [27995647 27920420 28575980 28393284 29360502 29360502]
Response/bytes (per Connection):  [42336956 42222986 43214451 42937982 44400914 44400914]
Requests Number (per Connection):  [2605 2598 2659 2642 2732 2732]
Requests/sec:  2793.0718587239585 KB
Transfer/sec:  7016.93583984375 KB

2023-12-01 15:38:22.557863496 +0800 CST m=+5074.859832054
Running 1m0s myx-test @ https://192.168.12.127:6443/api/v1/persistentvolumes
9 connections
Requests/bytes (per Connection):  [22095607 21837681 21278842 22020377 22063365 22654444 22353531 21257348 21117639]
Response/bytes (per Connection):  [33414215 33024217 32179222 33300686 33365686 34259430 33804433 32146722 31935474]
Requests Number (per Connection):  [2056 2032 1980 2049 2053 2108 2080 1978 1965]
Requests/sec:  3201.152897135417 KB
Transfer/sec:  8042.137353515625 KB

2023-12-01 15:40:33.822347375 +0800 CST m=+5206.124315928
Running 1m0s myx-test @ https://192.168.12.127:6443/api/v1/persistentvolumes
15 connections
Requests/bytes (per Connection):  [14476062 14336350 14486807 14712491 14067680 14626518 14454568 13981704 14110667 14282616 14218136 14132161 14142906 14357844 13960210]
Response/bytes (per Connection):  [21891489 21680460 21907959 22249206 21273993 22118987 21858989 21143993 21338992 21599211 21501491 21371492 21387962 21712960 21111493]
Requests Number (per Connection):  [1347 1334 1348 1369 1309 1361 1345 1301 1313 1329 1323 1315 1316 1336 1299]
Requests/sec:  3488.7161458333335 KB
Transfer/sec:  8764.573518880208 KB

2023-12-01 15:42:45.157323518 +0800 CST m=+5337.459292081
Running 1m0s myx-test @ https://192.168.12.127:6443/api/v1/persistentvolumes
30 connections
Requests/bytes (per Connection):  [6319173 6663070 6362159 6534107 6308424 6566348 6587844 6480377 6792035 6329918 6437389 6362157 6448134 6587842 6351412 6695311 6362159 6738301 6222451 6469628 6469630 6770539 6265434 6362160 6523363 6544858 6555603 6491123 6469630 6233196]
Response/bytes (per Connection):  [9556047 10076484 9621267 9881485 9540017 9930235 9962515 9799796 10271263 9572517 9734796 9621487 9751266 9962735 9605017 10125234 9621267 10190014 9409798 9783766 9783546 10238983 9475237 9621046 9865016 9897295 9913765 9816045 9783546 9426268]
Requests Number (per Connection):  [588 620 592 608 587 611 613 603 632 589 599 592 600 613 591 623 592 627 579 602 602 630 583 592 607 609 610 604 602 580]
Requests/sec:  3162.496337890625 KB
Transfer/sec:  7945.011848958334 KB

2023-12-01 15:45:00.286899319 +0800 CST m=+5472.588867890
Running 1m0s myx-test @ https://192.168.12.127:6443/api/v1/persistentvolumes
60 connections
Requests/bytes (per Connection):  [3148838 3084357 3030623 3234816 3170334 3073610 3084357 3170333 3159585 3148839 3159584 3116596 3320789 3267055 3170332 3213320 3234816 3170333 3095104 3159585 3288549 3148837 3202573 2912409 3041368 3256306 3127347 3159586 3234814 3310042 3170330 3138092 3127343 3213320 3224067 3181080 3213320 3213318 3181079 3052116 3159585 3191826 3245559 3138093 3170332 3095105 3256306 3202573 3320790 3084358 3159586 3234816 3159584 3245559 3116598 3073612 3030625 3159588 3267057 3095104]
Response/bytes (per Connection):  [4761883 4664384 4583135 4891663 4794163 4648134 4664384 4794384 4778133 4761884 4778354 4713354 5021882 4940633 4794383 4859383 4891663 4794384 4680634 4778133 4973133 4762104 4843133 4404166 4599605 4924603 4729164 4778134 4891883 5005632 4794603 4745634 4729604 4859383 4875633 4810634 4859383 4859603 4810633 4615634 4778133 4826883 4908353 4745413 4794383 4680635 4924603 4843133 5021883 4664385 4778134 4891663 4778354 4908353 4713134 4647914 4582915 4777914 4940413 4680634]
Requests Number (per Connection):  [293 287 282 301 295 286 287 295 294 293 294 290 309 304 295 299 301 295 288 294 306 293 298 271 283 303 291 294 301 308 295 292 291 299 300 296 299 299 296 284 294 297 302 292 295 288 303 298 309 287 294 301 294 302 290 286 282 294 304 288]
Requests/sec:  3092.70439453125 KB
Transfer/sec:  7769.697932942709 KB

2023-12-01 15:47:11.649046166 +0800 CST m=+5603.951014752
Running 1m0s myx-test @ https://192.168.12.127:6443/api/v1/persistentvolumes
90 connections
Requests/bytes (per Connection):  [2761948 3041368 2858674 2987635 2794192 2858674 2955394 2751205 3019877 2880168 2858670 2837179 2944647 2729707 3073612 2869421 2794189 2847927 2837179 2847927 2815686 2966143 2686723 2837181 2675975 2858673 2901662 2976886 2761948 2815685 2783442 2708218 2804939 2772699 2751205 2901662 2837178 2826430 2815684 2847927 2880166 2944647 2998380 2901662 2912408 2869417 2761948 2923152 2923156 2955394 2794193 2847925 2783446 2761952 2783444 2880164 2987635 2890913 2847927 2858672 2772699 2804936 2890911 2847927 2837176 2858672 2826432 2880166 2804940 2923153 2847925 2858674 2751205 2880168 2955395 2890914 2987635 2815685 2955394 2869421 2923156 2729709 2804937 2837181 2858670 2740458 2804940 2751201 2804940 2976888]
Response/bytes (per Connection):  [4177107 4599605 4322916 4518135 4225416 4322916 4469385 4160417 4566664 4355416 4323356 4290637 4453135 4128357 4647914 4339166 4225857 4306666 4290637 4306666 4257916 4485415 4062917 4290417 4046888 4323137 4387916 4502105 4177107 4258137 4209607 4095418 4241666 4192917 4160417 4387916 4290636 4274607 4258136 4306666 4355636 4453135 4534605 4387916 4404165 4339606 4177107 4420856 4420416 4469385 4225417 4306886 4209167 4176667 4209387 4355856 4518135 4371886 4306666 4323136 4192917 4242107 4372106 4306666 4290856 4323136 4274387 4355636 4241667 4420635 4306886 4322916 4160417 4355416 4469386 4371665 4518135 4258137 4469385 4339166 4420416 4128137 4241886 4290417 4323356 4144167 4241667 4160857 4241667 4501885]
Requests Number (per Connection):  [257 283 266 278 260 266 275 256 281 268 266 264 274 254 286 267 260 265 264 265 262 276 250 264 249 266 270 277 257 262 259 252 261 258 256 270 264 263 262 265 268 274 279 270 271 267 257 272 272 275 260 265 259 257 259 268 278 269 265 266 258 261 269 265 264 266 263 268 261 272 265 266 256 268 275 269 278 262 275 267 272 254 261 264 266 255 261 256 261 277]
Requests/sec:  4181.21171875 KB
Transfer/sec:  10504.33046875 KB

2023-12-01 15:49:23.125949898 +0800 CST m=+5735.427918448
Running 1m0s myx-test @ https://192.168.12.127:6443/api/v1/persistentvolumes
150 connections
Requests/bytes (per Connection):  [1687263 1794730 1816225 1762491 1676514 1644275 1612035 1762492 1719503 1773238 1655020 1590541 1687263 1751743 1751745 1794728 1612032 1751745 1740998 1794730 1622780 1783983 1740996 1751744 1751745 1579792 1644275 1698006 1612034 1698008 1762491 1773236 1612035 1730249 1751745 1687263 1719504 1751744 1644272 1708757 1837718 1805477 1805477 1698010 1644275 1708755 1655022 1655022 1708756 1633527 1719503 1730251 1794730 1730250 1762491 1622780 1644274 1698010 1698006 1773238 1655022 1633526 1655020 1730249 1676516 1644275 1698010 1719504 1740997 1730246 1740997 1698008 1773236 1698010 1708757 1687263 1676516 1805477 1633528 1719504 1676516 1773236 1676516 1698010 1504565 1708754 1762489 1794732 1783984 1676515 1826973 1783983 1708755 1708756 1687261 1644275 1708756 1826972 1612034 1740994 1708755 1773236 1676514 1708755 1859213 1601287 1719502 1698010 1644275 1719503 1687263 1719503 1579794 1665767 1740998 1612034 1676512 1633528 1708753 1719502 1816223 1730246 1783985 1655020 1816224 1590538 1655020 1783985 1590539 1708756 1816226 1644275 1794730 1740995 1644275 1783983 1687263 1569047 1708755 1655020 1665767 1751745 1579792 1751741 1633528 1740995 1708755 1751742 1644275 1601288]
Response/bytes (per Connection):  [2551456 2714175 2746454 2665205 2535426 2486456 2437707 2665206 2600205 2681455 2502926 2405207 2551456 2649176 2648956 2714395 2437926 2648956 2632706 2714175 2454177 2697925 2632926 2648955 2648956 2389177 2486456 2568146 2437706 2567926 2665205 2681675 2437707 2616676 2648956 2551456 2600206 2648955 2486897 2583956 2779175 2730425 2730425 2567706 2486456 2584176 2502706 2502706 2583955 2470427 2600205 2616456 2714175 2616455 2665205 2454177 2486677 2567706 2568146 2681455 2502706 2470426 2502926 2616676 2535206 2486456 2567706 2600206 2632705 2616895 2632705 2567926 2681675 2567706 2583956 2551456 2535206 2730425 2470206 2600206 2535206 2681675 2535206 2567706 2275207 2584175 2665425 2713955 2697926 2535205 2762705 2697925 2584176 2583955 2551676 2486456 2583955 2762704 2437706 2633146 2584176 2681675 2535426 2584176 2811454 2421456 2600426 2567706 2486456 2600205 2551456 2600205 2388957 2519176 2632706 2437706 2535646 2470206 2584396 2600426 2746674 2616895 2697705 2502926 2746675 2405426 2502926 2697705 2405427 2583955 2746455 2486456 2714175 2632925 2486456 2697925 2551456 2372707 2584176 2502926 2519176 2648956 2389177 2649396 2470206 2632925 2584176 2649175 2486456 2421457]
Requests Number (per Connection):  [157 167 169 164 156 153 150 164 160 165 154 148 157 163 163 167 150 163 162 167 151 166 162 163 163 147 153 158 150 158 164 165 150 161 163 157 160 163 153 159 171 168 168 158 153 159 154 154 159 152 160 161 167 161 164 151 153 158 158 165 154 152 154 161 156 153 158 160 162 161 162 158 165 158 159 157 156 168 152 160 156 165 156 158 140 159 164 167 166 156 170 166 159 159 157 153 159 170 150 162 159 165 156 159 173 149 160 158 153 160 157 160 147 155 162 150 156 152 159 160 169 161 166 154 169 148 154 166 148 159 169 153 167 162 153 166 157 146 159 154 155 163 147 163 152 162 159 163 153 149]
Requests/sec:  4165.294856770834 KB
Transfer/sec:  10464.270263671875 KB

2023-12-01 15:51:34.727142023 +0800 CST m=+5867.029110579
Running 1m0s myx-test @ https://192.168.12.127:6443/api/v1/persistentvolumes
300 connections
Requests/bytes (per Connection):  [1128423 1096183 1160665 1063942 1246638 1053195 1311121 1160664 1225146 1182158 1085436 1085436 1332615 1042451 1149917 1149917 1246638 1096183 1063942 1225144 1214399 1128424 1149917 1149915 1128423 1149918 1203651 1214399 1085436 1096183 1139171 1117676 1139170 1149920 1010206 1278878 1085436 1246639 1117677 1042451 1332613 1171411 1096183 1160664 1139170 1063940 1257386 1214398 1063944 1053195 1074689 1149918 1074687 1192905 1139171 1085436 1203652 1225146 1160664 1171411 1085436 1203650 1225145 1171412 1139170 1300374 1096183 1182158 1020955 1063942 1085436 1182156 1160664 1149917 1246639 1117676 1074689 1171411 1192905 1203652 1128424 1020954 1117677 1171409 1117676 1085436 1214399 1160662 1085438 1128421 1225145 1128424 1203650 1257387 1063942 1117679 1203652 1053195 1106932 1074687 1246637 1149917 1192905 1096183 1053196 1063943 1149917 1225146 1128424 1182159 1321866 1106930 1171411 1160664 1128421 1149917 945726 1278880 1139171 1096183 1182158 1139171 1289627 1139168 1235893 1149917 1053195 1257386 1074689 1235888 1214399 1182158 1117675 1192905 1020954 1300374 1257385 1042448 1235893 1235892 1096181 1203652 1171411 1225146 1063942 1085438 1096183 1257387 1106930 1139171 999461 1139171 1117676 1128423 1106930 1257384 1160666 1139171 1182158 1117679 1106930 1149917 1117677 1149917 1182157 1149915 1063942 1128423 1117679 1139171 1128423 1171411 1160664 1117677 1085436 1203652 1160664 1096183 1192905 1085436 1096183 1031701 1117679 1192905 1010207 1160664 1214399 1149918 1139170 1149918 1106930 1160664 1053195 1278880 1289625 1128423 1085438 1106929 1128426 1053195 1128424 988714 1117676 1149917 1214398 1085436 1192905 1128422 1182158 1020954 1225146 1042448 1149918 1214399 1203650 1063942 1063942 1171411 1139170 1182158 1074687 1117677 1085436 1278878 1031701 1214399 1235893 1171411 1053195 1128424 1192905 1257386 1171411 1203651 1149917 1106931 1214399 1268134 1074690 1106930 1332615 1160663 1203652 1074689 1235893 1225146 1343361 1117676 1096181 1128424 1149917 1117676 1085436 1300373 1074689 1182158 1139173 1225144 1182159 1106930 1042449 1085436 1160664 1063944 1235892 1192905 1128424 1128422 1096183 1074691 1225145 1160664 1192905 1074689 1128424 1020954 1192905 1063944 1139171 1171412 1203652 1160665 1171411 1311121 1203652 1171411 1149915 1203652 1203652 1171412 1214399 1214399 1096183 1192905 1235893 1149918 1063942 1171411 1235892 1085436]
Response/bytes (per Connection):  [1706460 1657711 1755211 1608961 1885430 1592711 1982709 1755210 1852710 1787710 1641461 1641461 2015209 1576242 1738960 1738960 1885430 1657711 1608961 1852930 1836460 1706461 1738960 1739180 1706460 1738961 1820209 1836460 1641461 1657711 1722711 1690210 1722710 1738741 1527932 1934179 1641461 1885209 1690211 1576242 2015429 1771460 1657711 1755210 1722710 1609181 1901459 1836459 1608741 1592711 1625211 1738961 1625431 1803960 1722711 1641461 1820210 1852710 1755210 1771460 1641461 1820430 1852709 1771461 1722710 1966459 1657711 1787710 1543962 1608961 1641461 1787930 1755210 1738960 1885209 1690210 1625211 1771460 1803960 1820210 1706461 1543961 1690211 1771680 1690210 1641461 1836460 1755430 1641241 1706680 1852709 1706461 1820430 1901460 1608961 1689991 1820210 1592711 1673741 1625431 1885429 1738960 1803960 1657711 1592712 1608962 1738960 1852710 1706461 1787711 1999179 1673961 1771460 1755210 1706680 1738960 1430212 1933959 1722711 1657711 1787710 1722711 1950209 1722930 1868960 1738960 1592711 1901459 1625211 1869399 1836460 1787710 1690431 1803960 1543961 1966459 1901680 1576461 1868960 1868959 1657931 1820210 1771460 1852710 1608961 1641241 1657711 1901460 1673961 1722711 1511462 1722711 1690210 1706460 1673961 1901679 1754990 1722711 1787710 1689991 1673961 1738960 1690211 1738960 1787931 1739180 1608961 1706460 1689991 1722711 1706460 1771460 1755210 1690211 1641461 1820210 1755210 1657711 1803960 1641461 1657711 1560211 1689991 1803960 1527711 1755210 1836460 1738961 1722710 1738961 1673961 1755210 1592711 1933959 1950429 1706460 1641241 1673960 1706241 1592711 1706461 1495212 1690210 1738960 1836459 1641461 1803960 1706681 1787710 1543961 1852710 1576461 1738961 1836460 1820430 1608961 1608961 1771460 1722710 1787710 1625431 1690211 1641461 1934179 1560211 1836460 1868960 1771460 1592711 1706461 1803960 1901459 1771460 1820209 1738960 1673740 1836460 1917710 1624990 1673961 2015209 1755431 1820210 1625211 1868960 1852710 2031458 1690210 1657931 1706461 1738960 1690210 1641461 1966680 1625211 1787710 1722491 1852930 1787711 1673961 1576462 1641461 1755210 1608741 1868959 1803960 1706461 1706681 1657711 1624991 1852709 1755210 1803960 1625211 1706461 1543961 1803960 1608741 1722711 1771461 1820210 1755211 1771460 1982709 1820210 1771460 1739180 1820210 1820210 1771461 1836460 1836460 1657711 1803960 1868960 1738961 1608961 1771460 1868959 1641461]
Requests Number (per Connection):  [105 102 108 99 116 98 122 108 114 110 101 101 124 97 107 107 116 102 99 114 113 105 107 107 105 107 112 113 101 102 106 104 106 107 94 119 101 116 104 97 124 109 102 108 106 99 117 113 99 98 100 107 100 111 106 101 112 114 108 109 101 112 114 109 106 121 102 110 95 99 101 110 108 107 116 104 100 109 111 112 105 95 104 109 104 101 113 108 101 105 114 105 112 117 99 104 112 98 103 100 116 107 111 102 98 99 107 114 105 110 123 103 109 108 105 107 88 119 106 102 110 106 120 106 115 107 98 117 100 115 113 110 104 111 95 121 117 97 115 115 102 112 109 114 99 101 102 117 103 106 93 106 104 105 103 117 108 106 110 104 103 107 104 107 110 107 99 105 104 106 105 109 108 104 101 112 108 102 111 101 102 96 104 111 94 108 113 107 106 107 103 108 98 119 120 105 101 103 105 98 105 92 104 107 113 101 111 105 110 95 114 97 107 113 112 99 99 109 106 110 100 104 101 119 96 113 115 109 98 105 111 117 109 112 107 103 113 118 100 103 124 108 112 100 115 114 125 104 102 105 107 104 101 121 100 110 106 114 110 103 97 101 108 99 115 111 105 105 102 100 114 108 111 100 105 95 111 99 106 109 112 108 109 122 112 109 107 112 112 109 113 113 102 111 115 107 99 109 115 101]
Requests/sec:  5613.605891927084 KB
Transfer/sec:  14102.839990234375 KB

