2023-12-02 00:10:13.897745042 +0800 CST m=+11738.613877464
Running 1m0s myx-test @ https://192.168.12.127:6443/api/v1/namespaces/myx-test/persistentvolumeclaims
3 connections
Requests/bytes (per Connection):  [24096850 23752035 22307941]
Response/bytes (per Connection):  [35678854 35167324 33029334]
Requests Number (per Connection):  [2236 2204 2070]
Requests/sec:  1141.8754231770833 KB
Transfer/sec:  2832.557584635417 KB

2023-12-02 00:12:24.612551925 +0800 CST m=+11869.328684357
Running 1m0s myx-test @ https://192.168.12.127:6443/api/v1/namespaces/myx-test/persistentvolumeclaims
6 connections
Requests/bytes (per Connection):  [25875042 25724165 27265257 25584062 27373024 26090615]
Response/bytes (per Connection):  [38310921 38087371 40369157 37880439 40528897 38629548]
Requests Number (per Connection):  [2401 2387 2530 2374 2540 2421]
Requests/sec:  2570.1849772135415 KB
Transfer/sec:  6375.626595052084 KB

2023-12-02 00:14:35.289740029 +0800 CST m=+12000.005872491
Running 1m0s myx-test @ https://192.168.12.127:6443/api/v1/namespaces/myx-test/persistentvolumeclaims
9 connections
Requests/bytes (per Connection):  [19613721 20044795 19990910 20260333 20131010 19398237 19516739 20389656 19958580]
Response/bytes (per Connection):  [29040695 29678992 29599232 29998030 29806607 28720596 28896915 30189453 29551377]
Requests Number (per Connection):  [1820 1860 1855 1880 1868 1800 1811 1892 1852]
Requests/sec:  2918.359065755208 KB
Transfer/sec:  7239.353483072917 KB

2023-12-02 00:16:46.058725416 +0800 CST m=+12130.774857840
Running 1m0s myx-test @ https://192.168.12.127:6443/api/v1/namespaces/myx-test/persistentvolumeclaims
15 connections
Requests/bytes (per Connection):  [13449393 13600327 13837369 13298573 13848150 13535665 13492557 13826610 13934351 13858915 13837359 13514057 13740426 13643434 13869750]
Response/bytes (per Connection):  [19914037 20136083 20488090 19689429 20504046 20040371 19976563 20471710 20632093 20520209 20488526 20009528 20343457 20199890 20534881]
Requests Number (per Connection):  [1248 1262 1284 1234 1285 1256 1252 1283 1293 1286 1284 1254 1275 1266 1287]
Requests/sec:  3341.258723958333 KB
Transfer/sec:  8288.343896484375 KB

2023-12-02 00:18:56.796038577 +0800 CST m=+12261.512170999
Running 1m0s myx-test @ https://192.168.12.127:6443/api/v1/namespaces/myx-test/persistentvolumeclaims
30 connections
Requests/bytes (per Connection):  [7177355 7177300 7285066 7328173 7360507 7403668 7479106 7446775 7435965 7392834 7177353 7446776 7317397 7209629 7188130 7091134 7306676 7382117 7468331 7371339 7435944 7166576 7295901 7349784 7371300 7328174 7328232 7047975 7177353 7231182]
Response/bytes (per Connection):  [10626358 10627418 10787380 10851187 10898823 10961569 11073232 11025376 11010060 10946898 10626579 11025377 10835013 10675495 10642531 10498960 10818002 10929445 11057059 10913492 11010485 10610627 10801829 10881810 10914345 10850965 10849685 10436216 10626579 10707398]
Requests Number (per Connection):  [666 666 676 680 683 687 694 691 690 686 666 691 679 669 667 658 678 685 693 684 690 665 677 682 684 680 680 654 666 671]
Requests/sec:  3567.351106770833 KB
Transfer/sec:  8849.255289713541 KB

2023-12-02 00:21:07.523099293 +0800 CST m=+12392.239231715
Running 1m0s myx-test @ https://192.168.12.127:6443/api/v1/namespaces/myx-test/persistentvolumeclaims
60 connections
Requests/bytes (per Connection):  [4213762 4235262 4095167 4062832 4062833 4192155 4170659 4073666 4192155 4213709 4149047 4181378 4159881 4105996 4418470 4116735 4332255 4159825 4181378 4310701 3955107 4310701 4429245 4213765 4278370 4310701 4267593 4192155 4084440 4299981 4299965 4170638 4170648 4246097 4192155 4170640 4246040 4127495 4127494 4299924 4192155 4224486 4116743 4267618 3987393 4224486 4418470 4030558 4278371 4213726 4149097 4213709 4299924 4375362 4256817 4224500 4224486 4084386 4353806 4073609]
Response/bytes (per Connection):  [6238079 6271044 6063451 6015814 6015815 6207237 6174053 6030485 6207237 6239141 6143429 6191285 6158100 6078340 6542227 6095146 6414612 6159382 6191285 6382708 5855447 6382708 6558400 6237859 6334852 6382708 6318900 6207237 6046657 6365475 6366128 6174701 6174265 6285716 6207237 6174480 6286997 6111304 6111526 6366756 6207237 6255093 6095154 6318479 5904150 6255093 6542227 5966677 6334853 6238935 6142587 6239141 6366756 6478419 6302949 6254661 6255093 6047718 6446736 6031766]
Requests Number (per Connection):  [391 393 380 377 377 389 387 378 389 391 385 388 386 381 410 382 402 386 388 400 367 400 411 391 397 400 396 389 379 399 399 387 387 394 389 387 394 383 383 399 389 392 382 396 370 392 410 374 397 391 385 391 399 406 395 392 392 379 404 378]
Requests/sec:  4105.317740885416 KB
Transfer/sec:  10183.637190755207 KB

2023-12-02 00:23:18.27126094 +0800 CST m=+12522.987393361
Running 1m0s myx-test @ https://192.168.12.127:6443/api/v1/namespaces/myx-test/persistentvolumeclaims
90 connections
Requests/bytes (per Connection):  [3114466 3146850 3136074 3017474 3114466 2974366 3146853 2963626 3082190 3060582 2985143 2985143 2963646 3082165 3114521 3179128 3082135 3189905 3039085 3082135 3017529 3082135 3114464 3060582 2942089 3060582 3189951 3222283 3157574 3060582 3060582 3157598 3114466 3157571 3071358 3254564 3103701 2942035 3028250 3049862 2985145 3114466 3082135 2985143 3092969 2898985 3082190 3082135 3276124 2920538 3179132 3168408 3092969 3039028 3071415 3125282 2974366 3157573 3114466 3082135 3028250 2888151 3179184 3114484 3071381 3049813 2985144 3286894 2995977 3168351 3222235 2942090 3049804 3189959 2888208 3125267 3114466 3049859 3233011 3049805 3092969 3049862 3157588 3049804 3082192 3136020 3114466 3136019 3006753 3211458]
Response/bytes (per Connection):  [4611825 4658619 4642668 4468258 4611825 4404450 4658399 4387866 4562909 4532066 4420402 4420402 4387217 4563330 4610765 4707537 4563969 4723489 4498881 4563969 4467198 4563969 4612046 4532066 4355533 4532066 4722420 4770277 4675633 4532066 4532066 4675211 4611825 4675853 4548017 4819421 4595662 4356594 4484209 4514833 4420181 4611825 4563969 4420402 4578640 4291506 4562909 4563969 4851108 4323409 4707541 4690304 4578640 4500162 4546736 4626924 4404450 4675632 4611825 4563969 4484209 4276835 4706255 4611397 4547594 4516122 4420403 4867276 4435073 4691585 4771344 4355534 4516113 4722428 4275554 4627355 4611825 4515053 4787518 4516114 4578640 4514833 4675424 4516113 4562688 4643729 4611825 4643728 4451024 4755392]
Requests Number (per Connection):  [289 292 291 280 289 276 292 275 286 284 277 277 275 286 289 295 286 296 282 286 280 286 289 284 273 284 296 299 293 284 284 293 289 293 285 302 288 273 281 283 277 289 286 277 287 269 286 286 304 271 295 294 287 282 285 290 276 293 289 286 281 268 295 289 285 283 277 305 278 294 299 273 283 296 268 290 289 283 300 283 287 283 293 283 286 291 289 291 279 298]
Requests/sec:  4516.630517578125 KB
Transfer/sec:  11204.112532552082 KB

2023-12-02 00:25:29.07465066 +0800 CST m=+12653.790783069
Running 1m0s myx-test @ https://192.168.12.127:6443/api/v1/namespaces/myx-test/persistentvolumeclaims
150 connections
Requests/bytes (per Connection):  [2058386 1961394 2058355 2155380 2101487 2058388 2047553 2058364 1982947 1950616 2004503 2101495 1918286 2015223 1896735 1918231 2112270 1972173 1993724 2079937 2058386 2025998 2079885 2058388 1961345 2026057 1993692 2166151 2230816 2047554 2079907 2079940 2144601 2047608 1950560 1950581 2069106 1885957 1972173 2015223 2047609 1972146 2079885 2015278 2123048 1972171 1982948 1929006 1939839 2069108 2112271 2166155 1939793 1993724 1842792 2026055 2069106 1982890 2025998 1982949 2122992 2004503 2015278 2176884 2047608 1929063 2026050 2166157 1918288 2069130 2036784 1907497 1961393 2036823 2166155 1885898 2026055 2155378 1972113 1993669 2036832 1961358 2101441 1885907 1982893 2047611 2036827 2122991 1939785 1972170 1993726 2058385 1918277 2026000 2101460 2004476 2133769 2144544 1993668 1885955 2123026 1961339 2047554 2133824 1950619 2004503 1993667 2026056 1972173 1993668 2015262 2015223 1853624 2047609 2047608 1961347 1864344 2047609 1929063 2079885 2241563 2047575 2015246 1961339 2112216 2112271 1982949 1853627 1918288 2025998 1982923 1993691 1961336 2047609 1972115 2004447 2058329 1939804 1875145 1896675 2079940 1918242 1972173 1950616 2026000 1982923 1993724 1918286 2004502 2090696]
Response/bytes (per Connection):  [3047257 2903690 3047895 3190603 3111058 3047036 3032364 3047681 2935593 2887737 2967276 3110843 2839882 2984509 2807758 2840942 3127016 2919421 2951545 3079381 3047257 3000682 3080221 3047036 2904533 2999180 2952182 3206995 3302487 3032365 3079797 3079161 3174872 3031304 2889019 2888371 3064490 2791805 2919421 2984509 3031305 2920286 3080221 2983449 3142969 2919642 2935594 2857115 2871785 3064269 3127017 3206776 2872631 2951545 2729278 2999401 3064490 2936874 3000682 2935372 3144028 2967276 2983449 3223572 3031304 2855834 2999619 3206555 2839661 3063845 3016420 2824141 2903689 3015567 3206776 2793307 2999401 3190824 2920922 2952605 3015353 2904323 3112127 2792870 2936654 3031084 3015571 3144250 2872846 2919641 2951324 3047256 2840096 3000461 3111700 2968141 3159980 3176153 2952827 2792026 3143393 2904750 3032365 3158920 2887517 2967276 2952826 2999402 2919421 2952827 2983656 2984509 2744170 3031305 3031304 2904535 2761403 3031305 2855834 3080221 3319078 3031940 2984086 2904750 3128077 3127017 2935372 2743950 2839661 3000682 2936238 2952181 2904970 3031305 2920701 2968558 3048538 2872642 2776710 2809259 3079161 2840730 2919421 2887737 3000461 2936238 2951545 2839882 2967498 3095538]
Requests Number (per Connection):  [191 182 191 200 195 191 190 191 184 181 186 195 178 187 176 178 196 183 185 193 191 188 193 191 182 188 185 201 207 190 193 193 199 190 181 181 192 175 183 187 190 183 193 187 197 183 184 179 180 192 196 201 180 185 171 188 192 184 188 184 197 186 187 202 190 179 188 201 178 192 189 177 182 189 201 175 188 200 183 185 189 182 195 175 184 190 189 197 180 183 185 191 178 188 195 186 198 199 185 175 197 182 190 198 181 186 185 188 183 185 187 187 172 190 190 182 173 190 179 193 208 190 187 182 196 196 184 172 178 188 184 185 182 190 183 186 191 180 174 176 193 178 183 181 188 184 185 178 186 194]
Requests/sec:  4924.091634114583 KB
Transfer/sec:  12214.948046875 KB

2023-12-02 00:27:39.981079923 +0800 CST m=+12784.697212343
Running 1m0s myx-test @ https://192.168.12.127:6443/api/v1/namespaces/myx-test/persistentvolumeclaims
300 connections
Requests/bytes (per Connection):  [1142350 1131516 1131555 1196235 1099243 1196235 1163905 1131573 1163858 1260897 1120796 1120799 1293227 1217789 1163896 1153128 1206971 1260897 1185458 1163904 1239295 1304003 1207012 1314781 1228546 1304004 1293170 1250120 1314759 1347112 1174681 1250119 1260863 1131567 1250120 1217789 1336280 1142331 1196188 1174625 1422548 1293227 1099242 1207012 1271673 1228565 1217787 1185458 1088468 1239286 1293227 1174681 1185454 1228562 1282435 1282434 1250120 1217770 1185458 1142317 1271673 1239342 1174625 1250063 1228566 1282450 1325501 1174681 1271658 1217759 1217789 1260896 1293215 1131574 1357889 1196178 1239342 1153119 1207010 1293170 1066864 1293228 1056135 1260897 1185458 1196235 1163904 1250120 1217789 1250103 1239342 1325558 1196235 1250120 1120740 1260896 1314781 1099227 1303993 1228566 1207011 1174681 1357832 1228566 1110020 1207012 1239343 1142353 1239343 1142350 1207011 1196178 1250119 1174681 1153127 1174681 1250120 1271674 1185458 1314781 1207012 1196235 1228566 1153100 1142350 1325550 1239342 1228509 1260896 1196235 1325501 1260896 1174629 1336287 1196235 1239317 1142351 1217789 1260896 1131574 1142350 1271673 1120796 1293227 1196235 1357889 1153127 1260839 1325558 1250069 1325558 1260897 1207012 1271673 1109963 1174681 1099243 1174681 1185449 1293227 1163904 1077689 1120739 1196215 1260897 1314764 1228566 1163904 1153127 1379443 1228565 1293227 1282451 1131538 1174624 1185458 1336327 1045358 1217789 1163848 1109963 1336298 1304004 1217757 1131563 1250079 1250119 1131573 1293170 1163906 1131573 1293197 1120796 1239343 1347112 1282450 1120796 1347055 1056135 1207012 1314781 1077689 1207012 1239328 1250119 1293227 1045361 1217732 1239326 1185458 1217788 1293171 1271674 1185401 1185401 1120797 1314781 1250119 1228566 1174668 1228528 1066914 1163904 1293170 1056135 1293227 1217788 1293227 1099214 1131574 1271630 1174644 1228565 1120797 1217732 1217731 1217789 1163904 1250063 1185458 1185458 1185458 1185401 1239343 1153128 1250120 1260896 1260897 1347111 1207012 1196178 1023748 1120740 1196235 1250120 1379442 1250120 1142350 1110019 1217788 1260897 1131576 1250119 1207012 1260897 1153128 1293227 1282450 1066877 1142351 1110019 1304004 1120748 1217745 1314781 1325540 1250062 1109974 1207012 1206955 1293170 1400996 1228566 1250120 1250067 1304004 1260848 1174681 1142298 1185459 1163904 1271674 1153129 1153121 1196235 1239343 1196235 1293208 1228566 1239342]
Response/bytes (per Connection):  [1691123 1676452 1675376 1770883 1627316 1770883 1723028 1675171 1723873 1866595 1659219 1658999 1914450 1802787 1723242 1707076 1787463 1866595 1754931 1723027 1835758 1930624 1786835 1946354 1818942 1930402 1915731 1850643 1946778 1994210 1738979 1850642 1867230 1675165 1850643 1802787 1979318 1691327 1771728 1740261 2106094 1914450 1627315 1786835 1882546 1818738 1803008 1754931 1611143 1835972 1914450 1738979 1754927 1818958 1898929 1898705 1850643 1803214 1754931 1691759 1882546 1834690 1740261 1851924 1818739 1898498 1963587 1738979 1882754 1803203 1802787 1866594 1914661 1675172 2010162 1772164 1834690 1707067 1787056 1915731 1580304 1914451 1563508 1866595 1754931 1770883 1723027 1850643 1802787 1851072 1834690 1962306 1770883 1850643 1660501 1866594 1946354 1627746 1930614 1818739 1786834 1738979 2011443 1818739 1643268 1786835 1834691 1690903 1834691 1691123 1786834 1772164 1850642 1738979 1707075 1738979 1850643 1882547 1754931 1946354 1786835 1770883 1818739 1707494 1691123 1962744 1834690 1820020 1866594 1770883 1963587 1866594 1740042 1979325 1770883 1835111 1691124 1802787 1866594 1675172 1691123 1882546 1659219 1914450 1770883 2010162 1707075 1867875 1962306 1851707 1962306 1866595 1786835 1882546 1644549 1738979 1627316 1738979 1754922 1914450 1723027 1595412 1660500 1771309 1866595 1946783 1818739 1723027 1707075 2042066 1818738 1914450 1898499 1675805 1740260 1754931 1978696 1547556 1802787 1724309 1644549 1979113 1930402 1803424 1675384 1851271 1850642 1675171 1915731 1722806 1675171 1914866 1659219 1834691 1994210 1898498 1659219 1995491 1563508 1786835 1946354 1595412 1786835 1834899 1850642 1914450 1547336 1804068 1835120 1754931 1802786 1915732 1882547 1756212 1756212 1659220 1946354 1850642 1818739 1739412 1819370 1579239 1723027 1915731 1563508 1914450 1802786 1914450 1627956 1675172 1883395 1739611 1818738 1659220 1804068 1804067 1802787 1723027 1851924 1754931 1754931 1754931 1756212 1834691 1707076 1850643 1866594 1866595 1994209 1786835 1772164 1516934 1660501 1770883 1850643 2042065 1850643 1691123 1643267 1802786 1866595 1674951 1850642 1786835 1866595 1707076 1914450 1898498 1580317 1691124 1643267 1930402 1660063 1803635 1946354 1962511 1851923 1644114 1786835 1788116 1915731 2073969 1818739 1850643 1851705 1930402 1867438 1738979 1691963 1754932 1723027 1882547 1706854 1707069 1770883 1834691 1770883 1914877 1818739 1834690]
Requests Number (per Connection):  [106 105 105 111 102 111 108 105 108 117 104 104 120 113 108 107 112 117 110 108 115 121 112 122 114 121 120 116 122 125 109 116 117 105 116 113 124 106 111 109 132 120 102 112 118 114 113 110 101 115 120 109 110 114 119 119 116 113 110 106 118 115 109 116 114 119 123 109 118 113 113 117 120 105 126 111 115 107 112 120 99 120 98 117 110 111 108 116 113 116 115 123 111 116 104 117 122 102 121 114 112 109 126 114 103 112 115 106 115 106 112 111 116 109 107 109 116 118 110 122 112 111 114 107 106 123 115 114 117 111 123 117 109 124 111 115 106 113 117 105 106 118 104 120 111 126 107 117 123 116 123 117 112 118 103 109 102 109 110 120 108 100 104 111 117 122 114 108 107 128 114 120 119 105 109 110 124 97 113 108 103 124 121 113 105 116 116 105 120 108 105 120 104 115 125 119 104 125 98 112 122 100 112 115 116 120 97 113 115 110 113 120 118 110 110 104 122 116 114 109 114 99 108 120 98 120 113 120 102 105 118 109 114 104 113 113 113 108 116 110 110 110 110 115 107 116 117 117 125 112 111 95 104 111 116 128 116 106 103 113 117 105 116 112 117 107 120 119 99 106 103 121 104 113 122 123 116 103 112 112 120 130 114 116 116 121 117 109 106 110 108 118 107 107 111 115 111 120 114 115]
Requests/sec:  5937.929703776042 KB
Transfer/sec:  14729.653743489584 KB

