2023-12-02 12:45:49.981051263 +0800 CST m=+2633.169573100
Running 1m0s myx-test @ https://192.168.12.127:6443/api/v1/namespaces/myx-test/pods
3 connections
Requests/bytes (per Connection):  [27957844 28623778 30535658]
Response/bytes (per Connection):  [47532729 48654560 51872695]
Requests Number (per Connection):  [2603 2665 2843]
Requests/sec:  1417.9244791666667 KB
Transfer/sec:  3827.754947916667 KB

2023-12-02 12:47:25.422547096 +0800 CST m=+2728.611068925
Running 1m0s myx-test @ https://192.168.12.127:6443/api/v1/namespaces/myx-test/pods
6 connections
Requests/bytes (per Connection):  [26572306 25960116 26840868 25831225 25884919 26003079]
Response/bytes (per Connection):  [45171282 44117537 45601032 43900707 43999121 44190375]
Requests Number (per Connection):  [2474 2417 2499 2405 2410 2421]
Requests/sec:  2556.844287109375 KB
Transfer/sec:  6902.222770182291 KB

2023-12-02 12:49:00.860699794 +0800 CST m=+2824.049221625
Running 1m0s myx-test @ https://192.168.12.127:6443/api/v1/namespaces/myx-test/pods
9 connections
Requests/bytes (per Connection):  [21620873 20374995 21202057 21416796 20278338 20353524 21244941 21696081 21534996]
Response/bytes (per Connection):  [36760883 34620775 36003331 36417218 34449523 34576358 36128392 36870880 36585715]
Requests Number (per Connection):  [2013 1897 1974 1994 1888 1895 1978 2020 2005]
Requests/sec:  3087.932958984375 KB
Transfer/sec:  8335.5416015625 KB

2023-12-02 12:50:36.378024807 +0800 CST m=+2919.566546641
Running 1m0s myx-test @ https://192.168.12.127:6443/api/v1/namespaces/myx-test/pods
15 connections
Requests/bytes (per Connection):  [14338727 13876843 14564261 13737281 13715808 14575029 13952051 14456873 14564326 13898329 14478388 14489116 14628723 14295765 14134625]
Response/bytes (per Connection):  [24379868 23621064 24778052 23334846 23298014 24775846 23731061 24581224 24735931 23655380 24599516 24627621 24874260 24314597 24054724]
Requests Number (per Connection):  [1335 1292 1356 1279 1277 1357 1299 1346 1356 1294 1348 1349 1362 1331 1316]
Requests/sec:  3478.2901204427085 KB
Transfer/sec:  9392.385237630207 KB

2023-12-02 12:52:11.964634961 +0800 CST m=+3015.153156801
Running 1m0s myx-test @ https://192.168.12.127:6443/api/v1/namespaces/myx-test/pods
30 connections
Requests/bytes (per Connection):  [7840694 7840688 7722489 7851437 7593655 7905142 7937365 7658073 7776178 7797726 8023242 7808474 8001810 7604396 7872919 7894401 8033979 7776188 8076981 7679552 7905142 7905142 7539872 7765466 7948027 8087659 7593656 7926624 7926605 7980268]
Response/bytes (per Connection):  [13304334 13305171 13140047 13321492 12887832 13411487 13465484 13009310 13245200 13232334 13649058 13248654 13574320 12905831 13357490 13393488 13662019 13235094 13712099 13056243 13411487 13411487 12849218 13202780 13535706 13770535 12886990 13447485 13453376 13584654]
Requests Number (per Connection):  [730 730 719 731 707 736 739 713 724 726 747 727 745 708 733 735 748 724 752 715 736 736 702 723 740 753 707 738 738 743]
Requests/sec:  3829.3269856770835 KB
Transfer/sec:  10334.384033203125 KB

2023-12-02 12:53:47.462410992 +0800 CST m=+3110.650932822
Running 1m0s myx-test @ https://192.168.12.127:6443/api/v1/namespaces/myx-test/pods
60 connections
Requests/bytes (per Connection):  [4349984 4156649 4382206 4328504 4478796 4339242 4360724 4242495 4349984 4274787 4414350 4392890 4274721 4328501 4167313 4274718 4339242 4306977 4360699 4371387 4307020 4597024 4371465 4414363 4317745 4360725 4360724 4285526 4468054 4285536 4317760 4371465 4296279 4382132 4210299 4403630 4360664 4403616 4081442 4349936 4435866 4285540 4349936 4371440 4274768 4264056 4188870 4339214 4296200 4188852 4382127 4178129 4253316 4425099 4392949 4285463 4296279 4306974 4446599 4446577]
Response/bytes (per Connection):  [7374653 7048988 7429492 7337814 7643706 7357496 7393494 7246886 7374653 7256237 7535712 7482876 7299200 7339497 7118369 7300883 7357496 7327937 7404449 7462874 7302657 7791156 7411493 7526452 7324864 7392652 7393494 7275920 7626549 7267500 7321498 7411493 7284658 7479191 7172684 7501717 7431405 7512662 6929734 7403300 7554014 7265818 7411706 7430857 7271392 7230661 7103826 7379386 7336881 7109721 7481715 7085827 7211820 7552033 7446650 7317200 7284658 7329620 7570346 7588027]
Requests Number (per Connection):  [405 387 408 403 417 404 406 395 405 398 411 409 398 403 388 398 404 401 406 407 401 428 407 411 402 406 406 399 416 399 402 407 400 408 392 410 406 410 380 405 413 399 405 407 398 397 390 404 400 390 408 389 396 412 409 399 400 401 414 414]
Requests/sec:  4229.294075520834 KB
Transfer/sec:  11420.308870442708 KB

2023-12-02 12:55:23.010887256 +0800 CST m=+3206.199409090
Running 1m0s myx-test @ https://192.168.12.127:6443/api/v1/namespaces/myx-test/pods
90 connections
Requests/bytes (per Connection):  [3351081 3168490 3147004 3179226 3286636 3265154 3211449 3243672 3050351 3351081 3050335 3211449 3200708 3415524 3168491 3200708 3104040 3254413 3082558 3157745 3361822 3125531 3232931 3157744 3275894 3147004 3147003 3179231 3168485 3179226 3254413 3275890 3297376 3168485 3179227 3136263 2996631 3222190 3297370 3329599 3329599 3383303 3372563 3275895 3179226 3415513 3200708 3189967 3490688 3598121 3275894 3351069 3222190 3243670 3297376 3275894 3179230 3340329 3243672 3050335 3275890 3157750 3243672 3136262 3318849 3232929 3275894 3200708 3254413 3147004 3243672 3093299 3232931 3179226 3340340 3104047 3318849 3265154 3265154 3168491 3211449 3168490 3168486 3179231 3200710 3179227 3050336 3168490 3232931 3361822]
Response/bytes (per Connection):  [5693169 5382134 5349504 5404343 5584333 5548335 5458340 5512337 5174884 5693169 5187513 5458340 5440341 5802846 5382129 5440341 5277508 5530336 5241510 5367503 5711168 5306759 5494338 5368345 5567176 5349504 5350346 5400973 5386344 5404343 5530336 5570544 5603174 5386344 5403501 5331505 5096676 5476339 5602325 5657171 5657171 5748008 5729167 5566334 5404343 5811265 5440341 5422342 5946519 6109672 5567176 5702430 5476339 5514021 5603174 5567176 5400975 5683589 5512337 5187513 5570544 5363287 5512337 5332347 5645907 5495179 5567176 5440341 5530336 5349504 5512337 5259509 5494338 5404343 5675170 5275829 5645910 5548335 5548335 5382132 5458340 5382125 5385502 5400976 5438654 5403501 5186671 5382134 5494338 5711168]
Requests Number (per Connection):  [312 295 293 296 306 304 299 302 284 312 284 299 298 318 295 298 289 303 287 294 313 291 301 294 305 293 293 296 295 296 303 305 307 295 296 292 279 300 307 310 310 315 314 305 296 318 298 297 325 335 305 312 300 302 307 305 296 311 302 284 305 294 302 292 309 301 305 298 303 293 302 288 301 296 311 289 309 304 304 295 299 295 295 296 298 296 284 295 301 313]
Requests/sec:  4728.57060546875 KB
Transfer/sec:  12765.234391276043 KB

2023-12-02 12:56:58.562827523 +0800 CST m=+3301.751349363
Running 1m0s myx-test @ https://192.168.12.127:6443/api/v1/namespaces/myx-test/pods
150 connections
Requests/bytes (per Connection):  [2287784 2180375 2072915 1987060 2083673 2191065 2126620 2072923 2212547 2029951 1976315 2266249 2094407 2126649 2094397 2094437 2244769 2094396 2115936 2072925 2212596 2191062 2158877 2169593 1997784 2212584 2030014 2062174 2148165 2158911 2137439 2137368 2083659 2115950 2277035 2255585 2137358 2105137 2158842 2008469 2201805 2072990 2287733 2158840 1997748 2019258 2277032 2212547 2298523 2126666 2169596 2169583 1933324 2330716 2201804 2352183 2062252 2051441 2094396 2051436 2040698 2180379 2169583 2094465 2298502 2115944 2030030 2137385 2158842 2105191 2105137 2148101 2051433 2180324 2105138 2051512 2137439 2169611 2148123 2051433 2148136 2126676 2040760 1986987 2126617 2105153 2234069 2083656 2008469 2019210 2169583 2083730 2072915 2137360 2158840 2105210 2051433 1997728 2126687 1997807 2062220 2191119 2234028 2148101 2341471 2180324 2180324 2040703 2105148 2030010 2094396 2115915 2094423 2051512 2158842 2115957 2158859 2115909 2072928 2115958 2148102 2126692 2352182 2094397 2126640 2105216 2115879 2115878 2137421 2105137 1954764 2180323 2234046 2072915 2072925 2234107 2137416 2126647 2255508 2309215 1997728 2169662 2105189 2008490 2169591 2137366 2244767 2158879 2362920 2158843]
Response/bytes (per Connection):  [3863267 3690841 3541185 3349179 3545713 3740016 3631180 3541193 3776014 3469189 3327804 3867692 3569606 3616851 3577183 3554432 3830853 3578025 3577796 3533608 3746522 3741699 3659075 3696441 3372240 3755789 3428752 3523186 3618314 3641373 3597798 3649186 3556658 3566851 3859570 3799154 3650862 3596024 3686019 3433191 3758857 3491487 3902849 3686860 3407607 3422540 3862099 3776014 3891356 3604217 3702342 3704018 3274357 3968102 3758856 4010847 3471805 3498451 3578025 3502661 3486351 3679907 3704018 3526635 3907364 3563476 3416966 3639066 3686019 3562322 3596024 3668020 3505187 3722017 3595182 3452964 3597798 3682128 3658748 3505187 3641076 3588228 3443384 3397193 3632863 3591816 3780855 3559184 3433191 3451190 3704018 3510328 3541185 3650021 3686860 3548010 3505187 3415192 3580631 3362969 3487817 3698748 3812854 3668020 3975144 3722017 3722017 3486353 3587605 3423702 3578025 3593798 3556977 3452964 3686019 3561800 3680969 3589604 3539509 3560958 3667178 3584008 4010003 3577183 3623592 3543801 3613181 3614023 3611268 3596024 3343196 3722859 3806959 3541185 3541195 3760631 3607069 3618538 3849693 3938847 3415192 3651795 3564006 3424761 3697282 3649184 3831694 3657388 4028842 3685177]
Requests Number (per Connection):  [213 203 193 185 194 204 198 193 206 189 184 211 195 198 195 195 209 195 197 193 206 204 201 202 186 206 189 192 200 201 199 199 194 197 212 210 199 196 201 187 205 193 213 201 186 188 212 206 214 198 202 202 180 217 205 219 192 191 195 191 190 203 202 195 214 197 189 199 201 196 196 200 191 203 196 191 199 202 200 191 200 198 190 185 198 196 208 194 187 188 202 194 193 199 201 196 191 186 198 186 192 204 208 200 218 203 203 190 196 189 195 197 195 191 201 197 201 197 193 197 200 198 219 195 198 196 197 197 199 196 182 203 208 193 193 208 199 198 210 215 186 202 196 187 202 199 209 201 220 201]
Requests/sec:  5202.4927734375 KB
Transfer/sec:  14046.455908203125 KB

2023-12-02 12:58:34.253417659 +0800 CST m=+3397.441939489
Running 1m0s myx-test @ https://192.168.12.127:6443/api/v1/namespaces/myx-test/pods
300 connections
Requests/bytes (per Connection):  [1213701 1202980 1202901 1321093 1299569 1364069 1170758 1202935 1160017 1235187 1299592 1202926 1256678 1342612 1331837 1106312 1245917 1267416 1245944 1202980 1364093 1181467 1224404 1213721 1095571 1149269 1106311 1278087 1331822 1364071 1138518 1202960 1288872 1213720 1267399 1245884 1267425 1224432 1192217 1224425 1149276 1181498 1020343 1181459 1278137 1074089 1074091 1213676 1278113 1170757 1117053 1224411 1256629 1084751 1310327 1213721 1235202 1235198 1235124 1331871 1192239 1202980 1160019 1074089 1181498 1192189 1127793 1224461 1149199 1299648 1192177 1256685 1267385 1159993 1170757 1106311 1235202 1213721 1181498 1202980 1192239 1224445 1299648 1181459 1192179 1138468 1299648 1159989 1149277 1267357 1278167 1256610 1149269 1288908 1138534 1321125 1235124 1181498 1310378 1256679 1181476 1127749 1160016 1159940 1202946 1331862 1256684 1331860 1170722 1331858 1245864 1278087 1149196 1256685 1181459 1267382 1149216 1159977 1245918 1245944 1181468 1031095 1181458 1202968 1245944 1159962 1202901 1159957 1278087 1235176 1192239 1213642 1202980 1288844 1117028 1224453 1127794 1224425 1267426 1159947 1170719 1127726 1288856 1213642 1213721 1127793 1181498 1224423 1202913 1149196 1159970 1181498 1288828 1084832 1149227 1127793 1202901 1299648 1159946 1310367 1095543 1331870 1256625 1149278 1181447 1192214 1245914 1213720 1138534 1202901 1063312 1256680 1159989 1256605 1310339 1310365 1138534 1224400 1245933 1160017 1170681 1364086 1256646 1267425 1288882 1299627 1364093 1192212 1235203 1170679 1202980 1063348 1224462 1138534 1181498 1213721 1310310 1063348 1181458 1224392 1353274 1224407 1310339 1095495 1331792 1159943 1213668 1256605 1181455 1245894 1202930 1192239 1202961 1256674 1224437 1288828 1224401 1267387 1170758 1278167 1213658 1256637 1364093 1245943 1106287 1321051 1192168 1224435 1245912 1224462 1245944 1138535 1138462 1063348 1127794 1192238 1170760 1278166 1138537 1288880 1202956 1288828 1288868 1170757 1385575 1192174 1095494 1202918 1159954 1288907 1331871 1170757 1192239 1117020 1213659 1235181 1256645 1256685 1041838 1149276 1095570 1256684 1170726 1224459 1138499 1202980 1202917 1267425 1160017 1245864 1213651 1159937 1310389 1117052 1138534 998823 1181423 1321051 1116989 1245865 1202980 1192239 1192239 1256684 1299597 1181438 1170722 1116974 1202933 1364015 1149214 1074089 1192212 1181480 1192179 1127755 1149275 1278158 1202947 1342598]
Response/bytes (per Connection):  [2059145 2025149 2077372 2252611 2240205 2315340 1970310 2059676 1952311 2083354 2230934 2058851 2117666 2259978 2268081 1862316 2109787 2133976 2097145 2025149 2296818 2013570 2105789 2043148 1844317 1940206 1863158 2204207 2271471 2313656 1929784 2041146 2188524 2043990 2145785 2135056 2133985 2084724 2023988 2081372 1934312 1989151 1750323 2019466 2174719 1808319 1807478 2070112 2184844 1971152 1880315 2092323 2150530 1878541 2253997 2043148 2079988 2083356 2131369 2241979 2007150 2025149 1951470 1808319 1989151 2037484 1899156 2061989 1985694 2187982 2046745 2115144 2165142 1970833 1971152 1863158 2079988 2043148 1989151 2025149 2007150 2066197 2187982 2011060 2053482 1960118 2187982 1965795 1934313 2177789 2151142 2164842 1935991 2169141 1917155 2227347 2131369 1989151 2214400 2120196 2005989 1932841 1953153 2003693 2051251 2248714 2115986 2250398 1989693 2251239 2150210 2204207 1987377 2115144 2011060 2166825 1980641 1975062 2117351 2097145 2004322 1751494 2011902 2034410 2097145 1994421 2077372 1998640 2204207 2100194 2007150 2095371 2025149 2218847 1899679 2061981 1898314 2081372 2133143 2003700 2000625 1949705 2201159 2095371 2043148 1899156 1989151 2083056 2075698 1987377 1980116 1989151 2222206 1825477 1972207 1899156 2077372 2187982 1998641 2222819 1857801 2242821 2153055 1933471 2020327 2026514 2120722 2043990 1917155 2077372 1809703 2118511 1965795 2168209 2236315 2224503 1917155 2109163 2105564 1952311 2021692 2301869 2145459 2133985 2189347 2203978 2296818 2028198 2079146 2022533 2025149 1790320 2061147 1917155 1989151 2043148 2258204 1790320 2011902 2106635 2330200 2103257 2244721 1894857 2294202 2003696 2076008 2168209 2021991 2127479 2063889 2007150 2031889 2115976 2080511 2222206 2108321 2155052 1970310 2151142 2083585 2143791 2296818 2097987 1881680 2276203 2057695 2073789 2114000 2061147 2097145 1916313 1964327 1790320 1898314 2007992 1969469 2151984 1915472 2182625 2043671 2222206 2200298 1971152 2332816 2049271 1895699 2073165 2001169 2169983 2241979 1971152 2007150 1898012 2091164 2095984 2137895 2115144 1767806 1934312 1845159 2115986 1987165 2062830 1935696 2025149 2074010 2133985 1952311 2150210 2088636 2005376 2205981 1881157 1917155 1734549 2038849 2276203 1921594 2149368 2025149 2007150 2007150 2115986 2219158 2027062 1989693 1932538 2061360 2348199 1982328 1808319 2028198 2003464 2045061 1928629 1935154 2157877 2042846 2262496]
Requests Number (per Connection):  [113 112 112 123 121 127 109 112 108 115 121 112 117 125 124 103 116 118 116 112 127 110 114 113 102 107 103 119 124 127 106 112 120 113 118 116 118 114 111 114 107 110 95 110 119 100 100 113 119 109 104 114 117 101 122 113 115 115 115 124 111 112 108 100 110 111 105 114 107 121 111 117 118 108 109 103 115 113 110 112 111 114 121 110 111 106 121 108 107 118 119 117 107 120 106 123 115 110 122 117 110 105 108 108 112 124 117 124 109 124 116 119 107 117 110 118 107 108 116 116 110 96 110 112 116 108 112 108 119 115 111 113 112 120 104 114 105 114 118 108 109 105 120 113 113 105 110 114 112 107 108 110 120 101 107 105 112 121 108 122 102 124 117 107 110 111 116 113 106 112 99 117 108 117 122 122 106 114 116 108 109 127 117 118 120 121 127 111 115 109 112 99 114 106 110 113 122 99 110 114 126 114 122 102 124 108 113 117 110 116 112 111 112 117 114 120 114 118 109 119 113 117 127 116 103 123 111 114 116 114 116 106 106 99 105 111 109 119 106 120 112 120 120 109 129 111 102 112 108 120 124 109 111 104 113 115 117 117 97 107 102 117 109 114 106 112 112 118 108 116 113 108 122 104 106 93 110 123 104 116 112 111 111 117 121 110 109 104 112 127 107 100 111 110 111 105 107 119 112 125]
Requests/sec:  5913.293115234375 KB
Transfer/sec:  15963.246598307293 KB

