2023-12-02 15:20:46.471884326 +0800 CST m=+2090.673919658
Running 1m0s myx-test @ https://192.168.12.127:6443/api/v1/namespaces/myx-test/podtemplates
3 connections
Requests/bytes (per Connection):  [33915705 32431254 36120764]
Response/bytes (per Connection):  [51758532 49493139 55123686]
Requests Number (per Connection):  [3153 3015 3358]
Requests/sec:  1667.7689290364583 KB
Transfer/sec:  4212.940755208333 KB

2023-12-02 15:22:26.920766578 +0800 CST m=+2191.122801873
Running 1m0s myx-test @ https://192.168.12.127:6443/api/v1/namespaces/myx-test/podtemplates
6 connections
Requests/bytes (per Connection):  [28806258 26826989 27623041 28720204 26870079 27676851]
Response/bytes (per Connection):  [43961060 40940535 42155353 43829734 41006261 42237458]
Requests Number (per Connection):  [2678 2494 2568 2670 2498 2573]
Requests/sec:  2710.3421549479167 KB
Transfer/sec:  6846.579150390625 KB

2023-12-02 15:24:28.034225224 +0800 CST m=+2312.236260532
Running 1m0s myx-test @ https://192.168.12.127:6443/api/v1/namespaces/myx-test/podtemplates
9 connections
Requests/bytes (per Connection):  [21287346 21029202 21405672 20695765 20233229 20125681 20975395 21437942 21319660]
Response/bytes (per Connection):  [32486507 32092547 32667082 31583681 30877808 30713670 32010445 32716329 32535798]
Requests Number (per Connection):  [1979 1955 1990 1924 1881 1871 1950 1993 1982]
Requests/sec:  3068.194856770833 KB
Transfer/sec:  7750.549462890625 KB

2023-12-02 15:26:08.641979526 +0800 CST m=+2412.844014831
Running 1m0s myx-test @ https://192.168.12.127:6443/api/v1/namespaces/myx-test/podtemplates
15 connections
Requests/bytes (per Connection):  [14338554 14790417 14274048 14435423 14134205 14499901 14639821 14499915 14704294 14145003 14155723 14241815 14413847 13972813 14682804]
Response/bytes (per Connection):  [21882001 22571542 21783541 22029801 21570131 22128233 22341720 22128247 22440147 21586588 21602967 21734331 21996907 21323854 22407339]
Requests Number (per Connection):  [1333 1375 1327 1342 1314 1348 1361 1348 1367 1315 1316 1324 1340 1299 1365]
Requests/sec:  3514.462613932292 KB
Transfer/sec:  8877.8634765625 KB

2023-12-02 15:27:49.11694288 +0800 CST m=+2513.318978181
Running 1m0s myx-test @ https://192.168.12.127:6443/api/v1/namespaces/myx-test/podtemplates
30 connections
Requests/bytes (per Connection):  [7615724 7766242 7551149 7615725 7733981 7777078 7540362 7583453 7873812 7755540 7561900 7551144 7540395 7626403 7852376 7658689 7690980 7497335 7583453 7884603 7981459 7895325 7755532 7755532 7798592 8002973 7658749 7959945 7701780 7906131]
Response/bytes (per Connection):  [11622296 11852040 11523767 11622297 11802802 11868535 11507321 11573048 12016200 11835679 11540177 11523762 11507354 11638634 11983446 11687897 11737165 11441658 11573048 12032650 12180437 12049031 11835671 11835671 11901367 12213269 11687957 12147605 11753624 12065496]
Requests Number (per Connection):  [708 722 702 708 719 723 701 705 732 721 703 702 701 709 730 712 715 697 705 733 742 734 721 721 725 744 712 740 716 735]
Requests/sec:  3770.77412109375 KB
Transfer/sec:  9525.329850260418 KB

2023-12-02 15:29:59.645460952 +0800 CST m=+2643.847496258
Running 1m0s myx-test @ https://192.168.12.127:6443/api/v1/namespaces/myx-test/podtemplates
60 connections
Requests/bytes (per Connection):  [978873 1021907 1000390 1043397 1043349 1043361 1064931 1032661 978834 978877 957363 989634 978876 1086367 1011147 1075623 1021869 1054177 978844 1064903 1075689 1054175 989634 978819 1011128 1021894 1032624 1043388 1011109 989578 989633 914272 1032648 1064932 989585 1032613 978869 978846 1064906 1054175 1140233 1000320 1000386 1032661 989580 978877 989572 1000391 1021847 989597 1054175 1032635 1097158 1054140 1129473 1000373 1054115 989575 1043396 1064934]
Response/bytes (per Connection):  [1493842 1559512 1526677 1592320 1592272 1592284 1625172 1575925 1493803 1493846 1461014 1510262 1493845 1657926 1543093 1641523 1559474 1608759 1493813 1625144 1641589 1608757 1510262 1493788 1543074 1559499 1575888 1592311 1543055 1510206 1510261 1395287 1575912 1625173 1510213 1575877 1493838 1493815 1625147 1608757 1740087 1526607 1526673 1575925 1510208 1493846 1510200 1526678 1559452 1510225 1608757 1575899 1674376 1608722 1723668 1526660 1608697 1510203 1592319 1625175]
Requests Number (per Connection):  [91 95 93 97 97 97 99 96 91 91 89 92 91 101 94 100 95 98 91 99 100 98 92 91 94 95 96 97 94 92 92 85 96 99 92 96 91 91 99 98 106 93 93 96 92 91 92 93 95 92 98 96 102 98 105 93 98 92 97 99]
Requests/sec:  998.9801106770833 KB
Transfer/sec:  2523.5177408854165 KB

2023-12-02 15:31:40.329096974 +0800 CST m=+2744.531132317
Running 1m0s myx-test @ https://192.168.12.127:6443/api/v1/namespaces/myx-test/podtemplates
90 connections
Requests/bytes (per Connection):  [3173206 3033366 3054879 3011851 3130178 3119421 3226990 3108675 3237747 3119421 3162449 3151692 3140942 3162455 3065636 3076393 3140935 3151692 3248501 3033366 3130178 3033365 3087163 3097919 2990338 2958067 3065636 3173206 3044140 3001116 3130178 3119421 3226990 3001105 3205478 3033365 3033365 3011867 3022609 3065651 3216233 3001095 3044139 3033365 3183962 3130178 3130178 3087163 3097907 2968824 3194719 2904313 3087150 3226990 3054880 3108664 2979583 3140943 3076397 3151691 3140943 3044139 3054880 3108664 3108675 3087163 3226990 3130178 2990338 3291531 3194719 3044124 3108664 3119421 3119431 3183962 3001095 2968824 3087150 3065637 3119421 3183963 3313046 3173205 3044123 3140935 3173206 3162455 3108675 3194719]
Response/bytes (per Connection):  [4842611 4629204 4662035 4596371 4776947 4760531 4924690 4744126 4941106 4760531 4826195 4809779 4793370 4826201 4678451 4694867 4793363 4809779 4957519 4629204 4776947 4629203 4711296 4727711 4563540 4514292 4678451 4842611 4645637 4579977 4776947 4760531 4924690 4579966 4891860 4629203 4629203 4596387 4612788 4678466 4908274 4579956 4645636 4629203 4859026 4776947 4776947 4711296 4727699 4530708 4875442 4432243 4711283 4924690 4662036 4744115 4547126 4793371 4694871 4809778 4793371 4645636 4662036 4744115 4744126 4711296 4924690 4776947 4563540 5023185 4875442 4645621 4744115 4760531 4760541 4859026 4579956 4530708 4711283 4678452 4760531 4859027 5056018 4842610 4645620 4793363 4842611 4826201 4744126 4875442]
Requests Number (per Connection):  [295 282 284 280 291 290 300 289 301 290 294 293 292 294 285 286 292 293 302 282 291 282 287 288 278 275 285 295 283 279 291 290 300 279 298 282 282 280 281 285 299 279 283 282 296 291 291 287 288 276 297 270 287 300 284 289 277 292 286 293 292 283 284 289 289 287 300 291 278 306 297 283 289 290 290 296 279 276 287 285 290 296 308 295 283 292 295 294 289 297]
Requests/sec:  4548.984407552083 KB
Transfer/sec:  11491.162125651043 KB

2023-12-02 15:33:21.045797922 +0800 CST m=+2845.247833231
Running 1m0s myx-test @ https://192.168.12.127:6443/api/v1/namespaces/myx-test/podtemplates
150 connections
Requests/bytes (per Connection):  [2215842 2226638 2301942 2086838 2140542 2065254 2162110 2269647 2194402 2237433 2011481 2194329 2248159 2280463 2194329 2269654 2248114 2032975 2065245 2172815 2022297 2054558 2194336 2076003 2151348 2312653 2183608 2119030 2151299 2097595 2108343 2172815 2032975 2086760 2086803 2086786 2248166 2248155 2258870 2129855 2215842 2011539 2119031 2205084 2129866 2054489 2355752 2183571 2248118 2215843 2151308 2119030 2011469 2194329 2172837 2086768 2226599 1968441 2194403 2086759 2194327 2172815 2097516 2312653 2226597 2269638 2172815 2043755 2162137 2237354 2269627 2140544 2151320 2097516 2172824 2205128 2086829 2151314 2334195 2162058 2194394 2119044 2248117 2226636 2205084 2258870 2194369 2280382 2140545 2183651 2280384 2108348 2183570 2086809 2129861 2043811 2194336 2280382 2226599 2215872 2194349 2301897 2119031 2054544 2119030 2097516 2258868 2119074 2183572 2194357 2194339 2129801 2162058 2205165 2129787 2205086 2237374 2065246 2108341 2076020 2269627 2205124 2183572 2183572 2108271 2151301 2129787 2183593 2226599 2129808 2172813 2205104 2344926 2151331 2108328 2194357 2129787 2043752 2269635 2140544 2269653 2162090 2129792 2140544 2119030 2194347 2183571 2054553 2151334 2151301]
Response/bytes (per Connection):  [3381596 3398051 3512968 3184684 3266683 3151782 3299569 3463696 3348838 3414505 3069714 3348765 3430890 3480171 3348765 3463703 3430845 3102526 3151773 3315933 3086189 3135427 3348772 3168190 3283148 3529338 3332385 3233853 3283099 3201100 3217507 3315933 3102526 3184606 3184649 3184632 3430897 3430886 3447260 3250337 3381596 3069772 3233854 3365179 3250348 3135358 3595073 3332348 3430849 3381597 3283108 3233853 3069702 3348765 3315955 3184614 3398012 3004038 3348839 3184605 3348763 3315933 3201021 3529338 3398010 3463687 3315933 3118965 3299596 3414426 3463676 3266685 3283120 3201021 3315942 3365223 3184675 3283114 3562198 3299517 3348830 3233867 3430848 3398049 3365179 3447260 3348805 3480090 3266686 3332428 3480092 3217512 3332347 3184655 3250343 3119021 3348772 3480090 3398012 3381626 3348785 3512923 3233854 3135413 3233853 3201021 3447258 3233897 3332349 3348793 3348775 3250283 3299517 3365260 3250269 3365181 3414446 3151774 3217505 3168207 3463676 3365219 3332349 3332349 3217435 3283101 3250269 3332370 3398012 3250290 3315931 3365199 3578588 3283131 3217492 3348793 3250269 3118962 3463684 3266685 3463702 3299549 3250274 3266685 3233853 3348783 3332348 3135422 3283134 3283101]
Requests Number (per Connection):  [206 207 214 194 199 192 201 211 204 208 187 204 209 212 204 211 209 189 192 202 188 191 204 193 200 215 203 197 200 195 196 202 189 194 194 194 209 209 210 198 206 187 197 205 198 191 219 203 209 206 200 197 187 204 202 194 207 183 204 194 204 202 195 215 207 211 202 190 201 208 211 199 200 195 202 205 194 200 217 201 204 197 209 207 205 210 204 212 199 203 212 196 203 194 198 190 204 212 207 206 204 214 197 191 197 195 210 197 203 204 204 198 201 205 198 205 208 192 196 193 211 205 203 203 196 200 198 203 207 198 202 205 218 200 196 204 198 190 211 199 211 201 198 199 197 204 203 191 200 200]
Requests/sec:  5291.293489583333 KB
Transfer/sec:  13366.310237630209 KB

2023-12-02 15:35:01.770612533 +0800 CST m=+2945.972647839
Running 1m0s myx-test @ https://192.168.12.127:6443/api/v1/namespaces/myx-test/podtemplates
300 connections
Requests/bytes (per Connection):  [1323036 1280065 1183181 1258477 1118716 1215515 1215459 1183258 1247729 1140233 1323019 1172425 1226237 1172431 1301546 1258557 1226286 1215496 1194015 1247800 1172464 1290785 1376864 1215525 1258555 1204740 1237043 1097203 1258552 1204772 1118657 1323048 1301584 1247771 1247800 1183258 1183213 1280054 1183258 1290748 1258556 1269301 1236968 1161733 1247720 1258477 1258478 1290827 1204772 1323082 1204693 1280070 1279991 1269257 1107960 1247800 1366090 1290828 1366108 1312281 1129473 1129474 1280023 1355365 1226286 1355335 1312341 1269314 1161698 1344543 1269237 1204772 1355290 1236976 1344612 1247795 1204698 1226250 1237040 1236964 1129434 1193946 1333855 1247784 1366125 1247762 1258529 1129404 1204693 1355369 1075689 1183204 1312279 1333842 1107883 1150987 1344602 1204739 1172501 1204693 1183258 1194015 1172474 1226250 1247800 1194015 1312341 1226285 1226262 1355369 1247792 1280070 1366075 1301585 1247799 1107951 1323076 1376882 1172502 1215452 1237043 1333842 1183212 1161665 1064857 1172456 1280068 1247800 1301563 1355354 1226286 1280070 1269234 1269235 1215529 1290781 1269235 1194009 1258539 1237043 1323098 1280019 1301536 1398355 1204721 1247773 1204772 1183187 1140230 1140162 1280070 1204693 1161666 1226286 1129412 1269313 1269245 1247800 1301584 1323034 1204693 1226252 1258557 1140230 1183258 1258501 1301554 1247743 1204700 1312275 1376877 1269237 1312271 1226286 1237005 1097141 1183216 1333783 1247748 1237042 1247799 1323045 1258538 1247726 1301508 1183188 1269313 1172471 1183259 1333855 1204697 1161665 1054135 1129423 1172465 1301573 1247795 1161744 1247728 1097190 1194015 1193940 1279992 1312262 1183256 1290748 1269314 1269252 1140161 1226206 1215506 1269243 1258544 1387639 1237038 1376864 1215493 1161693 1140222 1258556 1237007 1237043 1290816 1280070 1280070 1247759 1247752 1236964 1226272 1247748 1215529 1301505 1150987 1215529 1301584 1161693 1204693 1312341 1247800 1226243 1183258 1129444 1226207 1193956 1226256 1204771 1237043 1301523 1258556 1333845 1280070 1161670 1226206 1204772 1161665 1215529 1237035 1258477 1269299 1301535 1161744 1344533 1226206 1237043 1215529 1333776 1312293 1140167 1215449 1161745 1194014 1312341 1097181 1290827 1290759 1215529 1215529 1247800 1193997 1226230 1280070 1236963 1333855 1344594 1290811 1140159 1194015 1333787 1258556 1279991 1387639 1075689 1226282 1129474 1236996 1355369 1237030 1064872 1269307 1290827]
Response/bytes (per Connection):  [2019093 1953486 1805671 1920580 1707252 1854982 1854926 1805748 1904173 1740087 2019076 1789256 1871363 1789262 1986285 1920660 1871412 1854963 1822164 1904244 1789295 1969865 2101216 1854992 1920658 1838548 1887828 1674421 1920655 1838580 1707193 2019105 1986323 1904215 1904244 1805748 1805703 1953475 1805748 1969828 1920659 1937063 1887753 1772905 1904164 1920580 1920581 1969907 1838580 2019139 1838501 1953491 1953412 1937019 1690837 1904244 2084783 1969908 2084801 2002679 1723668 1723669 1953444 2068399 1871412 2068369 2002739 1937076 1772870 2051918 1936999 1838580 2068324 1887761 2051987 1904239 1838506 1871376 1887825 1887749 1723629 1822095 2035571 1904228 2084818 1904206 1920632 1723599 1838501 2068403 1641589 1805694 2002677 2035558 1690760 1756500 2051977 1838547 1789332 1838501 1805748 1822164 1789305 1871376 1904244 1822164 2002739 1871411 1871388 2068403 1904236 1953491 2084768 1986324 1904243 1690828 2019133 2101234 1789333 1854919 1887828 2035558 1805702 1772837 1625098 1789287 1953489 1904244 1986302 2068388 1871412 1953491 1936996 1936997 1854996 1969861 1936997 1822158 1920642 1887828 2019155 1953440 1986275 2134025 1838529 1904217 1838580 1805677 1740084 1740016 1953491 1838501 1772838 1871412 1723607 1937075 1937007 1904244 1986323 2019091 1838501 1871378 1920660 1740084 1805748 1920604 1986293 1904187 1838508 2002673 2101229 1936999 2002669 1871412 1887790 1674359 1805706 2035499 1904192 1887827 1904243 2019102 1920641 1904170 1986247 1805678 1937075 1789302 1805749 2035571 1838505 1772837 1608717 1723618 1789296 1986312 1904239 1772916 1904172 1674408 1822164 1822089 1953413 2002660 1805746 1969828 1937076 1937014 1740015 1871332 1854973 1937005 1920647 2117650 1887823 2101216 1854960 1772865 1740076 1920659 1887792 1887828 1969896 1953491 1953491 1904203 1904196 1887749 1871398 1904192 1854996 1986244 1756500 1854996 1986323 1772865 1838501 2002739 1904244 1871369 1805748 1723639 1871333 1822105 1871382 1838579 1887828 1986262 1920659 2035561 1953491 1772842 1871332 1838580 1772837 1854996 1887820 1920580 1937061 1986274 1772916 2051908 1871332 1887828 1854996 2035492 2002691 1740021 1854916 1772917 1822163 2002739 1674399 1969907 1969839 1854996 1854996 1904244 1822146 1871356 1953491 1887748 2035571 2051969 1969891 1740013 1822164 2035503 1920659 1953412 2117650 1641589 1871408 1723669 1887781 2068403 1887815 1625113 1937069 1969907]
Requests Number (per Connection):  [123 119 110 117 104 113 113 110 116 106 123 109 114 109 121 117 114 113 111 116 109 120 128 113 117 112 115 102 117 112 104 123 121 116 116 110 110 119 110 120 117 118 115 108 116 117 117 120 112 123 112 119 119 118 103 116 127 120 127 122 105 105 119 126 114 126 122 118 108 125 118 112 126 115 125 116 112 114 115 115 105 111 124 116 127 116 117 105 112 126 100 110 122 124 103 107 125 112 109 112 110 111 109 114 116 111 122 114 114 126 116 119 127 121 116 103 123 128 109 113 115 124 110 108 99 109 119 116 121 126 114 119 118 118 113 120 118 111 117 115 123 119 121 130 112 116 112 110 106 106 119 112 108 114 105 118 118 116 121 123 112 114 117 106 110 117 121 116 112 122 128 118 122 114 115 102 110 124 116 115 116 123 117 116 121 110 118 109 110 124 112 108 98 105 109 121 116 108 116 102 111 111 119 122 110 120 118 118 106 114 113 118 117 129 115 128 113 108 106 117 115 115 120 119 119 116 116 115 114 116 113 121 107 113 121 108 112 122 116 114 110 105 114 111 114 112 115 121 117 124 119 108 114 112 108 113 115 117 118 121 108 125 114 115 113 124 122 106 113 108 111 122 102 120 120 113 113 116 111 114 119 115 124 125 120 106 111 124 117 119 129 100 114 105 115 126 115 99 118 120]
Requests/sec:  6052.703987630209 KB
Transfer/sec:  15289.700748697916 KB

