2023-12-02 19:11:29.334059562 +0800 CST m=+2767.603318619
Running 1m0s myx-test @ https://192.168.12.127:6443/api/v1/namespaces/myx-test/replicationcontrollers
3 connections
Requests/bytes (per Connection):  [29474095 32739423 30325438]
Response/bytes (per Connection):  [46165800 51280337 47499280]
Requests Number (per Connection):  [2735 3038 2814]
Requests/sec:  1506.1679036458333 KB
Transfer/sec:  3865.3055501302083 KB

2023-12-02 19:13:09.738709583 +0800 CST m=+2868.007968639
Running 1m0s myx-test @ https://192.168.12.127:6443/api/v1/namespaces/myx-test/replicationcontrollers
6 connections
Requests/bytes (per Connection):  [27523557 27609725 28752062 28579621 28073106 27943855]
Response/bytes (per Connection):  [43110619 43245611 45034866 44764777 43971421 43768934]
Requests Number (per Connection):  [2554 2562 2668 2652 2605 2593]
Requests/sec:  2742.21884765625 KB
Transfer/sec:  7037.404850260416 KB

2023-12-02 19:14:50.202439061 +0800 CST m=+2968.471698116
Running 1m0s myx-test @ https://192.168.12.127:6443/api/v1/namespaces/myx-test/replicationcontrollers
9 connections
Requests/bytes (per Connection):  [22469277 22135192 22436945 21801109 21758039 22695592 22296846 22447722 22771016]
Response/bytes (per Connection):  [35194032 34670754 35143391 34147478 34079996 35548510 34923953 35160271 35666655]
Requests Number (per Connection):  [2085 2054 2082 2023 2019 2106 2069 2083 2113]
Requests/sec:  3268.42021484375 KB
Transfer/sec:  8387.805631510417 KB

2023-12-02 19:16:30.677049571 +0800 CST m=+3068.946308628
Running 1m0s myx-test @ https://192.168.12.127:6443/api/v1/namespaces/myx-test/replicationcontrollers
15 connections
Requests/bytes (per Connection):  [14871802 14957949 15001124 15162700 14386837 14235885 14817864 14440647 15141145 14451424 15054989 14386840 15152001 15141145 15281279]
Response/bytes (per Connection):  [23293942 23428913 23496500 23749621 22534342 22297948 23209489 22618667 23715860 22635547 23580880 22534345 23732819 23715860 23935333]
Requests Number (per Connection):  [1380 1388 1392 1407 1335 1321 1375 1340 1405 1341 1397 1335 1406 1405 1418]
Requests/sec:  3621.1528483072916 KB
Transfer/sec:  9293.028922526042 KB

2023-12-02 19:18:11.106759762 +0800 CST m=+3169.376018839
Running 1m0s myx-test @ https://192.168.12.127:6443/api/v1/namespaces/myx-test/replicationcontrollers
30 connections
Requests/bytes (per Connection):  [7662162 7694545 8201043 7920861 7705302 7823834 7683769 7769982 7694543 7737574 7953192 7888478 7769984 7780721 7726818 7823795 7899228 7845355 7931559 7748420 7910084 7500506 7597505 8006997 7748389 7963910 7877753 7780737 7931631 8028553]
Response/bytes (per Connection):  [12001395 12052087 12845426 12406566 12068947 12254612 12035208 12170245 12052085 12119528 12457206 12355874 12170247 12187087 12102669 12254573 12372727 12288339 12423367 12136477 12389686 11748194 11900120 12541526 12136446 12474027 12339046 12187103 12423439 12575288]
Requests Number (per Connection):  [711 714 761 735 715 726 713 721 714 718 738 732 721 722 717 726 733 728 736 719 734 696 705 743 719 739 731 722 736 745]
Requests/sec:  3818.47705078125 KB
Transfer/sec:  9799.426595052084 KB

2023-12-02 19:19:51.681239143 +0800 CST m=+3269.950498220
Running 1m0s myx-test @ https://192.168.12.127:6443/api/v1/namespaces/myx-test/replicationcontrollers
60 connections
Requests/bytes (per Connection):  [4364563 4493815 4612433 4633949 4515440 4536994 4536986 4526217 4590814 4418448 4558523 4526144 4310679 4418397 4342931 4666238 4332223 4483078 4580102 4375341 4504585 4515416 4666317 4450706 4698600 4569275 4386076 4644756 4461477 4558469 4472332 4407652 4569312 4558508 4590879 4332178 4504664 4504664 4698589 4429225 4504664 4580102 4601639 4364563 4515441 4332233 4493887 4590803 4472254 4439932 4569246 4601589 4418448 4213620 4321381 4687821 4493808 4450768 4396843 4558519]
Response/bytes (per Connection):  [6836278 7038766 7224517 7258239 7072597 7106357 7106349 7089477 7190692 6920678 7140092 7089404 6751879 6920627 6802440 7308837 6785629 7021926 7173877 6853159 7055639 7072573 7308916 6971245 7359508 7156947 6869997 7275149 6988119 7140038 7005077 6903779 7156984 7140077 7190757 6785584 7055718 7055718 7359497 6937558 7055718 7173877 7207620 6836278 7072598 6785639 7038838 7190681 7004999 6954368 7156918 7207570 6920678 6599893 6768684 7342626 7038759 6971307 6886867 7140088]
Requests Number (per Connection):  [405 417 428 430 419 421 421 420 426 410 423 420 400 410 403 433 402 416 425 406 418 419 433 413 436 424 407 431 414 423 415 409 424 423 426 402 418 418 436 411 418 425 427 405 419 402 417 426 415 412 424 427 410 391 401 435 417 413 408 423]
Requests/sec:  4393.7916015625 KB
Transfer/sec:  11275.86689453125 KB

2023-12-02 19:21:32.339962839 +0800 CST m=+3370.609221908
Running 1m0s myx-test @ https://192.168.12.127:6443/api/v1/namespaces/myx-test/replicationcontrollers
90 connections
Requests/bytes (per Connection):  [3222215 3286874 3189882 3448508 3243766 3092890 3276097 3189886 3179105 3222213 3286874 3179111 3340759 3222213 3340755 3265318 3157552 3265320 3340759 3319206 3232990 3405420 3060559 3297652 3437751 3114444 3243767 3276097 3211437 3254544 3286874 3297652 3308421 3276093 3329973 3383867 3340759 3157558 3222213 3146775 3179111 3308428 3168329 3265318 3276097 3362312 3189883 3254544 3254542 3329982 3308428 3383867 3319203 3254542 3308429 3200659 3254544 3211436 3211436 3168329 3373090 3329973 3179106 3157552 3340759 3254544 3276094 3071336 3211436 3082113 3168328 3189887 3480843 3232990 3308429 3383867 3340759 3114444 3189887 3135997 3351536 3168328 3243766 3308428 3211438 3329974 3136007 3276094 3071336 3308428]
Response/bytes (per Connection):  [5047012 5148289 4996370 5401468 5080769 4844451 5131409 4996374 4979490 5047010 5148289 4979496 5232689 5047010 5232685 5114527 4945731 5114529 5232689 5198930 5063890 5333968 4793811 5165170 5384608 4878211 5080770 5131409 5030131 5097650 5148289 5165170 5182042 5131405 5215800 5300209 5232689 4945737 5047010 4928851 4979496 5182049 4962611 5114527 5131409 5266448 4996371 5097650 5097648 5215809 5182049 5300209 5198927 5097648 5182050 5013250 5097650 5030130 5030130 4962611 5283329 5215800 4979491 4945731 5232689 5097650 5131406 4810691 5030130 4827571 4962610 4996375 5452112 5063890 5182050 5300209 5232689 4878211 4996375 4911970 5249569 4962610 5080769 5182049 5030132 5215801 4911980 5131406 4810691 5182049]
Requests Number (per Connection):  [299 305 296 320 301 287 304 296 295 299 305 295 310 299 310 303 293 303 310 308 300 316 284 306 319 289 301 304 298 302 305 306 307 304 309 314 310 293 299 292 295 307 294 303 304 312 296 302 302 309 307 314 308 302 307 297 302 298 298 294 313 309 295 293 310 302 304 285 298 286 294 296 323 300 307 314 310 289 296 291 311 294 301 307 298 309 291 304 285 307]
Requests/sec:  4765.467724609375 KB
Transfer/sec:  12229.705094401043 KB

2023-12-02 19:23:12.9518025 +0800 CST m=+3471.221061566
Running 1m0s myx-test @ https://192.168.12.127:6443/api/v1/namespaces/myx-test/replicationcontrollers
150 connections
Requests/bytes (per Connection):  [2133826 2036764 2144524 2252295 1972140 2230812 2090640 2306186 2144524 2144596 2252362 2090679 2155380 2317024 2209194 2079863 2263077 2176934 2435519 2263070 2273856 2069144 2209259 2176855 2133756 2198409 2133799 2198409 2133804 2209224 2284622 2187702 2284624 2166128 2338508 2155301 2144580 2306178 2122970 2133748 2133827 2219962 2187711 2252293 2123000 2176919 2263070 2230800 2144524 2209214 2284622 2263078 2295459 2122999 2079908 2209186 2338509 2015201 2316955 2144573 2241519 2209241 2198409 2273902 2230808 2176932 2252359 2220028 2155299 2273847 2381615 2392391 2220004 2122970 2155345 2133750 2219962 2219962 2219968 2263137 2058333 2284624 2413947 2306190 2263100 2360109 2209201 2263070 2187665 2133747 2209256 2252371 2230756 2047557 2176855 2155301 2316955 2252308 2166152 2317013 2241530 2144524 2112234 2230738 2144558 2133747 2101417 2284622 2252292 2360060 2176927 2166128 2036755 2198415 2209186 2273847 2036755 2230739 2112193 2133826 2220003 2241582 2123029 2230792 2252299 2273896 2176855 2090639 2155339 1939839 2187634 2209241 2252324 2187700 2187632 2360063 2187670 2176853 2252293 2316953 2370905 2306177 2370851 2166107 2273846 2295407 2273926 2241574 2252294 2209186]
Response/bytes (per Connection):  [3342220 3190231 3359021 3527822 3088989 3494133 3274622 3612228 3359021 3359093 3527889 3274661 3375980 3629169 3460309 3257742 3544707 3409740 3814797 3544700 3561589 3240920 3460374 3409661 3342150 3443421 3342193 3443421 3342198 3460339 3578458 3426611 3578460 3392831 3662859 3375901 3359077 3612220 3325261 3342142 3342221 3477180 3426620 3527820 3325291 3409725 3544700 3494121 3359021 3460329 3578458 3544708 3595398 3325290 3257787 3460301 3662860 3156462 3629100 3359070 3510943 3460356 3443421 3561635 3494129 3409738 3527886 3477246 3375899 3561580 3730378 3747257 3477222 3325261 3375945 3342144 3477180 3477180 3477186 3544767 3224006 3578460 3781019 3612232 3544730 3696666 3460316 3544700 3426574 3342141 3460371 3527898 3494077 3207127 3409661 3375901 3629100 3527835 3392855 3629158 3510954 3359021 3308422 3494059 3359055 3342141 3291502 3578458 3527819 3696617 3409733 3392831 3190222 3443427 3460301 3561580 3190222 3494060 3308381 3342220 3477221 3511006 3325320 3494113 3527826 3561629 3409661 3274621 3375939 3038379 3426543 3460356 3527851 3426609 3426541 3696620 3426579 3409659 3527820 3629098 3713565 3612219 3713511 3392810 3561579 3595346 3561659 3510998 3527821 3460301]
Requests Number (per Connection):  [198 189 199 209 183 207 194 214 199 199 209 194 200 215 205 193 210 202 226 210 211 192 205 202 198 204 198 204 198 205 212 203 212 201 217 200 199 214 197 198 198 206 203 209 197 202 210 207 199 205 212 210 213 197 193 205 217 187 215 199 208 205 204 211 207 202 209 206 200 211 221 222 206 197 200 198 206 206 206 210 191 212 224 214 210 219 205 210 203 198 205 209 207 190 202 200 215 209 201 215 208 199 196 207 199 198 195 212 209 219 202 201 189 204 205 211 189 207 196 198 206 208 197 207 209 211 202 194 200 180 203 205 209 203 203 219 203 202 209 215 220 214 220 201 211 213 211 208 209 205]
Requests/sec:  5389.021077473958 KB
Transfer/sec:  13829.939485677083 KB

2023-12-02 19:24:53.642620496 +0800 CST m=+3571.911879556
Running 1m0s myx-test @ https://192.168.12.127:6443/api/v1/namespaces/myx-test/replicationcontrollers
300 connections
Requests/bytes (per Connection):  [1433327 1357822 1153128 1228547 1314781 1304004 1239309 1185417 1099243 1207012 1260848 1314702 1228566 1368591 1142343 1271673 1206933 1347112 1185458 1250120 1207004 1325479 1131574 1303963 1185411 1347087 1379367 1282410 1379426 1325524 1347054 1293202 1196196 1282450 1228563 1336276 1282450 1088466 1207012 1271673 1293179 1314781 1379442 1196156 1250040 1293208 1282371 1120730 1314781 1206939 1444104 1217732 1390184 1196156 1174681 1304004 1282450 1239343 1206951 1293228 1207012 1433248 1109957 1217710 1357881 1185458 1303963 1260897 1368588 1250056 1174603 1228514 1293148 1206949 1400944 1228487 1336335 1163904 1228566 1153067 1314702 1271674 1368586 1153128 1347037 1260842 1239339 1217789 1196200 1228566 1368615 1250120 1347080 1357810 1293148 1390181 1282450 1282451 1250051 1260896 1206940 1260831 1347060 1239302 1433270 1271674 1228501 1250073 1390210 1239282 1131574 1282418 1422540 1336335 1153114 1217789 1228554 1153128 1206945 1131510 1217789 1250041 1400987 1196208 1228566 1325557 1206998 1314702 1099188 1282450 1336335 1336256 1217789 1260896 1250120 1282450 1239318 1206971 1282404 1260877 1271595 1217789 1196233 1411702 1250120 1476355 1325522 1293148 1303925 1109987 1260885 1174681 1228565 1250120 1109968 1239302 1325532 1250098 1357873 1293176 1217788 1314702 1185453 1217759 1228493 1239342 1163905 1250102 1325557 1379405 1271645 1336335 1196166 1131576 1228566 1077689 1454873 1239305 1390141 1174609 1196209 1260841 1400963 1163868 1282374 1303925 1185458 1185422 1271594 1239306 1357882 1293210 1260897 1185406 1304005 1163904 1260897 1228522 1260890 1260897 1260880 1174682 1131573 1325536 1282450 1411730 1174628 1196235 1239310 1250120 1347112 1250120 1217789 1153128 1217744 1325506 1185406 1325479 1293227 1293227 1368594 1390141 1293172 1379442 1185444 1282371 1325558 1196235 1228524 1206969 1163885 1314781 1228531 1239320 1228504 1120747 1174681 1196158 1153127 1142272 1228561 1400956 1271616 1174607 1411773 1185458 1487212 1293171 1196235 1185393 1217789 1250051 1185379 1293169 1390185 1206969 1217759 1239319 1293188 1293155 1271634 1357889 1293182 1099243 1196165 1066889 1271673 1174671 1185407 1303983 1357810 1260875 1250119 1142303 1271674 1260860 1303939 1207012 1185450 1303998 1250061 1239343 1142350 1379396 1357839 1422539 1293227 1228507 1153119 1196235 1239342 1271645 1206933 1465658 1304004 1250097 1325558 1293152 1250097 1207012]
Response/bytes (per Connection):  [2245026 2126800 1806149 1924289 2059347 2042467 1941154 1856747 1721749 1890548 1974899 2059268 1924308 2143672 1789261 1991827 1890469 2109987 1856788 1958068 1890540 2076148 1772389 2042426 1856741 2109962 2160551 2008667 2160610 2076193 2109929 2025562 1873629 2008707 1924305 2093048 2008707 1704869 1890548 1991827 2025539 2059347 2160626 1873589 1957988 2025568 2008628 1755442 2059347 1890475 2261906 1907371 2177471 1873589 1839908 2042467 2008707 1941188 1890487 2025588 1890548 2244947 1738566 1907349 2126859 1856788 2042426 1974948 2143669 1958004 1839830 1924256 2025508 1890485 2194334 1924229 2093107 1823028 1924308 1806088 2059268 1991828 2143667 1806149 2109912 1974893 1941184 1907428 1873633 1924308 2143696 1958068 2109955 2126788 2025508 2177468 2008707 2008708 1957999 1974947 1890476 1974882 2109935 1941147 2244969 1991828 1924243 1958021 2177497 1941127 1772389 2008675 2228136 2093107 1806135 1907428 1924296 1806149 1890481 1772325 1907428 1957989 2194377 1873641 1924308 2076226 1890534 2059268 1721694 2008707 2093107 2093028 1907428 1974947 1958068 2008707 1941163 1890507 2008661 1974928 1991749 1907428 1873666 2211195 1958068 2312466 2076191 2025508 2042388 1738596 1974936 1839908 1924307 1958068 1738577 1941147 2076201 1958046 2126851 2025536 1907427 2059268 1856783 1907398 1924235 1941187 1823029 1958050 2076226 2160589 1991799 2093107 1873599 1772391 1924308 1687989 2278778 1941150 2177428 1839836 1873642 1974892 2194353 1822992 2008631 2042388 1856788 1856752 1991748 1941151 2126860 2025570 1974948 1856736 2042468 1823028 1974948 1924264 1974941 1974948 1974931 1839909 1772388 2076205 2008707 2211223 1839855 1873668 1941155 1958068 2109987 1958068 1907428 1806149 1907383 2076175 1856736 2076148 2025587 2025587 2143675 2177428 2025532 2160626 1856774 2008628 2076227 1873668 1924266 1890505 1823009 2059347 1924273 1941165 1924246 1755459 1839908 1873591 1806148 1789190 1924303 2194346 1991770 1839834 2211266 1856788 2329426 2025531 1873668 1856723 1907428 1957999 1856709 2025529 2177472 1890505 1907398 1941164 2025548 2025515 1991788 2126867 2025542 1721749 1873598 1671086 1991827 1839898 1856737 2042446 2126788 1974926 1958067 1789221 1991828 1974911 2042402 1890548 1856780 2042461 1958009 1941188 1789268 2160580 2126817 2228135 2025587 1924249 1806140 1873668 1941187 1991799 1890469 2295666 2042467 1958045 2076227 2025512 1958045 1890548]
Requests Number (per Connection):  [133 126 107 114 122 121 115 110 102 112 117 122 114 127 106 118 112 125 110 116 112 123 105 121 110 125 128 119 128 123 125 120 111 119 114 124 119 101 112 118 120 122 128 111 116 120 119 104 122 112 134 113 129 111 109 121 119 115 112 120 112 133 103 113 126 110 121 117 127 116 109 114 120 112 130 114 124 108 114 107 122 118 127 107 125 117 115 113 111 114 127 116 125 126 120 129 119 119 116 117 112 117 125 115 133 118 114 116 129 115 105 119 132 124 107 113 114 107 112 105 113 116 130 111 114 123 112 122 102 119 124 124 113 117 116 119 115 112 119 117 118 113 111 131 116 137 123 120 121 103 117 109 114 116 103 115 123 116 126 120 113 122 110 113 114 115 108 116 123 128 118 124 111 105 114 100 135 115 129 109 111 117 130 108 119 121 110 110 118 115 126 120 117 110 121 108 117 114 117 117 117 109 105 123 119 131 109 111 115 116 125 116 113 107 113 123 110 123 120 120 127 129 120 128 110 119 123 111 114 112 108 122 114 115 114 104 109 111 107 106 114 130 118 109 131 110 138 120 111 110 113 116 110 120 129 112 113 115 120 120 118 126 120 102 111 99 118 109 110 121 126 117 116 106 118 117 121 112 110 121 116 115 106 128 126 132 120 114 107 111 115 118 112 136 121 116 123 120 116 112]
Requests/sec:  6152.189404296875 KB
Transfer/sec:  15788.472639973957 KB

