2023-12-03 06:23:52.839928744 +0800 CST m=+39388.117864120
Running 1m0s myx-test @ https://192.168.12.127:6443/apis/apps/v1/namespaces/myx-test/replicasets
3 connections
Requests/bytes (per Connection):  [31302659 30119001 32217335]
Response/bytes (per Connection):  [48974834 47122926 50405885]
Requests Number (per Connection):  [2909 2799 2994]
Requests/sec:  1524.0721842447917 KB
Transfer/sec:  3908.5716145833335 KB

2023-12-03 06:25:33.26785344 +0800 CST m=+39488.545788804
Running 1m0s myx-test @ https://192.168.12.127:6443/apis/apps/v1/namespaces/myx-test/replicasets
6 connections
Requests/bytes (per Connection):  [26169869 26062258 24684866 24405121 24792554 24641837]
Response/bytes (per Connection):  [40944269 40775908 38620916 38183221 38789354 38553587]
Requests Number (per Connection):  [2432 2422 2294 2268 2304 2290]
Requests/sec:  2453.7191569010415 KB
Transfer/sec:  6292.704427083333 KB

2023-12-03 06:27:13.78374883 +0800 CST m=+39589.061684214
Running 1m0s myx-test @ https://192.168.12.127:6443/apis/apps/v1/namespaces/myx-test/replicasets
9 connections
Requests/bytes (per Connection):  [19896375 19971751 19842620 20283739 20412914 20466674 19724250 19993218 19659684]
Response/bytes (per Connection):  [31129050 31246951 31044920 31735114 31937189 32021324 30859725 31280568 30758709]
Requests Number (per Connection):  [1849 1856 1844 1885 1897 1902 1833 1858 1827]
Requests/sec:  2933.7764485677085 KB
Transfer/sec:  7523.840738932292 KB

2023-12-03 06:28:54.242200584 +0800 CST m=+39689.520135959
Running 1m0s myx-test @ https://192.168.12.127:6443/apis/apps/v1/namespaces/myx-test/replicasets
15 connections
Requests/bytes (per Connection):  [13719753 13504563 13214066 13343196 13084919 13332401 13644502 13483042 13472276 13386240 13063412 13396956 13493849 13106456 13020369]
Response/bytes (per Connection):  [21465378 21128688 20674166 20876196 20472119 20859326 21347602 21095017 21078176 20943540 20438462 20960331 21111899 20505806 20371119]
Requests Number (per Connection):  [1275 1255 1228 1240 1216 1239 1268 1253 1252 1244 1214 1245 1254 1218 1210]
Requests/sec:  3259.5377604166665 KB
Transfer/sec:  8359.274495442709 KB

2023-12-03 06:30:34.725650856 +0800 CST m=+39790.003586232
Running 1m0s myx-test @ https://192.168.12.127:6443/apis/apps/v1/namespaces/myx-test/replicasets
30 connections
Requests/bytes (per Connection):  [7500113 7543224 7274207 7370979 7317247 7424826 7424835 7510932 7274209 7500154 7435583 7489346 7403319 7274209 7736847 7338774 7467904 7500118 7252624 7629239 7306464 7553918 7166600 7263448 7198832 7252658 7381819 7295731 7414099 7553991]
Response/bytes (per Connection):  [11734388 11801799 11380907 11532354 11448247 11616576 11616585 11751282 11380909 11734429 11633408 11717546 11582919 11380909 12104772 11481924 11683954 11734393 11347174 11936414 11431389 11818568 11212550 11364073 11263007 11347208 11549269 11414581 11599774 11818641]
Requests Number (per Connection):  [697 701 676 685 680 690 690 698 676 697 691 696 688 676 719 682 694 697 674 709 679 702 666 675 669 674 686 678 689 702]
Requests/sec:  3614.1967610677084 KB
Transfer/sec:  9268.818326822917 KB

2023-12-03 06:32:15.208355935 +0800 CST m=+39890.486291310
Running 1m0s myx-test @ https://192.168.12.127:6443/apis/apps/v1/namespaces/myx-test/replicasets
60 connections
Requests/bytes (per Connection):  [3992214 4035202 4024452 4164387 4002973 4110535 3906127 4099783 4046017 4067539 4035220 4024496 3906127 4013668 4099822 4315040 3992215 4099822 4035258 4099742 4013737 3938392 4196670 4132032 4089062 3906122 4207433 4175132 3906096 3970692 4035214 3916887 4056706 4164322 4035256 4175108 4002976 4250474 4078300 4218192 4228952 4132105 3970684 4067541 4002975 4045963 4132105 4067539 4089061 3949165 3776972 4067504 4153585 4013724 4250400 4196670 4250399 4175110 3959932 4304279]
Response/bytes (per Connection):  [6246039 6313327 6296502 6515412 6262873 6431185 6111352 6414358 6330217 6363889 6313345 6296546 6111352 6279643 6414397 6751115 6246040 6414397 6313383 6414317 6279712 6161842 6565920 6464832 6397562 6111347 6582758 6532232 6111321 6212367 6313339 6128187 6346981 6515347 6313381 6532208 6262876 6650099 6380725 6599592 6616427 6464905 6212359 6363891 6262875 6330163 6464905 6363889 6397561 6178690 5909297 6363854 6498535 6279699 6650025 6565920 6650024 6532210 6195532 6734279]
Requests Number (per Connection):  [371 375 374 387 372 382 363 381 376 378 375 374 363 373 381 401 371 381 375 381 373 366 390 384 380 363 391 388 363 369 375 364 377 387 375 388 372 395 379 392 393 384 369 378 372 376 384 378 380 367 351 378 386 373 395 390 395 388 368 400]
Requests/sec:  3977.443147786458 KB
Transfer/sec:  10200.381901041666 KB

2023-12-03 06:33:55.734873884 +0800 CST m=+39991.012809266
Running 1m0s myx-test @ https://192.168.12.127:6443/apis/apps/v1/namespaces/myx-test/replicasets
90 connections
Requests/bytes (per Connection):  [3045255 3012972 2894604 2926906 3012992 3077553 3066776 2948408 2937646 3023752 2916124 2851558 2905392 2926913 2873080 2926886 2959167 2937655 3099059 3034494 3066777 2776235 2894602 3034512 3002213 2959167 3120581 3120581 2948406 2905393 2991450 3023752 3034495 3012974 2916124 3109820 3066776 2862319 3066777 2905394 2916124 2948406 3012972 3023733 2959170 2937648 2873114 2926885 2969936 3066782 2959168 2926884 3066791 3056018 3056031 2948406 2980689 2905363 2883841 2851585 2905383 2980690 2959168 2969930 2840797 3023733 3142102 3066791 2926885 3131341 2916123 2937646 2894602 3099061 2937645 3002213 2905363 2808514 2905363 3023732 2980691 2948433 3045255 2969950 2991450 2862319 2937673 2959169 3066778 3109820]
Response/bytes (per Connection):  [4764480 4713972 4528779 4579306 4713992 4815003 4798151 4612958 4596121 4730827 4562449 4461433 4545642 4579313 4495105 4579286 4629792 4596130 4848659 4747644 4798152 4343585 4528777 4747662 4697138 4629792 4882331 4882331 4612956 4545643 4680300 4730827 4747645 4713974 4562449 4865495 4798151 4478269 4798152 4545644 4562449 4612956 4713972 4730808 4629795 4596123 4495139 4579285 4646636 4798157 4629793 4579284 4798166 4781318 4781331 4612956 4663464 4545613 4511941 4461460 4545633 4663465 4629793 4646630 4444597 4730808 4916002 4798166 4579285 4899166 4562448 4596121 4528777 4848661 4596120 4697138 4545613 4394089 4545613 4730807 4663466 4612983 4764480 4646650 4680300 4478269 4596148 4629794 4798153 4865495]
Requests Number (per Connection):  [283 280 269 272 280 286 285 274 273 281 271 265 270 272 267 272 275 273 288 282 285 258 269 282 279 275 290 290 274 270 278 281 282 280 271 289 285 266 285 270 271 274 280 281 275 273 267 272 276 285 275 272 285 284 284 274 277 270 268 265 270 277 275 276 264 281 292 285 272 291 271 273 269 288 273 279 270 261 270 281 277 274 283 276 278 266 273 275 285 289]
Requests/sec:  4357.31943359375 KB
Transfer/sec:  11174.598583984374 KB

2023-12-03 06:35:37.282537133 +0800 CST m=+40092.560472506
Running 1m0s myx-test @ https://192.168.12.127:6443/apis/apps/v1/namespaces/myx-test/replicasets
150 connections
Requests/bytes (per Connection):  [1979926 1926201 1936883 1904600 1915423 1969201 1893918 1979938 2044571 1958421 1979927 2119818 1915390 1969242 2066014 2001448 2022970 1979930 1893918 1872395 2044506 2001484 1969243 2130580 2022970 2012210 1958411 1893853 1969173 2012210 1915405 1979957 2022970 1786309 2055315 1936943 1947670 1904600 1797049 2044492 2162892 1969170 2076775 2076774 1990742 1947663 2087591 1969180 2001508 2033750 2055310 1947676 2001452 2066039 2281303 2033742 1904600 2087536 1926198 1958465 2001448 1829274 1926159 1893896 2044492 1990767 2238189 1958404 2087552 2066014 1872375 2184454 1990747 2066014 1861556 1969166 1893839 1979991 1936902 2033731 2044492 2076775 2055281 1980005 1893896 1904600 1840035 2001448 1883155 2076829 1861586 2012264 1979941 1990687 2022970 1990724 2012288 1818533 1926122 1861617 2141340 2076774 1969165 2022984 2044492 2033731 1969244 1947651 1883158 1829327 1969227 1904600 1926153 1969187 2033731 2001462 1936923 2001448 1979994 1936883 1990687 1958463 1926201 1947722 1947643 1904671 1807831 2130597 2055253 1904659 2087614 1990723 1980005 1990753 2022970 1915434 1829296 1958466 1893849 2087536 1947644 1904660 2044502 1980005 1850796 1883078 2001448 2152101 1829353 1850824]
Response/bytes (per Connection):  [3097726 3013626 3030383 2979875 2996773 3080926 2963118 3097738 3198821 3064071 3097727 3316593 2996740 3080967 3232414 3131398 3165070 3097730 2963118 2929445 3198756 3131434 3080968 3333430 3165070 3148235 3064061 2963053 3080898 3148235 2996755 3097757 3165070 2794759 3215640 3030443 3047245 2979875 2811574 3198742 3383967 3080895 3249250 3249249 3114617 3047238 3266141 3080905 3131458 3181925 3215635 3047251 3131402 3232439 3569203 3181917 2979875 3266086 3013623 3064115 3131398 2862024 3013584 2963096 3198742 3114642 3501789 3064054 3266102 3232414 2929425 3417679 3114622 3232414 2912531 3080891 2963039 3097791 3030402 3181906 3198742 3249250 3215606 3097805 2963096 2979875 2878860 3131398 2946280 3249304 2912561 3148289 3097741 3114562 3165070 3114599 3148313 2845208 3013547 2912592 3350265 3249249 3080890 3165084 3198742 3181906 3080969 3047226 2946283 2862077 3080952 2979875 3013578 3080912 3181906 3131412 3030423 3131398 3097794 3030383 3114562 3064113 3013626 3047297 3047218 2979946 2828431 3333447 3215578 2979934 3266164 3114598 3097805 3114628 3165070 2996784 2862046 3064116 2963049 3266086 3047219 2979935 3198752 3097805 2895696 2946203 3131398 3367101 2862103 2895724]
Requests Number (per Connection):  [184 179 180 177 178 183 176 184 190 182 184 197 178 183 192 186 188 184 176 174 190 186 183 198 188 187 182 176 183 187 178 184 188 166 191 180 181 177 167 190 201 183 193 193 185 181 194 183 186 189 191 181 186 192 212 189 177 194 179 182 186 170 179 176 190 185 208 182 194 192 174 203 185 192 173 183 176 184 180 189 190 193 191 184 176 177 171 186 175 193 173 187 184 185 188 185 187 169 179 173 199 193 183 188 190 189 183 181 175 170 183 177 179 183 189 186 180 186 184 180 185 182 179 181 181 177 168 198 191 177 194 185 184 185 188 178 170 182 176 194 181 177 190 184 172 175 186 200 170 172]
Requests/sec:  4829.497493489584 KB
Transfer/sec:  12385.526969401042 KB

2023-12-03 06:37:17.937089993 +0800 CST m=+40193.215025368
Running 1m0s myx-test @ https://192.168.12.127:6443/apis/apps/v1/namespaces/myx-test/replicasets
300 connections
Requests/bytes (per Connection):  [1237424 1162133 1183637 1151346 1119132 1194389 1000757 1129857 1280497 1194459 990002 1237483 1108301 1129894 1108292 1259025 1183681 1140654 1151381 1345065 1162143 1097588 1119054 1183698 1312811 1183698 1172894 1291246 1108372 1108351 1162179 1097567 1129883 1194459 1226742 1215950 1076052 1172938 1108324 1140580 1140654 1162177 1237461 1043728 1140615 1151415 1172858 1194459 1183691 1108371 1119133 1248195 1162176 1259024 1312802 1119118 1140575 1140657 1076036 1183698 1043806 1097613 1248263 1086852 1129857 1183668 1065328 1108299 1205220 1237497 1194420 1129888 1119135 1183619 1129838 1194459 1172938 1151415 1248264 1215981 1054488 1119108 1108372 1215963 1129875 1194459 1076065 1183698 1054527 1076034 1151415 1215981 1129839 1162176 1065328 1226742 1205220 1172884 1215922 1129867 1108366 1097613 1237502 1205220 1205151 1076089 1108314 1151416 1097611 1108293 1237503 1172858 1215970 1280528 1108324 1119054 1011482 1043806 1183698 1129864 1183671 1097613 1065274 1097591 1140641 1033046 1065328 1183698 1076089 1269785 1194459 1140655 1054497 1054504 1151349 1151342 1269785 1194404 1119133 1043783 1108356 1205141 1129871 1140628 1065256 1215932 1205220 1345092 1205199 1183698 1172937 1162176 1129893 1119069 1205194 1129894 1140589 1151375 1129866 1226683 1043757 1086793 1151416 1119054 1172862 1000765 1194382 1022210 1162097 1076091 1140638 968479 1054567 1140649 1151360 1215981 1108359 1033047 1151399 1151356 1086801 1302068 1086849 1097611 1172858 1140616 1183698 1162176 1172858 1248192 1119132 1086846 1119132 1097543 1151388 1248211 1076089 1215913 1140631 1076089 1108348 1151353 1032980 1108371 1215980 1215970 1151415 1054512 1151340 1183695 1119132 1140654 1183698 1172922 1086810 1162143 1108372 1162177 979211 1097611 1151408 1151342 1162177 1151350 1205220 1097611 1162171 1205219 1301989 1269778 1183698 1065274 1065330 1183691 1183699 989923 1022267 1129814 1323531 1183658 1312811 1151395 1226742 1076080 1076089 1097611 1022286 1302068 1248220 1162166 1172858 1183651 1097568 1312776 1162147 1183655 1237495 1258987 1280546 1076086 1119135 1043807 1129894 1119130 1258995 1054567 990002 1151367 1086797 1162177 1097611 1226673 1237498 1097611 1054567 1140621 1065328 1226719 1119133 1237467 1119053 1172925 1194392 1183698 1086844 1151416 1248184 1259024 1215981 1140655 1129815 1054531 1108346 1151357 1172868 1076089 1269786 1065249 1065265 1033031]
Response/bytes (per Connection):  [1936049 1818233 1851887 1801371 1750932 1868714 1565732 1767732 2003422 1868784 1548902 1936108 1734026 1767769 1734017 1969800 1851931 1784604 1801406 2104440 1818243 1717238 1750854 1851948 2053961 1851948 1835069 2020246 1734097 1734076 1818279 1717217 1767758 1868784 1919292 1902425 1683552 1835113 1734049 1784530 1784604 1818277 1936086 1633003 1784565 1801440 1835033 1868784 1851941 1734096 1750933 1952895 1818276 1969799 2053952 1750918 1784525 1784607 1683536 1851948 1633081 1717263 1952963 1700427 1767732 1851918 1666753 1734024 1885620 1936122 1868745 1767763 1750935 1851869 1767713 1868784 1835113 1801440 1952964 1902456 1649838 1750908 1734097 1902438 1767750 1868784 1683565 1851948 1649877 1683534 1801440 1902456 1767714 1818276 1666753 1919292 1885620 1835059 1902397 1767742 1734091 1717263 1936127 1885620 1885551 1683589 1734039 1801441 1717261 1734018 1936128 1835033 1902445 2003453 1734049 1750854 1582532 1633081 1851948 1767739 1851921 1717263 1666699 1717241 1784591 1616246 1666753 1851948 1683589 1986635 1868784 1784605 1649847 1649854 1801374 1801367 1986635 1868729 1750933 1633058 1734081 1885541 1767746 1784578 1666681 1902407 1885620 2104467 1885599 1851948 1835112 1818276 1767768 1750869 1885594 1767769 1784539 1801400 1767741 1919233 1633032 1700368 1801441 1750854 1835037 1565740 1868707 1599335 1818197 1683591 1784588 1515229 1649917 1784599 1801385 1902456 1734084 1616247 1801424 1801381 1700376 2037143 1700424 1717261 1835033 1784566 1851948 1818276 1835033 1952892 1750932 1700421 1750932 1717193 1801413 1952911 1683589 1902388 1784581 1683589 1734073 1801378 1616180 1734096 1902455 1902445 1801440 1649862 1801365 1851945 1750932 1784604 1851948 1835097 1700385 1818243 1734097 1818277 1532036 1717261 1801433 1801367 1818277 1801375 1885620 1717261 1818271 1885619 2037064 1986628 1851948 1666699 1666755 1851941 1851949 1548823 1599392 1767689 2070756 1851908 2053961 1801420 1919292 1683580 1683589 1717261 1599411 2037143 1952920 1818266 1835033 1851901 1717218 2053926 1818247 1851905 1936120 1969762 2003471 1683586 1750935 1633082 1767769 1750930 1969770 1649917 1548902 1801392 1700372 1818277 1717261 1919223 1936123 1717261 1649917 1784571 1666753 1919269 1750933 1936092 1750853 1835100 1868717 1851948 1700419 1801441 1952884 1969799 1902456 1784605 1767690 1649881 1734071 1801382 1835043 1683589 1986636 1666674 1666690 1616231]
Requests Number (per Connection):  [115 108 110 107 104 111 93 105 119 111 92 115 103 105 103 117 110 106 107 125 108 102 104 110 122 110 109 120 103 103 108 102 105 111 114 113 100 109 103 106 106 108 115 97 106 107 109 111 110 103 104 116 108 117 122 104 106 106 100 110 97 102 116 101 105 110 99 103 112 115 111 105 104 110 105 111 109 107 116 113 98 104 103 113 105 111 100 110 98 100 107 113 105 108 99 114 112 109 113 105 103 102 115 112 112 100 103 107 102 103 115 109 113 119 103 104 94 97 110 105 110 102 99 102 106 96 99 110 100 118 111 106 98 98 107 107 118 111 104 97 103 112 105 106 99 113 112 125 112 110 109 108 105 104 112 105 106 107 105 114 97 101 107 104 109 93 111 95 108 100 106 90 98 106 107 113 103 96 107 107 101 121 101 102 109 106 110 108 109 116 104 101 104 102 107 116 100 113 106 100 103 107 96 103 113 113 107 98 107 110 104 106 110 109 101 108 103 108 91 102 107 107 108 107 112 102 108 112 121 118 110 99 99 110 110 92 95 105 123 110 122 107 114 100 100 102 95 121 116 108 109 110 102 122 108 110 115 117 119 100 104 97 105 104 117 98 92 107 101 108 102 114 115 102 98 106 99 114 104 115 104 109 111 110 101 107 116 117 113 106 105 98 103 107 109 100 118 99 99 96]
Requests/sec:  5612.388248697916 KB
Transfer/sec:  14393.288460286458 KB

