2023-12-02 20:31:39.074985104 +0800 CST m=+3854.352920480
Running 1m0s myx-test @ https://192.168.12.127:6443/api/v1/namespaces/myx-test/resourcequotas
3 connections
Requests/bytes (per Connection):  [35639221 34197340 35897483]
Response/bytes (per Connection):  [51897829 49798142 52273907]
Requests Number (per Connection):  [3312 3178 3336]
Requests/sec:  1720.9317057291667 KB
Transfer/sec:  4226.95185546875 KB

2023-12-02 20:33:19.484591426 +0800 CST m=+3954.762526802
Running 1m0s myx-test @ https://192.168.12.127:6443/api/v1/namespaces/myx-test/resourcequotas
6 connections
Requests/bytes (per Connection):  [25793237 26837043 26105301 26901558 25890079 25868561]
Response/bytes (per Connection):  [37560110 39080089 38014535 39174058 37701133 37669797]
Requests Number (per Connection):  [2397 2494 2426 2500 2406 2404]
Requests/sec:  2561.7802571614584 KB
Transfer/sec:  6292.244482421875 KB

2023-12-02 20:34:59.975423153 +0800 CST m=+4055.253358528
Running 1m0s myx-test @ https://192.168.12.127:6443/api/v1/namespaces/myx-test/resourcequotas
9 connections
Requests/bytes (per Connection):  [19552075 19573597 20283817 19659683 20746493 20563551 20380663 20638856 20423707]
Response/bytes (per Connection):  [28471728 28503068 29537282 28628426 30211045 29944650 29678309 30054318 29740989]
Requests Number (per Connection):  [1817 1819 1885 1827 1928 1911 1894 1918 1898]
Requests/sec:  2959.349641927083 KB
Transfer/sec:  7268.754182942708 KB

2023-12-02 20:36:40.45559363 +0800 CST m=+4155.733529012
Running 1m0s myx-test @ https://192.168.12.127:6443/api/v1/namespaces/myx-test/resourcequotas
15 connections
Requests/bytes (per Connection):  [13343181 13041879 13160238 13816658 12998847 13622954 13450806 13515363 13084934 13504610 13709067 13160260 13622980 13622980 13364719]
Response/bytes (per Connection):  [19430341 18991587 19163945 20119814 18928919 19837748 19587056 19681067 19054278 19665405 19963133 19163967 19837774 19837774 19461697]
Requests Number (per Connection):  [1240 1212 1223 1284 1208 1266 1250 1256 1216 1255 1274 1223 1266 1266 1242]
Requests/sec:  3271.8013671875 KB
Transfer/sec:  8036.197607421875 KB

2023-12-02 20:38:20.898781849 +0800 CST m=+4256.176717227
Running 1m0s myx-test @ https://192.168.12.127:6443/api/v1/namespaces/myx-test/resourcequotas
30 connections
Requests/bytes (per Connection):  [7543187 7532471 7553943 7500170 7295731 7467898 7575455 7467836 7424791 7575466 7596987 7607795 7510917 7704644 7553991 7683121 7564692 7779942 7478597 7424861 7349522 7553973 7457142 7726165 7467887 7381780 7500164 7532470 7209604 7553928]
Response/bytes (per Connection):  [10984396 10968771 11000061 10921743 10624033 10874744 11031391 10874682 10812001 11031402 11062741 11078458 10937399 11219488 11000109 11188147 11015719 11329149 10890352 10812071 10702369 11000091 10859079 11250827 10874733 10749354 10921737 10968770 10498634 11000046]
Requests Number (per Connection):  [701 700 702 697 678 694 704 694 690 704 706 707 698 716 702 714 703 723 695 690 683 702 693 718 694 686 697 700 670 702]
Requests/sec:  3671.47021484375 KB
Transfer/sec:  9017.865022786458 KB

2023-12-02 20:40:01.361211159 +0800 CST m=+4356.639146536
Running 1m0s myx-test @ https://192.168.12.127:6443/api/v1/namespaces/myx-test/resourcequotas
60 connections
Requests/bytes (per Connection):  [4153627 4250449 4261191 4110584 4089054 4046018 4088988 3863084 4078223 4185873 4142835 4121335 4196663 4164387 4089063 4261191 4067530 4142868 4056773 4142854 4099822 4121343 4271998 3992202 4153626 4196643 4239666 4088997 4250417 4175148 4218193 4013737 4207393 4153618 4218163 4099824 4078254 4013736 4013697 4013682 4196659 4196635 4067541 4035257 4132084 4089061 4099763 4401111 4153554 4099824 4196609 4067493 4153628 4239676 4358029 4164346 4185850 4196610 4078300 4121295]
Response/bytes (per Connection):  [6048501 6189504 6205155 5985822 5954474 5891802 5954408 5625415 5938734 6095474 6032800 6001482 6111173 6064170 5954483 6205155 5923132 6032833 5907466 6032819 5970151 6001490 6220871 5813441 6048500 6111153 6173812 5954417 6189472 6079840 6142521 5844794 6126812 6048492 6142491 5970153 5938765 5844793 5844754 5844739 6111169 6111145 5923143 5876132 6017140 5954481 5970092 6408892 6048428 5970153 6111119 5923095 6048502 6173822 6346174 6064129 6095451 6111120 5938811 6001442]
Requests Number (per Connection):  [386 395 396 382 380 376 380 359 379 389 385 383 390 387 380 396 378 385 377 385 381 383 397 371 386 390 394 380 395 388 392 373 391 386 392 381 379 373 373 373 390 390 378 375 384 380 381 409 386 381 390 378 386 394 405 387 389 390 379 383]
Requests/sec:  4042.416569010417 KB
Transfer/sec:  9928.984000651042 KB

2023-12-02 20:41:41.834000887 +0800 CST m=+4457.111936264
Running 1m0s myx-test @ https://192.168.12.127:6443/api/v1/namespaces/myx-test/resourcequotas
90 connections
Requests/bytes (per Connection):  [3066776 3023733 3023733 3120581 3109820 3109820 3152871 3077537 3012972 3045255 2991450 3034512 2754710 3131342 3056024 3056015 3066792 3012971 2948432 3034512 2991450 3012972 3077537 3120590 3023732 3088300 3271234 2959192 3109832 2991450 2926898 3206670 3077537 3131342 3056023 3099071 3066791 2830037 2905363 2959167 3088299 3131342 2969928 2948407 3034511 2916123 2959185 3131351 3077537 3195907 3034493 2926884 2980689 3012972 3185147 2969928 3099071 3045255 3056031 3174386 3023752 3012988 2980689 3099059 2969948 2991472 3120581 3099060 3012992 3142103 3131341 3045255 3174385 3056015 3056015 3034495 3163625 2926885 3185146 3012972 3109820 2991450 3056015 3045255 3228190 3109820 2830037 3152864 2894604 3099059]
Response/bytes (per Connection):  [4465841 4403162 4403162 4544191 4528521 4528521 4591208 4481511 4387492 4434502 4356152 4418850 4011414 4559861 4450180 4450171 4465857 4387491 4293498 4418850 4356152 4387492 4481511 4544200 4403161 4497183 4763570 4309167 4528533 4356152 4262146 4669552 4481511 4559861 4450179 4512863 4465856 4121104 4230793 4309142 4497182 4559861 4324812 4293473 4418849 4246462 4309160 4559870 4481511 4653880 4418831 4262132 4340482 4387492 4638211 4324812 4512863 4434502 4450187 4622541 4403181 4387508 4340482 4512851 4324832 4356174 4544191 4512852 4387512 4575531 4559860 4434502 4622540 4450171 4450171 4418833 4606871 4262133 4638210 4387492 4528521 4356152 4450171 4434502 4700890 4528521 4121104 4591201 4215125 4512851]
Requests Number (per Connection):  [285 281 281 290 289 289 293 286 280 283 278 282 256 291 284 284 285 280 274 282 278 280 286 290 281 287 304 275 289 278 272 298 286 291 284 288 285 263 270 275 287 291 276 274 282 271 275 291 286 297 282 272 277 280 296 276 288 283 284 295 281 280 277 288 276 278 290 288 280 292 291 283 295 284 284 282 294 272 296 280 289 278 284 283 300 289 263 293 269 288]
Requests/sec:  4466.6078125 KB
Transfer/sec:  10970.882080078125 KB

2023-12-02 20:43:22.398591512 +0800 CST m=+4557.676526920
Running 1m0s myx-test @ https://192.168.12.127:6443/api/v1/namespaces/myx-test/resourcequotas
150 connections
Requests/bytes (per Connection):  [2055253 1947643 2023015 1969215 2012261 2119835 1883104 2076820 2044545 2076818 1861626 1936935 2173664 1904600 1958482 1936883 2012248 2195185 1947654 1990687 2055293 2055261 2001476 1883078 2066055 2055269 2012245 2044526 1990748 2087535 1926201 1850795 1958484 1850795 2001448 1818592 2044513 1990743 2098325 2012288 1926165 2066014 1893899 2033780 2066035 2076775 2119887 1958405 1893839 2001462 2044510 1926201 2023030 1947659 1969242 1926164 1904644 1936883 1893852 2012209 1947672 2001455 2044492 2055332 2055311 1958462 2023023 1958483 2033742 2022970 1926122 2001448 1936951 1947643 2109105 2162862 1786245 2012209 1947659 1947644 1990688 1958444 1915361 1947685 2022986 1904628 1872372 2055296 1893843 2023049 1947644 1936939 2044492 2076813 2152134 1980006 1872320 1947643 1980006 2066013 2109085 1980006 2012288 2066092 1969168 1915374 1883137 2055278 2033810 2076793 2044492 1990688 1958430 1990725 2087588 1893880 1936882 1990688 2055310 1969172 1990687 1969182 1947644 1926122 1990758 2012209 1883078 1893898 2023049 1893839 1969165 2066093 2055253 1990767 1979974 1893918 1904665 2033810 2130579 2076775 2087595 2055253 2119864 1936897 1947644 2066077 2022970 2130596 2162881 1947671]
Response/bytes (per Connection):  [2992872 2836172 2945907 2867562 2930244 3086908 2742179 3024257 2977255 3024255 2710883 2820555 3165282 2773493 2851920 2820503 2930231 3196621 2836183 2898852 2992912 2992880 2914550 2742153 3008583 2992888 2930228 2977236 2898913 3039881 2804912 2695143 2851922 2695143 2914522 2648213 2977223 2898908 3055580 2930271 2804876 3008542 2757883 2961581 3008563 3024212 3086960 2851843 2757823 2914536 2977220 2804912 2945922 2836188 2867589 2804875 2773537 2820503 2757836 2930192 2836201 2914529 2977202 2992951 2992930 2851900 2945915 2851921 2961543 2945862 2804833 2914522 2820571 2836172 3071269 3149571 2601139 2930192 2836188 2836173 2898853 2851882 2789163 2836214 2945878 2773521 2726538 2992915 2757827 2945941 2836173 2820559 2977202 3024250 3133934 2883262 2726486 2836172 2883262 3008541 3071249 2883262 2930271 3008620 2867515 2789176 2742212 2992897 2961611 3024230 2977202 2898853 2851868 2898890 3039934 2757864 2820502 2898853 2992929 2867519 2898852 2867529 2836173 2804833 2898923 2930192 2742153 2757882 2945941 2757823 2867512 3008621 2992872 2898932 2883230 2757902 2773558 2961611 3102561 3024212 3039941 2992872 3086937 2820517 2836173 3008605 2945862 3102578 3149590 2836200]
Requests Number (per Connection):  [191 181 188 183 187 197 175 193 190 193 173 180 202 177 182 180 187 204 181 185 191 191 186 175 192 191 187 190 185 194 179 172 182 172 186 169 190 185 195 187 179 192 176 189 192 193 197 182 176 186 190 179 188 181 183 179 177 180 176 187 181 186 190 191 191 182 188 182 189 188 179 186 180 181 196 201 166 187 181 181 185 182 178 181 188 177 174 191 176 188 181 180 190 193 200 184 174 181 184 192 196 184 187 192 183 178 175 191 189 193 190 185 182 185 194 176 180 185 191 183 185 183 181 179 185 187 175 176 188 176 183 192 191 185 184 176 177 189 198 193 194 191 197 180 181 192 188 198 201 181]
Requests/sec:  4868.909326171875 KB
Transfer/sec:  11959.013313802083 KB

2023-12-02 20:45:03.024497084 +0800 CST m=+4658.302432491
Running 1m0s myx-test @ https://192.168.12.127:6443/api/v1/namespaces/myx-test/resourcequotas
300 connections
Requests/bytes (per Connection):  [1162121 1312750 1205220 1162144 1226742 1108355 1086850 1226663 1129893 1183698 1076041 1151364 1280532 1312750 1162176 1108365 1151415 1129830 1097595 1097558 1151416 1205141 1129893 1108319 1194426 1119129 1151416 1215902 990004 1076028 1205217 1043809 1140630 1151388 1172915 1140586 1032966 1162176 1237486 1215912 1237453 1097604 1205220 1097610 1129815 1151398 1226742 1054488 1151416 1129874 1215981 1172937 1205141 1129893 1140655 1226728 1119072 1108305 1108292 1129895 1065328 1129863 1183619 1119133 1151415 1183625 1086779 1086850 1205208 1097549 1194446 1172923 1226740 1162176 1215947 1248263 1000738 1194459 1151415 1097554 1194459 1076077 1205151 1162104 1215981 1129893 1108362 1269729 1237447 1054569 1205219 1194389 1129814 1065312 1194459 1022287 1194380 1237502 1183671 1000765 1194445 1226733 1183697 1162113 1065281 1043806 1108334 1086837 1269774 1151336 1097611 1237502 1162102 1205219 1151336 1205220 1151407 1022256 1226663 1172930 1108347 1215914 1162159 1183682 1172940 1172938 1086850 1076089 1183629 1097610 1194404 1215981 1183698 1291256 1129834 1129844 1226742 1205169 1345108 1172931 1183669 1119055 1226741 1119091 1140642 1258953 1162175 1097583 1086851 1172937 1280544 1280546 1151415 1237503 1172937 1258997 1291307 1194445 1205206 1151375 1183698 1086850 1172875 1108318 1129814 1065330 1215981 1226742 1194459 1119133 1119095 1054507 1172904 1194459 1183619 1151391 1280546 1162149 990002 1108357 1054509 1151415 1065328 1119077 1140582 1097611 1291259 1140630 1162116 1140654 1183644 1065273 1205220 1140654 1054563 1194443 1194430 1108322 1097611 1054567 1140657 1086850 1183698 1237457 1258986 1140655 1258998 1183634 1237480 1237429 1162168 1226663 1194407 1205141 1140602 1183669 1237483 1194389 1076015 1237503 1194395 1022282 1269716 1097579 1097613 1183688 1172858 1022269 1054514 1194459 1183693 1065286 1248264 1065267 1280523 1162171 1248264 1205220 1237502 1151415 1140585 1086771 1119132 1194459 1151415 1086786 1151416 1108324 1269727 1183698 1280468 1302043 1065328 1151415 1129893 1119058 1183691 1183698 1248220 1022287 1076091 1172885 1183650 1097544 1172938 1065249 1172937 1334298 1172937 1183698 1108372 1108328 1183698 1108367 1108371 1183661 1151347 1108372 1215981 1129894 1076061 1258946 1043745 1065300 1097611 1172937 1194429 1205220 1011453 1205214 1129894 1140582 1129894 1033040 1183679 1237424 1162176 1215976 1140620 1194436]
Response/bytes (per Connection):  [1692293 1911648 1755028 1692316 1786368 1613982 1582659 1786289 1645338 1723688 1566941 1676627 1864703 1911648 1692348 1613992 1676678 1645275 1598313 1598276 1676679 1754949 1645338 1613946 1739325 1629665 1676679 1770619 1441632 1566928 1755025 1519982 1660984 1676651 1707996 1660940 1504230 1692348 1802021 1770629 1801988 1598322 1755028 1598328 1645260 1676661 1786368 1535570 1676679 1645319 1770698 1708018 1754949 1645338 1661009 1786354 1629608 1613932 1613919 1645340 1551319 1645308 1723609 1629669 1676678 1723615 1582588 1582659 1755016 1598267 1739345 1708004 1786366 1692348 1770664 1817707 1457275 1739358 1676678 1598272 1739358 1566977 1754959 1692276 1770698 1645338 1613989 1848991 1801982 1535651 1755027 1739288 1645259 1551303 1739358 1488642 1739279 1802037 1723661 1457302 1739344 1786359 1723687 1692285 1551272 1519979 1613961 1582646 1849036 1676599 1598329 1802037 1692274 1755027 1676599 1755028 1676670 1488611 1786289 1708011 1613974 1770631 1692331 1723672 1708021 1708019 1582659 1566989 1723619 1598328 1739303 1770698 1723688 1880336 1645279 1645289 1786368 1754977 1958733 1708012 1723659 1629591 1786367 1629627 1660996 1833306 1692347 1598301 1582660 1708018 1864715 1864717 1676678 1802038 1708018 1833350 1880387 1739344 1755014 1676638 1723688 1582659 1707956 1613945 1645259 1551321 1770698 1786368 1739358 1629669 1629631 1535589 1707985 1739358 1723609 1676654 1864717 1692321 1441630 1613984 1535591 1676678 1551319 1629613 1660936 1598329 1880339 1660984 1692288 1661008 1723634 1551264 1755028 1661008 1535645 1739342 1739329 1613949 1598329 1535649 1661011 1582659 1723688 1801992 1833339 1661009 1833351 1723624 1802015 1801964 1692340 1786289 1739306 1754949 1660956 1723659 1802018 1739288 1566915 1802038 1739294 1488637 1848978 1598297 1598331 1723678 1707939 1488624 1535596 1739358 1723683 1551277 1817708 1551258 1864694 1692343 1817708 1755028 1802037 1676678 1660939 1582580 1629668 1739358 1676678 1582595 1676679 1613951 1848989 1723688 1864639 1896032 1551319 1676678 1645338 1629594 1723681 1723688 1817664 1488642 1566991 1707966 1723640 1598262 1708019 1551240 1708018 1943014 1708018 1723688 1613999 1613955 1723688 1613994 1613998 1723651 1676610 1613999 1770698 1645339 1566961 1833299 1519918 1551291 1598329 1708018 1739328 1755028 1472899 1755022 1645339 1660936 1645339 1504304 1723669 1801959 1692348 1770693 1660974 1739335]
Requests Number (per Connection):  [108 122 112 108 114 103 101 114 105 110 100 107 119 122 108 103 107 105 102 102 107 112 105 103 111 104 107 113 92 100 112 97 106 107 109 106 96 108 115 113 115 102 112 102 105 107 114 98 107 105 113 109 112 105 106 114 104 103 103 105 99 105 110 104 107 110 101 101 112 102 111 109 114 108 113 116 93 111 107 102 111 100 112 108 113 105 103 118 115 98 112 111 105 99 111 95 111 115 110 93 111 114 110 108 99 97 103 101 118 107 102 115 108 112 107 112 107 95 114 109 103 113 108 110 109 109 101 100 110 102 111 113 110 120 105 105 114 112 125 109 110 104 114 104 106 117 108 102 101 109 119 119 107 115 109 117 120 111 112 107 110 101 109 103 105 99 113 114 111 104 104 98 109 111 110 107 119 108 92 103 98 107 99 104 106 102 120 106 108 106 110 99 112 106 98 111 111 103 102 98 106 101 110 115 117 106 117 110 115 115 108 114 111 112 106 110 115 111 100 115 111 95 118 102 102 110 109 95 98 111 110 99 116 99 119 108 116 112 115 107 106 101 104 111 107 101 107 103 118 110 119 121 99 107 105 104 110 110 116 95 100 109 110 102 109 99 109 124 109 110 103 103 110 103 103 110 107 103 113 105 100 117 97 99 102 109 111 112 94 112 105 106 105 96 110 115 108 113 106 111]
Requests/sec:  5655.294710286458 KB
Transfer/sec:  13890.530989583332 KB

