2023-12-02 21:56:02.68432844 +0800 CST m=+8917.962263816
Running 1m0s myx-test @ https://192.168.12.127:6443/api/v1/namespaces/myx-test/secrets
3 connections
Requests/bytes (per Connection):  [32798687 36119422 33894843]
Response/bytes (per Connection):  [47991543 52850480 49595455]
Requests Number (per Connection):  [3052 3361 3154]
Requests/sec:  1673.387890625 KB
Transfer/sec:  4121.91455078125 KB

2023-12-02 21:57:43.12857223 +0800 CST m=+9018.406507613
Running 1m0s myx-test @ https://192.168.12.127:6443/api/v1/namespaces/myx-test/secrets
6 connections
Requests/bytes (per Connection):  [24867685 25953124 25265358 24770966 26135798 25018143]
Response/bytes (per Connection):  [36386777 37974994 36968636 36245256 38242294 36606927]
Requests Number (per Connection):  [2314 2415 2351 2305 2432 2328]
Requests/sec:  2474.13857421875 KB
Transfer/sec:  6094.33525390625 KB

2023-12-02 21:59:23.560010968 +0800 CST m=+9118.837946354
Running 1m0s myx-test @ https://192.168.12.127:6443/api/v1/namespaces/myx-test/secrets
9 connections
Requests/bytes (per Connection):  [19720047 20289622 19655600 20687301 20289587 20611995 20622817 20676548 19365434]
Response/bytes (per Connection):  [28854677 29688086 28760362 30269951 29688051 30159799 30175599 30254220 28335790]
Requests Number (per Connection):  [1835 1888 1829 1925 1888 1918 1919 1924 1802]
Requests/sec:  2960.9204264322916 KB
Transfer/sec:  7293.383561197917 KB

2023-12-02 22:01:04.004116852 +0800 CST m=+9219.282052253
Running 1m0s myx-test @ https://192.168.12.127:6443/api/v1/namespaces/myx-test/secrets
15 connections
Requests/bytes (per Connection):  [13207590 12981935 13110898 13379542 12681022 12691771 13014176 12670275 12809993 13175354 13336584 12895960 13132392 13110898 13067894]
Response/bytes (per Connection):  [19325552 18995359 19184058 19577152 18555062 18570789 19042534 18539337 18743769 19278382 19514282 18869560 19215508 19184058 19121142]
Requests Number (per Connection):  [1229 1208 1220 1245 1180 1181 1211 1179 1192 1226 1241 1200 1222 1220 1216]
Requests/sec:  3178.162174479167 KB
Transfer/sec:  7828.496549479167 KB

2023-12-02 22:02:44.464396667 +0800 CST m=+9319.742332043
Running 1m0s myx-test @ https://192.168.12.127:6443/api/v1/namespaces/myx-test/secrets
30 connections
Requests/bytes (per Connection):  [7157211 7189515 7307731 7329224 7039005 7393703 7189464 7329155 7243252 7329225 7135718 7275425 7168023 7350662 7361408 7221757 7243207 7049805 7253998 7200261 7114288 7361429 7275438 7318478 7307674 7296968 7307699 7296986 7425940 7210945]
Response/bytes (per Connection):  [10472559 10519797 10692771 10724220 10299595 10818567 10519746 10724151 10598424 10724221 10441110 10645531 10488349 10755614 10771338 10566973 10598379 10315373 10614148 10535521 10409724 10771359 10645544 10708496 10692714 10677030 10692739 10677048 10865738 10551183]
Requests Number (per Connection):  [666 669 680 682 655 688 669 682 674 682 664 677 667 684 685 672 674 656 675 670 662 685 677 681 680 679 680 679 691 671]
Requests/sec:  3543.02724609375 KB
Transfer/sec:  8727.2388671875 KB

2023-12-02 22:04:25.002945248 +0800 CST m=+9420.280880645
Running 1m0s myx-test @ https://192.168.12.127:6443/api/v1/namespaces/myx-test/secrets
60 connections
Requests/bytes (per Connection):  [3858058 3804288 3987021 3965503 3922539 3965514 3858010 3900992 3825792 3653865 3997765 3815070 3954780 3890299 3976218 3847272 3965519 4040753 3761285 3965527 3911792 3954778 3836533 4030006 3879551 3890252 3933284 3804323 3976274 3922529 4019248 3922539 3750539 3944012 3997767 3944033 4040755 3954716 4008473 3965499 3836507 3922476 3782830 3847293 4115981 3922537 3793576 3976271 4137458 3879500 3815070 3911729 4094490 3815061 3879549 3997762 3965525 3900982 3987000 3933286]
Response/bytes (per Connection):  [5645160 5566500 5833859 5802385 5739509 5802396 5645112 5708006 5597960 5346385 5849581 5582260 5786684 5692335 5818078 5629396 5802401 5912481 5503585 5802409 5723784 5786682 5613679 5896756 5676609 5692288 5755232 5566535 5818134 5739499 5881020 5739509 5487861 5770938 5849583 5770959 5912483 5786620 5865267 5802381 5613653 5739446 5535086 5629417 6022555 5739507 5550810 5818131 6053988 5676558 5582260 5723721 5991108 5582251 5676607 5849578 5802407 5707996 5833838 5755234]
Requests Number (per Connection):  [359 354 371 369 365 369 359 363 356 340 372 355 368 362 370 358 369 376 350 369 364 368 357 375 361 362 366 354 370 365 374 365 349 367 372 367 376 368 373 369 357 365 352 358 383 365 353 370 385 361 355 364 381 355 361 372 369 363 371 366]
Requests/sec:  3827.4390625 KB
Transfer/sec:  9427.8044921875 KB

2023-12-02 22:06:05.493945521 +0800 CST m=+9520.771880896
Running 1m0s myx-test @ https://192.168.12.127:6443/api/v1/namespaces/myx-test/secrets
90 connections
Requests/bytes (per Connection):  [3009051 2923076 3073536 3019798 2998304 2923077 2998305 3062787 3073533 2912354 2976833 2966064 2901583 2987558 3052055 2966064 2815645 2890835 2966064 3062801 3095027 2869375 3019799 2901588 2955318 2804899 2847849 2966064 2890867 2998305 2880094 3041311 3062786 3041292 3009052 2987580 2847878 2976812 3041303 2955333 2901612 2955317 2944570 3030564 2815607 2912329 2944570 3084280 2976811 2944596 2901583 2912337 2794154 3062786 3073533 2955317 2912343 3009057 2923098 3030546 3009052 2890835 2998326 2987558 3009052 2987558 3019799 3041293 2976815 2987558 2923076 3052040 2912330 2955324 2933823 2847848 2880089 2869342 2880121 2944571 2837104 2966064 2869342 3009052 2912330 2955343 2976811 2944570 3095039 2740379]
Response/bytes (per Connection):  [4402891 4277092 4497244 4418616 4387166 4277093 4387167 4481517 4497241 4261392 4355739 4339992 4245643 4371442 4465807 4339992 4119881 4229917 4339992 4481531 4528691 4198501 4418617 4245648 4324268 4104157 4167019 4339992 4229949 4387167 4214198 4450085 4481516 4450066 4402892 4371464 4167048 4355718 4450077 4324283 4245672 4324267 4308542 4434360 4119843 4261367 4308542 4512966 4355717 4308568 4245643 4261375 4088434 4481516 4497241 4324267 4261381 4402897 4277114 4434342 4402892 4229917 4387188 4371442 4402892 4371442 4418617 4450067 4355721 4371442 4277092 4465792 4261368 4324274 4292817 4167018 4214193 4198468 4214225 4308543 4151296 4339992 4198468 4402892 4261368 4324293 4355717 4308542 4528703 4009769]
Requests Number (per Connection):  [280 272 286 281 279 272 279 285 286 271 277 276 270 278 284 276 262 269 276 285 288 267 281 270 275 261 265 276 269 279 268 283 285 283 280 278 265 277 283 275 270 275 274 282 262 271 274 287 277 274 270 271 260 285 286 275 271 280 272 282 280 269 279 278 280 278 281 283 277 278 272 284 271 275 273 265 268 267 268 274 264 276 267 280 271 275 277 274 288 255]
Requests/sec:  4333.810367838541 KB
Transfer/sec:  10675.106184895832 KB

2023-12-02 22:07:46.292946588 +0800 CST m=+9621.570881961
Running 1m0s myx-test @ https://192.168.12.127:6443/api/v1/namespaces/myx-test/secrets
150 connections
Requests/bytes (per Connection):  [1902201 2031085 1923650 2009592 1923657 1955884 2160046 2020363 1837681 1934363 2063392 1912869 1945119 2063356 1880628 1955881 1859134 2009591 1783919 1934442 1794713 1912914 2020400 2074122 2009656 1826964 1912886 1783985 2149356 2020388 1869882 1955859 2020338 1966604 2052595 1977350 2063326 1955856 2052579 1912939 2041831 1998844 2041867 1988105 2009625 2041868 1848448 1955904 1934367 2031123 1966665 1988097 1945113 2020417 1955918 2009592 1966603 1880628 1923662 2009670 2160048 1880691 2009591 1945110 2041872 1998906 1945175 1902198 2095643 1977351 2009591 1998844 2031085 2020338 2063326 1998921 1988102 1902122 1945128 1891375 2095567 1902122 2041889 1934388 1859144 1869882 1955936 1912948 2127811 2138557 2138617 1945109 1826964 1988097 1945146 1902201 2095605 2074152 2041884 1977429 1945146 1998845 1966603 2041852 1945110 2127836 2095614 2031164 1923674 1923616 1891376 2074152 1966659 2031085 1880628 2020338 2041866 1826960 2127808 2041911 1912913 2160048 1869954 1945110 1923616 1923695 2074145 2020338 1923616 1923616 2041832 2063394 1837665 1923616 2020338 1902186 1966604 2084884 1859134 2020367 1891376 1923616 1837698 1998914 1966660 1880629 2106313 1988147 2063405 2041865]
Response/bytes (per Connection):  [2783307 2971927 2814712 2940478 2814719 2861880 3160624 2956227 2688919 2830403 3019168 2798953 2846137 3019132 2751778 2861877 2720328 2940477 2610267 2830482 2626039 2798998 2956264 3034876 2940542 2673224 2798970 2610333 3144956 2956252 2736054 2861855 2956202 2877578 3003393 2893302 3019102 2861852 3003377 2799023 2987651 2924752 2987687 2909035 2940511 2987688 2704664 2861900 2830407 2971965 2877639 2909027 2846131 2956281 2861914 2940478 2877577 2751778 2814724 2940556 3160626 2751841 2940477 2846128 2987692 2924814 2846193 2783304 3066353 2893303 2940477 2924752 2971927 2956202 3019102 2924829 2909032 2783228 2846146 2767503 3066277 2783228 2987709 2830428 2720338 2736054 2861932 2799032 3113455 3129179 3129239 2846127 2673224 2909027 2846164 2783307 3066315 3034906 2987704 2893381 2846164 2924753 2877577 2987672 2846128 3113480 3066324 2972006 2814736 2814678 2767504 3034906 2877633 2971927 2751778 2956202 2987686 2673220 3113452 2987731 2798997 3160626 2736126 2846128 2814678 2814757 3034899 2956202 2814678 2814678 2987652 3019170 2688903 2814678 2956202 2783292 2877578 3050616 2720328 2956231 2767504 2814678 2688936 2924822 2877634 2751779 3082001 2909077 3019181 2987685]
Requests Number (per Connection):  [177 189 179 187 179 182 201 188 171 180 192 178 181 192 175 182 173 187 166 180 167 178 188 193 187 170 178 166 200 188 174 182 188 183 191 184 192 182 191 178 190 186 190 185 187 190 172 182 180 189 183 185 181 188 182 187 183 175 179 187 201 175 187 181 190 186 181 177 195 184 187 186 189 188 192 186 185 177 181 176 195 177 190 180 173 174 182 178 198 199 199 181 170 185 181 177 195 193 190 184 181 186 183 190 181 198 195 189 179 179 176 193 183 189 175 188 190 170 198 190 178 201 174 181 179 179 193 188 179 179 190 192 171 179 188 177 183 194 173 188 176 179 171 186 183 175 196 185 192 190]
Requests/sec:  4827.06240234375 KB
Transfer/sec:  11890.09267578125 KB

2023-12-02 22:09:27.027346846 +0800 CST m=+9722.305282222
Running 1m0s myx-test @ https://192.168.12.127:6443/api/v1/namespaces/myx-test/secrets
300 connections
Requests/bytes (per Connection):  [1160664 1257386 1192896 1268133 1268070 1149861 1257386 1214336 1171411 1214320 1171411 1257386 1214378 1149897 1182158 1192905 1160654 1246640 1268133 1225146 1225107 1171392 1225139 1117628 1106853 1149917 1171411 1010210 1203651 1106889 1225066 1225146 1139171 1268133 1278880 1160646 1192826 1278801 1149918 1214374 1160664 1010207 1149898 1246640 1096139 1235869 1246634 1085406 1149843 1246640 1203573 1171371 1171378 1106930 1182158 1171363 1128423 1300374 1160641 977968 1203651 1268112 1139115 1225146 1246633 1225146 1203652 1149890 1010133 1160646 1214334 1235893 1149839 1268133 1278880 1106856 1235813 1246591 1278803 1192905 1192903 1096140 1139170 1182158 1246640 1139143 1343362 1085408 1171411 1139141 1117677 1031629 1225124 1160585 1149896 1203639 1343291 1300345 1235874 1085438 1278801 1182157 1149838 1192891 1128424 1117679 1289627 1149918 1128359 1278818 1268100 1203652 1192841 1278804 1139130 1139112 1063942 1246639 1128372 1149899 1257314 1300374 1278838 1289627 1085395 1117660 1128393 1192895 1225146 1182159 1214371 1160613 1074689 1214399 1225105 1182158 1139171 1203618 1192826 1182090 1063870 1343283 1192874 1096104 1321850 1203573 1182109 1139143 1149917 1139116 1139171 1289548 1160613 1225089 1182158 1225077 1117618 1246639 1053195 1246640 1117598 1225108 1160664 1117676 1117677 1235874 1117643 1203620 1268133 1160594 1085436 1203592 1020876 1160607 1192826 977966 1321850 1225134 1321862 1128387 1171411 1311081 1182110 1139091 1203652 1214399 1139092 1139171 1278821 1182104 1149900 1268055 1278873 1235893 1235893 1235835 1117672 1332535 1160664 1289627 1289627 1171335 1225098 1149918 1235854 1203652 1074689 1332615 1268134 1139153 1214393 1117602 1139156 1192871 1225067 1203652 1257307 1171336 1149867 1053122 1289627 1192905 1192905 1289562 1246623 1160665 1149912 1171332 1321798 1096183 1171387 1063931 1096114 1106851 1171347 1128382 1096103 1149918 1203651 1235871 1214399 1268054 1268134 1149917 1128363 1149917 1278881 1182147 1278881 1160614 1074667 1278881 1203652 1074648 1149845 1096145 1203652 1246614 1257387 1031669 1203652 1192905 1182090 1149838 1214398 1225067 1053197 1214332 1235893 1278869 1225146 1214320 1117610 1149917 1117598 1117673 1149838 1214337 1192854 1278881 1182158 1160612 1225067 1278880 1214399 1149914 1225128 1171412 1085438 1117668 1246561 1214398 1192841 1311119 1096169 1192905 1225067 1160665 1117598 1268133]
Response/bytes (per Connection):  [1698288 1839812 1745454 1855537 1855474 1682507 1839812 1776850 1714013 1776834 1714013 1839812 1776892 1682543 1729738 1745463 1698278 1824088 1855537 1792638 1792599 1713994 1792631 1635340 1619587 1682563 1714013 1478142 1761187 1619623 1792558 1792638 1666839 1855537 1871262 1698270 1745384 1871183 1682564 1776888 1698288 1478139 1682544 1824088 1603895 1808339 1824082 1588184 1682489 1824088 1761109 1713973 1713980 1619664 1729738 1713965 1651113 1902712 1698265 1430966 1761187 1855516 1666783 1792638 1824081 1792638 1761188 1682536 1478065 1698270 1776848 1808363 1682485 1855537 1871262 1619590 1808283 1824039 1871185 1745463 1745461 1603896 1666838 1729738 1824088 1666811 1965612 1588186 1714013 1666809 1635389 1509517 1792616 1698209 1682542 1761175 1965541 1902683 1808344 1588216 1871183 1729737 1682484 1745449 1651114 1635391 1886987 1682564 1651049 1871200 1855504 1761188 1745399 1871186 1666798 1666780 1556764 1824087 1651062 1682545 1839740 1902712 1871220 1886987 1588173 1635372 1651083 1745453 1792638 1729739 1776885 1698237 1572489 1776913 1792597 1729738 1666839 1761154 1745384 1729670 1556692 1965533 1745432 1603860 1934144 1761109 1729689 1666811 1682563 1666784 1666839 1886908 1698237 1792581 1729738 1792569 1635330 1824087 1541039 1824088 1635310 1792600 1698288 1635388 1635389 1808344 1635355 1761156 1855537 1698218 1588214 1761128 1493786 1698231 1745384 1430964 1934144 1792626 1934156 1651077 1714013 1918397 1729690 1666759 1761188 1776913 1666760 1666839 1871203 1729684 1682546 1855459 1871255 1808363 1808363 1808305 1635384 1949807 1698288 1886987 1886987 1713937 1792590 1682564 1808324 1761188 1572489 1949887 1855538 1666821 1776907 1635314 1666824 1745429 1792559 1761188 1839733 1713938 1682513 1540966 1886987 1745463 1745463 1886922 1824071 1698289 1682558 1713934 1934092 1603939 1713989 1556753 1603870 1619585 1713949 1651072 1603859 1682564 1761187 1808341 1776913 1855458 1855538 1682563 1651053 1682563 1871263 1729727 1871263 1698238 1572467 1871263 1761188 1572448 1682491 1603901 1761188 1824062 1839813 1509557 1761188 1745463 1729670 1682484 1776912 1792559 1541041 1776846 1808363 1871251 1792638 1776834 1635322 1682563 1635310 1635385 1682484 1776851 1745412 1871263 1729738 1698236 1792559 1871262 1776913 1682560 1792620 1714014 1588216 1635380 1824009 1776912 1745399 1918435 1603925 1745463 1792559 1698289 1635310 1855537]
Requests Number (per Connection):  [108 117 111 118 118 107 117 113 109 113 109 117 113 107 110 111 108 116 118 114 114 109 114 104 103 107 109 94 112 103 114 114 106 118 119 108 111 119 107 113 108 94 107 116 102 115 116 101 107 116 112 109 109 103 110 109 105 121 108 91 112 118 106 114 116 114 112 107 94 108 113 115 107 118 119 103 115 116 119 111 111 102 106 110 116 106 125 101 109 106 104 96 114 108 107 112 125 121 115 101 119 110 107 111 105 104 120 107 105 119 118 112 111 119 106 106 99 116 105 107 117 121 119 120 101 104 105 111 114 110 113 108 100 113 114 110 106 112 111 110 99 125 111 102 123 112 110 106 107 106 106 120 108 114 110 114 104 116 98 116 104 114 108 104 104 115 104 112 118 108 101 112 95 108 111 91 123 114 123 105 109 122 110 106 112 113 106 106 119 110 107 118 119 115 115 115 104 124 108 120 120 109 114 107 115 112 100 124 118 106 113 104 106 111 114 112 117 109 107 98 120 111 111 120 116 108 107 109 123 102 109 99 102 103 109 105 102 107 112 115 113 118 118 107 105 107 119 110 119 108 100 119 112 100 107 102 112 116 117 96 112 111 110 107 113 114 98 113 115 119 114 113 104 107 104 104 107 113 111 119 110 108 114 119 113 107 114 109 101 104 116 113 111 122 102 111 114 108 104 118]
Requests/sec:  5797.307210286458 KB
Transfer/sec:  14280.012076822917 KB

