2023-12-02 23:20:30.015347018 +0800 CST m=+13985.293282392
Running 1m0s myx-test @ https://192.168.12.127:6443/api/v1/namespaces/myx-test/serviceaccounts
3 connections
Requests/bytes (per Connection):  [36076361 33568636 31965013]
Response/bytes (per Connection):  [52457585 48811189 46479403]
Requests Number (per Connection):  [3352 3119 2970]
Requests/sec:  1653.8087565104167 KB
Transfer/sec:  4058.564241536458 KB

2023-12-02 23:22:10.495798842 +0800 CST m=+14085.773734218
Running 1m0s myx-test @ https://192.168.12.127:6443/api/v1/namespaces/myx-test/serviceaccounts
6 connections
Requests/bytes (per Connection):  [26034815 27337047 26077865 26067104 26174712 27498569]
Response/bytes (per Connection):  [37856468 39750027 37919066 37903418 38059896 39984854]
Requests Number (per Connection):  [2419 2540 2423 2422 2432 2555]
Requests/sec:  2590.984895833333 KB
Transfer/sec:  6358.460953776042 KB

2023-12-02 23:23:50.947246371 +0800 CST m=+14186.225181770
Running 1m0s myx-test @ https://192.168.12.127:6443/api/v1/namespaces/myx-test/serviceaccounts
9 connections
Requests/bytes (per Connection):  [18920698 19695598 18963752 19620285 19555700 19727883 19028347 19674074 19953937]
Response/bytes (per Connection):  [27512044 28638808 27574646 28529286 28435379 28685754 27668563 28607510 29014435]
Requests Number (per Connection):  [1758 1830 1762 1823 1817 1833 1768 1828 1854]
Requests/sec:  2850.590397135417 KB
Transfer/sec:  6995.551741536458 KB

2023-12-02 23:25:31.386336943 +0800 CST m=+14286.664272319
Running 1m0s myx-test @ https://192.168.12.127:6443/api/v1/namespaces/myx-test/serviceaccounts
15 connections
Requests/bytes (per Connection):  [12861351 12839819 12667613 13151922 13087367 12635324 13076604 12796768 13162707 13162684 13162707 13130398 12872108 13281098 13238027]
Response/bytes (per Connection):  [18701316 18670010 18419612 19123836 19029959 18372662 19014309 18607411 19139508 19139485 19139508 19092538 18716960 19311656 19249037]
Requests Number (per Connection):  [1195 1193 1177 1222 1216 1174 1215 1189 1223 1223 1223 1220 1196 1234 1230]
Requests/sec:  3175.886995442708 KB
Transfer/sec:  7793.852604166666 KB

2023-12-02 23:27:11.91218843 +0800 CST m=+14387.190123814
Running 1m0s myx-test @ https://192.168.12.127:6443/api/v1/namespaces/myx-test/serviceaccounts
30 connections
Requests/bytes (per Connection):  [7049505 7049486 7006488 6920385 6866533 7092584 7167901 6888097 6758942 6866570 6737416 7017249 6608260 6888097 6640549 6726630 6845045 6866570 6909622 7038777 7028013 6995724 7081816 7200218 6952665 7157104 6963437 7038777 6995695 6726653]
Response/bytes (per Connection):  [10250490 10250471 10187925 10062726 9984439 10313117 10422643 10015777 9827978 9984476 9796678 10203573 9608878 10015777 9655828 9781005 9953177 9984476 10047076 10234875 10219224 10172274 10297462 10469621 10109667 10406959 10125326 10234875 10172245 9781028]
Requests Number (per Connection):  [655 655 651 643 638 659 666 640 628 638 626 652 614 640 617 625 636 638 642 654 653 650 658 669 646 665 647 654 650 625]
Requests/sec:  3386.7970052083333 KB
Transfer/sec:  8311.440006510416 KB

2023-12-02 23:28:52.461329541 +0800 CST m=+14487.739264935
Running 1m0s myx-test @ https://192.168.12.127:6443/api/v1/namespaces/myx-test/serviceaccounts
60 connections
Requests/bytes (per Connection):  [3766936 3573201 3723884 3659267 3799224 3853016 3659306 3756172 3734627 3680830 3670054 3680832 3799193 3863802 3788420 3648543 3745386 3766913 3702319 3831465 3680790 3648506 3853038 3680832 3734647 3809987 3799181 3670049 3713121 3680800 3766935 3702314 3917615 3702358 3745409 3863760 3637764 3809938 3756154 3594729 3702314 3702358 3777698 3766935 3670069 3637778 3637780 3960655 3863742 3540897 3896091 3680830 3691593 3627018 3766935 3777699 3777649 3734646 3648544 3756171]
Response/bytes (per Connection):  [5477386 5195685 5414786 5320847 5524335 5602562 5320886 5461735 5430416 5352184 5336521 5352186 5524304 5618235 5508644 5305236 5446062 5477363 5383447 5571237 5352144 5305199 5602584 5352186 5430436 5539985 5524292 5336516 5399136 5352154 5477385 5383442 5696483 5383486 5446085 5618193 5289570 5539936 5461717 5226987 5383442 5383486 5493035 5477385 5336536 5289584 5289586 5759071 5618175 5148720 5665185 5352184 5367834 5273937 5477385 5493036 5492986 5430435 5305237 5461734]
Requests Number (per Connection):  [350 332 346 340 353 358 340 349 347 342 341 342 353 359 352 339 348 350 344 356 342 339 358 342 347 354 353 341 345 342 350 344 364 344 348 359 338 354 349 334 344 344 351 350 341 338 338 368 359 329 362 342 343 337 350 351 351 347 339 349]
Requests/sec:  3647.2773274739584 KB
Transfer/sec:  8950.678141276041 KB

2023-12-02 23:30:32.934526069 +0800 CST m=+14588.212461443
Running 1m0s myx-test @ https://192.168.12.127:6443/api/v1/namespaces/myx-test/serviceaccounts
90 connections
Requests/bytes (per Connection):  [2905902 2755222 2755234 2895140 2927428 2809037 2679933 2809036 2905933 2787511 2787511 2722933 2787526 2927430 2809056 2809037 2776790 2776790 2873614 2927452 2776747 2862852 2658356 2862851 2862851 2755243 2809036 2690675 2798274 2862871 3035058 2809036 2722933 2733743 2809036 2884409 2938201 2916665 2862852 2722935 2852110 2905908 2873625 2766028 2712170 2948981 2809037 2809073 2852123 2992023 2873614 2916674 2809036 2830581 2636832 3002769 2927458 2744459 2798274 2798303 2819814 2722980 2970482 2927429 2873616 2722934 2862851 2852090 2841325 2830563 2809036 2830578 2744461 2830562 2938219 2765985 2862879 2733698 2755234 2841328 2895171 2798274 2733696 2744459 2905903 2776750 2819817 2841327 2809036 2701456]
Response/bytes (per Connection):  [4225392 4006294 4006306 4209743 4256692 4084544 3896796 4084543 4225423 4053244 4053244 3959344 4053259 4256694 4084563 4084544 4037636 4037636 4178443 4256716 4037593 4162794 3865445 4162793 4162793 4006315 4084543 3912425 4068894 4162813 4413192 4084543 3959344 3975041 4084543 4194125 4272352 4241042 4162794 3959346 4147165 4225398 4178454 4021987 3943694 4288019 4084544 4084580 4147178 4350609 4178443 4241051 4084543 4115862 3834147 4366242 4256722 3990644 4068894 4068923 4100208 3959391 4319294 4256693 4178445 3959345 4162793 4147145 4131493 4115844 4084543 4115859 3990646 4115843 4272370 4021944 4162821 3974996 4006306 4131496 4209774 4068894 3974994 3990644 4225393 4037596 4100211 4131495 4084543 3928093]
Requests Number (per Connection):  [270 256 256 269 272 261 249 261 270 259 259 253 259 272 261 261 258 258 267 272 258 266 247 266 266 256 261 250 260 266 282 261 253 254 261 268 273 271 266 253 265 270 267 257 252 274 261 261 265 278 267 271 261 263 245 279 272 255 260 260 262 253 276 272 267 253 266 265 264 263 261 263 255 263 273 257 266 254 256 264 269 260 254 255 270 258 262 264 261 251]
Requests/sec:  4137.76318359375 KB
Transfer/sec:  10154.364697265624 KB

2023-12-02 23:32:13.513923672 +0800 CST m=+14688.791859048
Running 1m0s myx-test @ https://192.168.12.127:6443/api/v1/namespaces/myx-test/serviceaccounts
150 connections
Requests/bytes (per Connection):  [1700500 1808104 1754320 1915717 1818897 1635960 1840455 1851145 1894262 1722064 1894194 1840415 1872666 1754293 1754314 1797356 1754345 1679012 1829693 1786562 1765115 1797325 1722041 1926480 1786562 1775878 1775813 1775809 1635960 1829664 1829613 1808134 1808120 1926504 1765112 1905016 1926480 1797344 1786572 1732747 1818850 1818906 1872744 1840430 1679012 1711268 1808167 1840424 1732764 1657442 1775857 1775855 1711301 1926497 1808098 1786641 1689714 1818920 1732747 1851177 1592839 1926480 1657407 1765036 1829665 1915717 1775799 1657486 1883428 1872739 1894270 1765115 1808148 1818893 1765036 1646723 1872665 1786622 1883432 1732778 1980294 1754273 1657407 2001820 1818916 1818850 1711257 1754273 1678952 1894252 1775867 1808088 1894192 1851154 1786562 1840455 1851218 1851146 1775799 1743590 1883440 1818930 1775799 1732827 1732810 1732750 1894259 1851219 1818912 1765114 1786581 1797347 1775867 1754337 1915796 1883429 1894221 1851139 1786586 1786562 1775800 1765036 1937243 1904954 1872665 1657471 2012648 1797325 1861914 1829614 1818850 1582097 1851140 1797330 1678948 1808167 1689774 1840377 1861981 1700538 1872666 1797325 1829614 1861981 1818914 1818851 1711301 1829649 1808088 1894270]
Response/bytes (per Connection):  [2472646 2629120 2550901 2785603 2644800 2378784 2676132 2691709 2754374 2503984 2754306 2676092 2723004 2550874 2550895 2613485 2550926 2441384 2660483 2597804 2566583 2613454 2503961 2801253 2597804 2582233 2582168 2582164 2378784 2660454 2660403 2629150 2629136 2801277 2566580 2770015 2801253 2613473 2597814 2519554 2644753 2644809 2723082 2676107 2441384 2488301 2629183 2676101 2519571 2410040 2582212 2582210 2488334 2801270 2629114 2597883 2456973 2644823 2519554 2691741 2316115 2801253 2410005 2566504 2660455 2785603 2582154 2410084 2738653 2723077 2754382 2566583 2629164 2644796 2566504 2394434 2723003 2597864 2738657 2519585 2879502 2550854 2410005 2910802 2644819 2644753 2488290 2550854 2441324 2754364 2582222 2629104 2754304 2691718 2597804 2676132 2691782 2691710 2582154 2535284 2738665 2644833 2582154 2519634 2519617 2519557 2754371 2691783 2644815 2566582 2597823 2613476 2582222 2550918 2785682 2738654 2754333 2691703 2597828 2597804 2582155 2566504 2816903 2769953 2723003 2410069 2926517 2613454 2707365 2660404 2644753 2300486 2691704 2613459 2441320 2629183 2457033 2676054 2707432 2472684 2723004 2613454 2660404 2707432 2644817 2644754 2488334 2660439 2629104 2754382]
Requests Number (per Connection):  [158 168 163 178 169 152 171 172 176 160 176 171 174 163 163 167 163 156 170 166 164 167 160 179 166 165 165 165 152 170 170 168 168 179 164 177 179 167 166 161 169 169 174 171 156 159 168 171 161 154 165 165 159 179 168 166 157 169 161 172 148 179 154 164 170 178 165 154 175 174 176 164 168 169 164 153 174 166 175 161 184 163 154 186 169 169 159 163 156 176 165 168 176 172 166 171 172 172 165 162 175 169 165 161 161 161 176 172 169 164 166 167 165 163 178 175 176 172 166 166 165 164 180 177 174 154 187 167 173 170 169 147 172 167 156 168 157 171 173 158 174 167 170 173 169 169 159 170 168 176]
Requests/sec:  4398.770768229167 KB
Transfer/sec:  10794.895979817707 KB

2023-12-02 23:33:54.180074564 +0800 CST m=+14789.458009955
Running 1m0s myx-test @ https://192.168.12.127:6443/api/v1/namespaces/myx-test/serviceaccounts
300 connections
Requests/bytes (per Connection):  [1033206 1130103 1140795 1065506 1054763 1108577 1162392 1130104 1269978 1022407 1011657 925592 1044000 1011706 1108524 1097814 1173155 1194626 1108578 1065447 1140795 1044000 1151583 957899 1065526 1065526 1033239 1248495 1065472 1119318 1087010 1033237 1280706 1087013 1119340 1097750 1054694 1097815 1108504 1205444 1151615 1151582 1065526 1076232 1087034 1130104 1183839 1076234 1130103 1151580 1151629 957899 1054763 1097764 1108524 1076275 1108511 1270009 1011688 1022474 1087052 1119341 1173126 1130041 1097763 1205383 1119341 1151613 1119341 1130034 1216177 1130103 1173155 1173112 1033172 1065528 1044002 1151629 1087033 1108519 1205444 1183919 1065447 1119270 1119341 1108575 1130059 1097815 1022474 1216169 990188 1086983 1087052 1162324 1011651 1162384 1130085 1097817 1076231 1087020 1194604 1076240 1151593 1248425 1033237 1173136 1205375 1270022 1194670 1119343 990186 1043976 1087036 1291519 1087039 1130042 1043923 1140866 1065527 1044000 1226956 1205444 1151630 1065516 1291468 1183918 1011657 1140866 1173155 1033237 1119340 1054719 1076289 1130088 1151560 1291548 1183839 1194640 1130085 1054745 1162350 1130096 1087052 1130103 990161 1108578 1044000 1183912 1130104 1140867 1226952 1183839 1162385 1087051 1065478 1140849 1151550 1119340 1205365 1033237 1183905 1097815 1140866 1140867 1194681 1140867 1097817 1076289 1097771 1119341 1205377 1151568 1130103 1119334 1226953 1162392 1130038 1130087 1151584 1162326 1076289 990133 1130067 1119341 1140866 1151630 1022433 1151564 1097815 1087014 1054763 1216207 1194648 1011661 1076289 1140839 1162392 1108546 1183864 1162387 1183841 1151630 1108499 1205441 1108578 1097817 1140788 1033220 1000951 1097807 1044001 1194681 979349 1119340 1162392 1087052 1162392 1130103 1011712 1119306 1237733 1130051 1033185 1076288 1022452 1054733 1076227 1044000 990124 1054727 1108577 1119266 1108578 1140868 947059 1076210 1173077 947135 1119341 1108558 990186 1140855 1130061 1087045 1022395 1162392 1097786 1130104 957899 1205444 1130045 1108551 1140856 1065452 1173155 1022472 1194657 1065506 1087043 1065527 1043942 1033237 1044000 936373 1119340 1140793 1205444 1097810 1108531 1108577 1000895 1140787 1162392 1087052 1119341 1140866 1097739 1054705 1140828 1162314 1173097 1108532 1183918 1108570 1151630 1022474 1065487 1216143 1097815 1097794 1076211 1097767 1140866 990116 1108578 1033185 1194681 1173155 1151627 990186]
Response/bytes (per Connection):  [1502358 1643238 1658817 1549319 1533689 1611938 1690188 1643239 1846644 1486672 1471035 1345874 1518039 1471084 1611885 1596288 1705838 1737083 1611939 1549260 1658817 1518039 1674492 1392842 1549339 1549339 1502391 1815387 1549285 1627566 1580597 1502389 1862259 1580600 1627588 1596224 1533620 1596289 1611865 1752788 1674524 1674491 1549339 1564932 1580621 1643239 1721409 1564934 1643238 1674489 1674538 1392842 1533689 1596238 1611885 1564975 1611872 1846675 1471066 1486739 1580639 1627589 1705809 1643176 1596237 1752727 1627589 1674522 1627589 1643169 1768408 1643238 1705838 1705795 1502324 1549341 1518041 1674538 1580620 1611880 1752788 1721489 1549260 1627518 1627589 1611936 1643194 1596289 1486739 1768400 1439792 1580570 1580639 1690120 1471029 1690180 1643220 1596291 1564931 1580607 1737061 1564940 1674502 1815317 1502389 1705819 1752719 1846688 1737127 1627591 1439790 1518015 1580623 1877959 1580626 1643177 1517962 1658888 1549340 1518039 1784074 1752788 1674539 1549329 1877908 1721488 1471035 1658888 1705838 1502389 1627588 1533645 1564989 1643223 1674469 1877988 1721409 1737097 1643220 1533671 1690146 1643231 1580639 1643238 1439765 1611939 1518039 1721482 1643239 1658889 1784070 1721409 1690181 1580638 1549291 1658871 1674459 1627588 1752709 1502389 1721475 1596289 1658888 1658889 1737138 1658889 1596291 1564989 1596245 1627589 1752721 1674477 1643238 1627582 1784071 1690188 1643173 1643222 1674493 1690122 1564989 1439737 1643202 1627589 1658888 1674539 1486698 1674473 1596289 1580601 1533689 1768438 1737105 1471039 1564989 1658861 1690188 1611907 1721434 1690183 1721411 1674539 1611860 1752785 1611939 1596291 1658810 1502372 1455442 1596281 1518040 1737138 1424066 1627588 1690188 1580639 1690188 1643238 1471090 1627554 1799738 1643186 1502337 1564988 1486717 1533659 1564927 1518039 1439728 1533653 1611938 1627514 1611939 1658890 1377115 1564910 1705760 1377191 1627589 1611919 1439790 1658877 1643196 1580632 1486660 1690188 1596260 1643239 1392842 1752788 1643180 1611912 1658878 1549265 1705838 1486737 1737114 1549319 1580630 1549340 1517981 1502389 1518039 1361542 1627588 1658815 1752788 1596284 1611892 1611938 1455386 1658809 1690188 1580639 1627589 1658888 1596213 1533631 1658850 1690110 1705780 1611893 1721488 1611931 1674539 1486739 1549300 1768374 1596289 1596268 1564911 1596241 1658888 1439720 1611939 1502337 1737138 1705838 1674536 1439790]
Requests Number (per Connection):  [96 105 106 99 98 103 108 105 118 95 94 86 97 94 103 102 109 111 103 99 106 97 107 89 99 99 96 116 99 104 101 96 119 101 104 102 98 102 103 112 107 107 99 100 101 105 110 100 105 107 107 89 98 102 103 100 103 118 94 95 101 104 109 105 102 112 104 107 104 105 113 105 109 109 96 99 97 107 101 103 112 110 99 104 104 103 105 102 95 113 92 101 101 108 94 108 105 102 100 101 111 100 107 116 96 109 112 118 111 104 92 97 101 120 101 105 97 106 99 97 114 112 107 99 120 110 94 106 109 96 104 98 100 105 107 120 110 111 105 98 108 105 101 105 92 103 97 110 105 106 114 110 108 101 99 106 107 104 112 96 110 102 106 106 111 106 102 100 102 104 112 107 105 104 114 108 105 105 107 108 100 92 105 104 106 107 95 107 102 101 98 113 111 94 100 106 108 103 110 108 110 107 103 112 103 102 106 96 93 102 97 111 91 104 108 101 108 105 94 104 115 105 96 100 95 98 100 97 92 98 103 104 103 106 88 100 109 88 104 103 92 106 105 101 95 108 102 105 89 112 105 103 106 99 109 95 111 99 101 99 97 96 97 87 104 106 112 102 103 103 93 106 108 101 104 106 102 98 106 108 109 103 110 103 107 95 99 113 102 102 100 102 106 92 103 96 111 109 107 92]
Requests/sec:  5428.974104817708 KB
Transfer/sec:  13323.083365885417 KB

