2023-12-03 00:45:12.844929496 +0800 CST m=+19068.122864871
Running 1m0s myx-test @ https://192.168.12.127:6443/api/v1/namespaces/myx-test/services
3 connections
Requests/bytes (per Connection):  [32084681 34986790 32579114]
Response/bytes (per Connection):  [48077743 52426452 48818630]
Requests Number (per Connection):  [2985 3255 3031]
Requests/sec:  1621.9170735677083 KB
Transfer/sec:  4052.3015950520835 KB

2023-12-03 00:46:53.356341516 +0800 CST m=+19168.634276904
Running 1m0s myx-test @ https://192.168.12.127:6443/api/v1/namespaces/myx-test/services
6 connections
Requests/bytes (per Connection):  [24926089 25485031 24646589 24850816 24721869 25495750]
Response/bytes (per Connection):  [37350869 38188375 36932043 37238062 37044853 38204470]
Requests Number (per Connection):  [2319 2371 2293 2312 2300 2372]
Requests/sec:  2443.459375 KB
Transfer/sec:  6104.89609375 KB

2023-12-03 00:48:33.79378668 +0800 CST m=+19269.071722057
Running 1m0s myx-test @ https://192.168.12.127:6443/api/v1/namespaces/myx-test/services
9 connections
Requests/bytes (per Connection):  [20261116 20207453 20228949 20379408 20046192 19250809 19519523 20056931 19358288]
Response/bytes (per Connection):  [30360576 30280123 30312351 30537834 30038522 28846637 29249301 30054631 29007698]
Requests Number (per Connection):  [1885 1880 1882 1896 1865 1791 1816 1866 1801]
Requests/sec:  2918.435367838542 KB
Transfer/sec:  7291.60712890625 KB

2023-12-03 00:50:14.213436767 +0800 CST m=+19369.491372142
Running 1m0s myx-test @ https://192.168.12.127:6443/api/v1/namespaces/myx-test/services
15 connections
Requests/bytes (per Connection):  [12565158 12586643 12801620 12930607 12790881 12393205 12479153 12403910 12930602 12866113 12930604 12898360 12962854 12866114 12823125]
Response/bytes (per Connection):  [18828434 18860625 19182772 19376047 19166673 18570777 18699575 18586818 19376038 19279411 19376050 19327728 19424372 19279410 19214991]
Requests Number (per Connection):  [1169 1171 1191 1203 1190 1153 1161 1154 1203 1197 1203 1200 1206 1197 1193]
Requests/sec:  3112.450341796875 KB
Transfer/sec:  7776.345540364583 KB

2023-12-03 00:51:54.658731867 +0800 CST m=+19469.936667235
Running 1m0s myx-test @ https://192.168.12.127:6443/api/v1/namespaces/myx-test/services
30 connections
Requests/bytes (per Connection):  [6965128 7201603 6771648 7018825 7126359 6911340 6621160 6578167 7051117 6965080 6965098 6782396 7147817 7029593 7018871 6642661 6782366 6814643 6954377 7018871 7147805 6868387 6879137 6997375 6836140 7061868 6922132 6943627 6814626 7094075]
Response/bytes (per Connection):  [10436976 10791325 10147074 10517483 10678591 10356424 9921568 9857147 10565841 10436924 10436936 10163176 10710779 10533625 10517523 9953779 10163164 10211503 10420871 10517509 10710749 10292031 10308129 10485323 10243702 10581950 10372556 10404777 10211480 10630201]
Requests Number (per Connection):  [648 670 630 653 663 643 616 612 656 648 648 631 665 654 653 618 631 634 647 653 665 639 640 651 636 657 644 646 634 660]
Requests/sec:  3384.3146484375 KB
Transfer/sec:  8455.589322916667 KB

2023-12-03 00:53:35.133614377 +0800 CST m=+19570.411549764
Running 1m0s myx-test @ https://192.168.12.127:6443/api/v1/namespaces/myx-test/services
60 connections
Requests/bytes (per Connection):  [3783534 3858717 4062930 4009211 3934018 3891005 3998510 3804977 4009258 3955516 3987722 3794282 3794282 3977014 3934016 3858774 3880273 3880213 3987762 3977014 3815751 3869525 4009259 3837221 3901771 4030758 3966238 3869525 3826473 3837257 3891023 3880249 3869525 3891023 3858775 3826529 3955491 3708273 3719040 3944767 4063005 3977012 3998494 3815780 3901758 3826527 3880273 3955515 3729789 3826529 4052256 3901769 4073753 3966263 3805031 3891020 3966230 3934016 4009241 4073721]
Response/bytes (per Connection):  [5669468 5782169 6088182 6007643 5894982 5830527 5991626 5701641 6007724 5927180 5975440 5685598 5685582 5959416 5894980 5782230 5814447 5814391 5975506 5959408 5717799 5798325 6007733 5749953 5846653 6039940 5943284 5798333 5733861 5749975 5830551 5814399 5798329 5830557 5782229 5733921 5927175 5556735 5572840 5911075 6088259 5959404 5991600 5717790 5846634 5733899 5814439 5927183 5588947 5733907 6072142 5846661 6104369 5943301 5701705 5830552 5943286 5894976 6007677 6104341]
Requests Number (per Connection):  [352 359 378 373 366 362 372 354 373 368 371 353 353 370 366 359 361 361 371 370 355 360 373 357 363 375 369 360 356 357 362 361 360 362 359 356 368 345 346 367 378 370 372 355 363 356 361 368 347 356 377 363 379 369 354 362 369 366 373 379]
Requests/sec:  3817.309293619792 KB
Transfer/sec:  9537.408235677083 KB

2023-12-03 00:55:15.65680524 +0800 CST m=+19670.934740614
Running 1m0s myx-test @ https://192.168.12.127:6443/api/v1/namespaces/myx-test/services
90 connections
Requests/bytes (per Connection):  [2912872 2805421 2773157 2676397 2955874 2902123 2869909 2977367 2912874 2912890 2859140 2945144 2891374 2880625 2859129 2880625 2880657 2869876 3041859 2773136 2751638 3020361 2912871 2859127 3020379 2880625 2859141 2719393 2794639 2869903 2869876 3052607 2773177 2880657 2783885 2805399 2805382 2805421 2902122 2902139 2869876 2902123 2762386 2740890 2773136 2869878 2955867 2869878 2805385 2955888 2783920 2891374 2805382 2912900 2880625 2869909 3084867 2644164 2826885 2880625 2794633 2934369 2966641 2912890 2891374 2923620 2891373 2891405 2923621 2848378 2902123 2934370 2891405 2891405 3009612 2966616 2923621 2826880 2826881 2880640 2730140 2955892 2902123 2654898 2880625 2848378 2934383 3041858 2859127 2912871]
Response/bytes (per Connection):  [4364844 4203825 4155455 4010503 4429268 4348729 4300451 4461479 4364838 4364868 4284334 4413190 4332634 4316519 4284305 4316533 4316553 4300420 4558121 4155442 4123230 4525895 4364847 4284309 4525903 4316525 4284313 4074909 4187659 4300425 4300406 4574227 4155491 4316557 4171565 4203775 4203782 4203827 4348724 4348763 4300410 4348729 4139356 4107130 4155442 4300416 4429253 4300406 4203767 4429298 4171576 4332630 4203760 4364874 4316513 4300457 4622567 3962204 4236001 4316513 4187667 4397053 4445379 4364868 4332618 4380956 4332623 4332667 4380947 4268192 4348739 4397046 4332663 4332639 4509812 4445370 4380951 4235970 4235983 4316552 4091014 4429280 4348747 3978276 4316511 4268198 4397069 4558108 4284301 4364839]
Requests Number (per Connection):  [271 261 258 249 275 270 267 277 271 271 266 274 269 268 266 268 268 267 283 258 256 281 271 266 281 268 266 253 260 267 267 284 258 268 259 261 261 261 270 270 267 270 257 255 258 267 275 267 261 275 259 269 261 271 268 267 287 246 263 268 260 273 276 271 269 272 269 269 272 265 270 273 269 269 280 276 272 263 263 268 254 275 270 247 268 265 273 283 266 271]
Requests/sec:  4210.405289713542 KB
Transfer/sec:  10519.548893229166 KB

2023-12-03 00:56:56.17188593 +0800 CST m=+19771.449821315
Running 1m0s myx-test @ https://192.168.12.127:6443/api/v1/namespaces/myx-test/services
150 connections
Requests/bytes (per Connection):  [1848763 1773545 1880978 1966969 1934723 1988518 1837982 1902545 1923974 1902555 1891806 1816564 1945551 1988467 1977765 1870255 1999231 1827313 1848742 1966970 1827233 1934723 1934723 1816484 1827272 1913304 1784238 1816494 1988515 1773489 2020714 1870238 1837996 1988468 1752055 1956299 1838062 1838055 1902476 1913273 1870238 1924052 1870308 1816547 1999295 1795066 1999216 1859559 2031542 1956248 1956221 1945548 1956293 1967017 1891728 1859480 1924053 1913225 1870254 1999217 1708996 1880978 2149716 1977735 1837983 1773490 1945483 1762757 1913244 1891728 1945472 1913247 1945513 1902476 1902555 1956220 1880994 1816545 1945551 1891806 1913252 1816485 1870246 2031463 1902543 1977788 2074537 2053007 1848756 1859559 1762811 1934802 1913225 1977798 1902501 1934722 1827293 1762741 1902476 1913280 1956221 1902489 1676828 1891727 1902555 1859549 2010044 2063721 1956230 1902514 1848810 2042212 1902476 1784245 1945472 1913225 2009968 1956253 1988538 1891727 1859527 1956246 1880978 1966969 1891727 1913225 1934775 1913231 2096009 2020714 1934723 1999242 1837988 1891806 1999276 1859480 1956220 1859560 1881004 1816511 1784317 1859490 1870259 1859498 1805736 2010044 1805746 1666055 1827233 1848762]
Response/bytes (per Connection):  [2770323 2657605 2818582 2947447 2899117 2979704 2754170 2850877 2883012 2850899 2834794 2722046 2915309 2979655 2963581 2802519 2995789 2738137 2770280 2947448 2738053 2899105 2899123 2721936 2738082 2866988 2673628 2721966 2979735 2657529 3027962 2802494 2754196 2979652 2625385 2931423 2754256 2754245 2850796 2866945 2802504 2883094 2802566 2722029 2995841 2689830 2995762 2786473 3044160 2931350 2931337 2915316 2931417 2947477 2834700 2786376 2883113 2866917 2802520 2995771 2560874 2818584 3221268 2963577 2754167 2657518 2915241 2641453 2866948 2834686 2915218 2866917 2915259 2850800 2850889 2931332 2818596 2721995 2915327 2834784 2866922 2721941 2802490 3044093 2850873 2963628 3108593 3076379 2770310 2786473 2641505 2899220 2866923 2963630 2850841 2899128 2738137 2641425 2850796 2866958 2931325 2850835 2512652 2834701 2850903 2786449 3011952 3092433 2931360 2850872 2770362 3060202 2850810 2673633 2915230 2866913 3011866 2931399 2979730 2834689 2786411 2931350 2818582 2947445 2834699 2866903 2899203 2866925 3140811 3027978 2899117 2995776 2754168 2834796 2995824 2786380 2931340 2786468 2818626 2721959 2673723 2786386 2802497 2786382 2705840 3011964 2705858 2496535 2738059 2770282]
Requests Number (per Connection):  [172 165 175 183 180 185 171 177 179 177 176 169 181 185 184 174 186 170 172 183 170 180 180 169 170 178 166 169 185 165 188 174 171 185 163 182 171 171 177 178 174 179 174 169 186 167 186 173 189 182 182 181 182 183 176 173 179 178 174 186 159 175 200 184 171 165 181 164 178 176 181 178 181 177 177 182 175 169 181 176 178 169 174 189 177 184 193 191 172 173 164 180 178 184 177 180 170 164 177 178 182 177 156 176 177 173 187 192 182 177 172 190 177 166 181 178 187 182 185 176 173 182 175 183 176 178 180 178 195 188 180 186 171 176 186 173 182 173 175 169 166 173 174 173 168 187 168 155 170 172]
Requests/sec:  4644.618538411459 KB
Transfer/sec:  11604.410970052084 KB

2023-12-03 00:58:37.256900994 +0800 CST m=+19872.534836370
Running 1m0s myx-test @ https://192.168.12.127:6443/api/v1/namespaces/myx-test/services
300 connections
Requests/bytes (per Connection):  [988900 1117884 1064140 1160826 1117807 1128611 1053344 1074889 967400 1246800 1171630 1203797 1074810 999640 1203797 1074889 1139338 1074833 1021137 1053391 1074889 1074891 1053391 1139339 1139322 1085567 1236118 1128630 1107135 1085637 1150107 1128633 1053378 1182378 1128610 1021108 1074889 1171630 1053377 1203838 1074845 1139343 1117855 1203864 1182303 1203825 1096387 1085588 1300616 1107136 1117884 1117873 1031836 1074847 1171580 1107061 1182379 1128554 1171630 1193048 1150115 1150076 1171600 1203876 1096379 1042642 1031894 1171581 1053391 1096387 1117885 1160802 1139383 1214625 1053389 1074857 1214624 1042567 1042642 1160880 1171603 1042576 1117885 1139380 1150131 1128633 1289832 1139341 1160880 1053328 1010397 1064075 1160833 1010324 1042642 1182378 902907 1053338 1160880 1128589 1139383 1150132 1182328 1085589 1236104 1042642 1064062 1225374 1150132 1042590 1160880 1053391 1139304 1064142 1031879 1193067 1053391 1182299 988895 988900 1128634 1117825 1096320 1139383 1160880 1150123 1139382 1182378 1064140 1139382 1042642 1064072 1139383 978149 1139383 1128590 1160817 1085638 1171629 1031893 1074814 1107138 1096385 1128616 1096387 1053312 1085629 1096387 1182338 1160880 1042606 1128634 1042634 1139382 1117838 1042642 1117808 1203839 1096387 1107133 1010336 988843 1064140 1139377 988893 1085631 1193113 1096307 1150093 1182373 1193054 1117885 1074836 1139332 1193127 1139383 1150052 1193054 1085637 1031860 999568 1203876 1042642 1074889 1107109 935126 1117856 1010359 1139344 1150115 999647 1139382 967402 1128595 1064112 988898 1203869 1139382 1236072 999638 1171624 1096347 1085623 1021144 1182378 1150132 1107070 1074877 1074856 1085638 1139346 1107081 1171580 1171577 956613 1031876 1193050 1139385 1042643 1128634 1064140 956628 1128633 1128572 1096387 1171629 1085627 1225311 1010353 1117811 1171550 1053312 1021145 1107122 1160851 1128634 1064124 1236065 1160880 999610 1171614 1193066 1139382 1021136 1085638 1085638 1064142 999647 1150053 1225309 1128634 1203875 1257621 1128559 1128563 1074867 1053383 978115 1053391 1214624 1107135 1193127 1128625 1064127 1010395 1010396 1074889 1236122 1085623 1107081 1300602 1031865 1107136 1085638 1203876 1128570 1128555 1053353 1236123 1107066 1031893 1053385 1171557 1096388 1021114 1128555 1150131 1128554 1074889 1085638 1236044 1085559 1139382 1117887 1107084 1182378 1160845 999646 1074822 1107115]
Response/bytes (per Connection):  [1481826 1675110 1594570 1739442 1675011 1691161 1578412 1610663 1449616 1868308 1755628 1803875 1610582 1497904 1803879 1610675 1707278 1610623 1530115 1578459 1610679 1610673 1578463 1707279 1707228 1626721 1852268 1691208 1659005 1626779 1723375 1691197 1578420 1771756 1691198 1530074 1610689 1755644 1578451 1803888 1610591 1707247 1675049 1803946 1771651 1803869 1642901 1626696 1948906 1658996 1675094 1675085 1546166 1610593 1755548 1658905 1771751 1691132 1755634 1787754 1723383 1723364 1755626 1803958 1642865 1562348 1546250 1755551 1578467 1642897 1675095 1739434 1707311 1820055 1578447 1610617 1820062 1562265 1562352 1739532 1755587 1562302 1675111 1707312 1723421 1691205 1932794 1707237 1739526 1578378 1514035 1594489 1739445 1513944 1562356 1771738 1352961 1578374 1739532 1691169 1707325 1723420 1771690 1626733 1852238 1562352 1594476 1836184 1723432 1562268 1739528 1578459 1707230 1594562 1546239 1787787 1578459 1771665 1481803 1481820 1691222 1675047 1642832 1707319 1739532 1723417 1707308 1771744 1594568 1707314 1562364 1594478 1707305 1465705 1707317 1691172 1739441 1626776 1755631 1546245 1610584 1658996 1642889 1691166 1642895 1578376 1626771 1642885 1771670 1739540 1562326 1691204 1562344 1707312 1675018 1562368 1675030 1803935 1642885 1658987 1513988 1481739 1594568 1707313 1481815 1626761 1787839 1642795 1723355 1771739 1787758 1675115 1610616 1707226 1787845 1707329 1723344 1787758 1626781 1546182 1497838 1803956 1562354 1610673 1658985 1401268 1675090 1514005 1707290 1723409 1497923 1707328 1449608 1691141 1594564 1481824 1803947 1707308 1852228 1497898 1755620 1642813 1626767 1530142 1771744 1723422 1658938 1610659 1610612 1626782 1707252 1658913 1755548 1755581 1433429 1546242 1787760 1707311 1562357 1691200 1594562 1433486 1691203 1691126 1642887 1755631 1626769 1836083 1513955 1675005 1755542 1578374 1530143 1658982 1739473 1691206 1594558 1852187 1739526 1497860 1755622 1787762 1707318 1530114 1626778 1626782 1594564 1497931 1723329 1836087 1691216 1803951 1884487 1691145 1691143 1610625 1578451 1465689 1578461 1820060 1658991 1787847 1691185 1594529 1514035 1514026 1610673 1852278 1626743 1658937 1948882 1546195 1658988 1626786 1803950 1691130 1691121 1578389 1852287 1658934 1546245 1578455 1755567 1642886 1530084 1691121 1723433 1691118 1610663 1626782 1852184 1626695 1707316 1675099 1658910 1771746 1739515 1497920 1610618 1658949]
Requests Number (per Connection):  [92 104 99 108 104 105 98 100 90 116 109 112 100 93 112 100 106 100 95 98 100 100 98 106 106 101 115 105 103 101 107 105 98 110 105 95 100 109 98 112 100 106 104 112 110 112 102 101 121 103 104 104 96 100 109 103 110 105 109 111 107 107 109 112 102 97 96 109 98 102 104 108 106 113 98 100 113 97 97 108 109 97 104 106 107 105 120 106 108 98 94 99 108 94 97 110 84 98 108 105 106 107 110 101 115 97 99 114 107 97 108 98 106 99 96 111 98 110 92 92 105 104 102 106 108 107 106 110 99 106 97 99 106 91 106 105 108 101 109 96 100 103 102 105 102 98 101 102 110 108 97 105 97 106 104 97 104 112 102 103 94 92 99 106 92 101 111 102 107 110 111 104 100 106 111 106 107 111 101 96 93 112 97 100 103 87 104 94 106 107 93 106 90 105 99 92 112 106 115 93 109 102 101 95 110 107 103 100 100 101 106 103 109 109 89 96 111 106 97 105 99 89 105 105 102 109 101 114 94 104 109 98 95 103 108 105 99 115 108 93 109 111 106 95 101 101 99 93 107 114 105 112 117 105 105 100 98 91 98 113 103 111 105 99 94 94 100 115 101 103 121 96 103 101 112 105 105 98 115 103 96 98 109 102 95 105 107 105 100 101 115 101 106 104 103 110 108 93 100 103]
Requests/sec:  5421.388981119791 KB
Transfer/sec:  13545.134244791667 KB

