2023-12-03 07:48:26.761580557 +0800 CST m=+44462.039515940
Running 1m0s myx-test @ https://192.168.12.127:6443/apis/apps/v1/namespaces/myx-test/statefulsets
3 connections
Requests/bytes (per Connection):  [30921012 30189140 33471773]
Response/bytes (per Connection):  [50308715 49117935 54458849]
Requests Number (per Connection):  [2873 2805 3110]
Requests/sec:  1539.4193522135417 KB
Transfer/sec:  4044.0661458333334 KB

2023-12-03 07:50:07.353475265 +0800 CST m=+44562.631410641
Running 1m0s myx-test @ https://192.168.12.127:6443/apis/apps/v1/namespaces/myx-test/statefulsets
6 connections
Requests/bytes (per Connection):  [25561247 24904733 26454569 25087682 26422280 25518196]
Response/bytes (per Connection):  [41588366 40520221 43041841 40817859 42989305 41518321]
Requests Number (per Connection):  [2375 2314 2458 2331 2455 2371]
Requests/sec:  2505.675569661458 KB
Transfer/sec:  6582.431966145833 KB

2023-12-03 07:51:47.817998881 +0800 CST m=+44663.095934256
Running 1m0s myx-test @ https://192.168.12.127:6443/apis/apps/v1/namespaces/myx-test/statefulsets
9 connections
Requests/bytes (per Connection):  [21299219 20384412 21277773 21417612 21406904 20309111 21094803 21191591 20072327]
Response/bytes (per Connection):  [34653974 33165598 34619190 34846606 34829259 33043134 34321489 34478860 32657876]
Requests Number (per Connection):  [1979 1894 1977 1990 1989 1887 1960 1969 1865]
Requests/sec:  3067.2811197916667 KB
Transfer/sec:  8057.77568359375 KB

2023-12-03 07:53:28.27096651 +0800 CST m=+44763.548901888
Running 1m0s myx-test @ https://192.168.12.127:6443/apis/apps/v1/namespaces/myx-test/statefulsets
15 connections
Requests/bytes (per Connection):  [13797674 13474832 13829975 14056027 13485594 13356439 13657748 13614701 13356425 13894570 13647037 13087366 14099021 13916108 13464069]
Response/bytes (per Connection):  [22448908 21923692 22501480 22869319 21941201 21731060 22221231 22151198 21731018 22606603 22203875 21293266 22939193 22641663 21906180]
Requests Number (per Connection):  [1282 1252 1285 1306 1253 1241 1269 1265 1241 1291 1268 1216 1310 1293 1251]
Requests/sec:  3332.31748046875 KB
Transfer/sec:  8754.027880859376 KB

2023-12-03 07:55:08.72965091 +0800 CST m=+44864.007586285
Running 1m0s myx-test @ https://192.168.12.127:6443/apis/apps/v1/namespaces/myx-test/statefulsets
30 connections
Requests/bytes (per Connection):  [7576917 7598437 7512345 7275560 7426241 7566152 7576923 7286322 7501508 7512343 7544632 7393946 7609209 7350890 7221683 7480052 7286312 7501574 7275515 7350848 7587665 7297038 7114116 7501546 7469292 7587604 7630657 7340111 7587681 7641498]
Response/bytes (per Connection):  [12327743 12362749 12222689 11837428 12082593 12310225 12327761 11854937 12204955 12222683 12275219 12030039 12380288 11959979 11749682 12170141 11854907 12205153 11837293 11959853 12345210 11872308 11574751 12205069 12152638 12345027 12415078 11942419 12345258 12432824]
Requests Number (per Connection):  [704 706 698 676 690 703 704 677 697 698 701 687 707 683 671 695 677 697 676 683 705 678 661 697 694 705 709 682 705 710]
Requests/sec:  3639.3980631510417 KB
Transfer/sec:  9560.734309895834 KB

2023-12-03 07:56:49.291121147 +0800 CST m=+44964.569056524
Running 1m0s myx-test @ https://192.168.12.127:6443/apis/apps/v1/namespaces/myx-test/statefulsets
60 connections
Requests/bytes (per Connection):  [4165132 4251264 4068295 4262029 4229723 4229679 4132860 4079060 4283555 4175924 4197371 4197426 4358830 4154322 4068233 4326605 4305057 4208210 3928379 4025246 4100513 4132837 4251198 4175903 4186687 4143620 4111349 4197450 4165163 4186687 4111348 4380349 4315763 4132873 4283481 4197452 4100549 4165113 4089823 4100564 4143635 4154340 4132793 4251237 4272791 4132875 4305004 4089786 4111306 4240502 4326607 4165086 4197450 4261953 4165162 4111327 4132873 4261989 4079060 4348121]
Response/bytes (per Connection):  [6776697 6916877 6619179 6934395 6881808 6881676 6724212 6636697 6969419 6794296 6829083 6829248 7091805 6759044 6618993 7039461 7004371 6846823 6391532 6549140 6671502 6724143 6916679 6794233 6811808 6741715 6689233 6829320 6776790 6811808 6689230 7126808 7021712 6724251 6969197 6829326 6671610 6776640 6654209 6671655 6741760 6759098 6724011 6916796 6951904 6724257 7004212 6654098 6689104 6899368 7039467 6776559 6829320 6934167 6776787 6689167 6724251 6934275 6636697 7074455]
Requests Number (per Connection):  [387 395 378 396 393 393 384 379 398 388 390 390 405 386 378 402 400 391 365 374 381 384 395 388 389 385 382 390 387 389 382 407 401 384 398 390 381 387 380 381 385 386 384 395 397 384 400 380 382 394 402 387 390 396 387 382 384 396 379 404]
Requests/sec:  4086.260074869792 KB
Transfer/sec:  10734.638623046874 KB

2023-12-03 07:58:29.834267919 +0800 CST m=+45065.112203319
Running 1m0s myx-test @ https://192.168.12.127:6443/apis/apps/v1/namespaces/myx-test/statefulsets
90 connections
Requests/bytes (per Connection):  [2970504 2916695 2905932 2927431 2959718 3110408 3045838 3099635 2938218 2927435 2809036 2981243 2852123 2884378 2884377 3110398 3024314 3035075 2884376 3067347 3067359 2959722 3142694 2905919 3024294 2927431 2852123 2809076 3002786 2765985 2948976 2830562 2970505 2938192 2809075 2852117 2895150 2884377 2905932 2905903 2916666 2819826 2959718 2948979 2938196 2830563 2948954 2992006 3088872 2841327 3013532 3078109 3088872 2895140 2830590 2916666 2733696 3099635 2862860 3056584 2981243 2948955 2948956 2841325 2809037 2916666 2884377 2852088 2809041 2733696 2895139 2905905 2841361 2895140 2830563 2787551 3013532 2970480 3088872 2948954 2927429 2852088 2809076 2862853 2722934 2938218 2819800 2755222 2830562 2862851]
Response/bytes (per Connection):  [4833060 4745518 4728006 4762949 4815479 5060671 4955623 5043129 4780533 4762961 4570311 4850500 4640464 4692898 4692895 5060641 4920605 4938111 4692892 4990596 4990632 4815491 5113198 4727967 4920545 4762949 4640464 4570431 4885575 4500266 4798030 4605335 4833063 4780455 4570428 4640446 4710437 4692895 4728006 4727919 4745431 4587904 4815479 4798039 4780467 4605338 4797964 4868012 5025617 4622853 4903036 5008105 5025617 4710407 4605419 4745431 4447730 5043129 4657898 4973084 4850500 4797967 4797970 4622847 4570314 4745431 4692895 4640359 4570326 4447730 4710404 4727925 4622955 4710407 4605338 4535410 4903036 4832988 5025617 4797964 4762943 4640359 4570431 4657877 4430221 4780533 4587826 4482754 4605335 4657871]
Requests Number (per Connection):  [276 271 270 272 275 289 283 288 273 272 261 277 265 268 268 289 281 282 268 285 285 275 292 270 281 272 265 261 279 257 274 263 276 273 261 265 269 268 270 270 271 262 275 274 273 263 274 278 287 264 280 286 287 269 263 271 254 288 266 284 277 274 274 264 261 271 268 265 261 254 269 270 264 269 263 259 280 276 287 274 272 265 261 266 253 273 262 256 263 266]
Requests/sec:  4278.6029296875 KB
Transfer/sec:  11239.928889973959 KB

2023-12-03 08:00:10.548740535 +0800 CST m=+45165.826675929
Running 1m0s myx-test @ https://192.168.12.127:6443/apis/apps/v1/namespaces/myx-test/statefulsets
150 connections
Requests/bytes (per Connection):  [1797355 1883507 1926480 1905030 1883429 1905009 1937243 2023420 2034109 1829683 2001843 1937306 1915765 1991058 1991081 1991057 1969538 2034138 2098710 1915730 1980352 1980322 1883432 1872734 1980294 1926516 2001899 2023409 2044872 1872665 1883464 1980294 1969585 2034162 1991116 1883472 1904968 1948062 2034124 1926516 1991094 1926559 1926480 1915728 1937270 1894224 1915733 1991106 1958787 1937322 2066472 1861958 1894270 2044933 1840377 2012662 1958769 1926490 2023346 2001856 2034109 2001820 1861918 2012662 2012641 1937243 1937322 1894270 1958784 1969532 1872683 1829613 1926480 1991136 1894191 1904962 2001836 1829655 1872670 1948014 2141817 1829629 2055713 1915790 1980295 1904954 1980374 1872740 2130978 1883428 1883507 1861969 2001820 2098685 1765116 1948006 2120227 1872724 2098724 1851218 1948006 2001826 1937251 2055677 1991076 2141799 1980324 2120246 1958769 2055635 1991058 1872725 1937251 1958768 1915717 1883498 1937322 1969576 1904954 1969548 1980371 1937242 1894191 1926551 1808143 1958795 2044926 2001820 2087923 1958829 1991091 2001821 1969611 1980316 2001820 2023346 1905033 1829613 1915739 1851177 1937274 1894244 1980314 1861982 1958768 1904954 1861981 2055634 1991087 1969538]
Response/bytes (per Connection):  [2924306 3064546 3134357 3099561 3064312 3099498 3151869 3292184 3309474 2976959 3257007 3152058 3116989 3239429 3239498 3239426 3204423 3309561 3414615 3116884 3222088 3221998 3064321 3047004 3221914 3134465 3257175 3292151 3326986 3046797 3064417 3221914 3204564 3309633 3239603 3064441 3099375 3169549 3309519 3134465 3239537 3134594 3134357 3116878 3151950 3081920 3116893 3239573 3186947 3152106 3362232 3029453 3082058 3327169 2994264 3274687 3186893 3134387 3291962 3257046 3309474 3256938 3029333 3274687 3274624 3151869 3152106 3082058 3186938 3204405 3046851 2976749 3134357 3239663 3081821 3099357 3256986 2976875 3046812 3169405 3484828 2976797 3344732 3117064 3221917 3099333 3222154 3047022 3467088 3064309 3064546 3029486 3256938 3414540 2871920 3169381 3449612 3046974 3414657 3012010 3169381 3256956 3151893 3344624 3239483 3484774 3222004 3449669 3186893 3344498 3239429 3046977 3151893 3186890 3116845 3064519 3152106 3204537 3099333 3204453 3222145 3151866 3081821 3134570 2941893 3186971 3327148 3256938 3397031 3187073 3239528 3256941 3204642 3221980 3256938 3291962 3099570 2976749 3116911 3011887 3151962 3081980 3221974 3029525 3186890 3099333 3029522 3344495 3239516 3204423]
Requests Number (per Connection):  [167 175 179 177 175 177 180 188 189 170 186 180 178 185 185 185 183 189 195 178 184 184 175 174 184 179 186 188 190 174 175 184 183 189 185 175 177 181 189 179 185 179 179 178 180 176 178 185 182 180 192 173 176 190 171 187 182 179 188 186 189 186 173 187 187 180 180 176 182 183 174 170 179 185 176 177 186 170 174 181 199 170 191 178 184 177 184 174 198 175 175 173 186 195 164 181 197 174 195 172 181 186 180 191 185 199 184 197 182 191 185 174 180 182 178 175 180 183 177 183 184 180 176 179 168 182 190 186 194 182 185 186 183 184 186 188 177 170 178 172 180 176 184 173 182 177 173 191 185 183]
Requests/sec:  4769.264322916667 KB
Transfer/sec:  12528.902962239583 KB

2023-12-03 08:01:51.283932083 +0800 CST m=+45266.561867460
Running 1m0s myx-test @ https://192.168.12.127:6443/apis/apps/v1/namespaces/myx-test/statefulsets
300 connections
Requests/bytes (per Connection):  [1054758 1226966 947082 1065465 1065478 1119341 1151629 1226969 1183879 1022437 1054703 1130066 1140833 1087047 1216194 1087030 1011712 1194673 1076289 1097771 1140835 957835 1216207 1033237 1043958 1022477 1194644 1173155 1076270 1205444 1033158 1119341 1151629 1054706 1194681 936341 1076225 1194681 1065455 1216206 1065495 1119341 1119310 1151580 1000896 1043921 1065526 1065448 1226891 1151614 1119341 1054765 1108534 1076248 1108577 1022474 1108561 1076211 1087052 1119341 1194681 1151551 1119263 1076250 1216194 1119341 1173155 1054696 1108577 947061 1097815 1162376 1119343 1065526 1011680 1108555 1043957 1119314 1011704 968629 1087014 1108559 1119262 979424 1313073 1151622 1000950 1108515 1226901 1291547 1183919 1097743 1108577 1194681 1151616 1130087 1140855 1248441 1076291 1087052 1248456 1097736 1065472 1087052 1162331 1054763 1151623 1065494 1151631 1086975 1054763 1140858 1108501 1119343 1065526 1108540 1140866 1140867 1194602 1097778 990151 1011676 1097736 1086973 1140866 1108562 1022474 1119261 1076227 1119324 1151630 1183839 1076231 1302310 1334520 1151623 1162392 1065474 1151632 1033227 1173086 1087054 1130025 1130052 1076289 1076256 1076260 1087052 1108498 1097817 1173155 1076289 1065526 1130087 1226955 1162369 1097782 1237732 1205415 1044000 1151629 979391 1044002 1022474 1183918 1054766 1162392 1194602 1205444 1054763 1194681 1033224 1173155 1022476 1087009 1011667 1054685 1054765 1044000 1065471 1119340 1087052 1076280 1097765 1108578 1173090 1022477 1140838 1011645 1086973 1119275 1022438 1162356 1119341 1044000 1183918 1054708 1087052 1108512 1076225 1108531 1151605 1022475 1237733 1173156 1087052 1140867 1054720 1130103 1151596 1097765 1269958 1162333 1054693 1248452 1054763 1065447 1130024 1065526 1140851 1130057 1000948 1033219 1054709 1140787 1043929 1065516 1097740 1097814 1248463 1151629 1151596 1130081 904034 1022396 1205444 1108580 1043994 1162313 1162373 1183918 1130055 1000879 1205407 1140866 1216162 1108536 1065525 1087051 1097784 1216207 1173087 1151597 1108577 1173155 1054738 1270021 1108508 968660 1140867 1173083 1162392 1140861 1097813 1173151 1140868 1162340 1140866 1043943 1022427 1076214 1033159 1043959 1076236 1054684 1151613 1173155 1302232 1151569 1162352 990186 1130075 1173113 1151616 1173076 1183882 1097812 1270022 1119341 1130025 1130072 1076249 1108504 1140862 1130103 1108580 1000902 1076281 1108547 1151630]
Response/bytes (per Connection):  [1716128 1996320 1540870 1733472 1733511 1821215 1873748 1996329 1926167 1663496 1715963 1838613 1856137 1768664 1978781 1768613 1646098 1943772 1751167 1786059 1856143 1558352 1978820 1681119 1698505 1663616 1943685 1908772 1751110 1961308 1680882 1821215 1873748 1715972 1943796 1523424 1750975 1943796 1733442 1978817 1733562 1821215 1821122 1873601 1628427 1698394 1733655 1733421 1996095 1873703 1821215 1716149 1803571 1751044 1803700 1663607 1803652 1750933 1768679 1821215 1943796 1873514 1820981 1751050 1978781 1821215 1908772 1715942 1803700 1540807 1786191 1891212 1821221 1733655 1646002 1803634 1698502 1821134 1646074 1575957 1768565 1803646 1820978 1593565 2136425 1873727 1628589 1803514 1996125 2101401 1926287 1785975 1803700 1943796 1873709 1838676 1856203 2031191 1751173 1768679 2031236 1785954 1733493 1768679 1891077 1716143 1873730 1733559 1873754 1768448 1716143 1856212 1803472 1821221 1733655 1803589 1856236 1856239 1943559 1786080 1610969 1645990 1785954 1768442 1856236 1803655 1663607 1820975 1750981 1821164 1873751 1926047 1750993 2118913 2171212 1873730 1891260 1733499 1873757 1681089 1908565 1768685 1838490 1838571 1751167 1751068 1751080 1768679 1803463 1786197 1908772 1751167 1733655 1838676 1996287 1891191 1786092 2013841 1961221 1698631 1873748 1593466 1698637 1663607 1926284 1716152 1891260 1943559 1961308 1716143 1943796 1681080 1908772 1663613 1768550 1645963 1715909 1716149 1698631 1733490 1821212 1768679 1751140 1786041 1803703 1908577 1663616 1856152 1645897 1768442 1821017 1663499 1891152 1821215 1698631 1926284 1715978 1768679 1803505 1750975 1803562 1873676 1663610 2013844 1908775 1768679 1856239 1716014 1838724 1873649 1786041 2066188 1891083 1715933 2031224 1716143 1733418 1838487 1733655 1856191 1838586 1628583 1681065 1715981 1855999 1698418 1733625 1785966 1786188 2031257 1873748 1873649 1838658 1470834 1663373 1961308 1803709 1698613 1891023 1891203 1926284 1838580 1628376 1961197 1856236 1978685 1803577 1733652 1768676 1786098 1978820 1908568 1873652 1803700 1908772 1716068 2066377 1803493 1576050 1856239 1908556 1891260 1856221 1786185 1908760 1856242 1891104 1856236 1698460 1663466 1750942 1680885 1698508 1751008 1715906 1873700 1908772 2118679 1873568 1891140 1611074 1838640 1908646 1873709 1908535 1926176 1786182 2066380 1821215 1838490 1838631 1751047 1803481 1856224 1838724 1803709 1628445 1751143 1803610 1873751]
Requests Number (per Connection):  [98 114 88 99 99 104 107 114 110 95 98 105 106 101 113 101 94 111 100 102 106 89 113 96 97 95 111 109 100 112 96 104 107 98 111 87 100 111 99 113 99 104 104 107 93 97 99 99 114 107 104 98 103 100 103 95 103 100 101 104 111 107 104 100 113 104 109 98 103 88 102 108 104 99 94 103 97 104 94 90 101 103 104 91 122 107 93 103 114 120 110 102 103 111 107 105 106 116 100 101 116 102 99 101 108 98 107 99 107 101 98 106 103 104 99 103 106 106 111 102 92 94 102 101 106 103 95 104 100 104 107 110 100 121 124 107 108 99 107 96 109 101 105 105 100 100 100 101 103 102 109 100 99 105 114 108 102 115 112 97 107 91 97 95 110 98 108 111 112 98 111 96 109 95 101 94 98 98 97 99 104 101 100 102 103 109 95 106 94 101 104 95 108 104 97 110 98 101 103 100 103 107 95 115 109 101 106 98 105 107 102 118 108 98 116 98 99 105 99 106 105 93 96 98 106 97 99 102 102 116 107 107 105 84 95 112 103 97 108 108 110 105 93 112 106 113 103 99 101 102 113 109 107 103 109 98 118 103 90 106 109 108 106 102 109 106 108 106 97 95 100 96 97 100 98 107 109 121 107 108 92 105 109 107 109 110 102 118 104 105 105 100 103 106 105 103 93 100 103 107]
Requests/sec:  5432.288053385417 KB
Transfer/sec:  14270.663492838541 KB

