2023-12-04 16:48:48.145526706 +0800 CST m=+8028.989110877
Running 1m0s myx-test @ https://192.168.12.127:6443/api/v1/namespaces/myx-test/configmaps
3 connections
Requests/bytes (per Connection):  [37897858 35345939 37219654]
Response/bytes (per Connection):  [53633894 50022325 52674032]
Requests Number (per Connection):  [4470 4169 4390]
Requests/sec:  1797.9077311197916 KB
Transfer/sec:  4342.34541015625 KB

2023-12-04 16:50:28.467570158 +0800 CST m=+8129.311154337
Running 1m0s myx-test @ https://192.168.12.127:6443/api/v1/namespaces/myx-test/configmaps
6 connections
Requests/bytes (per Connection):  [33124591 34879546 32505770 33234812 32293671 34862588]
Response/bytes (per Connection):  [46878662 49362356 46002808 47034646 45702771 49338358]
Requests Number (per Connection):  [3907 4114 3834 3920 3809 4112]
Requests/sec:  3269.8726888020833 KB
Transfer/sec:  7897.470361328125 KB

2023-12-04 16:52:08.764366992 +0800 CST m=+8229.607951179
Running 1m0s myx-test @ https://192.168.12.127:6443/api/v1/namespaces/myx-test/configmaps
9 connections
Requests/bytes (per Connection):  [25672202 27054091 25341533 27071049 26935389 25646771 26944010 27011764 27028658]
Response/bytes (per Connection):  [36331867 38287610 35863912 38311608 38119626 36295873 38131696 38227649 38251615]
Requests Number (per Connection):  [3028 3191 2989 3193 3177 3025 3178 3186 3188]
Requests/sec:  3885.180126953125 KB
Transfer/sec:  9383.576220703126 KB

2023-12-04 16:53:49.131348611 +0800 CST m=+8329.974932785
Running 1m0s myx-test @ https://192.168.12.127:6443/api/v1/namespaces/myx-test/configmaps
15 connections
Requests/bytes (per Connection):  [16066265 15905206 16125558 15905252 15667808 15345670 15413464 15811871 15905116 16091736 16151151 15235443 16108758 15226976 16006914]
Response/bytes (per Connection):  [22737385 22509425 22821348 22509448 22173460 21717530 21813503 22377403 22509380 22773399 22857423 21561543 22797429 21549550 22653393]
Requests Number (per Connection):  [1895 1876 1902 1876 1848 1810 1818 1865 1876 1898 1905 1797 1900 1796 1888]
Requests/sec:  3856.8878255208333 KB
Transfer/sec:  9315.247509765624 KB

2023-12-04 16:55:29.474801316 +0800 CST m=+8430.318385485
Running 1m0s myx-test @ https://192.168.12.127:6443/api/v1/namespaces/myx-test/configmaps
30 connections
Requests/bytes (per Connection):  [8071306 7876327 8274712 7800018 7706731 7918672 7884806 7978003 7986468 8147647 7910241 8079817 7935678 8028945 8164605 8232437 7969594 8181563 8181471 8317155 8300267 7867794 7918652 8266349 8020466 7995025 7935672 7918652 8130573 8096771]
Response/bytes (per Connection):  [11422697 11146739 11710628 11038749 10906751 11206709 11158738 11290691 11302683 11530703 11194734 11434712 11230731 11362719 11554701 11650693 11278727 11578699 11578653 11770647 11746684 11134713 11206699 11698687 11350720 11314721 11230728 11206699 11506647 11458708]
Requests Number (per Connection):  [952 929 976 920 909 934 930 941 942 961 933 953 936 947 963 971 940 965 965 981 979 928 934 975 946 943 936 934 959 955]
Requests/sec:  3924.0953287760417 KB
Transfer/sec:  9477.563916015624 KB

2023-12-04 16:57:09.842989209 +0800 CST m=+8530.686573378
Running 1m0s myx-test @ https://192.168.12.127:6443/api/v1/namespaces/myx-test/configmaps
60 connections
Requests/bytes (per Connection):  [4552795 4908905 4730928 4459540 4612190 4417137 4739411 4629104 4510404 4747806 4646062 4764766 4637587 4595190 4527362 4595264 4518917 4713980 4569751 4671527 4476510 4544402 4400283 4578230 4595190 4629106 4824131 4518879 4654541 4612146 4832596 4832600 4544316 4552795 4671535 4535837 4773247 4646066 4646062 4544318 4646060 4612146 4578350 4637583 4756285 4603781 4730934 4654539 4739409 4722371 4544444 4527362 4535837 4739329 4586721 4688515 4620625 4883472 4518883 4569757]
Response/bytes (per Connection):  [6443249 6947203 6695265 6311267 6527263 6251268 6707266 6551239 6383256 6719223 6575237 6743222 6563240 6503244 6407254 6503281 6395272 6671272 6467246 6611248 6335271 6431293 6227322 6479245 6503244 6551240 6827221 6395253 6587236 6527241 6839213 6839215 6431250 6443249 6611252 6419251 6755222 6575239 6575237 6431251 6575236 6527241 6479305 6563238 6731222 6515299 6695268 6587235 6707265 6683227 6431314 6407254 6419251 6707225 6491250 6635261 6539240 6911208 6395255 6467249]
Requests Number (per Connection):  [537 579 558 526 544 521 559 546 532 560 548 562 547 542 534 542 533 556 539 551 528 536 519 540 542 546 569 533 549 544 570 570 536 537 551 535 563 548 548 536 548 544 540 547 561 543 558 549 559 557 536 534 535 559 541 553 545 576 533 539]
Requests/sec:  4522.425439453125 KB
Transfer/sec:  10922.66962890625 KB

2023-12-04 16:58:50.222852332 +0800 CST m=+8631.066436504
Running 1m0s myx-test @ https://192.168.12.127:6443/api/v1/namespaces/myx-test/configmaps
90 connections
Requests/bytes (per Connection):  [3281103 3298095 3255698 3179387 3221716 3357448 3357442 3442220 3357442 3416771 3433753 3382769 3255552 3179353 3306570 3255680 3323528 3382879 3391292 3348931 3289594 3306494 3153808 3315049 3323528 3459030 3221782 3306444 3348807 3331887 3416697 3255560 3289616 3442092 3128433 3289488 3179387 3323526 3332007 3306510 3425274 3357294 3348963 3374280 3086120 3332011 3255638 3221782 3238738 3306574 3289502 3086122 3382883 3509916 3264175 3408212 3323532 3247223 3255608 3332011 3450709 3255598 3306570 3238612 3213267 3221650 3492954 3382879 3221632 3119932 3179351 3365921 3289616 3230123 3264181 3187764 3221660 3281135 3391302 3281023 3289496 3315049 3103082 3298091 3298091 3213285 3213249 3077519 3247221 3323370]
Response/bytes (per Connection):  [4643478 4667493 4607497 4499506 4559468 4751486 4751483 4871467 4751483 4835464 4859474 4787425 4607424 4499489 4679490 4607488 4703488 4787480 4799446 4739468 4655483 4679452 4463438 4691489 4703488 4895391 4559501 4679427 4739406 4715427 4835427 4607428 4655494 4871403 4427472 4655430 4499506 4703487 4715487 4679460 4847475 4751409 4739484 4775421 4367518 4715489 4607467 4559501 4583498 4679492 4655437 4367519 4787482 4967391 4619495 4823425 4703490 4595500 4607452 4715489 4883471 4607447 4679490 4583435 4547484 4559435 4943391 4787480 4559426 4415462 4499488 4763482 4655494 4571431 4619498 4511454 4559440 4643494 4799451 4643438 4655434 4691489 4391518 4667491 4667491 4547493 4547475 4355458 4595499 4703409]
Requests Number (per Connection):  [387 389 384 375 380 396 396 406 396 403 405 399 384 375 390 384 392 399 400 395 388 390 372 391 392 408 380 390 395 393 403 384 388 406 369 388 375 392 393 390 404 396 395 398 364 393 384 380 382 390 388 364 399 414 385 402 392 383 384 393 407 384 390 382 379 380 412 399 380 368 375 397 388 381 385 376 380 387 400 387 388 391 366 389 389 379 379 363 383 392]
Requests/sec:  4825.318326822917 KB
Transfer/sec:  11654.224169921876 KB

2023-12-04 17:00:30.600421956 +0800 CST m=+8731.444006125
Running 1m0s myx-test @ https://192.168.12.127:6443/api/v1/namespaces/myx-test/configmaps
150 connections
Requests/bytes (per Connection):  [2178891 2170448 2111063 2128017 2340028 2119544 2178889 2246791 2238248 2043233 2204334 2144975 2246721 2094205 2187382 2331543 2221286 2255200 2246721 2212807 2204406 2306078 2348475 2170500 2255204 2255270 2306100 2187370 2204406 2187452 2170496 2289116 2204328 2263745 2238246 2144975 2178969 2119576 2144975 2136498 2085730 2026297 2178891 2034752 2280637 2272158 2119638 2204328 2170456 2119616 2221320 2034752 2026277 2161937 2289148 2094207 2128115 2136596 2017794 2161937 2094101 2221286 2229807 2204326 2111161 2119542 2136498 2187452 2280637 2161933 2170412 2144975 2136496 2221288 2060301 2195847 2178891 2204328 2246721 2144975 1958441 2263699 2102582 2178889 2170412 2195851 2128093 2145069 2170428 2255262 2187370 2238242 2340036 2178977 2255268 2340016 2229839 2178893 2195849 2272158 2297595 2085624 2229817 2229765 2111065 2144977 2161935 2204408 2212805 2221346 2162023 2195883 2272158 2263679 2187370 2221362 2068666 2178891 2221340 2187454 2306128 2136536 2187454 2212807 2111163 2170438 2161937 2187368 2128021 2043295 2272158 2263745 2026271 2136596 2043233 2128029 2204330 2263745 2094103 2221284 2221288 2187450 2060275 2272158 2195857 2119640 2221296 2094119 2178977 2204386]
Response/bytes (per Connection):  [3083637 3071656 2987647 3011643 3311636 2999647 3083636 3179663 3167632 2891656 3119637 3035641 3179628 2963699 3095642 3299634 3143632 3191627 3179628 3131633 3119673 3263623 3323619 3071682 3191629 3191662 3263634 3095636 3119673 3095677 3071680 3239623 3119634 3203659 3167631 3035641 3083676 2999663 3035641 3023643 2951702 2867669 3083637 2879656 3227624 3215625 2999694 3119634 3071660 2999683 3143649 2879656 2867659 3059641 3239639 2963700 3011692 3023692 2855658 3059641 2963647 3143632 3155652 3119633 2987696 2999646 3023643 3095677 3227624 3059639 3071638 3035641 3023642 3143633 2915709 3107634 3083637 3119634 3179628 3035641 2771665 3203636 2975647 3083636 3071638 3107636 3011681 3035688 3071646 3191658 3095636 3167629 3311640 3083680 3191661 3311630 3155668 3083638 3107635 3215625 3251622 2951649 3155657 3155631 2987648 3035642 3059640 3119674 3131632 3143662 3059684 3107652 3215625 3203626 3095636 3143670 2927651 3083637 3143659 3095678 3263648 3023662 3095678 3131633 2987697 3071651 3059641 3095635 3011645 2891687 3215625 3203659 2867656 3023692 2891656 3011649 3119635 3203659 2963648 3143631 3143633 3095676 2915696 3215625 3107639 2999695 3143637 2963656 3083680 3119663]
Requests Number (per Connection):  [257 256 249 251 276 250 257 265 264 241 260 253 265 247 258 275 262 266 265 261 260 272 277 256 266 266 272 258 260 258 256 270 260 267 264 253 257 250 253 252 246 239 257 240 269 268 250 260 256 250 262 240 239 255 270 247 251 252 238 255 247 262 263 260 249 250 252 258 269 255 256 253 252 262 243 259 257 260 265 253 231 267 248 257 256 259 251 253 256 266 258 264 276 257 266 276 263 257 259 268 271 246 263 263 249 253 255 260 261 262 255 259 268 267 258 262 244 257 262 258 272 252 258 261 249 256 255 258 251 241 268 267 239 252 241 251 260 267 247 262 262 258 243 268 259 250 262 247 257 260]
Requests/sec:  5327.631803385417 KB
Transfer/sec:  12867.404345703126 KB

2023-12-04 17:02:11.025983694 +0800 CST m=+8831.869567881
Running 1m0s myx-test @ https://192.168.12.127:6443/api/v1/namespaces/myx-test/configmaps
300 connections
Requests/bytes (per Connection):  [1297213 1348127 1331101 1424354 1449817 1314093 1365085 1424322 1314055 1348081 1390364 1517547 1305634 1263303 1356586 1373566 1381893 1356450 1373532 1449873 1373554 1424362 1483637 1373564 1178487 1314113 1271748 1322534 1356606 1568515 1424280 1390364 1398923 1458268 1297145 1373432 1288678 1407480 1348129 1517631 1297123 1339598 1432915 1254704 1364927 1237866 1415801 1263341 1288660 1407420 1339526 1339522 1364929 1449793 1424280 1322670 1415881 1449715 1254824 1220788 1424280 1356606 1407460 1458354 1348127 1314055 1297257 1237904 1381887 1526092 1373408 1373470 1492182 1331027 1339538 1551463 1390522 1356484 1398977 1424422 1449749 1415959 1381885 1339558 1322656 1534663 1348129 1432799 1475312 1348061 1390464 1398845 1441276 1348023 1271818 1449825 1407392 1466709 1297097 1322648 1339650 1288624 1382043 1288778 1543062 1347971 1237850 1458196 1424322 1373540 1407324 1254704 1449875 1424384 1314055 1390366 1449717 1500589 1322628 1339650 1373430 1356550 1576898 1373564 1356608 1347971 1458228 1407480 1424402 1382005 1381911 1170074 1381887 1577018 1280299 1407394 1407480 1347971 1381947 1297177 1466795 1390364 1364947 1356552 1305718 1314151 1331141 1356448 1500609 1365001 1254748 1398843 1441342 1492268 1432799 1280141 1246383 1398845 1407322 1509226 1398985 1449875 1458296 1280283 1449717 1500589 1483631 1305576 1339558 1271660 1331131 1424280 1381925 1331119 1314143 1322666 1509090 1220946 1364947 1348045 1297255 1364947 1280139 1475270 1348117 1322534 1483789 1415801 1203830 1399001 1271782 1136000 1373406 1415877 1373564 1339650 1254830 1441394 1339630 1500589 1263199 1492140 1398843 1458204 1305656 1373566 1305576 1492110 1390422 1348107 1365047 1415801 1432829 1322692 1314103 1373550 1331171 1415957 1398893 1237810 1254840 1263181 1288730 1390522 1347971 1331171 1500747 1348075 1364971 1407480 1314087 1373406 1585479 1373412 1297099 1331099 1246383 1187030 1449717 1415959 1424368 1348065 1407400 1509186 1373484 1331111 1331171 1390522 1432759 1398997 1441238 1390366 1458194 1517705 1492268 1356450 1314097 1254848 1356590 1390458 1288732 1229267 1297097 1526026 1339528 1305728 1356448 1424280 1322692 1356608 1356528 1390412 1475152 1492110 1432917 1475152 1432889 1373492 1441282 1373408 1246225 1373448 1398963 1500589 1212309 1449843 1390522 1288776 1390522 1254824 1441286 1475152 1348039 1373406 1551511 1356450 1475154 1424438 1441396 1364929]
Response/bytes (per Connection):  [1835810 1907824 1883792 2015773 2051783 1859769 1931822 2015757 1859750 1907801 1967740 2147724 1847780 1787817 1919813 1943822 1955745 1919745 1943805 2051811 1943816 2015777 2099731 1943821 1667814 1859779 1799799 1871749 1919823 2219765 2015736 1967740 1979779 2063768 1835776 1943755 1823783 1991817 1907825 2147766 1835765 1895800 2027813 1775758 1931743 1751820 2003737 1787836 1823774 1991787 1895764 1895762 1931744 2051771 2015736 1871817 2003777 2051732 1775818 1727762 2015736 1919823 1991807 2063811 1907824 1859750 1835832 1751839 1955742 2159756 1943743 1943774 2111763 1883755 1895770 2195720 1967819 1919762 1979806 2015807 2051749 2003816 1955741 1895780 1871810 2171801 1907825 2027755 2087809 1907791 1967790 1979740 2039753 1907772 1799834 2051787 1991773 2075748 1835752 1871806 1895826 1823756 1955820 1823833 2183760 1907746 1751812 2063732 2015757 1943809 1991739 1775758 2051812 2015788 1859750 1967741 2051733 2123726 1871796 1895826 1943754 1919795 2231716 1943821 1919824 1907746 2063748 1991817 2015797 1955801 1955754 1655848 1955742 2231776 1811834 1991774 1991817 1907746 1955772 1835792 2075791 1967740 1931753 1919796 1847822 1859798 1883812 1919744 2123736 1931780 1775780 1979739 2039786 2111806 2027755 1811755 1763838 1979740 1991738 2135804 1979810 2051812 2063782 1811826 2051733 2123726 2099728 1847751 1895780 1799755 1883807 2015736 1955761 1883801 1859794 1871815 2135736 1727841 1931753 1907783 1835831 1931753 1811754 2087788 1907819 1871749 2099807 2003737 1703764 1979818 1799816 1607773 1943742 2003775 1943821 1895826 1775821 2039812 1895816 2123726 1787765 2111742 1979739 2063736 1847791 1943822 1847751 2111727 1967769 1907814 1931803 2003737 2027770 1871828 1859774 1943814 1883827 2003815 1979764 1751792 1775826 1787756 1823809 1967819 1907746 1883827 2123805 1907798 1931765 1991817 1859766 1943742 2243766 1943745 1835753 1883791 1763838 1679845 2051733 2003816 2015780 1907793 1991777 2135784 1943781 1883797 1883827 1967819 2027735 1979816 2039734 1967741 2063731 2147803 2111806 1919745 1859771 1775830 1919815 1967787 1823810 1739761 1835752 2159723 1895765 1847827 1919744 2015736 1871828 1919824 1919784 1967764 2087729 2111727 2027814 2087729 2027800 1943785 2039756 1943743 1763759 1943763 1979799 2123726 1715763 2051796 1967819 1823832 1967819 1775818 2039758 2087729 1907780 1943742 2195744 1919745 2087730 2015815 2039813 1931744]
Requests Number (per Connection):  [153 159 157 168 171 155 161 168 155 159 164 179 154 149 160 162 163 160 162 171 162 168 175 162 139 155 150 156 160 185 168 164 165 172 153 162 152 166 159 179 153 158 169 148 161 146 167 149 152 166 158 158 161 171 168 156 167 171 148 144 168 160 166 172 159 155 153 146 163 180 162 162 176 157 158 183 164 160 165 168 171 167 163 158 156 181 159 169 174 159 164 165 170 159 150 171 166 173 153 156 158 152 163 152 182 159 146 172 168 162 166 148 171 168 155 164 171 177 156 158 162 160 186 162 160 159 172 166 168 163 163 138 163 186 151 166 166 159 163 153 173 164 161 160 154 155 157 160 177 161 148 165 170 176 169 151 147 165 166 178 165 171 172 151 171 177 175 154 158 150 157 168 163 157 155 156 178 144 161 159 153 161 151 174 159 156 175 167 142 165 150 134 162 167 162 158 148 170 158 177 149 176 165 172 154 162 154 176 164 159 161 167 169 156 155 162 157 167 165 146 148 149 152 164 159 157 177 159 161 166 155 162 187 162 153 157 147 140 171 167 168 159 166 178 162 157 157 164 169 165 170 164 172 179 176 160 155 148 160 164 152 145 153 180 158 154 160 168 156 160 160 164 174 176 169 174 169 162 170 162 147 162 165 177 143 171 164 152 164 148 170 174 159 162 183 160 174 168 170 161]
Requests/sec:  6717.221451822917 KB
Transfer/sec:  16223.56884765625 KB

