2023-12-05 08:18:37.83013581 +0800 CST m=+63818.673719980
Running 1m0s myx-test @ https://192.168.12.127:6443/apis/apps/v1/namespaces/myx-test/controllerrevisions
3 connections
Requests/bytes (per Connection):  [39553297 36611832 35725052]
Response/bytes (per Connection):  [55680189 51539329 50291031]
Requests Number (per Connection):  [4639 4294 4190]
Requests/sec:  1821.129248046875 KB
Transfer/sec:  4384.777506510417 KB

2023-12-05 08:20:18.20044974 +0800 CST m=+63919.044033921
Running 1m0s myx-test @ https://192.168.12.127:6443/apis/apps/v1/namespaces/myx-test/controllerrevisions
6 connections
Requests/bytes (per Connection):  [28162253 29611659 29500900 29500808 28119626 29679983]
Response/bytes (per Connection):  [39644695 41685113 41529120 41529074 39584684 41781191]
Requests Number (per Connection):  [3303 3473 3460 3460 3298 3481]
Requests/sec:  2841.393701171875 KB
Transfer/sec:  6841.29404296875 KB

2023-12-05 08:21:58.515409575 +0800 CST m=+64019.358993742
Running 1m0s myx-test @ https://192.168.12.127:6443/apis/apps/v1/namespaces/myx-test/controllerrevisions
9 connections
Requests/bytes (per Connection):  [23157350 22134224 22458150 22884490 22236456 21801697 22534895 21904069 22901546]
Response/bytes (per Connection):  [32599157 31158854 31614918 32215063 31302844 30690750 31722946 30834810 32239070]
Requests Number (per Connection):  [2716 2596 2634 2684 2608 2557 2643 2569 2686]
Requests/sec:  3287.970003255208 KB
Transfer/sec:  7916.524886067708 KB

2023-12-05 08:23:38.837682419 +0800 CST m=+64119.681266609
Running 1m0s myx-test @ https://192.168.12.127:6443/apis/apps/v1/namespaces/myx-test/controllerrevisions
15 connections
Requests/bytes (per Connection):  [15449602 15398440 15662773 15014735 14937994 15688354 15500764 15517816 14724847 15458129 15023260 14989158 15185271 15458127 15398442]
Response/bytes (per Connection):  [21748775 21676757 22048848 21136627 21028601 22084857 21820793 21844798 20728540 21760778 21148629 21100620 21376685 21760777 21676758]
Requests Number (per Connection):  [1812 1806 1837 1761 1752 1840 1818 1820 1727 1813 1762 1758 1781 1813 1806]
Requests/sec:  3733.8494791666667 KB
Transfer/sec:  8990.080647786459 KB

2023-12-05 08:25:19.174155072 +0800 CST m=+64220.017739254
Running 1m0s myx-test @ https://192.168.12.127:6443/apis/apps/v1/namespaces/myx-test/controllerrevisions
30 connections
Requests/bytes (per Connection):  [8048808 8441050 8466631 8219304 8415413 8125533 8117036 8321570 8526318 8236324 8193775 8099980 8236406 7946498 8279041 8014690 8364205 8031720 8321674 7827086 8065874 8176701 8227883 8006185 8270464 8202278 8278903 8142505 8014700 8040293]
Response/bytes (per Connection):  [11330492 11882630 11918639 11570530 11846593 11438510 11426522 11714537 12002659 11594519 11534547 11402515 11594560 11186463 11654575 11282475 11774552 11306469 11714589 11018404 11354504 11510531 11582559 11270483 11642547 11546538 11654506 11462475 11282480 11318495]
Requests Number (per Connection):  [944 990 993 964 987 953 952 976 1000 966 961 950 966 932 971 940 981 942 976 918 946 959 965 939 970 962 971 955 940 943]
Requests/sec:  3998.3536458333333 KB
Transfer/sec:  9626.93271484375 KB

2023-12-05 08:26:59.500849177 +0800 CST m=+64320.344433356
Running 1m0s myx-test @ https://192.168.12.127:6443/apis/apps/v1/namespaces/myx-test/controllerrevisions
60 connections
Requests/bytes (per Connection):  [5047562 4757632 4868483 4732057 4894066 4825848 4859976 4928170 4945224 4791816 4672458 4834435 4672372 5056073 4825896 5004937 5030496 4987861 4757718 4877012 4928170 4868499 5081654 5004937 4800269 4979330 4706474 4902589 4817323 4970837 4672376 4987889 4817325 4902589 5039019 4868537 4791818 4791800 4979330 5090187 4962312 4800343 5013440 4859954 4740582 4808868 4766159 5064600 4791742 4885589 5175449 4902589 4766159 4928170 5013438 4885535 4842902 4774686 4842902 4979332]
Response/bytes (per Connection):  [7105565 6697457 6853496 6661451 6889506 6793481 6841503 6937516 6961522 6745507 6577475 6805514 6577432 7117560 6793505 7045555 7081553 7021538 6697500 6865500 6937516 6853504 7153569 7045555 6757473 7009533 6625441 6901507 6781479 6997547 6577434 7021552 6781480 6901507 7093554 6853523 6745508 6745499 7009533 7165575 6985545 6757510 7057546 6841492 6673453 6769512 6709460 7129563 6745470 6877528 7285601 6901507 6709460 6937516 7057545 6877501 6817487 6721463 6817487 7009534]
Requests Number (per Connection):  [592 558 571 555 574 566 570 578 580 562 548 567 548 593 566 587 590 585 558 572 578 571 596 587 563 584 552 575 565 583 548 585 565 575 591 571 562 562 584 597 582 563 588 570 556 564 559 594 562 573 607 575 559 578 588 573 568 560 568 584]
Requests/sec:  4771.741455078125 KB
Transfer/sec:  11489.036458333334 KB

2023-12-05 08:28:39.86105032 +0800 CST m=+64420.704634492
Running 1m0s myx-test @ https://192.168.12.127:6443/apis/apps/v1/namespaces/myx-test/controllerrevisions
90 connections
Requests/bytes (per Connection):  [3367803 3700440 3615088 3453071 3384893 3461720 3623729 3598148 3581096 3649310 3521407 3504207 3342322 3274028 3521367 3563924 3418931 3342264 3402015 3487299 3436139 3359294 3572559 3589463 3521357 3478702 3418997 3589609 3529934 3427506 3563968 3350793 3572529 3572567 3512880 3598032 3436063 3495826 3427506 3427612 3504195 3384819 3367851 3393438 3529934 3248519 3581094 3478772 3504339 3393508 3316617 3538459 3402011 3504353 3384975 3453131 3538301 3402031 3427610 3589541 3410416 3563886 3478772 3470093 3632116 3257074 3521249 3495680 3725947 3657687 3597990 3529780 3521311 3657801 3359250 3419085 3393504 3325272 3410420 3521249 3538461 3495826 3478774 3521407 3487239 3691937 3521407 3598148 3504281 3512782]
Response/bytes (per Connection):  [4741004 5209163 5089092 4861033 4765028 4873097 5101152 5065143 5041138 5137161 4957117 4933038 4705045 4608982 4957097 5017073 4813005 4705016 4789068 4909105 4837088 4729010 5029130 5053061 4957092 4897067 4813038 5053134 4969120 4825032 5017095 4717020 5029115 5029134 4945114 5065085 4837050 4921108 4825032 4825085 4933032 4764991 4741028 4777040 4969120 4573009 5041137 4897102 4933104 4777075 4668974 4981122 4789066 4933111 4765069 4861063 4981043 4789076 4825084 5053100 4801008 5017054 4897102 4885023 5113085 4585026 4957038 4921035 5245135 5149089 5065064 4969043 4957069 5149146 4728988 4813082 4777073 4681041 4801010 4957038 4981123 4921108 4897103 4957117 4909075 5197172 4957117 5065143 4933075 4945065]
Requests Number (per Connection):  [395 434 424 405 397 406 425 422 420 428 413 411 392 384 413 418 401 392 399 409 403 394 419 421 413 408 401 421 414 402 418 393 419 419 412 422 403 410 402 402 411 397 395 398 414 381 420 408 411 398 389 415 399 411 397 405 415 399 402 421 400 418 408 407 426 382 413 410 437 429 422 414 413 429 394 401 398 390 400 413 415 410 408 413 409 433 413 422 411 412]
Requests/sec:  5109.6474609375 KB
Transfer/sec:  12302.628580729166 KB

2023-12-05 08:30:20.27207884 +0800 CST m=+64521.115663021
Running 1m0s myx-test @ https://192.168.12.127:6443/apis/apps/v1/namespaces/myx-test/controllerrevisions
150 connections
Requests/bytes (per Connection):  [2395909 2370294 2447031 2557880 2523772 2353286 2353236 2455558 2319184 2276495 2336184 2472612 2267968 2353238 2387344 2481139 2370334 2455558 2310603 2447037 2481157 2489664 2387344 2498193 2370334 2438506 2660202 2481139 2344759 2353240 2421484 2464085 2438504 2319130 2370290 2404434 2583461 2148628 2344711 2395909 2319128 2481157 2395875 2626096 2430007 2310651 2506720 2378859 2438504 2429977 2566405 2412923 2540830 2353236 2327657 2455560 2481139 2523780 2523774 2489666 2412925 2378817 2395887 2532305 2438508 2361763 2361765 2387342 2387344 2429977 2506720 2327657 2472612 2481157 2327655 2327709 2412925 2327655 2276561 2464085 2250916 2438504 2276553 2285022 2506718 2310601 2464085 2361765 2361789 2660178 2455560 2344759 2438532 2455560 2361785 2540826 2557880 2387384 2378817 2455582 2421450 2370290 2267970 2361763 2276495 2489666 2523772 2438504 2250916 2489666 2285052 2472632 2472612 2489664 2438532 2344709 2344709 2353236 2438504 2489682 2455558 2378857 2387344 2336184 2489682 2319130 2464085 2404402 2557880 2498193 2498193 2319130 2353236 2438504 2302076 2267972 2447057 2429991 2327655 2336188 2361763 2208361 2353236 2455582 2395871 2438504 2464085 2421450 2310621 2310601]
Response/bytes (per Connection):  [3372754 3336728 3444752 3600790 3552778 3312745 3312720 3456755 3264736 3204694 3288715 3480761 3192691 3312721 3360732 3492764 3336748 3456755 3252706 3444755 3492773 3504766 3360732 3516770 3336748 3432750 3744825 3492764 3300742 3312722 3408760 3468758 3432749 3264709 3336726 3384756 3636799 3024668 3300718 3372754 3264708 3492773 3372737 3696814 3420761 3252730 3528773 3348750 3432749 3420746 3612792 3396740 3576786 3312720 3276712 3456756 3492764 3552782 3552779 3504767 3396741 3348729 3372743 3564784 3432751 3324723 3324724 3360731 3360732 3420746 3528773 3276712 3480761 3492773 3276711 3276738 3396741 3276711 3204727 3468758 3168686 3432749 3204723 3216697 3528772 3252705 3468758 3324724 3324736 3744813 3456756 3300742 3432763 3456756 3324734 3576784 3600790 3360752 3348729 3456767 3408743 3336726 3192692 3324723 3204694 3504767 3552778 3432749 3168686 3504767 3216712 3480771 3480761 3504766 3432763 3300717 3300717 3312720 3432749 3504775 3456755 3348749 3360732 3288715 3504775 3264709 3468758 3384740 3600790 3516770 3516770 3264709 3312720 3432749 3240703 3192693 3444765 3420753 3276711 3288717 3324723 3108711 3312720 3456767 3372735 3432749 3468758 3408743 3252715 3252705]
Requests Number (per Connection):  [281 278 287 300 296 276 276 288 272 267 274 290 266 276 280 291 278 288 271 287 291 292 280 293 278 286 312 291 275 276 284 289 286 272 278 282 303 252 275 281 272 291 281 308 285 271 294 279 286 285 301 283 298 276 273 288 291 296 296 292 283 279 281 297 286 277 277 280 280 285 294 273 290 291 273 273 283 273 267 289 264 286 267 268 294 271 289 277 277 312 288 275 286 288 277 298 300 280 279 288 284 278 266 277 267 292 296 286 264 292 268 290 290 292 286 275 275 276 286 292 288 279 280 274 292 272 289 282 300 293 293 272 276 286 270 266 287 285 273 274 277 259 276 288 281 286 289 284 271 271]
Requests/sec:  5881.7900390625 KB
Transfer/sec:  14161.73076171875 KB

2023-12-05 08:32:00.744925842 +0800 CST m=+64621.588510014
Running 1m0s myx-test @ https://192.168.12.127:6443/apis/apps/v1/namespaces/myx-test/controllerrevisions
300 connections
Requests/bytes (per Connection):  [1296020 1458055 1287507 1449416 1509085 1543209 1423817 1279018 1432344 1312970 1474977 1449396 1347234 1313126 1338549 1321601 1321495 1364200 1313100 1458001 1330064 1492175 1466530 1330180 1406763 1423975 1475033 1244754 1457997 1372697 1415290 1475075 1457923 1364158 1406813 1330180 1364266 1296014 1406763 1406763 1381342 1398236 1466452 1381340 1347140 1372813 1534664 1457923 1347074 1287447 1381314 1457923 1466560 1321653 1261926 1432358 1389821 1381280 1406763 1466552 1313016 1398336 1355603 1355653 1364276 1330046 1534666 1321629 1432410 1406851 1355725 1432502 1466450 1364130 1244788 1347190 1372765 1381312 1364130 1347074 1449474 1492033 1227700 1432386 1355691 1347150 1261810 1406921 1338581 1253437 1355669 1440955 1364170 1432462 1585826 1440981 1193750 1398286 1432344 1287463 1483662 1398340 1440871 1338585 1270443 1423861 1423975 1330134 1475135 1355723 1389807 1295930 1347234 1466452 1475135 1560245 1296072 1423817 1304565 1270335 1415290 1347094 1253407 1458019 1330180 1355707 1406913 1364288 1321583 1466608 1304511 1500658 1381300 1287531 1551734 1270335 1381320 1296036 1321653 1381340 1347076 1347234 1466460 1270399 1372733 1236383 1355733 1441005 1415404 1270335 1415448 1347234 1338677 1364286 1458081 1321611 1296016 1372657 1423817 1330022 1415448 1355635 1423817 1364218 1364232 1406775 1372657 1415290 1543201 1364130 1492189 1551790 1381250 1210804 1423817 1398236 1355749 1355601 1500632 1372813 1347232 1151115 1355689 1415352 1372809 1441029 1270491 1432362 1372655 1321653 1449556 1389709 1423817 1253437 1381258 1406763 1381182 1270333 1381342 1313106 1381184 1304449 1364228 1296036 1312968 1355603 1457925 1423817 1295926 1449408 1347128 1483506 1347114 1372683 1389867 1372657 1534690 1398356 1381226 1244786 1355761 1534722 1355759 1321495 1483506 1287545 1372757 1338613 1304579 1347232 1406785 1381184 1321565 1347214 1372695 1483504 1304599 1330022 1338707 1330180 1372657 1406923 1347136 1372815 1321495 1389821 1432384 1628587 1381286 1330064 1406917 1483602 1347168 1475135 1466450 1432344 1287541 1457957 1440901 1406763 1364280 1432454 1278876 1432502 1415290 1389869 1330154 1406765 1278920 1517694 1244868 1389771 1364288 1389867 1381182 1347224 1381188 1355603 1287491 1287387 1398254 1483528 1261848 1449530 1474977 1253281 1270493 1517728 1321597 1389867 1227738 1364142 1432344 1227716 1347232 1543351 1364288 1500558 1551800 1389791]
Response/bytes (per Connection):  [1824414 2052482 1812418 2040423 2124434 2172454 2004405 1800434 2016408 1848368 2076422 2040413 1896458 1848446 1884376 1860423 1860370 1920420 1848433 2052455 1872394 2100500 2064459 1872452 1980399 2004484 2076450 1752344 2052453 1932408 1992402 2076471 2052416 1920399 1980424 1872452 1920453 1824411 1980399 1980399 1944470 1968396 2064420 1944469 1896411 1932466 2160442 2052416 1896378 1812388 1944456 2052416 2064474 1860449 1776409 2016415 1956449 1944439 1980399 2064470 1848391 1968446 1908382 1908407 1920458 1872385 2160443 1860437 2016441 1980443 1908443 2016487 2064419 1920385 1752361 1896436 1932442 1944455 1920385 1896378 2040452 2100429 1728338 2016429 1908426 1896416 1776351 1980478 1884392 1764425 1908415 2028453 1920405 2016467 2232460 2028466 1680405 1968421 2016408 1812396 2088504 1968448 2028411 1884394 1788407 2004427 2004484 1872429 2076501 1908442 1956442 1824369 1896458 2064420 2076501 2196451 1824440 2004405 1836426 1788353 1992402 1896388 1764410 2052464 1872452 1908434 1980474 1920464 1860414 2064498 1836399 2112481 1944449 1812430 2184456 1788353 1944459 1824422 1860449 1944469 1896379 1896458 2064424 1788385 1932426 1740419 1908447 2028478 1992459 1788353 1992481 1896458 1884440 1920463 2052495 1860428 1824412 1932388 2004405 1872373 1992481 1908398 2004405 1920429 1920436 1980405 1932388 1992402 2172450 1920385 2100507 2184484 1944424 1704411 2004405 1968396 1908455 1908381 2112468 1932466 1896457 1620390 1908425 1992433 1932464 2028490 1788431 2016417 1932387 1860449 2040493 1956393 2004405 1764425 1944428 1980399 1944390 1788352 1944470 1848436 1944391 1836368 1920434 1824422 1848367 1908382 2052417 2004405 1824367 2040419 1896405 2088426 1896398 1932401 1956472 1932388 2160455 1968456 1944412 1752360 1908461 2160471 1908460 1860370 2088426 1812437 1932438 1884408 1836433 1896457 1980410 1944391 1860405 1896448 1932407 2088425 1836443 1872373 1884455 1872452 1932388 1980479 1896409 1932467 1860370 1956449 2016428 2292538 1944442 1872394 1980476 2088474 1896425 2076501 2064419 2016408 1812435 2052433 2028426 1980399 1920460 2016463 1800363 2016487 1992402 1956473 1872439 1980400 1800385 2136478 1752401 1956424 1920464 1956472 1944390 1896453 1944393 1908382 1812410 1812358 1968405 2088437 1776370 2040480 2076422 1764347 1788432 2136495 1860421 1956472 1728357 1920391 2016408 1728346 1896457 2172525 1920464 2112431 2184489 1956434]
Requests Number (per Connection):  [152 171 151 170 177 181 167 150 168 154 173 170 158 154 157 155 155 160 154 171 156 175 172 156 165 167 173 146 171 161 166 173 171 160 165 156 160 152 165 165 162 164 172 162 158 161 180 171 158 151 162 171 172 155 148 168 163 162 165 172 154 164 159 159 160 156 180 155 168 165 159 168 172 160 146 158 161 162 160 158 170 175 144 168 159 158 148 165 157 147 159 169 160 168 186 169 140 164 168 151 174 164 169 157 149 167 167 156 173 159 163 152 158 172 173 183 152 167 153 149 166 158 147 171 156 159 165 160 155 172 153 176 162 151 182 149 162 152 155 162 158 158 172 149 161 145 159 169 166 149 166 158 157 160 171 155 152 161 167 156 166 159 167 160 160 165 161 166 181 160 175 182 162 142 167 164 159 159 176 161 158 135 159 166 161 169 149 168 161 155 170 163 167 147 162 165 162 149 162 154 162 153 160 152 154 159 171 167 152 170 158 174 158 161 163 161 180 164 162 146 159 180 159 155 174 151 161 157 153 158 165 162 155 158 161 174 153 156 157 156 161 165 158 161 155 163 168 191 162 156 165 174 158 173 172 168 151 171 169 165 160 168 150 168 166 163 156 165 150 178 146 163 160 163 162 158 162 159 151 151 164 174 148 170 173 147 149 178 155 163 144 160 168 144 158 181 160 176 182 163]
Requests/sec:  6740.951025390625 KB
Transfer/sec:  16230.342757161457 KB

