2023-12-05 17:23:23.953761878 +0800 CST m=+18154.461069735
Running 1m0s myx-test @ https://192.168.12.127:6443/apis/batch/v1/namespaces/myx-test/cronjobs
3 connections
Requests/bytes (per Connection):  [35500198 37133586 39853085]
Response/bytes (per Connection):  [53500556 55962156 60060499]
Requests Number (per Connection):  [4086 4274 4587]
Requests/sec:  1830.840966796875 KB
Transfer/sec:  4590.0078125 KB

2023-12-05 17:25:04.277263888 +0800 CST m=+18254.784571749
Running 1m0s myx-test @ https://192.168.12.127:6443/apis/batch/v1/namespaces/myx-test/cronjobs
6 connections
Requests/bytes (per Connection):  [33823419 34466391 33032740 33710506 33302089 34744365]
Response/bytes (per Connection):  [50973513 51942462 49781969 50803313 50187878 52361433]
Requests Number (per Connection):  [3893 3967 3802 3880 3833 3999]
Requests/sec:  3305.33056640625 KB
Transfer/sec:  8286.62236328125 KB

2023-12-05 17:26:44.593133108 +0800 CST m=+18355.100440967
Running 1m0s myx-test @ https://192.168.12.127:6443/apis/batch/v1/namespaces/myx-test/cronjobs
9 connections
Requests/bytes (per Connection):  [29644424 30930210 29696410 29444581 30087553 30339372 30148230 31173494 31277760]
Response/bytes (per Connection):  [44675506 46613325 44753996 44374346 45343295 45722940 45434880 46979953 47137080]
Requests Number (per Connection):  [3412 3560 3418 3389 3463 3492 3470 3588 3600]
Requests/sec:  4439.160709635416 KB
Transfer/sec:  11129.188720703125 KB

2023-12-05 17:28:24.915542622 +0800 CST m=+18455.422850493
Running 1m0s myx-test @ https://192.168.12.127:6443/apis/batch/v1/namespaces/myx-test/cronjobs
15 connections
Requests/bytes (per Connection):  [21903033 21703344 22624198 22806809 22876209 22737237 22728462 22780596 22893573 22841543 22650339 21868291 22728476 21781541 21824984]
Response/bytes (per Connection):  [33009006 32707923 34095797 34370842 34475538 34266060 34252923 34331487 34501719 34423207 34135116 32956637 34252930 32825767 32891236]
Requests Number (per Connection):  [2521 2498 2604 2625 2633 2617 2616 2622 2635 2629 2607 2517 2616 2507 2512]
Requests/sec:  5480.934814453125 KB
Transfer/sec:  13740.963916015626 KB

2023-12-05 17:30:05.248334066 +0800 CST m=+18555.755641927
Running 1m0s myx-test @ https://192.168.12.127:6443/apis/batch/v1/namespaces/myx-test/cronjobs
30 connections
Requests/bytes (per Connection):  [10695211 10052311 10564938 10078446 10443294 10373796 10591007 10660519 10156567 10312965 10469365 10573627 10547552 10434609 10130500 10217388 10486727 10573595 10903805 9869882 10834289 10356408 10712647 10469363 10469365 10234766 10512808 10330365 10365097 10130500]
Response/bytes (per Connection):  [16118240 15149327 15921861 15188643 15738546 15633801 15961144 16065896 15306449 15542139 15777830 15934955 15895669 15725454 15267167 15398106 15804010 15934939 16432525 14874373 16327771 15607608 16144457 15777829 15777830 15424294 15843299 15568338 15620702 15267167]
Requests Number (per Connection):  [1231 1157 1216 1160 1202 1194 1219 1227 1169 1187 1205 1217 1214 1201 1166 1176 1207 1217 1255 1136 1247 1192 1233 1205 1205 1178 1210 1189 1193 1166]
Requests/sec:  5087.1046875 KB
Transfer/sec:  12753.614599609375 KB

2023-12-05 17:31:45.652000611 +0800 CST m=+18656.159308472
Running 1m0s myx-test @ https://192.168.12.127:6443/apis/batch/v1/namespaces/myx-test/cronjobs
60 connections
Requests/bytes (per Connection):  [5065263 4969678 5039184 4830660 5047871 5039184 4882860 4821963 4813366 5186901 4917608 4769829 4952352 5091316 4987052 4795996 4891549 4960983 4995739 5091316 4978361 5100005 5004440 4752457 4926229 4926295 5056574 5143450 4900164 5204271 5134779 4969672 4978367 5004428 4987102 4943623 4865446 4891475 5100031 4995739 4830652 5100031 4804589 5030495 4995757 4865488 4952296 5047881 5047873 4917540 5004428 4830652 4934918 5021806 5073970 5030499 5004476 4934982 4908883 4969728]
Response/bytes (per Connection):  [7633590 7489553 7594302 7280052 7607395 7594302 7358649 7266954 7253906 7816902 7411021 7188390 7463391 7672865 7515739 7227722 7371743 7476456 7528832 7672865 7502644 7685959 7541932 7162205 7424081 7424114 7620496 7751429 7384800 7843086 7738344 7489550 7502647 7541926 7515764 7450277 7332443 7371706 7685972 7528832 7280048 7685972 7240768 7581208 7528841 7332464 7463363 7607400 7607396 7410987 7541926 7280048 7437175 7568114 7646693 7581210 7541950 7437207 7397909 7489578]
Requests Number (per Connection):  [583 572 580 556 581 580 562 555 554 597 566 549 570 586 574 552 563 571 575 586 573 587 576 547 567 567 582 592 564 599 591 572 573 576 574 569 560 563 587 575 556 587 553 579 575 560 570 581 581 566 576 556 568 578 584 579 576 568 565 572]
Requests/sec:  4855.47724609375 KB
Transfer/sec:  12172.910400390625 KB

2023-12-05 17:33:26.084078988 +0800 CST m=+18756.591386856
Running 1m0s myx-test @ https://192.168.12.127:6443/apis/batch/v1/namespaces/myx-test/cronjobs
90 connections
Requests/bytes (per Connection):  [3553557 3623067 3718512 3397159 3510106 3509956 3562246 3527480 3440588 3640331 3449293 3544730 3614280 3631758 3579578 3397159 3622941 3501425 3492608 3483931 3553399 3614346 3701254 3614230 3440472 3579624 3449177 3588203 3501309 3553419 3631738 3492630 3614246 3388470 3553435 3527430 3510046 3527448 3623051 3675043 3484047 3640287 3570863 3570935 3527334 3483979 3536179 3640331 3536181 3657723 3605689 3562162 3570935 3449169 3623067 3579624 3675201 3518793 3640321 3588313 3588219 3614368 3918329 3588295 3649134 3605665 3466517 3483905 3649018 3588237 3475358 3527416 3449253 3397033 3379781 3501267 3649134 3631756 3457822 3614380 3605691 3475310 3510102 3597002 3518643 3570935 3544870 3423228 3501397 3640287]
Response/bytes (per Connection):  [5355324 5460075 5604042 5119634 5289851 5289776 5368418 5316037 5185096 5486206 5198198 5342161 5446932 5473170 5394583 5119634 5460012 5276761 5263603 5250515 5355245 5446965 5577914 5446907 5185038 5394606 5198140 5407645 5276703 5355255 5473160 5263614 5446915 5106540 5355263 5316012 5289821 5316021 5460067 5538560 5250573 5486184 5381476 5381512 5315964 5250539 5329136 5486206 5329137 5512401 5433887 5368376 5381512 5198136 5460075 5394606 5538639 5302944 5486201 5407700 5407653 5446976 5905189 5407691 5499357 5433875 5224309 5250502 5499299 5407662 5237479 5316005 5198178 5119571 5093446 5276682 5499357 5473169 5211212 5446982 5433888 5237455 5289849 5420794 5302869 5381512 5342231 5158917 5276747 5486184]
Requests Number (per Connection):  [409 417 428 391 404 404 410 406 396 419 397 408 416 418 412 391 417 403 402 401 409 416 426 416 396 412 397 413 403 409 418 402 416 390 409 406 404 406 417 423 401 419 411 411 406 401 407 419 407 421 415 410 411 397 417 412 423 405 419 413 413 416 451 413 420 415 399 401 420 413 400 406 397 391 389 403 420 418 398 416 415 400 404 414 405 411 408 394 403 419]
Requests/sec:  5208.710286458333 KB
Transfer/sec:  13058.493212890626 KB

2023-12-05 17:35:06.487041198 +0800 CST m=+18856.994349063
Running 1m0s myx-test @ https://192.168.12.127:6443/apis/batch/v1/namespaces/myx-test/cronjobs
150 connections
Requests/bytes (per Connection):  [2215485 2354563 2345824 2258938 2137284 2232861 2337127 2319805 2380624 2276304 2337187 2180735 2345814 2302443 2363194 2441431 2345876 2189416 2215573 2198131 2293710 2328442 2406637 2371935 2302437 2380622 2354565 2137282 2319749 2363196 2311060 2145973 2172040 2424015 2215483 2319749 2328438 2424015 2232861 2128671 2319749 2415326 2302375 2146075 2389263 2215483 2154732 2285067 2415330 2302371 2250321 2371887 2397948 2311062 2172138 2363192 2345874 2319749 2467458 2241550 2258928 2259006 2345816 2354503 2319749 2154662 2302375 2354563 2363194 2241550 2397998 2241550 2363194 2363194 2293682 2484864 2293688 2380574 2284997 2250281 2493525 2180729 2319815 2293686 2397948 2250323 2424059 2267695 2354509 2328494 2302371 2189454 2397948 2293686 2337137 2180749 2510903 2328438 2363192 2328438 2380572 2345814 2258928 2172042 2284999 2458771 2337155 2276306 2285069 2163355 2276312 2389263 2502238 2215573 2363192 2345870 2424015 2389259 2354563 2250239 2267695 2293684 2293682 2163349 2337127 2363246 2232877 2224260 2345816 2145971 2354541 2311064 2284997 2241550 2258926 2250239 2302373 2232861 2328502 2380624 2250237 2302371 2380622 2363208 2198109 2432712 2302373 2319753 2363192 2380570]
Response/bytes (per Connection):  [3338865 3548396 3535277 3404339 3221019 3365052 3522179 3496019 3587675 3430521 3522209 3286492 3535272 3469839 3561461 3679325 3535303 3299582 3338909 3312689 3456723 3509087 3626930 3574581 3469836 3587674 3548397 3221018 3495991 3561462 3482897 3234113 3273395 3653118 3338864 3495991 3509085 3653118 3365052 3207963 3495991 3640024 3469805 3234164 3600744 3338864 3247242 3443652 3640026 3469803 3391281 3574557 3613836 3482898 3273444 3561460 3535302 3495991 3718587 3378146 3404334 3404373 3535273 3548366 3495991 3247207 3469805 3548396 3561461 3378146 3613861 3378146 3561461 3561461 3456709 3744789 3456712 3587650 3443617 3391261 3757869 3286489 3496024 3456711 3613836 3391282 3653140 3417467 3548369 3509113 3469803 3299601 3613836 3456711 3522184 3286499 3784057 3509085 3561460 3509085 3587649 3535272 3404334 3273396 3443618 3705494 3522193 3430522 3443653 3260303 3430525 3600744 3770975 3338909 3561460 3535300 3653118 3600742 3548396 3391240 3417467 3456710 3456709 3260300 3522179 3561487 3365060 3352002 3535273 3234112 3548385 3482899 3443617 3378146 3404333 3391240 3469804 3365052 3509117 3587675 3391239 3469803 3587674 3561468 3312678 3666216 3469804 3495993 3561460 3587648]
Requests Number (per Connection):  [255 271 270 260 246 257 269 267 274 262 269 251 270 265 272 281 270 252 255 253 264 268 277 273 265 274 271 246 267 272 266 247 250 279 255 267 268 279 257 245 267 278 265 247 275 255 248 263 278 265 259 273 276 266 250 272 270 267 284 258 260 260 270 271 267 248 265 271 272 258 276 258 272 272 264 286 264 274 263 259 287 251 267 264 276 259 279 261 271 268 265 252 276 264 269 251 289 268 272 268 274 270 260 250 263 283 269 262 263 249 262 275 288 255 272 270 279 275 271 259 261 264 264 249 269 272 257 256 270 247 271 266 263 258 260 259 265 257 268 274 259 265 274 272 253 280 265 267 272 274]
Requests/sec:  5634.081673177084 KB
Transfer/sec:  14124.91123046875 KB

2023-12-05 17:36:46.989876019 +0800 CST m=+18957.497183876
Running 1m0s myx-test @ https://192.168.12.127:6443/apis/batch/v1/namespaces/myx-test/cronjobs
300 connections
Requests/bytes (per Connection):  [1337934 1398737 1320538 1320552 1485661 1407584 1329271 1242473 1364119 1251064 1407584 1277095 1390208 1477096 1294473 1459572 1277105 1355294 1294577 1146920 1372676 1433545 1372672 1233652 1407428 1277095 1372716 1511704 1494354 1181656 1416257 1294473 1251030 1381359 1355294 1311909 1216292 1433533 1468307 1407584 1485625 1303162 1259799 1390074 1433521 1311869 1337932 1459560 1346609 1433521 1294631 1242477 1312007 1303162 1416117 1381421 1459602 1381519 1242497 1398737 1433609 1303280 1442340 1338076 1268406 1251186 1372798 1251186 1311877 1355396 1381403 1364069 1363983 1320540 1381361 1442182 1346605 1320652 1329315 1285940 1338042 1494474 1407474 1338040 1372672 1233680 1251152 1259875 1355452 1364075 1363983 1294473 1355294 1381445 1337972 1424912 1268526 1259827 1294513 1407428 1312007 1468379 1503161 1442340 1424910 1363983 1407470 1450871 1381471 1251138 1355306 1294471 1407426 1320538 1390206 1537917 1268498 1181516 1381359 1311865 1450871 1311849 1251084 1242497 1294631 1346605 1338066 1320676 1381475 1303318 1312007 1372672 1372672 1346611 1381401 1337916 1424804 1364141 1633338 1251086 1364059 1355294 1294473 1416275 1416157 1320592 1416165 1476992 1416115 1285882 1546486 1468405 1355294 1355334 1320698 1372672 1390108 1416169 1485749 1442182 1424942 1259875 1416173 1485627 1407494 1312009 1268564 1277095 1468407 1285784 1416115 1268406 1216372 1407586 1277253 1346763 1407428 1381391 1311851 1346671 1398895 1337918 1346679 1363983 1468313 1337948 1320696 1233678 1294629 1242341 1294625 1450941 1407584 1338074 1242497 1346605 1450871 1268418 1364005 1424964 1294489 1468317 1320608 1346745 1320614 1294597 1294547 1381361 1294629 1268406 1511692 1476938 1338068 1407528 1450979 1242433 1277095 1424822 1381505 1424804 1381447 1294563 1424814 1398895 1372794 1355446 1363983 1329385 1476938 1233788 1346763 1285942 1390074 1363983 1433493 1459576 1303318 1363983 1251186 1329349 1199052 1381519 1407516 1242445 1303240 1329227 1485625 1503075 1303318 1320650 1337988 1459576 1433631 1398737 1355430 1329387 1320698 1485705 1320664 1416255 1268556 1320608 1390048 1390050 1216300 1303288 1329369 1433533 1364087 1407428 1259795 1563972 1285942 1390086 1390166 1277133 1363983 1433629 1476974 1277125 1372820 1303318 1511692 1346763 1468249 1442246 1346639 1390062 1364121 1355302 1268460 1398751 1294597 1468323 1329241 1424806 1346605 1398737 1225095 1268514]
Response/bytes (per Connection):  [2016390 2108038 1990193 1990200 2238995 2121211 2003309 1872415 2055731 1885460 2121211 1924724 2095024 2225963 1950912 2199702 1924729 2042569 1950964 1728394 2068759 2160440 2068757 1859255 2121133 1924724 2068779 2278265 2252091 1780760 2134297 1950912 1885443 2081850 2042569 1977129 1833076 2160434 2212819 2121211 2238977 1964006 1898577 2094957 2160428 1977109 2016389 2199696 2029477 2160428 1950991 1872417 1977178 1964006 2134227 2081881 2199717 2081930 1872427 2108038 2160472 1964065 2173587 2016461 1911630 1885521 2068820 1885521 1977113 2042620 2081872 2055706 2055663 1990194 2081851 2173508 2029475 1990250 2003331 1937896 2016444 2252151 2121156 2016443 2068757 1859269 1885504 1898615 2042648 2055709 2055663 1950912 2042569 2081893 2016409 2147374 1911690 1898591 1950932 2121133 1977178 2212855 2265244 2173587 2147373 2055663 2121154 2186602 2081906 1885497 2042575 1950911 2121132 1990193 2095023 2317620 1911676 1780690 2081850 1977107 2186602 1977099 1885470 1872427 1950991 2029475 2016456 1990262 2081908 1964084 1977178 2068757 2068757 2029478 2081871 2016381 2147320 2055742 2461575 1885471 2055701 2042569 1950912 2134306 2134247 1990220 2134251 2225911 2134226 1937867 2330654 2212868 2042569 2042589 1990273 2068757 2094974 2134253 2239039 2173508 2147389 1898615 2134255 2238978 2121166 1977179 1911709 1924724 2212869 1937818 2134226 1911630 1833116 2121212 1924803 2029554 2121133 2081866 1977100 2029508 2108117 2016382 2029512 2055663 2212822 2016397 1990272 1859268 1950990 1872349 1950988 2186637 2121211 2016460 1872427 2029475 2186602 1911636 2055674 2147400 1950920 2212824 1990228 2029545 1990231 1950974 1950949 2081851 1950990 1911630 2278259 2225884 2016457 2121183 2186656 1872395 1924724 2147329 2081923 2147320 2081894 1950957 2147325 2108117 2068818 2042645 2055663 2003366 2225884 1859323 2029554 1937897 2094957 2055663 2160414 2199704 1964084 2055663 1885521 2003348 1806957 2081930 2121177 1872401 1964045 2003287 2238977 2265201 1964084 1990249 2016417 2199704 2160483 2108038 2042637 2003367 1990273 2239017 1990256 2134296 1911705 1990228 2094944 2094945 1833080 1964069 2003358 2160434 2055715 2121133 1898575 2356896 1937897 2094963 2095003 1924743 2055663 2160482 2225902 1924739 2068831 1964084 2278259 2029554 2212790 2173540 2029492 2094951 2055732 2042573 1911657 2108045 1950974 2212827 2003294 2147321 2029475 2108038 1846227 1911684]
Requests Number (per Connection):  [154 161 152 152 171 162 153 143 157 144 162 147 160 170 149 168 147 156 149 132 158 165 158 142 162 147 158 174 172 136 163 149 144 159 156 151 140 165 169 162 171 150 145 160 165 151 154 168 155 165 149 143 151 150 163 159 168 159 143 161 165 150 166 154 146 144 158 144 151 156 159 157 157 152 159 166 155 152 153 148 154 172 162 154 158 142 144 145 156 157 157 149 156 159 154 164 146 145 149 162 151 169 173 166 164 157 162 167 159 144 156 149 162 152 160 177 146 136 159 151 167 151 144 143 149 155 154 152 159 150 151 158 158 155 159 154 164 157 188 144 157 156 149 163 163 152 163 170 163 148 178 169 156 156 152 158 160 163 171 166 164 145 163 171 162 151 146 147 169 148 163 146 140 162 147 155 162 159 151 155 161 154 155 157 169 154 152 142 149 143 149 167 162 154 143 155 167 146 157 164 149 169 152 155 152 149 149 159 149 146 174 170 154 162 167 143 147 164 159 164 159 149 164 161 158 156 157 153 170 142 155 148 160 157 165 168 150 157 144 153 138 159 162 143 150 153 171 173 150 152 154 168 165 161 156 153 152 171 152 163 146 152 160 160 140 150 153 165 157 162 145 180 148 160 160 147 157 165 170 147 158 150 174 155 169 166 155 160 157 156 146 161 149 169 153 164 155 161 141 146]
Requests/sec:  6630.858056640625 KB
Transfer/sec:  16623.904345703126 KB

