2023-12-05 10:58:04.737987352 +0800 CST m=+60.464189079
Running 1m0s myx-test @ https://192.168.12.127:6443/apis/apps/v1/namespaces/myx-test/daemonsets
3 connections
Requests/bytes (per Connection):  [9514442 8683292 5826378]
Response/bytes (per Connection):  [15047592 13733418 9214931]
Requests Number (per Connection):  [1099 1003 673]
Requests/sec:  391.01744791666664 KB
Transfer/sec:  1009.440966796875 KB

2023-12-05 10:59:45.130277492 +0800 CST m=+160.856479238
Running 1m0s myx-test @ https://192.168.12.127:6443/apis/apps/v1/namespaces/myx-test/daemonsets
6 connections
Requests/bytes (per Connection):  [7055630 7012342 4415244 4389274 8051274 7860802]
Response/bytes (per Connection):  [11159810 11091356 6983022 6941945 12734097 12432933]
Requests Number (per Connection):  [815 810 510 507 930 908]
Requests/sec:  631.2592122395833 KB
Transfer/sec:  1629.6830891927084 KB

2023-12-05 11:01:25.690336146 +0800 CST m=+261.416537886
Running 1m0s myx-test @ https://192.168.12.127:6443/apis/apps/v1/namespaces/myx-test/daemonsets
9 connections
Requests/bytes (per Connection):  [6155374 6181348 4094822 7306800 4181446 7384670 4164192 6190004 7376060]
Response/bytes (per Connection):  [9735131 9776195 6477053 11556206 6613655 11679732 6585875 9789897 11665723]
Requests Number (per Connection):  [711 714 473 844 483 853 481 715 852]
Requests/sec:  863.1952473958333 KB
Transfer/sec:  2228.420947265625 KB

2023-12-05 11:03:06.125421142 +0800 CST m=+361.851622888
Running 1m0s myx-test @ https://192.168.12.127:6443/apis/apps/v1/namespaces/myx-test/daemonsets
15 connections
Requests/bytes (per Connection):  [3618800 3670706 5679184 5670540 6467056 3670628 3670602 5722394 5921604 5687752 5644566 3627404 6570950 6224636 5921524]
Response/bytes (per Connection):  [5723142 5805549 8982291 8968520 10227941 5806035 5806202 9051246 9365583 8996549 8927456 5737178 10392211 9844649 9366083]
Requests Number (per Connection):  [418 424 656 655 747 424 424 661 684 657 652 419 759 719 684]
Requests/sec:  1265.76083984375 KB
Transfer/sec:  3267.724300130208 KB

2023-12-05 11:04:46.593485684 +0800 CST m=+462.319687424
Running 1m0s myx-test @ https://192.168.12.127:6443/apis/apps/v1/namespaces/myx-test/daemonsets
30 connections
Requests/bytes (per Connection):  [4874020 4908652 3125302 3021398 4553694 3004086 3012658 4648958 3082014 2995408 4726946 3030016 3056002 4553682 4657576 4475762 4579656 4622962 4683664 4545028 2952110 4986576 4718180 4951998 4458450 4562468 2995366 4614290 4934686 4960646]
Response/bytes (per Connection):  [7709112 7763864 4942870 4778670 7202531 4751266 4765496 7352932 4874416 4737703 7475707 4792608 4833603 7202600 7366870 7079394 7243664 7312007 7407211 7188899 4669319 7887057 7462700 7831957 7052005 7215482 4737967 7298417 7804553 7845700]
Requests Number (per Connection):  [563 567 361 349 526 347 348 537 356 346 546 350 353 526 538 517 529 534 541 525 341 576 545 572 515 527 346 533 570 573]
Requests/sec:  2022.9859049479167 KB
Transfer/sec:  5222.637272135416 KB

2023-12-05 11:06:27.064827453 +0800 CST m=+562.791029180
Running 1m0s myx-test @ https://192.168.12.127:6443/apis/apps/v1/namespaces/myx-test/daemonsets
60 connections
Requests/bytes (per Connection):  [2501944 3627456 3653278 2536574 2553890 2501944 4259336 3990984 2449996 2458654 3618798 4025704 3688026 3774536 4025718 3895848 2623154 4025558 3653430 3653272 3895712 3705378 2398050 4051532 4077506 3523526 2458654 3618640 3930424 3973612 3610142 3592826 3809112 3982270 2588522 2484654 3904506 3843744 3644642 2614496 2493286 2467312 2579870 3765894 3636114 2527918 2536576 3644684 3774640 3705376 2562556 3627456 3696596 3653334 4094832 2588522 3783296 2527932 3982270 3809270]
Response/bytes (per Connection):  [3957223 5736844 5778882 4011989 4039365 3957223 6737041 6312421 3875095 3888783 5723156 6366617 5832897 5970222 6366549 6161214 4148869 6367549 5777908 5778909 6162076 5860036 3792953 6408613 6449662 5572811 3888783 5724157 6216313 6285407 5709454 5682078 6025321 6299095 4094117 3929680 6174902 6080073 5765055 4135181 3943535 3902471 4080402 5956422 5750532 3998287 4011975 5764791 5969554 5860050 4052997 5736844 5847141 5778520 6476998 4094117 5983256 3998189 6299095 6024320]
Requests Number (per Connection):  [289 419 422 293 295 289 492 461 283 284 418 465 426 436 465 450 303 465 422 422 450 428 277 468 471 407 284 418 454 459 417 415 440 460 299 287 451 444 421 302 288 285 298 435 420 292 293 421 436 428 296 419 427 422 473 299 437 292 460 440]
Requests/sec:  3298.889680989583 KB
Transfer/sec:  8516.565771484375 KB

2023-12-05 11:42:40.209089152 +0800 CST m=+60.484154206
Running 1m0s myx-test @ https://192.168.12.127:6443/apis/apps/v1/namespaces/myx-test/daemonsets
90 connections
Requests/bytes (per Connection):  [3047384 2199012 3142602 2986782 3185908 3220462 3462958 3133964 2129662 2112436 3229140 2147054 2224980 3324398 3272432 3246364 3107988 2129688 2891542 3255114 3012700 2138392 3272338 2112346 2172946 3203206 3229054 2224894 3056040 3263832 2077820 2121004 3038636 3255044 3177254 2112346 2164308 2095142 2112346 2138320 3376336 3229198 3116648 2969464 2995364 2216236 2917520 3030070 3211880 3246514 3142622 3107940 3177254 3194550 3099332 3142618 3099334 3220532 2147012 2173044 2181702 3142526 3307118 2181662 3402232 3073356 2069170 2147014 2224894 3246502 3073320 2146974 3056044 2095030 3376376 3263832 2121054 3142510 3246366 3055970 3255174 3073360 2129662 3030014 3272486 2943492 2181608 3194498 3177250 3012660]
Response/bytes (per Connection):  [4819650 3477517 4970358 4723821 5038686 5093939 5476744 4956545 3368570 3340624 5107502 3395459 3518623 5257945 5175928 5135447 4915480 3368403 4573252 5148566 4765232 3381799 5176526 3341194 3437037 5066188 5108044 3519165 4833352 5161879 3285760 3354882 4806547 5149011 5024985 3341194 3423224 3313094 3341194 3382258 5340143 5107126 4929169 4696444 4737981 3505477 4614303 4792275 5079764 5134502 4970233 4915786 5024985 5052486 4901793 4970246 4901779 5093494 3395723 3436411 3450114 4970830 5230332 3450364 5381693 4860728 3272031 3395709 3519165 5134586 4860965 3395959 4833339 3313818 5339878 5161879 3354562 4970927 5135448 4833797 5148191 4860715 3368570 4792622 5175580 4655381 3450712 5052805 5024998 4765497]
Requests Number (per Connection):  [352 254 363 345 368 372 400 362 246 244 373 248 257 384 378 375 359 246 334 376 348 247 378 244 251 370 373 257 353 377 240 245 351 376 367 244 250 242 244 247 390 373 360 343 346 256 337 350 371 375 363 359 367 369 358 363 358 372 248 251 252 363 382 252 393 355 239 248 257 375 355 248 353 242 390 377 245 363 375 353 376 355 246 350 378 340 252 369 367 348]
Requests/sec:  4135.175162760416 KB
Transfer/sec:  10675.489925130209 KB

2023-12-05 11:49:59.704731637 +0800 CST m=+60.464692256
Running 1m0s myx-test @ https://192.168.12.127:6443/apis/apps/v1/namespaces/myx-test/daemonsets
150 connections
Requests/bytes (per Connection):  [2337444 2233630 1774724 2354760 2164290 1705548 2320194 1731414 1748814 1740202 2432700 1740060 2406708 2354776 1670954 2302814 2285498 1722774 2475976 2380786 2216240 1714086 1601694 2268242 2250944 1644892 1740118 2224980 2268182 2354772 2294156 2155632 2354776 1757508 2181604 2250866 1653640 2198920 1774692 2268186 2207578 1662140 2398050 1653482 2172992 2389440 1688114 2216236 2242210 2242208 1714192 2389392 1757374 1688120 2242292 2224968 2181660 2233552 2320142 1696928 2406708 2406708 1809322 2164362 1696928 1670906 2389392 2233634 2346104 2181700 2363418 2259524 1696928 2380734 2311472 1783344 2432682 1714092 1748812 1688272 2406708 2346162 2441340 2424024 2216240 2207578 2129718 2398050 1722744 2363466 2259584 2190314 2224892 2372086 2242208 1731412 2311520 1748718 1714122 1670898 2328788 2285504 2129658 2424024 1843954 2164390 1757442 2337446 2302862 2346104 1757376 2190356 2164358 2103760 2302816 1731424 1662156 2320194 2389416 2207582 2250866 1766078 1705536 1748842 2398096 2233552 2216236 2354788 1748714 2224894 2424024 2190262 2242214 2484628 2363434 1679508 2363472 1740060 2311472 2337446 2328850 2415366 2198956 2363444 1696766 1783350 2233636 1740060 2424022 1653482]
Response/bytes (per Connection):  [3697137 3532367 2807097 3724513 3423335 2697037 3669344 2738782 2765630 2751650 3847594 2752554 3806641 3724416 2642049 3642371 3614995 2724983 3916132 3765258 3505464 2711490 2532517 3587244 3559757 2601541 2752178 3518623 3587619 3724444 3628683 3409647 3724416 2779081 3450725 3560243 2614659 3478101 2807306 3587606 3491789 2629348 3792953 2615660 3436745 3778959 2670412 3505477 3546541 3546555 2710808 3779265 2779944 2670370 3546027 3518707 3450378 3532853 3669678 2683113 3806641 3806641 2862072 3422891 2683113 2642340 3779265 3532324 3710811 3450113 3738201 3573931 2683113 3765577 3656059 2821021 3847705 2711448 2765644 2669411 3806641 3710450 3861393 3834017 3505464 3491789 3368208 3792953 2725178 3737895 3573556 3464094 3519179 3751834 3546555 2738796 3655753 2766242 2711253 2642396 3683435 3614968 3368583 3834017 2916824 3422710 2779498 3697123 3642080 3710811 2779930 3463815 3422919 3327047 3642357 2738712 2629236 3669344 3779112 3491776 3560228 2793340 2697106 2765449 3792661 3532853 3505477 3724347 2766255 3519165 3834017 3464413 3546528 3929847 3738104 2656390 3737853 2752554 3656059 3697123 3683046 3820329 3477879 3738034 2684127 2820994 3532325 2752554 3834031 2615660]
Requests Number (per Connection):  [270 258 205 272 250 197 268 200 202 201 281 201 278 272 193 266 264 199 286 275 256 198 185 262 260 190 201 257 262 272 265 249 272 203 252 260 191 254 205 262 255 192 277 191 251 276 195 256 259 259 198 276 203 195 259 257 252 258 268 196 278 278 209 250 196 193 276 258 271 252 273 261 196 275 267 206 281 198 202 195 278 271 282 280 256 255 246 277 199 273 261 253 257 274 259 200 267 202 198 193 269 264 246 280 213 250 203 270 266 271 203 253 250 243 266 200 192 268 276 255 260 204 197 202 277 258 256 272 202 257 280 253 259 287 273 194 273 201 267 270 269 279 254 273 196 206 258 201 280 191]
Requests/sec:  5136.031184895834 KB
Transfer/sec:  13259.335595703125 KB

