2023-12-05 13:10:03.578210548 +0800 CST m=+2954.085518407
Running 1m0s myx-test @ https://192.168.12.127:6443/apis/apps/v1/namespaces/myx-test/deployments
3 connections
Requests/bytes (per Connection):  [22284123 19057413 21052405]
Response/bytes (per Connection):  [36547211 31255157 34527109]
Requests Number (per Connection):  [2569 2197 2427]
Requests/sec:  1015.5263834635417 KB
Transfer/sec:  2681.04521484375 KB

2023-12-05 13:11:44.026966213 +0800 CST m=+3054.534274088
Running 1m0s myx-test @ https://192.168.12.127:6443/apis/apps/v1/namespaces/myx-test/deployments
6 connections
Requests/bytes (per Connection):  [15127894 12300070 15691753 12248026 15631030 15153913]
Response/bytes (per Connection):  [24810582 20172806 25735321 20087450 25635734 24853257]
Requests Number (per Connection):  [1744 1418 1809 1412 1802 1747]
Requests/sec:  1402.22470703125 KB
Transfer/sec:  3701.9504557291666 KB

2023-12-05 13:13:24.408337937 +0800 CST m=+3154.915645807
Running 1m0s myx-test @ https://192.168.12.127:6443/apis/apps/v1/namespaces/myx-test/deployments
9 connections
Requests/bytes (per Connection):  [11371877 14060931 14303931 14113005 11519430 11510661 14060959 13922157 14035024]
Response/bytes (per Connection):  [18650549 23060723 23459179 23146109 18892486 18878165 23060751 22833117 23018160]
Requests Number (per Connection):  [1311 1621 1649 1627 1328 1327 1621 1605 1618]
Requests/sec:  1935.1883951822917 KB
Transfer/sec:  5109.004134114583 KB

2023-12-05 13:15:04.809707393 +0800 CST m=+3255.317015265
Running 1m0s myx-test @ https://192.168.12.127:6443/apis/apps/v1/namespaces/myx-test/deployments
15 connections
Requests/bytes (per Connection):  [8821789 10773420 10860208 8761068 10834107 10834169 8726312 10799487 10842858 10825512 8743716 10660633 10704012 10756114 8509499]
Response/bytes (per Connection):  [14468173 17669004 17811312 14368588 17768555 17768617 14311624 17711727 17782858 17754408 14340132 17484041 17555180 17640594 13956011]
Requests Number (per Connection):  [1017 1242 1252 1010 1249 1249 1006 1245 1250 1248 1008 1229 1234 1240 981]
Requests/sec:  2465.053776041667 KB
Transfer/sec:  6507.873177083334 KB

2023-12-05 13:16:45.219602329 +0800 CST m=+3355.726910188
Running 1m0s myx-test @ https://192.168.12.127:6443/apis/apps/v1/namespaces/myx-test/deployments
30 connections
Requests/bytes (per Connection):  [7286360 7338476 6167407 6046013 7338400 7208321 6124088 6228152 7321054 6202003 7381779 6236701 7381773 7295025 7407798 7416525 7260363 5959235 7277675 5941915 7303700 7364423 7234306 7312403 7286460 5993849 6098063 7312381 7329729 7364423]
Response/bytes (per Connection):  [11950040 12035468 10114879 9915757 12035392 11822033 10043800 10214488 12006942 10171683 12106531 10228589 12106525 11964257 12149206 12163485 11907387 9773459 11935803 9745035 11978484 12078071 11864674 11992739 11950140 9830281 10001119 11992717 12021169 12078071]
Requests Number (per Connection):  [840 846 711 697 846 831 706 718 844 715 851 719 851 841 854 855 837 687 839 685 842 849 834 843 840 691 703 843 845 849]
Requests/sec:  3375.95703125 KB
Transfer/sec:  8912.711979166666 KB

2023-12-05 13:18:25.627286744 +0800 CST m=+3456.134594605
Running 1m0s myx-test @ https://192.168.12.127:6443/apis/apps/v1/namespaces/myx-test/deployments
60 connections
Requests/bytes (per Connection):  [3938040 4580116 4605999 4701474 3894667 4701520 4684148 4614678 4007444 4380471 3920724 4571301 4519253 4614802 4059572 4710099 4597330 4571443 3990154 4588651 3990246 3912173 4580086 4484601 4796843 3877413 4692745 4701420 4623355 4085513 4796855 4050861 3886052 4033469 4614736 4042140 4632026 4649458 4684074 3938182 3764592 4692745 4588651 4016115 4710109 4606001 4666722 3738567 4718778 4605997 4658069 3920842 4675399 4606001 3842739 4753470 4684072 4632106 4579988 4848893]
Response/bytes (per Connection):  [6458648 7511572 7554111 7710658 6387515 7710704 7682228 7568342 6572468 7184231 6430228 7497205 7411845 7568466 6657908 7724835 7539890 7497347 6544074 7525659 6544166 6416125 7511542 7354985 7867099 6359157 7696377 7710604 7582571 6700505 7867111 6643645 6373348 6615149 7568400 6629372 7596794 7625330 7682154 6458790 6174160 7696377 7525659 6586691 7724845 7554113 7653698 6131479 7739066 7554109 7639493 6430346 7667927 7554113 6302275 7795966 7682152 7596874 7511444 7952461]
Requests Number (per Connection):  [454 528 531 542 449 542 540 532 462 505 452 527 521 532 468 543 530 527 460 529 460 451 528 517 553 447 541 542 533 471 553 467 448 465 532 466 534 536 540 454 434 541 529 463 543 531 538 431 544 531 537 452 539 531 443 548 540 534 528 559]
Requests/sec:  4307.19384765625 KB
Transfer/sec:  11371.230403645834 KB

2023-12-05 13:20:06.100989116 +0800 CST m=+3556.608296987
Running 1m0s myx-test @ https://192.168.12.127:6443/apis/apps/v1/namespaces/myx-test/deployments
90 connections
Requests/bytes (per Connection):  [3530337 3131331 3660462 3547747 3157470 3001250 3608556 3599723 3027249 3495729 3192164 3521806 3096743 3547833 3131443 3504386 3530433 3148793 3677954 3729846 3582473 3088070 3487110 3391689 3504458 3539016 3521674 3634579 3469758 3035922 3495765 3096695 3521670 3209506 3278912 3556506 3096741 3573698 3617169 3573702 3669225 3504456 3096745 3547673 3651771 3218189 3712652 3599797 3591048 3547803 3105418 3053266 3556502 3608466 3651871 3599881 3573856 3088070 3556506 3521736 3617071 3114091 3400252 3504340 3660446 3729898 3573760 3625904 3452260 3061985 3157468 3617173 3166143 3582523 3114083 3799400 3096745 3062007 3521806 3478433 3365660 3200705 3573746 3825425 3521708 3608502 3530487 3036016 3079391 3114095]
Response/bytes (per Connection):  [5790025 5135624 6003428 5818535 5178412 4922261 5918195 5903825 4964912 5733203 5235306 5775932 5078818 5818609 5135727 5747412 5790115 5164175 6032008 6117228 5875468 5064588 5719026 5562535 5747480 5804256 5775808 5960873 5690565 4979138 5733239 5078777 5775806 5263764 5377580 5832840 5078815 5861144 5932371 5861147 6017739 5747477 5078815 5818463 5989186 5277987 6088923 5903895 5889599 5818587 5093039 5007588 5832839 5918118 5989282 5903974 5861292 5064598 5832840 5775867 5932277 5107265 5576658 5747370 6003412 6117279 5861204 5946654 5661980 5021859 5178411 5932376 5192629 5875514 5107269 6231187 5078815 5021881 5775932 5704797 5519842 5249416 5861192 6273865 5775836 5918152 5790167 4979222 5050357 5107268]
Requests Number (per Connection):  [407 361 422 409 364 346 416 415 349 403 368 406 357 409 361 404 407 363 424 430 413 356 402 391 404 408 406 419 400 350 403 357 406 370 378 410 357 412 417 412 423 404 357 409 421 371 428 415 414 409 358 352 410 416 421 415 412 356 410 406 417 359 392 404 422 430 412 418 398 353 364 417 365 413 359 438 357 353 406 401 388 369 412 441 406 416 407 350 355 359]
Requests/sec:  5009.160514322916 KB
Transfer/sec:  13224.478938802084 KB

2023-12-05 13:21:46.637112333 +0800 CST m=+3657.144420186
Running 1m0s myx-test @ https://192.168.12.127:6443/apis/apps/v1/namespaces/myx-test/deployments
150 connections
Requests/bytes (per Connection):  [2576255 2376788 2541555 2263963 2211917 2498182 2359442 2237988 2298661 2333381 2237936 2307404 2376746 2472189 2324690 2567582 2498186 2532898 2333423 2489507 2272638 2394084 2506857 2220592 2524207 2420151 2333365 2246613 2550232 2333361 2532882 2350723 2472163 2515530 2246613 2541571 2411438 2350711 2472157 2411434 2411478 2532882 2211913 2298665 2350711 2394084 2558905 2480834 2359386 2472189 2255292 2663003 2298665 2359384 2324716 2272638 2498206 2480838 2558907 2558905 2558905 2593609 2567582 2567588 2550240 2567590 2506857 2437459 2324690 2506879 2550242 2151190 2368115 2298661 2610953 2454809 2402763 2472161 2437459 2359386 2229263 2550230 2333423 2697703 2350711 2506857 2290058 2246613 2298661 2515532 2593605 2550230 2402759 2411434 2593605 2506857 2411438 2446132 2524207 2454809 2238022 2506857 2506857 2359440 2498182 2402759 2463484 2281351 2610953 2446134 2446168 2290040 2255286 2446134 2333391 2385459 2437459 2159865 2454809 2498182 2385461 2402759 2289990 2446170 2420109 2480834 2420109 2610955 2480862 2498206 2645643 2454809 2524207 2593605 2454807 2238020 2541571 2394084 2506857 2394086 2463484 2342094 2402759 2220632 2359386 2541557 2420141 2515530 2454807 2532880]
Response/bytes (per Connection):  [4225410 3898252 4168507 3713255 3627876 4097376 3869805 3670601 3770150 3827097 3670551 3784451 3898226 4054743 3812825 4211218 4097383 4154326 3827127 4083152 3727461 3926665 4111618 3642099 4140050 3969389 3827052 3684787 4182735 3827062 4154293 3855519 4054687 4125850 3684791 4168542 3955103 3855520 4054683 3955102 3955162 4154287 3627870 3770141 3855525 3926661 4196980 4068948 3869740 4054734 3699009 4367720 3770144 3869740 3812859 3727476 4097410 4068918 4196983 4196985 4196990 4253896 4211198 4211216 4182756 4211219 4111591 3997796 3812825 4111639 4182762 3528293 3884029 3770138 4282345 4026242 3940871 4054684 3997784 3869726 3656328 4182726 3827125 4424633 3855515 4111599 3755992 3684788 3770155 4125840 4253868 4182746 3940884 3955112 4253899 4111608 3955099 4012002 4140050 4026239 3670644 4111627 4111609 3869802 4097373 3940889 4040468 3741743 4282361 4012018 4012062 3755980 3699003 4012014 3827103 3912485 3997784 3542511 4026263 4097391 3912477 3940884 3755915 4012065 3969354 4068922 3969339 4282334 4068968 4097418 4339255 4026252 4140070 4253903 4026232 3670645 4168543 3926646 4111600 3926653 4040476 3841352 3940873 3642139 3869747 4168534 3969379 4125816 4026245 4154293]
Requests Number (per Connection):  [297 274 293 261 255 288 272 258 265 269 258 266 274 285 268 296 288 292 269 287 262 276 289 256 291 279 269 259 294 269 292 271 285 290 259 293 278 271 285 278 278 292 255 265 271 276 295 286 272 285 260 307 265 272 268 262 288 286 295 295 295 299 296 296 294 296 289 281 268 289 294 248 273 265 301 283 277 285 281 272 257 294 269 311 271 289 264 259 265 290 299 294 277 278 299 289 278 282 291 283 258 289 289 272 288 277 284 263 301 282 282 264 260 282 269 275 281 249 283 288 275 277 264 282 279 286 279 301 286 288 305 283 291 299 283 258 293 276 289 276 284 270 277 256 272 293 279 290 283 292]
Requests/sec:  5923.602327473958 KB
Transfer/sec:  15639.167073567709 KB

2023-12-05 13:23:27.156633326 +0800 CST m=+3757.663941190
Running 1m0s myx-test @ https://192.168.12.127:6443/apis/apps/v1/namespaces/myx-test/deployments
300 connections
Requests/bytes (per Connection):  [1266516 1465883 1439902 1275141 1431309 1387928 1474556 1439880 1379135 1387824 1474566 1266518 1491944 1405266 1535351 1413993 1422620 1379293 1457294 1474558 1387810 1275079 1361839 1457206 1448533 1266518 1491908 1249124 1318530 1570065 1405158 1387898 1353170 1327243 1491908 1387824 1283712 1275193 1379193 1283870 1387812 1448569 1335760 1335760 1431341 1231754 1509416 1327125 1440016 1344437 1466041 1483389 1379279 1431217 1405224 1379133 1370608 1301144 1509256 1292407 1492064 1457208 1491944 1457366 1396499 1492064 1439976 1492030 1266520 1431183 1465921 1509414 1439926 1370542 1474568 1318570 1361823 1474670 1370460 1457284 1344593 1353268 1405158 1301062 1292481 1309815 1422510 1535327 1405318 1327125 1370544 1405208 1405316 1309737 1439858 1431341 1413833 1474558 1396485 1309743 1309895 1327101 1309735 1231794 1518079 1535373 1353110 1361927 1535393 1370460 1405260 1483285 1396493 1344495 1353136 1318570 1413945 1448533 1422666 1500721 1387870 1335918 1231820 1301138 1301074 1309895 1387936 1370482 1188309 1448669 1335774 1344435 1387892 1153747 1370618 1275139 1379273 1543956 1344593 1448597 1396577 1353202 1535357 1318410 1405316 1370460 1439858 1387966 1335760 1344579 1318568 1327085 1465883 1387968 1492006 1361827 1622029 1439956 1387930 1448581 1413833 1422632 1379291 1535283 1335858 1405158 1292513 1405194 1379165 1283712 1396485 1413833 1283868 1361879 1448683 1448597 1379135 1526614 1457208 1344439 1292457 1301136 1448583 1379133 1500635 1448533 1500739 1448687 1240429 1518023 1518049 1422630 1344593 1439918 1379175 1422540 1457302 1387936 1405158 1318526 1465947 1301220 1483285 1439874 1413859 1318568 1474714 1379293 1483289 1448621 1266488 1309891 1335918 1491916 1335918 1396551 1500619 1309893 1249012 1309795 1466041 1596088 1292401 1457208 1396643 1249170 1318558 1353268 1422656 1448533 1396549 1457366 1327243 1518021 1457350 1327207 1344453 1292441 1413991 1205677 1387888 1240339 1405196 1361805 1335918 1344435 1405264 1396485 1353242 1396529 1422594 1353110 1318544 1257721 1379133 1526666 1301220 1474716 1370548 1387966 1344435 1474558 1509400 1448691 1457218 1587375 1405268 1318428 1457250 1344483 1335786 1318436 1422552 1483233 1439908 1344435 1361941 1405316 1266418 1448631 1405240 1518089 1301164 1396641 1344519 1413983 1535439 1344483 1491906 1318494 1387852 1379265 1318568 1335918 1361875 1439860 1500653 1387808 1318552 1509286]
Response/bytes (per Connection):  [2077336 2404449 2361820 2091534 2347670 2276497 2418678 2361793 2262162 2276420 2418689 2077365 2447181 2304939 2518358 2319244 2333402 2262321 2390316 2418686 2276391 2091471 2233773 2390234 2376008 2077349 2447133 2048855 2162668 2575261 2304864 2276492 2219550 2176968 2447132 2276420 2105663 2091593 2262235 2105825 2276409 2376037 2191022 2191019 2347713 2020379 2475761 2176848 2361935 2205264 2404616 2433082 2262320 2347576 2304922 2262161 2248097 2134195 2475594 2119907 2447310 2390222 2447184 2390392 2290644 2447307 2361891 2447247 2077367 2347536 2404501 2475754 2361843 2248028 2418691 2162719 2233758 2418801 2247934 2390289 2205399 2219629 2304866 2134122 2119978 2148420 2333308 2518337 2305026 2176848 2248019 2304905 2305000 2148351 2361766 2347712 2319076 2418680 2290621 2148357 2148509 2176814 2148350 2020401 2489984 2518354 2219494 2233859 2518402 2247952 2304959 2432968 2290634 2205321 2219514 2162741 2319198 2376011 2333458 2461498 2276460 2191171 2020433 2134192 2134133 2148485 2276527 2247968 1949169 2376138 2191047 2205247 2276486 1892368 2248109 2091526 2262294 2532518 2205399 2376061 2290722 2219580 2518364 2162561 2305000 2247934 2361764 2276554 2191035 2205404 2162713 2176792 2404451 2276543 2447219 2233762 2660561 2361870 2276500 2376048 2319077 2333439 2262319 2518281 2191113 2304851 2119992 2304891 2262201 2105662 2290621 2319080 2105823 2233811 2376137 2376061 2262163 2504060 2390239 2205255 2119959 2134192 2376050 2262163 2461431 2375994 2461538 2376141 2034608 2489923 2489925 2333414 2205405 2361835 2262210 2333345 2390324 2276527 2304866 2162664 2404513 2134272 2432968 2361785 2319113 2162736 2418825 2262340 2432976 2376065 2077323 2148481 2191177 2447146 2191170 2290695 2461414 2148504 2048749 2148399 2404627 2617974 2119906 2390226 2290800 2048901 2162723 2219650 2333469 2375992 2290693 2390374 2176941 2489896 2390376 2176900 2205280 2119936 2319246 1977650 2276481 2034522 2304893 2233741 2191197 2205254 2304937 2290621 2219600 2290672 2333381 2219476 2162688 2063015 2262164 2504102 2134261 2418823 2248034 2276568 2205254 2418680 2475732 2376169 2390235 2603708 2304967 2162593 2390271 2205312 2191056 2162604 2333362 2432906 2361821 2205248 2233878 2305000 2077252 2376074 2304927 2489992 2134205 2290791 2205340 2319221 2518430 2205311 2447134 2162653 2276441 2262283 2162736 2191194 2233807 2361762 2461444 2276392 2162697 2475631]
Requests Number (per Connection):  [146 169 166 147 165 160 170 166 159 160 170 146 172 162 177 163 164 159 168 170 160 147 157 168 167 146 172 144 152 181 162 160 156 153 172 160 148 147 159 148 160 167 154 154 165 142 174 153 166 155 169 171 159 165 162 159 158 150 174 149 172 168 172 168 161 172 166 172 146 165 169 174 166 158 170 152 157 170 158 168 155 156 162 150 149 151 164 177 162 153 158 162 162 151 166 165 163 170 161 151 151 153 151 142 175 177 156 157 177 158 162 171 161 155 156 152 163 167 164 173 160 154 142 150 150 151 160 158 137 167 154 155 160 133 158 147 159 178 155 167 161 156 177 152 162 158 166 160 154 155 152 153 169 160 172 157 187 166 160 167 163 164 159 177 154 162 149 162 159 148 161 163 148 157 167 167 159 176 168 155 149 150 167 159 173 167 173 167 143 175 175 164 155 166 159 164 168 160 162 152 169 150 171 166 163 152 170 159 171 167 146 151 154 172 154 161 173 151 144 151 169 184 149 168 161 144 152 156 164 167 161 168 153 175 168 153 155 149 163 139 160 143 162 157 154 155 162 161 156 161 164 156 152 145 159 176 150 170 158 160 155 170 174 167 168 183 162 152 168 155 154 152 164 171 166 155 157 162 146 167 162 175 150 161 155 163 177 155 172 152 160 159 152 154 157 166 173 160 152 174]
Requests/sec:  6801.211832682292 KB
Transfer/sec:  17956.871223958333 KB

