2023-12-04 18:13:11.372287457 +0800 CST m=+13092.215871625
Running 1m0s myx-test @ https://192.168.12.127:6443/api/v1/namespaces/myx-test/endpoints
3 connections
Requests/bytes (per Connection):  [35453062 38596968 35808038]
Response/bytes (per Connection):  [50086761 54528322 50588237]
Requests Number (per Connection):  [4195 4567 4237]
Requests/sec:  1788.0544921875 KB
Transfer/sec:  4314.1501953125 KB

2023-12-04 18:14:51.695944129 +0800 CST m=+13192.539528310
Running 1m0s myx-test @ https://192.168.12.127:6443/api/v1/namespaces/myx-test/endpoints
6 connections
Requests/bytes (per Connection):  [35748858 35791134 34836190 34726204 33137428 33120520]
Response/bytes (per Connection):  [50504649 50564357 49215203 49059928 46815308 46791426]
Requests Number (per Connection):  [4230 4235 4122 4109 3921 3919]
Requests/sec:  3375.005436197917 KB
Transfer/sec:  8143.086018880208 KB

2023-12-04 18:16:32.07779973 +0800 CST m=+13292.921383901
Running 1m0s myx-test @ https://192.168.12.127:6443/api/v1/namespaces/myx-test/endpoints
9 connections
Requests/bytes (per Connection):  [30669646 28768136 29925902 30695014 28717364 28844138 29723200 29697708 30889344]
Response/bytes (per Connection):  [43328929 40642524 42278225 43364755 40570854 40749951 41991738 41955850 43639342]
Requests Number (per Connection):  [3629 3404 3541 3632 3398 3413 3517 3514 3655]
Requests/sec:  4360.847200520833 KB
Transfer/sec:  10521.689778645834 KB

2023-12-04 18:18:12.476452194 +0800 CST m=+13393.320036382
Running 1m0s myx-test @ https://192.168.12.127:6443/api/v1/namespaces/myx-test/endpoints
15 connections
Requests/bytes (per Connection):  [21364868 21381616 21364742 20105558 21119692 20004130 21153480 21153436 19945004 21009892 21499974 19978784 21145034 21212696 20130908]
Response/bytes (per Connection):  [30183426 30207228 30183363 28404385 29837132 28261103 29884882 29884860 28177542 29681950 30374403 28225288 29872945 29968488 28440202]
Requests Number (per Connection):  [2528 2530 2528 2379 2499 2367 2503 2503 2360 2486 2544 2364 2502 2510 2382]
Requests/sec:  5087.39931640625 KB
Transfer/sec:  12274.690934244793 KB

2023-12-04 18:19:52.8204535 +0800 CST m=+13493.664037683
Running 1m0s myx-test @ https://192.168.12.127:6443/api/v1/namespaces/myx-test/endpoints
30 connections
Requests/bytes (per Connection):  [9473828 9719028 8932962 9372408 9287900 9558458 9583700 9068182 9456928 9025932 9440044 9456926 9178126 9254240 9431566 9473826 9059690 9355504 9161114 9524574 9228886 8975228 9549896 9042822 9110402 9364072 9778138 9397764 8966722 9321748]
Response/bytes (per Connection):  [13384308 13730614 12620179 13241030 13121636 13503763 13539526 12811213 13360430 12751518 13336560 13360429 12966467 13073950 13324607 13384307 12799253 13217150 12942533 13455965 13038131 12679882 13491768 12775391 12870893 13229148 13814167 13276850 12667915 13169416]
Requests Number (per Connection):  [1121 1150 1057 1109 1099 1131 1134 1073 1119 1068 1117 1119 1086 1095 1116 1121 1072 1107 1084 1127 1092 1062 1130 1070 1078 1108 1157 1112 1061 1103]
Requests/sec:  4549.97744140625 KB
Transfer/sec:  10978.021044921876 KB

2023-12-04 18:21:33.178532187 +0800 CST m=+13594.022116374
Running 1m0s myx-test @ https://192.168.12.127:6443/api/v1/namespaces/myx-test/endpoints
60 connections
Requests/bytes (per Connection):  [4935536 4817206 4724236 4867964 4791916 4741144 5011596 4969338 4884820 4927080 4918658 4994710 5062308 5011612 5045410 4884820 4851038 5011610 5138374 4969338 4935564 4758042 5028512 4800366 5020060 5011602 4774950 5003146 5011596 5079212 5079212 4910176 4977812 5062308 5020050 4918652 4834114 4884820 4715868 5087660 4834124 5138374 4994694 4859514 5172182 4724282 4901764 4800302 4918626 5180608 4867916 5163730 4994698 4825714 4952450 4774950 5003146 4842604 4927078 4732766]
Response/bytes (per Connection):  [6972744 6805583 6674244 6877246 6769796 6698126 7080200 7020501 6901102 6960802 6948877 7056329 7151840 7080208 7127963 6901102 6853355 7080207 7259299 7020501 6972758 6722003 7104086 6781735 7092146 7080203 6745885 7068261 7080200 7175720 7175720 6936922 7032452 7151840 7092141 6948874 6829465 6901102 6662346 7187658 6829470 7259299 7056321 6865307 7307059 6674267 6925002 6781703 6948861 7318986 6877222 7295119 7056323 6817551 6996629 6745885 7068261 6841424 6960801 6686223]
Requests Number (per Connection):  [584 570 559 576 567 561 593 588 578 583 582 591 599 593 597 578 574 593 608 588 584 563 595 568 594 593 565 592 593 601 601 581 589 599 594 582 572 578 558 602 572 608 591 575 612 559 580 568 582 613 576 611 591 571 586 565 592 573 583 560]
Requests/sec:  4819.04228515625 KB
Transfer/sec:  11627.200732421876 KB

2023-12-04 18:23:13.548997526 +0800 CST m=+13694.392581698
Running 1m0s myx-test @ https://192.168.12.127:6443/api/v1/namespaces/myx-test/endpoints
90 connections
Requests/bytes (per Connection):  [3498806 3591854 3769250 3625642 3566372 3642460 3701680 3786086 3456626 3608620 3642486 3667816 3625578 3541142 3769280 3667846 3625502 3608692 3710118 3777656 3651016 3718512 3532638 3684678 3625612 3431268 3574910 3794698 3760768 3549496 3541144 3667920 3803026 3617068 3667846 3803148 3617208 3321388 3524238 3549496 3710126 3693118 3524238 3574950 3777676 3507334 3558000 3752438 3566340 3676228 3760732 3558046 3769206 3735382 3532690 3600304 3566340 3507336 3515732 3701616 3524080 3439720 3777716 3820048 3659402 3617210 3355202 3481980 3600304 3372110 3650858 3524238 3819894 3794600 3456496 3752438 3634108 3549438 3625504 3803002 3650858 3355208 3557888 3532692 3659414 3600182 3710038 3490318 3498884 3617210]
Response/bytes (per Connection):  [4942999 5074377 5325069 5122127 5038494 5145964 5229572 5348915 4883339 5098188 5145977 5181784 5122095 5002737 5325084 5181799 5122057 5098224 5241505 5336986 5157956 5253416 4990771 5205643 5122112 4847518 5050477 5360935 5313114 5014628 5002738 5181836 5372813 5110126 5181799 5372874 5110196 4692296 4978857 5014628 5241509 5217577 4978857 5050497 5336996 4954977 5026594 5301235 5038478 5193704 5313096 5026617 5325047 5277279 4990797 5086316 5038478 4954978 4966890 5229540 4978778 4859458 5337016 5396752 5169863 5110197 4740059 4919158 5086316 4763941 5157877 4978857 5396675 5360886 4883274 5301235 5134074 5014599 5122058 5372801 5157877 4740062 5026538 4990798 5169869 5086255 5241465 4931041 4943038 5110197]
Requests Number (per Connection):  [414 425 446 429 422 431 438 448 409 427 431 434 429 419 446 434 429 427 439 447 432 440 418 436 429 406 423 449 445 420 419 434 450 428 434 450 428 393 417 420 439 437 417 423 447 415 421 444 422 435 445 421 446 442 418 426 422 415 416 438 417 407 447 452 433 428 397 412 426 399 432 417 452 449 409 444 430 420 429 450 432 397 421 418 433 426 439 413 414 428]
Requests/sec:  5303.360384114583 KB
Transfer/sec:  12795.751350911458 KB

2023-12-04 18:24:53.944123532 +0800 CST m=+13794.787707710
Running 1m0s myx-test @ https://192.168.12.127:6443/api/v1/namespaces/myx-test/endpoints
150 connections
Requests/bytes (per Connection):  [2349440 2400152 2400174 2543830 2324134 2357896 2315688 2290278 2307236 2155118 2349440 2467764 2510024 2290334 2315684 2459318 2425506 2374796 2433958 2273378 2383246 2391700 2400150 2425514 2298750 2374796 2408602 2535380 2442432 2307234 2425506 2425508 2264922 2374796 2450882 2340992 2256526 2374800 2332536 2340992 2290336 2349440 2535380 2459332 2417058 2290276 2366384 2112790 2459314 2433958 2180404 2391700 2357892 2248086 2357892 2332584 2383284 2535380 2459330 2417054 2290278 2256534 2383248 2315638 2298786 2476232 2324084 2256470 2231180 2391704 2374796 2374796 2332536 2248030 2324086 2400182 2264922 2493122 2425506 2391704 2197370 2366344 2281852 2315632 2281886 2391712 2340988 2586092 2332552 2290276 2400182 2425506 2248018 2357890 2298730 2391698 2442432 2560730 2332536 2408608 2349472 2222666 2374796 2518480 2391702 2383284 2349440 2349440 2315632 2332536 2518476 2408634 2391702 2357892 2290276 2374796 2408602 2408602 2366344 2332536 2248018 2374796 2433982 2459314 2400150 2357892 2281858 2442410 2391698 2349440 2264982 2349440 2493130 2349440 2619900 2391698 2197308 2315632 2357892 2324086 2450882 2433958 2307222 2442410 2298784 2484670 2273378 2383246 2332536 2442410]
Response/bytes (per Connection):  [3319212 3390852 3390863 3593829 3283417 3331154 3271480 3235633 3259540 3044629 3319212 3486370 3546070 3235661 3271478 3474433 3426671 3355032 3438611 3211755 3366971 3378912 3390851 3426675 3247583 3355032 3402791 3581890 3450562 3259539 3426671 3426672 3199813 3355032 3462501 3307274 3187901 3355034 3295332 3307274 3235662 3319212 3581890 3474440 3414733 3235632 3343112 2984895 3474431 3438611 3080414 3378912 3331152 3175967 3331152 3295356 3366990 3581890 3474439 3414731 3235633 3187905 3366972 3271455 3247601 3498318 3283392 3187873 3152086 3378914 3355032 3355032 3295332 3175939 3283393 3390867 3199813 3522191 3426671 3378914 3104325 3343092 3223706 3271452 3223723 3378918 3307272 3653530 3295340 3235632 3390867 3426671 3175933 3331151 3247573 3378911 3450562 3617707 3295332 3402794 3319228 3140115 3355032 3558012 3378913 3366990 3319212 3319212 3271452 3295332 3558010 3402807 3378913 3331152 3235632 3355032 3402791 3402791 3343092 3295332 3175933 3355032 3438623 3474431 3390851 3331152 3223709 3450551 3378911 3319212 3199843 3319212 3522195 3319212 3701290 3378911 3104294 3271452 3331152 3283393 3462501 3438611 3259533 3450551 3247600 3510251 3211755 3366971 3295332 3450551]
Requests Number (per Connection):  [278 284 284 301 275 279 274 271 273 255 278 292 297 271 274 291 287 281 288 269 282 283 284 287 272 281 285 300 289 273 287 287 268 281 290 277 267 281 276 277 271 278 300 291 286 271 280 250 291 288 258 283 279 266 279 276 282 300 291 286 271 267 282 274 272 293 275 267 264 283 281 281 276 266 275 284 268 295 287 283 260 280 270 274 270 283 277 306 276 271 284 287 266 279 272 283 289 303 276 285 278 263 281 298 283 282 278 278 274 276 298 285 283 279 271 281 285 285 280 276 266 281 288 291 284 279 270 289 283 278 268 278 295 278 310 283 260 274 279 275 290 288 273 289 272 294 269 282 276 289]
Requests/sec:  5779.297265625 KB
Transfer/sec:  13944.07138671875 KB

2023-12-04 18:26:34.426061911 +0800 CST m=+13895.269646095
Running 1m0s myx-test @ https://192.168.12.127:6443/api/v1/namespaces/myx-test/endpoints
300 connections
Requests/bytes (per Connection):  [1538106 1343836 1360684 1377486 1352286 1411434 1428354 1445100 1453568 1284514 1225510 1478924 1318322 1352288 1428196 1445160 1352222 1259270 1487358 1377484 1301556 1284516 1445186 1318344 1343786 1352248 1377630 1462058 1436648 1462004 1394496 1385982 1495968 1402840 1572034 1470518 1326932 1309880 1310028 1445198 1402840 1394480 1436668 1352130 1326772 1394538 1394546 1453584 1453710 1470456 1284672 1504402 1521166 1411450 1445154 1377486 1318360 1538164 1352128 1293124 1411292 1411448 1428196 1402840 1377638 1386094 1394442 1343836 1360634 1445256 1478958 1335226 1318480 1428238 1470454 1529618 1292966 1402840 1360740 1309952 1377538 1394406 1352224 1394390 1259318 1402904 1445242 1309870 1394450 1360622 1453648 1521272 1445100 1470612 1352130 1377536 1377486 1411450 1352134 1385938 1436722 1428354 1402966 1453708 1411450 1470506 1453656 1394450 1428196 1377540 1352190 1453684 1462162 1394388 1487490 1343678 1411450 1487516 1360738 1428228 1529616 1352288 1402840 1301518 1335226 1276064 1377642 1394390 1369104 1411440 1394436 1445176 1487358 1369192 1436798 1495810 1318478 1335312 1402992 1369190 1326774 1428354 1360582 1360580 1250866 1377484 1428270 1394470 1419890 1259316 1309938 1326932 1326846 1335384 1394388 1352288 1369032 1419744 1360662 1276220 1419800 1487384 1428268 1335316 1419902 1242380 1445218 1521286 1318468 1301520 1369188 1352130 1343836 1487358 1386054 1394546 1318480 1369034 1394476 1436648 1369034 1402862 1419744 1402998 1386036 1208606 1369164 1411292 1293044 1335372 1309870 1385980 1394546 1335384 1301420 1411450 1377578 1436646 1309902 1394526 1267688 1360724 1411292 1301440 1360640 1259158 1284672 1394544 1402942 1478908 1284672 1436742 1411292 1318480 1436680 1250824 1301446 1335226 1377598 1377596 1309870 1512872 1453662 1326838 1259274 1343834 1419764 1318388 1360706 1428340 1318480 1419742 1360740 1309888 1445104 1521240 1369032 1428278 1225508 1436728 1360580 1326826 1470454 1428354 1386040 1310010 1436728 1445100 1352176 1309870 1377500 1538070 1470612 1411408 1487516 1436660 1394394 1521260 1385986 1453662 1259222 1360740 1419744 1428280 1402998 1504376 1259160 1242324 1436648 1402840 1453552 1293124 1436774 1343678 1453708 1462034 1352168 1335384 1504262 1352286 1335384 1487358 1462152 1419744 1352130 1411392 1385938 1259290 1478938 1428196 1487492 1428304 1360604 1487358 1411436 1292966 1504262 1462004 1402944 1394396]
Response/bytes (per Connection):  [2173001 1898444 1922296 1946125 1910383 1993955 2017843 2041644 2053592 1814785 1731285 2089412 1862545 1910384 2017764 2041674 1910351 1779021 2101343 1946124 1838734 1814786 2041687 1862556 1898419 1910364 1946197 2065551 2029704 2065524 1970058 1958087 2113362 1981944 2220821 2077495 1874564 1850610 1850684 2041693 1981944 1970050 2029714 1910305 1874484 1970079 1970083 2053600 2053663 2077464 1814864 2125293 2149103 1993963 2041671 1946125 1862564 2173030 1910304 1826804 1993884 1993962 2017764 1981944 1946201 1958143 1970031 1898444 1922271 2041722 2089429 1886425 1862624 2017785 2077463 2161043 1826725 1981944 1922324 1850646 1946151 1970013 1910352 1970005 1779045 1981976 2041715 1850605 1970035 1922265 2053632 2149156 2041644 2077542 1910305 1946150 1946125 1993963 1910307 1958065 2029741 2017843 1982007 2053662 1993963 2077489 2053636 1970035 2017764 1946152 1910335 2053650 2065603 1970004 2101409 1898365 1993963 2101422 1922323 2017780 2161042 1910384 1981944 1838715 1886425 1802846 1946203 1970005 1934220 1993958 1970028 2041682 2101343 1934264 2029779 2113283 1862623 1886468 1982020 1934263 1874485 2017843 1922245 1922244 1767105 1946124 2017801 1970045 2005897 1779044 1850639 1874564 1874521 1886504 1970004 1910384 1934184 2005824 1922285 1802924 2005852 2101356 2017800 1886470 2005903 1755148 2041703 2149163 1862618 1838716 1934262 1910305 1898444 2101343 1958123 1970083 1862624 1934185 1970048 2029704 1934185 1981955 2005824 1982023 1958114 1707405 1934250 1993884 1826764 1886498 1850605 1958086 1970083 1886504 1838666 1993963 1946171 2029703 1850621 1970073 1790944 1922316 1993884 1838676 1922274 1778965 1814864 1970082 1981995 2089404 1814864 2029751 1993884 1862624 2029720 1767084 1838679 1886425 1946181 1946180 1850605 2137242 2053639 1874517 1779023 1898443 2005834 1862578 1922307 2017836 1862624 2005823 1922324 1850614 2041646 2149140 1934184 2017805 1731284 2029744 1922244 1874511 2077463 2017843 1958116 1850675 2029744 2041644 1910328 1850605 1946132 2172983 2077542 1993942 2101422 2029710 1970007 2149150 1958089 2053639 1778997 1922324 2005824 2017806 1982023 2125280 1778966 1755120 2029704 1981944 2053584 1826804 2029767 1898365 2053662 2065539 1910324 1886504 2125223 1910383 1886504 2101343 2065598 2005824 1910305 1993934 1958065 1779031 2089419 2017764 2101410 2017818 1922256 2101343 1993956 1826725 2125223 2065524 1981996 1970008]
Requests Number (per Connection):  [182 159 161 163 160 167 169 171 172 152 145 175 156 160 169 171 160 149 176 163 154 152 171 156 159 160 163 173 170 173 165 164 177 166 186 174 157 155 155 171 166 165 170 160 157 165 165 172 172 174 152 178 180 167 171 163 156 182 160 153 167 167 169 166 163 164 165 159 161 171 175 158 156 169 174 181 153 166 161 155 163 165 160 165 149 166 171 155 165 161 172 180 171 174 160 163 163 167 160 164 170 169 166 172 167 174 172 165 169 163 160 172 173 165 176 159 167 176 161 169 181 160 166 154 158 151 163 165 162 167 165 171 176 162 170 177 156 158 166 162 157 169 161 161 148 163 169 165 168 149 155 157 157 158 165 160 162 168 161 151 168 176 169 158 168 147 171 180 156 154 162 160 159 176 164 165 156 162 165 170 162 166 168 166 164 143 162 167 153 158 155 164 165 158 154 167 163 170 155 165 150 161 167 154 161 149 152 165 166 175 152 170 167 156 170 148 154 158 163 163 155 179 172 157 149 159 168 156 161 169 156 168 161 155 171 180 162 169 145 170 161 157 174 169 164 155 170 171 160 155 163 182 174 167 176 170 165 180 164 172 149 161 168 169 166 178 149 147 170 166 172 153 170 159 172 173 160 158 178 160 158 176 173 168 160 167 164 149 175 169 176 169 161 176 167 153 178 173 166 165]
Requests/sec:  6782.219368489584 KB
Transfer/sec:  16363.864274088543 KB

