2023-12-05 18:47:53.217113403 +0800 CST m=+23223.724421264
Running 1m0s myx-test @ https://192.168.12.127:6443/apis/batch/v1/namespaces/myx-test/jobs
3 connections
Requests/bytes (per Connection):  [49216460 48708984 51306536]
Response/bytes (per Connection):  [37778182 37388647 39382501]
Requests Number (per Connection):  [5722 5663 5965]
Requests/sec:  2428.9059244791665 KB
Transfer/sec:  4293.315592447917 KB

2023-12-05 18:49:46.121580444 +0800 CST m=+23336.628888309
Running 1m0s myx-test @ https://192.168.12.127:6443/apis/batch/v1/namespaces/myx-test/jobs
6 connections
Requests/bytes (per Connection):  [18819508 18647582 19421720 19593780 18303480 17968040]
Response/bytes (per Connection):  [14445696 14313750 14907978 15040058 14049608 13792129]
Requests Number (per Connection):  [2188 2168 2258 2278 2128 2089]
Requests/sec:  1835.1905924479167 KB
Transfer/sec:  3243.869287109375 KB

2023-12-05 18:51:26.195733727 +0800 CST m=+23436.703041595
Running 1m0s myx-test @ https://192.168.12.127:6443/apis/batch/v1/namespaces/myx-test/jobs
9 connections
Requests/bytes (per Connection):  [32228866 33923332 32633150 33063238 34241688 32211820 32882604 32048352 34387914]
Response/bytes (per Connection):  [24738613 26039276 25048944 25379082 26283669 24725565 25240427 24600078 26395912]
Requests Number (per Connection):  [3747 3944 3794 3844 3981 3745 3823 3726 3998]
Requests/sec:  4844.0912109375 KB
Transfer/sec:  8562.37841796875 KB

2023-12-05 18:53:06.287158737 +0800 CST m=+23536.794466595
Running 1m0s myx-test @ https://192.168.12.127:6443/apis/batch/v1/namespaces/myx-test/jobs
15 connections
Requests/bytes (per Connection):  [23464270 22655798 22853542 24117866 24092188 23859860 22870746 22586896 23808340 23515882 23765292 22672908 23627662 23739524 23558892]
Response/bytes (per Connection):  [18010998 17390432 17542199 18512670 18492989 18314634 17555405 17337522 18275108 18050616 18242055 17403544 18136409 18222284 18083631]
Requests Number (per Connection):  [2728 2634 2657 2804 2801 2774 2659 2626 2768 2734 2763 2636 2747 2760 2739]
Requests/sec:  5715.97763671875 KB
Transfer/sec:  10103.51826171875 KB

2023-12-05 18:54:46.370750561 +0800 CST m=+23636.878058438
Running 1m0s myx-test @ https://192.168.12.127:6443/apis/batch/v1/namespaces/myx-test/jobs
30 connections
Requests/bytes (per Connection):  [12411596 11697752 12308380 11723612 11740710 11508568 12162148 12308444 13022326 12402998 12274082 11990110 11869724 12403078 12514886 12222510 12299860 12403070 11792270 12231088 12566432 11887004 12669650 11758020 11671990 12093334 12231076 12325578 12833086 12359990]
Response/bytes (per Connection):  [9527039 8979112 9447811 8998975 9012075 8833906 9335562 9447875 9995840 9520440 9421509 9203504 9111104 9520520 9606341 9381931 9441290 9520512 9051641 9388510 9645893 9124386 9725123 9025387 8959347 9282740 9388498 9461011 9850578 9487427]
Requests Number (per Connection):  [1443 1360 1431 1363 1365 1338 1414 1431 1514 1442 1427 1394 1380 1442 1455 1421 1430 1442 1371 1422 1461 1382 1473 1367 1357 1406 1422 1433 1492 1437]
Requests/sec:  5951.877799479166 KB
Transfer/sec:  10520.495751953125 KB

2023-12-05 18:56:26.474960175 +0800 CST m=+23736.982268033
Running 1m0s myx-test @ https://192.168.12.127:6443/apis/batch/v1/namespaces/myx-test/jobs
60 connections
Requests/bytes (per Connection):  [4446830 4343592 4352192 4593040 4352304 4550138 4532910 4180250 4395256 4550114 4558634 4532832 4395202 4610292 4352292 4386758 4524358 4360794 4395224 4507022 4421058 4489878 4309340 4455410 4429740 4369392 4489918 4455410 4472614 4378034 4429606 4429608 4636106 4403962 4455436 4429662 4386600 4481354 4618848 4429736 4550174 4412404 4446810 4266254 4429610 4249070 4412402 4575890 4524226 4412406 4627450 4429668 4309214 4567236 4558648 4429606 4653254 4524244 4567238 4455432]
Response/bytes (per Connection):  [3413347 3334097 3340698 3525574 3340810 3492667 3479437 3208736 3373767 3492643 3499164 3479359 3373713 3538828 3340798 3367268 3472884 3347301 3373735 3459546 3393572 3446400 3307841 3419928 3400255 3353900 3446440 3419928 3433134 3360543 3400121 3400123 3558645 3380474 3419954 3400177 3367110 3439875 3545385 3400251 3492703 3386917 3413327 3274750 3400125 3261564 3386915 3512422 3472752 3386919 3551988 3400183 3307715 3505767 3499178 3400121 3571795 3472770 3505769 3419950]
Requests Number (per Connection):  [517 505 506 534 506 529 527 486 511 529 530 527 511 536 506 510 526 507 511 524 514 522 501 518 515 508 522 518 520 509 515 515 539 512 518 515 510 521 537 515 529 513 517 496 515 494 513 532 526 513 538 515 501 531 530 515 541 526 531 518]
Requests/sec:  4350.471712239583 KB
Transfer/sec:  7689.860677083333 KB

2023-12-05 18:58:06.629370364 +0800 CST m=+23837.136678222
Running 1m0s myx-test @ https://192.168.12.127:6443/apis/batch/v1/namespaces/myx-test/jobs
90 connections
Requests/bytes (per Connection):  [3208276 3105090 3173902 3165268 3388790 3406036 3242716 3242684 3173862 3096462 3457730 3199712 3380300 3113688 3225516 3225412 3388946 2976060 3234108 3276982 3294290 3251322 3337254 3216832 3173906 3148086 3277124 3406056 3259896 3191108 3345840 3259918 3165304 3371742 3259920 3259772 3208310 3173894 3406082 3397432 3337200 3242716 3216876 3225512 3543622 3096442 3251318 3251322 3216836 3173906 3165300 3345938 3208310 3216790 3259874 3130896 3165168 3096366 3225516 3406036 3122294 3362984 3148032 3251322 3216916 3242634 3268514 3139498 3371746 3294328 3233982 3259920 3199576 3268486 3320134 3328676 3139444 3328698 3173764 3251322 3199712 3285702 3122170 3363146 3242696 3199588 3277124 3191108 3251204 3191106]
Response/bytes (per Connection):  [2462649 2383451 2436271 2429636 2601184 2614432 2489093 2489061 2436231 2376822 2654132 2456084 2594693 2390050 2475891 2475787 2601340 2284406 2482484 2515363 2528673 2495700 2561642 2469206 2436275 2416452 2515505 2614452 2502275 2449479 2568229 2502297 2429672 2588134 2502299 2502151 2462683 2436263 2614478 2607827 2561588 2489093 2469250 2475887 2720034 2376802 2495696 2495700 2469210 2436275 2429668 2568327 2462683 2469164 2502253 2403260 2429536 2376726 2475891 2614432 2396657 2581375 2416398 2495700 2469290 2489011 2508894 2409863 2588138 2528711 2482358 2502299 2455948 2508866 2548520 2555063 2409809 2555085 2436133 2495700 2456084 2522084 2396533 2581537 2489073 2455960 2515505 2449479 2495582 2449477]
Requests Number (per Connection):  [373 361 369 368 394 396 377 377 369 360 402 372 393 362 375 375 394 346 376 381 383 378 388 374 369 366 381 396 379 371 389 379 368 392 379 379 373 369 396 395 388 377 374 375 412 360 378 378 374 369 368 389 373 374 379 364 368 360 375 396 363 391 366 378 374 377 380 365 392 383 376 379 372 380 386 387 365 387 369 378 372 382 363 391 377 372 381 371 378 371]
Requests/sec:  4754.352180989584 KB
Transfer/sec:  8403.755810546874 KB

2023-12-05 18:59:46.835029747 +0800 CST m=+23937.342337605
Running 1m0s myx-test @ https://192.168.12.127:6443/apis/batch/v1/namespaces/myx-test/jobs
150 connections
Requests/bytes (per Connection):  [1814818 1952526 1892372 1909442 1866552 1866428 1832026 1754604 1789016 1677192 1840656 1875034 1892298 1986858 1909494 1986988 1883752 1737564 1814822 1909442 2064312 1875032 1952462 1763360 1814822 1720202 1926642 1883686 1849230 1892350 1857826 1978252 1806354 1875044 1926662 1823420 1814818 1918174 1875174 1909474 1746008 1900878 1771812 1900836 1892240 1900840 1995460 1832022 1875150 1857832 1849348 1832026 1634258 1875174 1823420 2021262 1806276 1771846 1943844 1875032 1918130 1866432 1909578 1754642 1771942 1840628 1978256 1875030 1866524 1814960 1978254 1823524 1883632 1703000 1806216 1883632 1789136 1883638 1969650 1883638 1797614 1935364 1780416 1883654 1883704 1883632 1866508 1935326 1780574 1866578 1806222 1900890 1754672 1978252 1849268 1866434 1806290 1840626 1746008 1849352 1797620 1909438 1857830 1823560 1823496 1806278 1789078 1814906 1849226 1883636 1806220 1952574 1789046 1849288 1780456 1806216 1746006 1866550 1814874 1875036 1875128 1935256 1806288 1892312 1857970 1711658 1935248 1806220 1857862 1935244 1961082 1814822 1900840 1823424 1892234 1746086 1797698 1995586 1840628 1978306 1789174 1909530 1857986 1943846 1935306 1875030 1900952 1832044 1789060 1926712]
Response/bytes (per Connection):  [1393029 1498753 1452592 1465664 1432769 1432645 1406239 1346808 1373224 1287387 1412870 1439252 1452518 1525089 1465716 1525219 1445971 1333766 1393033 1465664 1584552 1439250 1498689 1353565 1393033 1320402 1478866 1445905 1419445 1452570 1426042 1518482 1386564 1439262 1478886 1399632 1393029 1472397 1439392 1465696 1340211 1459099 1360018 1459057 1452460 1459061 1531692 1406235 1439368 1426048 1419563 1406239 1254448 1439392 1399632 1551497 1386486 1360052 1492070 1439250 1472353 1432649 1465800 1346846 1360148 1412842 1518486 1439248 1432741 1393171 1518484 1399736 1445851 1307198 1386426 1445851 1373344 1445857 1511879 1445857 1379823 1485589 1366623 1445873 1445923 1445851 1432725 1485551 1366781 1432795 1386432 1459111 1346876 1518482 1419483 1432651 1386500 1412840 1340211 1419567 1379829 1465660 1426046 1399772 1399708 1386488 1373286 1393117 1419441 1445855 1386430 1498801 1373254 1419503 1366663 1386426 1340209 1432767 1393085 1439254 1439346 1485481 1386498 1452532 1426186 1313857 1485473 1386430 1426078 1485469 1505310 1393033 1459061 1399636 1452454 1340289 1379907 1531818 1412842 1518536 1373382 1465752 1426202 1492072 1485531 1439248 1459173 1406257 1373268 1478936]
Requests Number (per Connection):  [211 227 220 222 217 217 213 204 208 195 214 218 220 231 222 231 219 202 211 222 240 218 227 205 211 200 224 219 215 220 216 230 210 218 224 212 211 223 218 222 203 221 206 221 220 221 232 213 218 216 215 213 190 218 212 235 210 206 226 218 223 217 222 204 206 214 230 218 217 211 230 212 219 198 210 219 208 219 229 219 209 225 207 219 219 219 217 225 207 217 210 221 204 230 215 217 210 214 203 215 209 222 216 212 212 210 208 211 215 219 210 227 208 215 207 210 203 217 211 218 218 225 210 220 216 199 225 210 216 225 228 211 221 212 220 203 209 232 214 230 208 222 216 226 225 218 221 213 208 224]
Requests/sec:  4537.7837890625 KB
Transfer/sec:  8020.951920572917 KB

2023-12-05 19:01:27.061251773 +0800 CST m=+24037.568559649
Running 1m0s myx-test @ https://192.168.12.127:6443/apis/batch/v1/namespaces/myx-test/jobs
300 connections
Requests/bytes (per Connection):  [1281658 1204218 1212852 1419158 1290264 1247220 1247260 1187006 1109534 1221436 1401936 1264348 1255816 1290136 1229976 1281538 1272906 1350480 1238658 1221396 1238500 1333218 1315918 1178446 1143896 1247260 1100978 1298858 1315952 1109632 1290192 1290112 1272968 1272908 1247258 1427834 1229914 1324518 1264462 1238528 1393460 1161242 1229898 1298872 1290160 1272970 1195536 1350464 1238658 1255704 1109630 1393334 1186998 1255802 1315922 1255704 1204252 1281668 1255704 1324518 1273064 1247238 1393382 1221454 1264306 1264324 1143880 1255844 1264344 1204120 1126836 1161084 1238658 1204214 1144038 1298792 1092426 1247168 1333120 1290270 1238658 1290150 1204246 1212744 1238614 1178404 1230056 1126834 1290110 1169734 1307388 1178292 1238570 1195602 1255704 1109498 1367624 1264464 1212802 1264464 1169796 1247200 1272908 1273022 1204252 1255704 1238658 1247134 1135278 1307376 1161176 1195490 1359050 1255704 1436342 1230056 1367684 1316074 1195650 1187046 1187048 1333278 1316044 1238630 1195648 1255782 1169844 1101028 1402092 1273066 1324676 1229898 1298724 1212696 1083826 1152482 1247102 1376128 1152640 1255862 1238500 1324676 1255792 1135434 1152482 1204250 1341880 1247102 1204252 1152640 1204104 1238502 1316020 1169844 1204252 1341806 1169844 1238584 1238502 1238584 1178444 1255714 1255786 1401976 1307354 1333278 1229970 1264464 1298712 1264462 1324592 1238658 1264464 1186944 1161086 1307314 1324676 1238524 1161092 1221454 1290268 1221388 1264430 1195568 1350324 1281616 1161240 1281580 1350324 1290112 1255778 1444942 1221350 1307396 1298872 1341730 1290270 1298748 1204244 1255750 1212694 1341722 1255862 1419186 1307346 1255790 1290136 1307472 1187048 1204174 1290112 1229952 1341880 1221296 1212852 1204094 1178392 1152588 1333278 1169690 1221296 1212796 1212854 1195490 1281508 1264314 1212820 1066514 1307410 1333224 1187042 1247258 1359084 1367562 1238580 1221296 1367620 1212760 1247196 1195648 1298854 1316076 1186992 1298726 1109572 1186984 1298712 1341848 1204252 1247102 1264464 1229996 1195490 1178308 1238590 1161240 1135430 1161158 1255862 1307404 1281528 1238658 1281534 1264462 1247148 1247170 1212728 1238548 1298802 1307414 1273064 1229916 1247102 1126676 1221374 1298870 1109472 1341736 1453546 1281508 1367566 1290140 1307472 1273056 1281668 1281508 1264464 1324676 1221358 1204216 1204092 1187012 1221296 1247260 1264338 1238500 1333160 1307330 1358946 1333230]
Response/bytes (per Connection):  [983807 924358 930993 1089323 990414 957365 957405 911144 851663 937578 1076099 970495 963962 990286 944119 983687 977054 1036637 950802 937538 950644 1023373 1010071 904583 878029 957405 845106 997009 1010105 851761 990342 990262 977116 977056 957403 1096000 944057 1016672 970609 950672 1069622 891377 944041 997023 990310 977118 917675 1036621 950802 963850 851759 1069496 911136 963948 1010075 963850 924392 983817 963850 1016672 977212 957383 1069544 937596 970453 970471 878013 963990 970491 924260 864967 891219 950802 924354 878171 996943 838553 957313 1023275 990420 950802 990300 924386 930885 950758 904541 944199 864965 990260 897870 1003540 904429 950714 917741 963850 851627 1049783 970611 930943 970611 897932 957345 977056 977170 924392 963850 950802 957279 871410 1003528 891311 917629 1043208 963850 1102509 944199 1049843 1010227 917789 911184 911186 1023433 1010197 950774 917787 963928 897980 845156 1076255 977214 1016830 944041 996875 930837 831952 884616 957247 1056288 884774 964008 950644 1016830 963938 871566 884616 924390 1030036 957247 924392 884774 924244 950646 1010173 897980 924392 1029962 897980 950728 950646 950728 904581 963860 963932 1076139 1003506 1023433 944113 970611 996863 970609 1016746 950802 970611 911082 891221 1003466 1016830 950668 891227 937596 990418 937530 970577 917707 1036481 983765 891375 983729 1036481 990262 963924 1109110 937492 1003548 997023 1029886 990420 996899 924384 963896 930835 1029878 964008 1089351 1003498 963936 990286 1003624 911186 924314 990262 944095 1030036 937438 930993 924234 904529 884722 1023433 897826 937438 930937 930995 917629 983657 970461 930961 818638 1003562 1023379 911180 957403 1043242 1049721 950724 937438 1049779 930901 957341 917787 997005 1010229 911130 996877 851701 911122 996863 1030004 924392 957247 970611 944139 917629 904445 950734 891375 871562 891293 964008 1003556 983677 950802 983683 970609 957293 957315 930869 950692 996953 1003566 977212 944059 957247 864807 937516 997021 851601 1029892 1115715 983657 1049725 990290 1003624 977204 983817 983657 970611 1016830 937500 924356 924232 911150 937438 957405 970485 950644 1023315 1003482 1043104 1023385]
Requests Number (per Connection):  [149 140 141 165 150 145 145 138 129 142 163 147 146 150 143 149 148 157 144 142 144 155 153 137 133 145 128 151 153 129 150 150 148 148 145 166 143 154 147 144 162 135 143 151 150 148 139 157 144 146 129 162 138 146 153 146 140 149 146 154 148 145 162 142 147 147 133 146 147 140 131 135 144 140 133 151 127 145 155 150 144 150 140 141 144 137 143 131 150 136 152 137 144 139 146 129 159 147 141 147 136 145 148 148 140 146 144 145 132 152 135 139 158 146 167 143 159 153 139 138 138 155 153 144 139 146 136 128 163 148 154 143 151 141 126 134 145 160 134 146 144 154 146 132 134 140 156 145 140 134 140 144 153 136 140 156 136 144 144 144 137 146 146 163 152 155 143 147 151 147 154 144 147 138 135 152 154 144 135 142 150 142 147 139 157 149 135 149 157 150 146 168 142 152 151 156 150 151 140 146 141 156 146 165 152 146 150 152 138 140 150 143 156 142 141 140 137 134 155 136 142 141 141 139 149 147 141 124 152 155 138 145 158 159 144 142 159 141 145 139 151 153 138 151 129 138 151 156 140 145 147 143 139 137 144 135 132 135 146 152 149 144 149 147 145 145 141 144 151 152 148 143 145 131 142 151 129 156 169 149 159 150 152 148 149 149 147 154 142 140 140 138 142 145 147 144 155 152 158 155]
Requests/sec:  6113.015006510416 KB
Transfer/sec:  10805.321451822916 KB

