2023-12-04 19:37:34.528585259 +0800 CST m=+18155.372169442
Running 1m0s myx-test @ https://192.168.12.127:6443/api/v1/namespaces/myx-test/limitranges
3 connections
Requests/bytes (per Connection):  [37605270 35837134 34732134]
Response/bytes (per Connection):  [53121815 50624187 49063212]
Requests Number (per Connection):  [4424 4216 4086]
Requests/sec:  1760.6532877604166 KB
Transfer/sec:  4247.782421875 KB

2023-12-04 19:39:14.836458037 +0800 CST m=+18255.680042226
Running 1m0s myx-test @ https://192.168.12.127:6443/api/v1/namespaces/myx-test/limitranges
6 connections
Requests/bytes (per Connection):  [34876609 35726623 37401228 37622174 34740531 35973142]
Response/bytes (per Connection):  [49267327 50468084 52833614 53145782 49075168 50816311]
Requests Number (per Connection):  [4103 4203 4400 4426 4087 4232]
Requests/sec:  3521.163850911458 KB
Transfer/sec:  8495.224495442708 KB

2023-12-04 19:40:55.129902909 +0800 CST m=+18355.973487076
Running 1m0s myx-test @ https://192.168.12.127:6443/api/v1/namespaces/myx-test/limitranges
9 connections
Requests/bytes (per Connection):  [30549954 29325900 30804952 30592459 29343002 29198487 30855980 30966495 31374387]
Response/bytes (per Connection):  [43155432 41426325 43515656 43215472 41450391 41246256 43587715 43743820 44320126]
Requests Number (per Connection):  [3594 3450 3624 3599 3452 3435 3630 3643 3691]
Requests/sec:  4443.5484375 KB
Transfer/sec:  10720.586083984375 KB

2023-12-04 19:42:35.453815259 +0800 CST m=+18456.297399427
Running 1m0s myx-test @ https://192.168.12.127:6443/api/v1/namespaces/myx-test/limitranges
15 connections
Requests/bytes (per Connection):  [22372670 22551197 22474786 22160157 22457672 22704197 21565153 22576684 22636193 21837155 21378093 22262159 21667171 22304770 21582249]
Response/bytes (per Connection):  [31604075 31856246 31748223 31303881 31724151 32072381 30463354 31892262 31976319 30847595 30199159 31447972 30607453 31508065 30487417]
Requests Number (per Connection):  [2632 2653 2644 2607 2642 2671 2537 2656 2663 2569 2515 2619 2549 2624 2539]
Requests/sec:  5412.277115885417 KB
Transfer/sec:  13057.761376953125 KB

2023-12-04 19:44:15.778064657 +0800 CST m=+18556.621648825
Running 1m0s myx-test @ https://192.168.12.127:6443/api/v1/namespaces/myx-test/limitranges
30 connections
Requests/bytes (per Connection):  [8882821 8899723 9197384 9044250 9435328 9290737 9511835 9154733 9375841 8933701 9273729 8840204 9078266 9129290 9163304 8780743 8925340 9358741 9078318 9146238 9027370 9044232 9188727 9316240 9078256 9095320 8959320 8738312 9392745 9282376]
Response/bytes (per Connection):  [12547998 12571964 12992307 12776105 13328489 13124316 13436560 12932194 13244443 12619983 13100297 12487902 12824143 12896200 12944237 12403869 12608045 13220378 12824169 12920189 12752150 12776096 12980221 13160340 12824138 12848185 12656065 12343866 13268410 13112378]
Requests Number (per Connection):  [1045 1047 1082 1064 1110 1093 1119 1077 1103 1051 1091 1040 1068 1074 1078 1033 1050 1101 1068 1076 1062 1064 1081 1096 1068 1070 1054 1028 1105 1092]
Requests/sec:  4453.50625 KB
Transfer/sec:  10744.613623046875 KB

2023-12-04 19:45:56.122108327 +0800 CST m=+18656.965692497
Running 1m0s myx-test @ https://192.168.12.127:6443/api/v1/namespaces/myx-test/limitranges
60 connections
Requests/bytes (per Connection):  [4488244 4794130 4709140 4649617 4785703 4734671 4683625 4700715 4658166 4658120 4598711 4624118 4717623 4649713 4658118 4658182 4794146 4726212 4556108 4768629 4700621 4734629 4683619 4641120 4590110 4700635 4624226 4641224 4768705 4675120 4556106 4649621 4649621 4683719 4513737 4488148 4683625 4709132 4632615 4743130 4768633 4505104 4683719 4751631 4819633 4802635 4819699 4598615 4853635 4641180 4564607 4777128 4726124 4437196 4641164 4624114 4615729 4768707 4607194 4624196]
Response/bytes (per Connection):  [6340082 6772295 6652225 6568161 6760324 6688263 6616195 6640255 6580193 6580170 6496163 6532139 6664224 6568209 6580169 6580201 6772303 6676276 6436074 6736272 6640208 6688242 6616192 6556155 6484105 6640215 6532193 6556207 6736310 6604185 6436073 6568163 6568163 6616242 6376101 6340034 6616195 6652221 6544145 6700250 6736274 6364027 6616242 6712258 6808319 6784305 6808352 6496115 6856350 6556185 6448081 6748279 6676232 6268013 6556177 6532137 6520187 6736311 6508162 6532178]
Requests Number (per Connection):  [528 564 554 547 563 557 551 553 548 548 541 544 555 547 548 548 564 556 536 561 553 557 551 546 540 553 544 546 561 550 536 547 547 551 531 528 551 554 545 558 561 530 551 559 567 565 567 541 571 546 537 562 556 522 546 544 543 561 542 544]
Requests/sec:  4562.399039713541 KB
Transfer/sec:  11007.320524088542 KB

2023-12-04 19:47:36.62484414 +0800 CST m=+18757.468428312
Running 1m0s myx-test @ https://192.168.12.127:6443/api/v1/namespaces/myx-test/limitranges
90 connections
Requests/bytes (per Connection):  [3442521 3493613 3527569 3459505 3544641 3476665 3536014 3621052 3680629 3459573 3587176 3468170 3595649 3476667 3621100 3425661 3629679 3570146 3476655 3442511 3408647 3493665 3536094 3451130 3553172 3553172 3757034 3476657 3587088 3595519 3536012 3570154 3663557 3680685 3408561 3425503 3417158 3544541 3578517 3485166 3621128 3587018 3646591 3451148 3672184 3502168 3578675 3536012 3468118 3689186 3578675 3459601 3629645 3408501 3680681 3621060 3391657 3672184 3451162 3289611 3561663 3357523 3476625 3578555 3434160 3468166 3638180 3510669 3519170 3519170 3629583 3544671 3510669 3714623 3663591 3459619 3451162 3629601 3570018 3595519 3434128 3349146 3442661 3621108 3680685 3561515 3570102 3680655 3519168 3706112]
Response/bytes (per Connection):  [4863048 4935139 4983147 4887055 5007198 4911150 4995127 5115221 5199312 4887089 5067253 4899145 5079247 4911151 5115245 4839103 5127292 5043223 4911145 4863043 4815081 4935165 4995167 4875110 5019221 5019221 5307332 4911146 5067209 5079182 4995126 5043227 5175261 5199340 4815038 4839024 4827094 5007148 5055166 4923158 5115259 5067174 5151263 4875119 5187332 4947174 5055245 4995126 4899119 5211348 5055245 4887103 5127275 4815008 5199338 5115225 4791071 5187332 4875126 4646958 5031224 4742974 4911130 5055185 4851110 4899143 5139300 4959182 4971190 4971190 5127244 5007213 4959182 5247339 5175278 4887112 4875126 5127253 5043159 5079182 4851094 4731028 4863118 5115249 5199340 5031150 5043201 5199325 4971189 5235326]
Requests Number (per Connection):  [405 411 415 407 417 409 416 426 433 407 422 408 423 409 426 403 427 420 409 405 401 411 416 406 418 418 442 409 422 423 416 420 431 433 401 403 402 417 421 410 426 422 429 406 432 412 421 416 408 434 421 407 427 401 433 426 399 432 406 387 419 395 409 421 404 408 428 413 414 414 427 417 413 437 431 407 406 427 420 423 404 394 405 426 433 419 420 433 414 436]
Requests/sec:  5185.391438802083 KB
Transfer/sec:  12510.364176432291 KB

2023-12-04 19:49:17.053598041 +0800 CST m=+18857.897182207
Running 1m0s myx-test @ https://192.168.12.127:6443/api/v1/namespaces/myx-test/limitranges
150 connections
Requests/bytes (per Connection):  [2099591 2261062 2320613 2227050 2116639 2235549 2125038 2346060 2201545 2014589 2116539 2023032 2167551 2286555 2329058 2244052 2380064 2176044 2210048 2167543 2227088 2133539 2116597 2065537 2210048 2278118 2159042 2133543 2099537 2201627 2108036 2133587 2142072 2193046 2252563 2286579 2048531 2065537 2184543 2006058 2150543 2193046 2235551 2252555 2133539 2023078 2159094 2091106 2031563 2133539 2142138 2235549 2074038 2125138 2244124 2091036 2176062 2261052 2065533 2159088 2252551 2286555 2133639 2125130 2133541 2048567 2116539 2108038 2116595 2218605 2278112 1997527 2150541 2193078 2082627 2167543 2218625 2142044 1989026 2074034 2006082 2269619 2074146 2108038 2210128 2218551 2227050 2133573 2184543 1997531 2159042 2116543 2116541 2074038 2159042 2193050 2082535 2023034 2014531 2133539 2031607 2227048 2159096 2116585 2133541 2074038 2142044 2193130 2167633 2108040 2082535 2023034 2159042 2227124 2023030 2244050 2150541 2218553 2176044 2252553 2184549 2184545 1980525 2116603 2142046 2099585 2210126 2133539 2108070 2082535 2201593 1912517 2303557 2082535 2159136 2184619 2193128 2091038 2133541 2091036 2048533 2116537 2159042 2261114 2210128 2278076 2184549 2320557 2048651 2201629]
Response/bytes (per Connection):  [2965898 3194026 3278104 3145990 2989937 3157997 3001894 3314100 3109965 2845822 2989887 2857801 3061938 3230045 3290084 3170006 3362132 3073942 3121974 3061934 3146009 3013902 2989916 2917841 3121974 3218069 3049926 3013904 2965871 3110006 2977878 3013926 3025926 3097958 3182019 3230057 2893823 2917841 3085949 2833799 3037919 3097958 3157998 3182015 3013902 2857824 3049952 2953898 2869824 3013902 3025959 3157997 2929849 3001944 3170042 2953863 3073951 3194021 2917839 3049949 3182013 3230045 3013952 3001940 3013903 2893841 2989887 2977879 2989915 3134010 3218066 2821776 3037918 3097974 2941901 3061934 3134020 3025912 2809768 2929847 2833811 3206062 2929903 2977879 3122014 3133983 3145990 3013919 3085949 2821778 3049926 2989889 2989888 2929849 3049926 3097960 2941855 2857802 2845793 3013902 2869846 3145989 3049953 2989910 3013903 2929849 3025912 3098000 3061979 2977880 2941855 2857802 3049926 3146027 2857800 3170005 3037918 3133984 3073942 3182014 3085952 3085950 2797760 2989919 3025913 2965895 3122013 3013902 2977895 2941855 3109989 2701696 3254061 2941855 3049973 3085987 3097999 2953864 3013903 2953863 2893824 2989886 3049926 3194052 3122014 3218048 3085952 3278076 2893883 3110007]
Requests Number (per Connection):  [247 266 273 262 249 263 250 276 259 237 249 238 255 269 274 264 280 256 260 255 262 251 249 243 260 268 254 251 247 259 248 251 252 258 265 269 241 243 257 236 253 258 263 265 251 238 254 246 239 251 252 263 244 250 264 246 256 266 243 254 265 269 251 250 251 241 249 248 249 261 268 235 253 258 245 255 261 252 234 244 236 267 244 248 260 261 262 251 257 235 254 249 249 244 254 258 245 238 237 251 239 262 254 249 251 244 252 258 255 248 245 238 254 262 238 264 253 261 256 265 257 257 233 249 252 247 260 251 248 245 259 225 271 245 254 257 258 246 251 246 241 249 254 266 260 268 257 273 241 259]
Requests/sec:  5252.893912760416 KB
Transfer/sec:  12673.233447265626 KB

2023-12-04 19:50:57.513703038 +0800 CST m=+18958.357287207
Running 1m0s myx-test @ https://192.168.12.127:6443/api/v1/namespaces/myx-test/limitranges
300 connections
Requests/bytes (per Connection):  [1164549 1207050 1045451 1105040 1164451 1173036 1096601 1088102 1155968 1215455 1232615 1190110 1249497 1130449 1198611 1053964 1181453 1207112 1283619 1215613 1207098 1181605 1207004 1224114 1147571 1122040 1113603 1071022 1232615 1198611 1198453 1088012 1190112 1257960 1147481 1173062 1198591 1232615 1258058 1054098 1241000 1164449 1147449 1155950 1317593 1172952 1113445 1190098 1036938 1224088 1249573 1206958 1164567 994591 1164485 1207018 1232541 1190080 1189954 1198455 1266461 1156086 1215613 1079441 1181601 1232589 1088100 1317465 1291988 1104944 1088102 1121956 1240958 1232457 1198611 1122016 1215455 1190046 1139076 1155962 1071096 1172962 1258034 1096601 1113445 1156108 1173048 1130447 1164581 1189984 1292122 1164609 1070960 1240976 1172998 1334547 1206956 1190046 1224084 1249617 1198611 1164593 1087976 1155958 1172984 1300465 1156108 1164569 1139044 1155970 1139106 1258118 1173086 1104962 1164531 1122104 1173096 1249571 943571 1138948 1172968 1224096 1062599 1232593 1198613 1139106 1079441 1190110 1079599 1223966 1215555 1241116 1181609 1326070 1223978 1130605 1232615 1258008 1130605 1121958 1266539 1232553 1122104 1224114 1037096 1147473 1241072 1147523 1079441 1164451 1079601 1232457 1156070 1343074 1274962 1147605 1173022 1198551 1241108 1206974 1173054 1147449 1223956 1079601 1130605 1249599 1198501 1164609 1189980 1138994 1266461 1096569 1156006 1173094 1130605 1207044 1224016 1224114 1113519 1071044 1130507 1215613 1147541 1130521 1172990 1274978 1190110 1300579 1190112 1266579 1113451 1283519 1164607 1190090 1181483 1164451 1249523 1104944 1198587 1223992 1113603 1198583 1189966 1079529 1130591 1172952 1207008 1232615 1181611 1215533 1190080 1215457 1207080 1164451 1173066 1223956 1198521 1130447 1037096 1223956 1147607 1181465 1198453 1070940 1028477 1206994 1071016 1155968 1164497 1138952 1147607 1130571 1249459 1147493 1062597 1326124 1224018 1121946 1308980 1266593 1181455 1181609 1215507 1028597 1037096 1062533 1207080 1232615 1360128 1291968 1147449 1181459 1181453 1189964 1300621 1079601 1156010 1071088 1155950 1164455 1071098 1156106 1062527 1113445 1156092 1198543 1147553 1096521 1215613 1207112 1164455 1172952 1087962 1190110 1156048 1206954 1139106 1147449 1173110 1130517 1215457 1172952 1249459 994441 1139024 1241034 1113445 1096603 1096445 1206956 1147607 1130447 1334467 1139106 1241060 1130605 1139106 1215613 1139090 1198477]
Response/bytes (per Connection):  [1645052 1705090 1476898 1560995 1645003 1657053 1549018 1537011 1633004 1717050 1741145 1681105 1765101 1596972 1693113 1488912 1669019 1705121 1813192 1717129 1705114 1669095 1705067 1729137 1621048 1585010 1573034 1512956 1741145 1693113 1693034 1536966 1681106 1777090 1621003 1657066 1693103 1741145 1777139 1488979 1753095 1645002 1620987 1632995 1861209 1657011 1572955 1681099 1464884 1729124 1765139 1705044 1645061 1404923 1645020 1705074 1741108 1681090 1681027 1693035 1789098 1633063 1717129 1524923 1669093 1741132 1537010 1861145 1825134 1560947 1537011 1584968 1753074 1741066 1693113 1584998 1717050 1681073 1609043 1633001 1512993 1657016 1777127 1549018 1572955 1633074 1657059 1596971 1645068 1681042 1825201 1645082 1512925 1753083 1657034 1885201 1705043 1681073 1729122 1765161 1693113 1645074 1536948 1632999 1657027 1837130 1633074 1645062 1609027 1633005 1609058 1777169 1657078 1560956 1645043 1585042 1657083 1765138 1332868 1608979 1657019 1729128 1500987 1741134 1693114 1609058 1524923 1681105 1525002 1729063 1717100 1753153 1669097 1873205 1729069 1597050 1741145 1777114 1597050 1584969 1789137 1741114 1585042 1729137 1464963 1620999 1753131 1621024 1524923 1645003 1525003 1741066 1633055 1897222 1801106 1621065 1657046 1693083 1753149 1705052 1657062 1620987 1729058 1525003 1597050 1765152 1693058 1645082 1681040 1609002 1789098 1549002 1633023 1657082 1597050 1705087 1729088 1729137 1572992 1512967 1597001 1717129 1621033 1597008 1657030 1801114 1681105 1837187 1681106 1789157 1572958 1813142 1645081 1681095 1669034 1645003 1765114 1560947 1693101 1729076 1573034 1693099 1681033 1524967 1597043 1657011 1705069 1741145 1669098 1717089 1681090 1717051 1705105 1645003 1657068 1729058 1693068 1596971 1464963 1729058 1621066 1669025 1693034 1512915 1452896 1705062 1512953 1633004 1645026 1608981 1621066 1597033 1765082 1621009 1500986 1873232 1729089 1584963 1849145 1789164 1669020 1669097 1717076 1452956 1464963 1500954 1705105 1741145 1921264 1825124 1620987 1669022 1669019 1681032 1837208 1525003 1633025 1512989 1632995 1645005 1512994 1633073 1500951 1572955 1633066 1693079 1621039 1548978 1717129 1705121 1645005 1657011 1536941 1681105 1633044 1705042 1609058 1620987 1657090 1597006 1717051 1657011 1765082 1404848 1609017 1753112 1572955 1549019 1548940 1705043 1621066 1596971 1885161 1609058 1753125 1597050 1609058 1717129 1609050 1693046]
Requests Number (per Connection):  [137 142 123 130 137 138 129 128 136 143 145 140 147 133 141 124 139 142 151 143 142 139 142 144 135 132 131 126 145 141 141 128 140 148 135 138 141 145 148 124 146 137 135 136 155 138 131 140 122 144 147 142 137 117 137 142 145 140 140 141 149 136 143 127 139 145 128 155 152 130 128 132 146 145 141 132 143 140 134 136 126 138 148 129 131 136 138 133 137 140 152 137 126 146 138 157 142 140 144 147 141 137 128 136 138 153 136 137 134 136 134 148 138 130 137 132 138 147 111 134 138 144 125 145 141 134 127 140 127 144 143 146 139 156 144 133 145 148 133 132 149 145 132 144 122 135 146 135 127 137 127 145 136 158 150 135 138 141 146 142 138 135 144 127 133 147 141 137 140 134 149 129 136 138 133 142 144 144 131 126 133 143 135 133 138 150 140 153 140 149 131 151 137 140 139 137 147 130 141 144 131 141 140 127 133 138 142 145 139 143 140 143 142 137 138 144 141 133 122 144 135 139 141 126 121 142 126 136 137 134 135 133 147 135 125 156 144 132 154 149 139 139 143 121 122 125 142 145 160 152 135 139 139 140 153 127 136 126 136 137 126 136 125 131 136 141 135 129 143 142 137 138 128 140 136 142 134 135 138 133 143 138 147 117 134 146 131 129 129 142 135 133 157 134 146 133 134 143 134 141]
Requests/sec:  5731.304264322916 KB
Transfer/sec:  13827.460872395834 KB

