2023-12-04 11:08:13.964768335 +0800 CST m=+2767.644073189
Running 1m0s myx-test @ https://192.168.12.127:6443/api/v1/namespaces
3 connections
Requests/bytes (per Connection):  [39421616 38345508 35873842]
Response/bytes (per Connection):  [56592734 55047890 51499596]
Requests Number (per Connection):  [4689 4561 4267]
Requests/sec:  1849.62509765625 KB
Transfer/sec:  4504.902115885417 KB

2023-12-04 11:09:54.296295645 +0800 CST m=+2867.975600515
Running 1m0s myx-test @ https://192.168.12.127:6443/api/v1/namespaces
6 connections
Requests/bytes (per Connection):  [31569368 32073810 33267586 33275994 31241462 31922338]
Response/bytes (per Connection):  [45320178 46044340 47758120 47770190 44849454 45826952]
Requests Number (per Connection):  [3755 3815 3957 3958 3716 3797]
Requests/sec:  3146.98173828125 KB
Transfer/sec:  7664.71015625 KB

2023-12-04 11:11:34.639887967 +0800 CST m=+2968.319192827
Running 1m0s myx-test @ https://192.168.12.127:6443/api/v1/namespaces
9 connections
Requests/bytes (per Connection):  [24397856 25516048 25331100 25331102 24322210 24389494 24885526 25146128 24919118]
Response/bytes (per Connection):  [35024980 36630218 36364706 36364708 34916376 35012956 35725046 36099170 35773286]
Requests Number (per Connection):  [2902 3035 3013 3013 2893 2901 2960 2991 2964]
Requests/sec:  3649.71650390625 KB
Transfer/sec:  8889.160611979167 KB

2023-12-04 11:13:14.969797245 +0800 CST m=+3068.649102103
Running 1m0s myx-test @ https://192.168.12.127:6443/api/v1/namespaces
15 connections
Requests/bytes (per Connection):  [16099878 16411066 16469888 16579062 15931818 15990640 16402630 15687992 16621102 16923920 15864556 16747366 16251158 15721626 16839780]
Response/bytes (per Connection):  [23112608 23559290 23643746 23800526 22871308 22955764 23547192 22521284 23860876 24295526 22774750 24042070 23329804 22569566 24174766]
Requests Number (per Connection):  [1915 1952 1959 1972 1895 1902 1951 1866 1977 2013 1887 1992 1933 1870 2003]
Requests/sec:  3980.183626302083 KB
Transfer/sec:  9694.035774739583 KB

2023-12-04 11:14:55.392766933 +0800 CST m=+3169.072071787
Running 1m0s myx-test @ https://192.168.12.127:6443/api/v1/namespaces
30 connections
Requests/bytes (per Connection):  [8373574 8608958 8213870 8592164 8382000 8735064 8255978 8491354 8197124 8255832 8516582 8348462 8516618 8550156 8398910 8482990 8264306 8457648 8642580 8508212 8306428 8659554 8121344 8491264 8735222 8314836 8113012 8491244 8070990 8491398]
Response/bytes (per Connection):  [12020926 12358846 11791644 12334728 12033014 12539882 11852062 12189974 11767574 11851916 12226188 11984828 12226224 12274410 12057248 12177948 11864052 12141620 12407116 12214156 11924484 12431414 11658836 12189884 12540040 11936554 11646842 12189864 11586510 12190018]
Requests Number (per Connection):  [996 1024 977 1022 997 1039 982 1010 975 982 1013 993 1013 1017 999 1009 983 1006 1028 1012 988 1030 966 1010 1039 989 965 1010 960 1010]
Requests/sec:  4111.127506510416 KB
Transfer/sec:  10012.9634765625 KB

2023-12-04 11:16:35.754859147 +0800 CST m=+3269.434163995
Running 1m0s myx-test @ https://192.168.12.127:6443/api/v1/namespaces
60 connections
Requests/bytes (per Connection):  [5052764 5061172 5136824 5027544 5103216 4951874 4918242 5120030 5111622 5094806 4800532 4834166 5027546 5237736 4977098 5094806 4825778 4926678 4968690 4918272 5069578 5044360 4909854 5153662 4850980 5128438 5061176 5019136 4985504 5136846 5145250 5002322 5086400 5120012 5162070 4876204 5220924 5019138 4935060 5145230 4918242 4918246 4901462 4901428 5145250 5069578 4993912 5027546 5162070 5212516 5212516 5086388 4926678 4901428 4951874 5195702 5162068 5178854 5086400 4859390]
Response/bytes (per Connection):  [7253626 7265696 7374306 7217420 7326050 7108792 7060512 7350188 7338118 7313978 6891534 6939816 7217422 7519162 7145002 7313978 6927766 7072610 7132932 7060542 7277764 7241560 7048462 7398468 6963954 7362258 7265700 7205350 7157070 7374328 7386394 7181212 7301910 7350170 7410538 7000164 7495026 7205352 7084654 7386374 7060512 7060516 7036408 7036374 7386394 7277764 7169140 7217422 7410538 7482956 7482956 7301898 7072610 7036374 7108792 7458818 7410536 7434646 7301910 6976026]
Requests Number (per Connection):  [601 602 611 598 607 589 585 609 608 606 571 575 598 623 592 606 574 586 591 585 603 600 584 613 577 610 602 597 593 611 612 595 605 609 614 580 621 597 587 612 585 585 583 583 612 603 594 598 614 620 620 605 586 583 589 618 614 616 605 578]
Requests/sec:  4916.554166666667 KB
Transfer/sec:  11974.6392578125 KB

2023-12-04 11:18:16.15816489 +0800 CST m=+3369.837469760
Running 1m0s myx-test @ https://192.168.12.127:6443/api/v1/namespaces
90 connections
Requests/bytes (per Connection):  [3741310 3783192 3505748 3808486 3842204 3690864 3531114 3749718 3808414 3488918 3514212 3556180 3741204 3959900 3724494 3673990 3547924 3715930 3800166 3556248 3892652 3657174 3598300 3783192 3589908 3858984 3758078 3816982 3690764 3875732 3623442 3825348 3858862 3531114 3892638 3598376 3665562 3808462 3741310 3657074 3447036 3690706 3850526 3909308 3757968 3741158 3808488 3800164 3556292 3842142 3657204 3825388 3758082 3615128 3758126 3589812 3774782 3598282 3690746 3774940 3631942 3892494 3640258 3766534 3606772 3623600 3682452 3673898 3858888 3598310 3682376 3800006 3724494 3690774 3648824 3892548 3657072 3741216 3665608 3606786 3615036 3825388 3850454 3875678 3640260 3640306 3514156 3766394 3682314 3783292]
Response/bytes (per Connection):  [5370900 5431092 5032802 5467372 5515738 5298482 5069154 5382970 5467300 5008648 5044928 5105206 5370794 5684702 5346760 5274284 5093288 5334534 5455390 5105274 5588158 5250144 5165636 5431092 5153582 5539842 5394992 5479530 5298382 5563914 5201764 5491558 5539720 5069154 5588144 5165712 5262194 5467348 5370900 5250044 4948456 5298324 5527722 5612138 5394882 5370748 5467374 5455388 5105318 5515676 5250174 5491598 5394996 5189788 5395040 5153486 5419020 5165618 5298364 5419178 5213926 5588000 5225904 5407110 5177770 5201922 5286408 5274192 5539746 5165646 5286332 5455230 5346760 5298392 5238132 5588054 5250042 5370806 5262240 5177784 5189696 5491598 5527650 5563860 5225906 5225952 5044872 5406970 5286270 5431192]
Requests Number (per Connection):  [445 450 417 453 457 439 420 446 453 415 418 423 445 471 443 437 422 442 452 423 463 435 428 450 427 459 447 454 439 461 431 455 459 420 463 428 436 453 445 435 410 439 458 465 447 445 453 452 423 457 435 455 447 430 447 427 449 428 439 449 432 463 433 448 429 431 438 437 459 428 438 452 443 439 434 463 435 445 436 429 430 455 458 461 433 433 418 448 438 450]
Requests/sec:  5439.267220052084 KB
Transfer/sec:  13247.748307291668 KB

2023-12-04 11:19:56.553514361 +0800 CST m=+3470.232819227
Running 1m0s myx-test @ https://192.168.12.127:6443/api/v1/namespaces
150 connections
Requests/bytes (per Connection):  [2354024 2227942 2227950 2261536 2261542 2278370 2269966 2236376 2253130 2244722 2219562 2320392 2227976 2143918 2194288 2236378 2370874 2219528 2396064 2438102 2177460 2286766 2311986 2219498 2295170 2278356 2152324 2244722 2463340 2152238 2219500 2269946 2463336 2261538 2185866 2127106 2219518 2278354 2362430 2278414 2219498 2269944 2312034 2311986 2278354 2370874 2127022 2236318 2438102 2219552 2269972 2152294 2135514 2354024 2236314 2185868 2362468 2185866 2118604 2269946 2177460 2269964 2278412 2118606 2337208 2286760 2438102 2387656 2269944 2370874 2303576 2404480 2311984 2253194 2286818 2202758 2211090 2396064 2261542 2202682 2345616 2421288 2396094 2169052 2177486 2261600 2295184 2219506 2438102 2278352 2286762 2236378 2320396 2278352 2278386 2278354 2295170 2253134 2311984 2362432 2244726 2404472 2219502 2454932 2379280 2261538 2345616 2253130 2194276 2194274 2354024 2278352 2236314 2311984 2227920 2320440 2328846 2303632 2169076 2177540 2202684 2101834 2286760 2345616 2286802 2143876 2261542 2328800 2227908 2286762 2328836 2211090 2143828 2244722 2253130 2152256 2219572 2261538 2387656 2328800 2278354 2211090 2278412 2194276 2286818 2362448 2404470 2194354 2320396 2236318]
Response/bytes (per Connection):  [3379384 3198372 3198380 3246614 3246620 3270772 3258706 3210468 3234546 3222476 3186330 3331104 3198406 3077728 3150070 3210470 3403558 3186296 3439734 3500082 3125918 3282830 3319036 3186266 3294896 3270758 3089796 3222476 3536306 3089710 3186268 3258686 3536302 3246616 3137986 3053592 3186286 3270756 3391452 3270816 3186266 3258684 3319084 3319036 3270756 3403558 3053508 3210410 3500082 3186320 3258712 3089766 3065662 3379384 3210406 3137988 3391490 3137986 3041428 3258686 3125918 3258704 3270814 3041430 3355244 3282824 3500082 3427664 3258684 3403558 3306964 3451812 3319034 3234610 3282882 3162202 3174196 3439734 3246620 3162126 3367314 3475944 3439764 3113848 3125944 3246678 3294910 3186274 3500082 3270754 3282826 3210470 3331108 3270754 3270788 3270756 3294896 3234550 3319034 3391454 3222480 3451804 3186270 3524236 3415626 3246616 3367314 3234546 3150058 3150056 3379384 3270754 3210406 3319034 3198350 3331152 3343220 3307020 3113872 3125998 3162128 3017334 3282824 3367314 3282866 3077686 3246620 3343174 3198338 3282826 3343210 3174196 3077638 3222476 3234546 3089728 3186340 3246616 3427664 3343174 3270756 3174196 3270814 3150058 3282882 3391470 3451802 3150136 3331108 3210410]
Requests Number (per Connection):  [280 265 265 269 269 271 270 266 268 267 264 276 265 255 261 266 282 264 285 290 259 272 275 264 273 271 256 267 293 256 264 270 293 269 260 253 264 271 281 271 264 270 275 275 271 282 253 266 290 264 270 256 254 280 266 260 281 260 252 270 259 270 271 252 278 272 290 284 270 282 274 286 275 268 272 262 263 285 269 262 279 288 285 258 259 269 273 264 290 271 272 266 276 271 271 271 273 268 275 281 267 286 264 292 283 269 279 268 261 261 280 271 266 275 265 276 277 274 258 259 262 250 272 279 272 255 269 277 265 272 277 263 255 267 268 256 264 269 284 277 271 263 271 261 272 281 286 261 276 266]
Requests/sec:  5546.690852864584 KB
Transfer/sec:  13509.383821614583 KB

2023-12-04 11:21:37.007285892 +0800 CST m=+3570.686590744
Running 1m0s myx-test @ https://192.168.12.127:6443/api/v1/namespaces
300 connections
Requests/bytes (per Connection):  [1403960 1488022 1471324 1294800 1404100 1429168 1488032 1404100 1277826 1319882 1488180 1462800 1479640 1387286 1479668 1345246 1286234 1445984 1345246 1370380 1471356 1488022 1361998 1319866 1328274 1370392 1378866 1504838 1269420 1395536 1328432 1395598 1328432 1546914 1362042 1496430 1412510 1403944 1387182 1479614 1496430 1454392 1420892 1319866 1403970 1370394 1420820 1345102 1420758 1311458 1496492 1395536 1479614 1462800 1513246 1471206 1429326 1420802 1269524 1319886 1429166 1488148 1362062 1395562 1176998 1412350 1454468 1387128 1429166 1328380 1378800 1454464 1454474 1345090 1378880 1420822 1513246 1395564 1513350 1353498 1546876 1420762 1437732 1345246 1378798 1252606 1412488 1420820 1361904 1362054 1429276 1403944 1471364 1496430 1454410 1286236 1412436 1353510 1454532 1420838 1513246 1437624 1378878 1488022 1252736 1361982 1496588 1471358 1462944 1445982 1353582 1504988 1454392 1319946 1496430 1404100 1311458 1437728 1454396 1328272 1395694 1361904 1353654 1420760 1395546 1420824 1420760 1420760 1320024 1353616 1277906 1563722 1353656 1412510 1378720 1303098 1328356 1429204 1420760 1361904 1353656 1488022 1378878 1538588 1462956 1387176 1445982 1311510 1454430 1404006 1437694 1387168 1261166 1496520 1437576 1378838 1454406 1387128 1336838 1328274 1353556 1235856 1328316 1454392 1395536 1353496 1378774 1378722 1605810 1319896 1303184 1286372 1471258 1370348 1353496 1420918 1412508 1336748 1303198 1387128 1454392 1361944 1546876 1479636 1454548 1370314 1429192 1530064 1303074 1294642 1294714 1328416 1345148 1454534 1479620 1437600 1286290 1580600 1328430 1328274 1462926 1437732 1320010 1504918 1395536 1370470 1311606 1412352 1462904 1471334 1446140 1378796 1370470 1479772 1361904 1303140 1311616 1496562 1454490 1311458 1597390 1471248 1437732 1496430 1462800 1336682 1336778 1445982 1446142 1462798 1370470 1235788 1395536 1454550 1639472 1336680 1328430 1412352 1378742 1345182 1403980 1303104 1319866 1143302 1319974 1320022 1362062 1412434 1277836 1420918 1496454 1622546 1387128 1370416 1488122 1353656 1538558 1437602 1462798 1387162 1319958 1328274 1387200 1269450 1303198 1345108 1328274 1277826 1370384 1353600 1303180 1462956 1362002 1437576 1446046 1294642 1294674 1429168 1538582 1269530 1235944 1437574 1353498 1303050 1336838 1370314 1328272 1378824 1336682 1319870 1395536 1303064 1345186 1378878 1387128 1437732 1336682 1378878 1319980 1412510]
Response/bytes (per Connection):  [2015514 2136196 2112174 1858748 2015654 2051708 2136206 2015654 1834450 1894816 2136354 2099988 2124152 1991516 2124180 1931166 1846520 2075848 1931166 1967286 2112206 2136196 1955242 1894800 1906870 1967298 1979434 2160336 1822382 2003428 1907028 2003490 1907028 2220722 1955286 2148266 2027726 2015498 1991412 2124126 2148266 2087918 2039770 1894800 2015524 1967300 2039698 1931022 2039636 1882730 2148328 2003428 2124126 2099988 2172406 2112056 2051866 2039680 1822486 1894820 2051706 2136322 1955306 2003454 1689678 2027566 2087994 1991358 2051706 1906976 1979368 2087990 2088000 1931010 1979448 2039700 2172406 2003456 2172510 1943080 2220684 2039640 2063934 1931166 1979366 1798244 2027704 2039698 1955148 1955298 2051816 2015498 2112214 2148266 2087936 1846522 2027652 1943092 2088058 2039716 2172406 2063826 1979446 2136196 1798374 1955226 2148424 2112208 2100132 2075846 1943164 2160486 2087918 1894880 2148266 2015654 1882730 2063930 2087922 1906868 2003586 1955148 1943236 2039638 2003438 2039702 2039638 2039638 1894958 1943198 1834530 2244854 1943238 2027726 1979288 1870708 1906952 2051744 2039638 1955148 1943238 2136196 1979446 2208734 2100144 1991406 2075846 1882782 2087956 2015560 2063896 1991398 1810466 2148356 2063778 1979406 2087932 1991358 1919096 1906870 1943138 1774170 1906912 2087918 2003428 1943078 1979342 1979290 2305252 1894830 1870794 1846658 2112108 1967254 1943078 2039796 2027724 1919006 1870808 1991358 2087918 1955188 2220684 2124148 2088074 1967220 2051732 2196548 1870684 1858590 1858662 1907012 1931068 2088060 2124132 2063802 1846576 2269056 1907026 1906870 2100114 2063934 1894944 2160416 2003428 1967376 1882878 2027568 2100092 2112184 2076004 1979364 1967376 2124284 1955148 1870750 1882888 2148398 2088016 1882730 2293170 2112098 2063934 2148266 2099988 1918940 1919036 2075846 2076006 2099986 1967376 1774102 2003428 2088076 2353562 1918938 1907026 2027568 1979310 1931102 2015534 1870714 1894800 1641334 1894908 1894956 1955306 2027650 1834460 2039796 2148290 2329312 1991358 1967322 2136296 1943238 2208704 2063804 2099986 1991392 1894892 1906870 1991430 1822412 1870808 1931028 1906870 1834450 1967290 1943182 1870790 2100144 1955246 2063778 2075910 1858590 1858622 2051708 2208728 1822492 1774258 2063776 1943080 1870660 1919096 1967220 1906868 1979392 1918940 1894804 2003428 1870674 1931106 1979446 1991358 2063934 1918940 1979446 1894914 2027726]
Requests Number (per Connection):  [167 177 175 154 167 170 177 167 152 157 177 174 176 165 176 160 153 172 160 163 175 177 162 157 158 163 164 179 151 166 158 166 158 184 162 178 168 167 165 176 178 173 169 157 167 163 169 160 169 156 178 166 176 174 180 175 170 169 151 157 170 177 162 166 140 168 173 165 170 158 164 173 173 160 164 169 180 166 180 161 184 169 171 160 164 149 168 169 162 162 170 167 175 178 173 153 168 161 173 169 180 171 164 177 149 162 178 175 174 172 161 179 173 157 178 167 156 171 173 158 166 162 161 169 166 169 169 169 157 161 152 186 161 168 164 155 158 170 169 162 161 177 164 183 174 165 172 156 173 167 171 165 150 178 171 164 173 165 159 158 161 147 158 173 166 161 164 164 191 157 155 153 175 163 161 169 168 159 155 165 173 162 184 176 173 163 170 182 155 154 154 158 160 173 176 171 153 188 158 158 174 171 157 179 166 163 156 168 174 175 172 164 163 176 162 155 156 178 173 156 190 175 171 178 174 159 159 172 172 174 163 147 166 173 195 159 158 168 164 160 167 155 157 136 157 157 162 168 152 169 178 193 165 163 177 161 183 171 174 165 157 158 165 151 155 160 158 152 163 161 155 174 162 171 172 154 154 170 183 151 147 171 161 155 159 163 158 164 159 157 166 155 160 164 165 171 159 164 157 168]
Requests/sec:  6815.688899739584 KB
Transfer/sec:  16600.136881510418 KB

