2023-12-04 13:22:55.362530371 +0800 CST m=+60.195931474
Running 1m0s myx-test @ https://192.168.12.127:6443/api/v1/nodes
3 connections
Requests/bytes (per Connection):  [12217843 15678570 16629977]
Response/bytes (per Connection):  [4114148 5538359 6011678]
Requests Number (per Connection):  [1451 1862 1975]
Requests/sec:  724.71337890625 KB
Transfer/sec:  979.664306640625 KB

2023-12-04 13:24:35.505064671 +0800 CST m=+160.338465777
Running 1m0s myx-test @ https://192.168.12.127:6443/api/v1/nodes
6 connections
Requests/bytes (per Connection):  [10668515 9944363 10138002 7047727 9902220 6980361]
Response/bytes (per Connection):  [3544844 3476786 3494958 1959872 3472788 2562624]
Requests Number (per Connection):  [1267 1181 1204 837 1176 829]
Requests/sec:  889.9932942708333 KB
Transfer/sec:  1191.2932942708333 KB

2023-12-04 13:26:15.80714281 +0800 CST m=+260.640543933
Running 1m0s myx-test @ https://192.168.12.127:6443/api/v1/nodes
9 connections
Requests/bytes (per Connection):  [4909005 7788727 8024543 7477214 5119526 7729814 7839285 7637181 4942689]
Response/bytes (per Connection):  [1732434 2638606 2660810 2609366 1844917 2633096 2669872 2624382 1735602]
Requests Number (per Connection):  [583 925 953 888 608 918 931 907 587]
Requests/sec:  1000.45546875 KB
Transfer/sec:  1344.678857421875 KB

2023-12-04 13:27:56.008480793 +0800 CST m=+360.841881899
Running 1m0s myx-test @ https://192.168.12.127:6443/api/v1/nodes
15 connections
Requests/bytes (per Connection):  [4142716 3982879 6912995 6854092 6542483 6761451 6348858 6491959 4117453 6812039 4016481 3949063 6778385 6618368 6483584]
Response/bytes (per Connection):  [1660384 1115858 2556290 1915222 2071260 1906500 1867728 2503463 1658008 2004001 1013016 1006630 2543744 2528678 1880390]
Requests Number (per Connection):  [492 473 821 814 777 803 754 771 489 809 477 469 805 786 770]
Requests/sec:  1412.96884765625 KB
Transfer/sec:  1872.4605794270833 KB

2023-12-04 13:29:36.420472424 +0800 CST m=+461.253873529
Running 1m0s myx-test @ https://192.168.12.127:6443/api/v1/nodes
30 connections
Requests/bytes (per Connection):  [3157639 4909005 5447939 3233378 5431005 3081850 5490042 3098692 3149216 4909007 5388994 4841639 5380571 5313205 5102672 5313205 4993213 4900584 3174423 3115462 5456320 4925847 4976373 3115474 4951112 3216480 5355310 3275533 4976391 5380571]
Response/bytes (per Connection):  [932332 1732434 2352475 1574978 1781436 925204 1787070 926788 931538 1533821 1777570 1421557 1776776 1770442 1750634 1770442 1740352 1731642 933858 928300 2128130 1548644 1738770 928312 1603986 937770 1774402 1499542 1738788 1776776]
Requests Number (per Connection):  [375 583 647 384 645 366 652 368 374 583 640 575 639 631 606 631 593 582 377 370 648 585 591 370 588 382 636 389 591 639]
Requests/sec:  2198.2609375 KB
Transfer/sec:  2942.967464192708 KB

2023-12-04 13:31:16.676428277 +0800 CST m=+561.509829393
Running 1m0s myx-test @ https://192.168.12.127:6443/api/v1/nodes
60 connections
Requests/bytes (per Connection):  [4218503 3949135 2694458 2744970 4226972 3864829 3822780 2719759 4167977 4193314 2686071 3982721 3966035 3873346 3789042 3923924 3873330 2761862 3965879 2719759 4193290 3856554 2660780 3915511 3814305 4277546 4226920 4117465 4269027 2736601 2686075 3738516 3949037 4176540 4395340 2686037 3831303 3747079 2694496 2686039 4294290 4226924 2728132 2728158 2669235 2669229 2677656 4184977 4353357 3881669 3848145 3982879 2736601 4176558 4319683 2728180 2745020 4117515 4193354 4142716]
Response/bytes (per Connection):  [1667510 1642270 888746 893484 1032782 1634254 994782 1169221 1331733 1665208 887988 1274592 1114272 1635142 1216657 1639946 1635126 895118 1643756 891160 1665184 998040 885584 1281655 1510335 1673150 1151899 1022452 1672260 892744 887992 1251628 1483280 1663692 1459041 887954 1578280 987742 888784 887956 1674636 1668302 891904 891930 886410 886404 887202 1558572 1680300 1635836 1235598 1619016 892744 1663710 1425563 891952 893534 1658070 1135608 1660384]
Requests Number (per Connection):  [501 469 320 326 502 459 454 323 495 498 319 473 471 460 450 466 460 328 471 323 498 458 316 465 453 508 502 489 507 325 319 444 469 496 522 319 455 445 320 319 510 502 324 324 317 317 318 497 517 461 457 473 325 496 513 324 326 489 498 492]
Requests/sec:  3519.000732421875 KB
Transfer/sec:  4759.578108723958 KB

2023-12-04 13:32:56.985296409 +0800 CST m=+661.818697520
Running 1m0s myx-test @ https://192.168.12.127:6443/api/v1/nodes
90 connections
Requests/bytes (per Connection):  [2542918 2416609 2408216 3317634 2425030 3376583 3603936 3679661 2441872 2391348 3359739 3460783 3342895 2374506 3418682 2542918 2441892 2408192 2391380 3544995 2618709 2425044 3469208 3637466 2425054 2433451 3612301 3401784 2542922 3620782 3359667 3385000 3688100 2433451 3629165 3494373 3570250 3477629 3267052 3326009 2408188 3561679 3511259 3645965 3536518 3317474 3679643 3435502 2399797 3561825 3435442 3477629 2483985 3435526 3351160 3637610 2475556 3410263 2458714 3805884 3317588 3502854 3536496 3561837 3713369 3460671 2374504 3385000 3359737 3435524 2408188 3300664 3763779 2450291 3696569 3687992 3738610 2416635 3342763 3595497 3351316 3654466 3671206 2467133 2458714 2399767 3612361 3452266 3553350 2450293]
Response/bytes (per Connection):  [874528 862654 861890 947376 810482 1535526 974292 981356 865030 860280 951336 1596400 949750 858696 956876 874528 865050 702974 860312 1140887 1014068 863460 961628 1122957 863470 864238 1610596 955236 901014 1267182 951264 953710 1617734 864238 1612202 963906 1606690 962420 1578136 948122 861862 970180 965534 1613744 967906 947216 981338 1594006 861100 970326 958378 962420 868998 1170318 1082796 977450 868198 956086 866614 1218241 947330 1600326 1603452 970338 1620116 1583047 858694 953710 951334 1064388 861862 945664 1121594 746651 983006 1339565 1622470 862680 949618 973482 950542 1601375 1616098 867404 866614 861070 1081016 1595512 969480 865822]
Requests Number (per Connection):  [302 287 286 394 288 401 428 437 290 284 399 411 397 282 406 302 290 286 284 421 311 288 412 432 288 289 429 404 302 430 399 402 438 289 431 415 424 413 388 395 286 423 417 433 420 394 437 408 285 423 408 413 295 408 398 432 294 405 292 452 394 416 420 423 441 411 282 402 399 408 286 392 447 291 439 438 444 287 397 427 398 434 436 293 292 285 429 410 422 291]
Requests/sec:  4620.056396484375 KB
Transfer/sec:  6187.59326171875 KB

2023-12-04 13:34:37.373290756 +0800 CST m=+762.206691862
Running 1m0s myx-test @ https://192.168.12.127:6443/api/v1/nodes
150 connections
Requests/bytes (per Connection):  [1835608 1768248 2467133 2408218 1776627 2492404 2298717 2315561 2467133 1785074 2340826 2315559 2340822 2450311 2349243 2307138 2399767 2450293 2458714 1700844 2307140 2399771 2576604 1852474 1675583 1692581 2298717 2340822 2315559 2374504 1734652 1852418 2391380 2374540 2475556 2323980 1759927 2374506 2391346 1776631 2517659 1759785 2281877 2492406 1751368 2576600 1726107 2458716 2441892 2475566 1742947 1700844 1742949 2273456 2357682 1751372 2281875 2441876 2408188 1751368 1759845 2248193 2323980 2509240 2416609 2441892 1742949 2315559 2475556 1734626 2357664 2231353 2542918 1709367 2542922 2332423 1835634 2483987 2492406 2248193 1818796 2433451 2307140 2374504 2324016 2323980 2517661 1759791 2332401 2416609 1810315 2307140 2340822 2425056 2458714 2366087 2408188 1751468 1776631 2517659 2340822 1776631 2382931 1869336 1776631 1818742 2391348 1768338 1717806 1793469 2416609 2509242 1827151 2492396 1751368 2399771 2332401 1810401 1742949 2340822 2441872 2307138 2374540 1751368 2323982 2391346 1844035 2441892 2290296 2366085 2180827 2315559 1768246 2357664 2500819 2315559 2458712 2441872 2307190 2340822 1734598 1709417 2298719 2416609 2458712 1709421 1776763 1785078 1692489 2323980]
Response/bytes (per Connection):  [172486 166158 867404 861892 802476 869788 851568 853154 867404 803294 855532 853152 855528 865840 856320 852360 861070 865822 866614 795354 852362 688941 943903 200576 792980 569623 851568 855528 853152 858694 441139 637473 860312 858730 801993 853944 801034 858696 860278 802480 872156 324216 849986 869790 800104 930658 797730 773929 865050 868208 799312 795354 680145 849194 724720 164540 849984 865034 861862 800104 800952 846818 853944 871366 862654 865050 799314 548609 801993 282221 857112 845236 874528 266608 901014 854758 808080 869000 869790 846818 184173 864238 852362 858694 853980 853944 872158 681729 854736 862654 501105 852362 855528 863472 773927 632809 861862 800204 564142 872156 855528 802480 859492 811266 802480 170878 860280 801816 386587 804060 862654 871368 304068 869780 747140 861074 576675 315817 786073 855528 865030 852360 858730 575007 853946 860278 173284 865050 850776 857904 840484 853152 801724 857112 870574 681019 866612 865030 852412 590708 163024 796298 719160 862654 866612 663892 537792 803298 159060 853944]
Requests Number (per Connection):  [218 210 293 286 211 296 273 275 293 212 278 275 278 291 279 274 285 291 292 202 274 285 306 220 199 201 273 278 275 282 206 220 284 282 294 276 209 282 284 211 299 209 271 296 208 306 205 292 290 294 207 202 207 270 280 208 271 290 286 208 209 267 276 298 287 290 207 275 294 206 280 265 302 203 302 277 218 295 296 267 216 289 274 282 276 276 299 209 277 287 215 274 278 288 292 281 286 208 211 299 278 211 283 222 211 216 284 210 204 213 287 298 217 296 208 285 277 215 207 278 290 274 282 208 276 284 219 290 272 281 259 275 210 280 297 275 292 290 274 278 206 203 273 287 292 203 211 212 201 276]
Requests/sec:  5324.739306640625 KB
Transfer/sec:  7170.324723307292 KB

2023-12-04 13:36:17.757013151 +0800 CST m=+862.590414257
Running 1m0s myx-test @ https://192.168.12.127:6443/api/v1/nodes
300 connections
Requests/bytes (per Connection):  [1448220 1566110 1650332 1262962 1625135 1473625 1254541 1524021 1574689 1406115 1557843 1658873 1195658 1296644 1456641 1515744 1658775 1490345 1524007 1490453 1448220 1465138 1498776 1220857 1591523 1599926 1229362 1262960 1650320 1271539 1406139 1498902 1305091 1330328 1322015 1557847 1549306 1254669 1498798 1246118 1524153 1540909 1507163 1574625 1246276 1490445 1456639 1557749 1616634 1212488 1582952 1237789 1507165 1490449 1507169 1557829 1279960 1490421 1566110 1540967 1473481 1229278 1498902 1448220 1448220 1616784 1271469 1641913 1524007 1254699 1524163 1675577 1515744 1237745 1237699 1187331 1204173 1498902 1490323 1448220 1296644 1515586 1288225 1431376 1439853 1271541 1279840 1540935 1625115 1246250 1296644 1498744 1254615 1541005 1616634 1195634 1448220 1532464 1540949 1465062 1313486 1195596 1524163 1515616 1296714 1532460 1515668 1524149 1254589 1515744 1498886 1532444 1481906 1246152 1566116 1490323 1296802 1566130 1507197 1599794 1229366 1633476 1583110 1574625 1288357 1524043 1574531 1422961 1490481 1414606 1279960 1566118 1498744 1262998 1574691 1456639 1582982 1540847 1229300 1212544 1557757 1423063 1254541 1574653 1288253 1540889 1583040 1524155 1279948 1616636 1566146 1246176 1448250 1532586 1507231 1204173 1288331 1254611 1524007 1448244 1524067 1271383 1279802 1246276 1532528 1279924 1271441 1540847 1541005 1633504 1658741 1305065 1498744 1246278 1540899 1237857 1582980 1608229 1498744 1271459 1524121 1591373 1574539 1515586 1439837 1625053 1212436 1498816 1204173 1642021 1271383 1448220 1263110 1481984 1220857 1296802 1456741 1481990 1490481 1540849 1221005 1532446 1490323 1608301 1515586 1162068 1481904 1263094 1532428 1524165 1557733 1305077 1515670 1246252 1263088 1482038 1532586 1237699 1591445 1574531 1667160 1549404 1456751 1540847 1549354 1448294 1465060 1456711 1549330 1254539 1549368 1473487 1507165 1540979 1641913 1321967 1574547 1271429 1498778 1582952 1431536 1313644 1229414 1524005 1313644 1566254 1271383 1549270 1532564 1625153 1220857 1456641 1313560 1305193 1566110 1296802 1599898 1229276 1482000 1481966 1549328 1288229 1599896 1322065 1557691 1288357 1288381 1237699 1507273 1557691 1549418 1498854 1305223 1574531 1608215 1566242 1507205 1490323 1246120 1566110 1490451 1204117 1507321 1237857 1195698 1313622 1406141 1549426 1599810 1212568 1204099 1658767 1482040 1540921 1313644 1448274 1549298 1532524 1212592 1583110]
Response/bytes (per Connection):  [771600 782684 155048 754180 788306 151791 753388 778740 465850 582266 331852 791528 747908 757346 534054 592718 155862 140012 778726 775688 771600 137692 776382 260303 785210 785984 115528 568804 790604 397621 767664 736785 758164 760514 759830 609917 145570 753516 140836 381846 249232 144802 671212 783570 646824 140112 401642 146384 787434 749480 214905 116326 777142 140116 777146 252392 120352 140088 557587 144860 350262 128685 551411 625949 493539 403595 755058 154258 580111 727064 408134 792974 778092 751850 566430 217570 113226 458724 775558 731877 677900 777934 226916 147687 770862 344659 755800 780396 788286 117158 757346 485048 753462 555369 549096 747884 771600 143986 780410 773184 494110 377098 408134 777964 757416 143982 778016 778868 117868 711887 776492 779534 139202 117060 147122 351846 545648 782704 777174 521032 751100 789018 731462 783570 756688 778762 478933 769228 444691 768502 318967 147124 590976 754216 651226 772390 148730 780308 751034 749536 781960 769330 488568 174512 121016 780350 148788 262475 120340 721231 147152 752652 771630 607543 777208 179431 756662 117890 778726 771624 778786 635803 318809 487932 144050 120316 755030 197704 701020 153478 791396 149052 273192 223114 780360 447419 784296 786658 379120 119480 778840 785060 783484 777934 770846 192379 391921 140854 113226 789934 357742 215478 754328 139280 644292 121936 136924 774854 246076 250670 750368 779536 603425 151162 777934 665388 668840 754312 779518 765643 146368 122582 778018 117160 754306 139334 355964 248646 785132 783476 792186 211873 772502 780308 781186 771674 693736 772462 781162 289951 781200 138412 565286 171354 789826 124214 783492 755018 140816 784268 161088 361858 115580 778724 507509 782828 503393 781102 779654 152756 445677 626741 123436 122698 689997 611853 785956 247852 139296 774830 145592 120992 150386 733398 543556 121120 505133 169200 141682 530315 304574 776460 572922 598102 336450 213453 777182 404810 355366 239803 775686 748738 658129 698998 112380 759066 767666 648848 150300 113992 113152 155854 139336 144814 123520 136086 781130 144046 749584 387196]
Requests Number (per Connection):  [172 186 196 150 193 175 149 181 187 167 185 197 142 154 173 180 197 177 181 177 172 174 178 145 189 190 146 150 196 151 167 178 155 158 157 185 184 149 178 148 181 183 179 187 148 177 173 185 192 144 188 147 179 177 179 185 152 177 186 183 175 146 178 172 172 192 151 195 181 149 181 199 180 147 147 141 143 178 177 172 154 180 153 170 171 151 152 183 193 148 154 178 149 183 192 142 172 182 183 174 156 142 181 180 154 182 180 181 149 180 178 182 176 148 186 177 154 186 179 190 146 194 188 187 153 181 187 169 177 168 152 186 178 150 187 173 188 183 146 144 185 169 149 187 153 183 188 181 152 192 186 148 172 182 179 143 153 149 181 172 181 151 152 148 182 152 151 183 183 194 197 155 178 148 183 147 188 191 178 151 181 189 187 180 171 193 144 178 143 195 151 172 150 176 145 154 173 176 177 183 145 182 177 191 180 138 176 150 182 181 185 155 180 148 150 176 182 147 189 187 198 184 173 183 184 172 174 173 184 149 184 175 179 183 195 157 187 151 178 188 170 156 146 181 156 186 151 184 182 193 145 173 156 155 186 154 190 146 176 176 184 153 190 157 185 153 153 147 179 185 184 178 155 187 191 186 179 177 148 186 177 143 179 147 142 156 167 184 190 144 143 197 176 183 156 172 184 182 144 188]
Requests/sec:  7034.563297526041 KB
Transfer/sec:  9511.720442708332 KB

