2023-12-04 21:02:00.911669338 +0800 CST m=+23221.755253505
Running 1m0s myx-test @ https://192.168.12.127:6443/api/v1/namespaces/myx-test/persistentvolumeclaims
3 connections
Requests/bytes (per Connection):  [9237854 5482520 9108790]
Response/bytes (per Connection):  [13121102 7787202 12937935]
Requests Number (per Connection):  [1075 638 1060]
Requests/sec:  387.84446614583334 KB
Transfer/sec:  938.7272623697917 KB

2023-12-04 21:03:41.249941568 +0800 CST m=+23322.093525760
Running 1m0s myx-test @ https://192.168.12.127:6443/api/v1/namespaces/myx-test/persistentvolumeclaims
6 connections
Requests/bytes (per Connection):  [5645804 7450344 7708158 5491066 7235498 7742534]
Response/bytes (per Connection):  [8019115 10582275 10948452 7799384 10277127 10997276]
Requests Number (per Connection):  [657 867 897 639 842 901]
Requests/sec:  671.7676432291667 KB
Transfer/sec:  1625.928271484375 KB

2023-12-04 21:05:21.621194618 +0800 CST m=+23422.464778796
Running 1m0s myx-test @ https://192.168.12.127:6443/api/v1/namespaces/myx-test/persistentvolumeclaims
9 connections
Requests/bytes (per Connection):  [7673798 4674706 7682388 4399704 7940192 7501962 7948786 4984088 7802692]
Response/bytes (per Connection):  [10899636 6639849 10911840 6249260 11278012 10655538 11290218 7079264 11082718]
Requests Number (per Connection):  [893 544 894 512 924 873 925 580 908]
Requests/sec:  986.4634765625 KB
Transfer/sec:  2387.608251953125 KB

2023-12-04 21:07:02.071610237 +0800 CST m=+23522.915194425
Running 1m0s myx-test @ https://192.168.12.127:6443/api/v1/namespaces/myx-test/persistentvolumeclaims
15 connections
Requests/bytes (per Connection):  [6737136 4073280 4330954 6994880 7037974 6823084 6762992 3995916 6883156 6702740 4159082 7166752 3875564 6676930 6599616]
Response/bytes (per Connection):  [9569224 5785506 6151613 9935366 9996458 9691288 9605879 5675643 9776687 9520390 5907497 10179482 5504741 9483758 9373920]
Requests Number (per Connection):  [784 474 504 814 819 794 787 465 801 780 484 834 451 777 768]
Requests/sec:  1445.6389322916666 KB
Transfer/sec:  3498.982877604167 KB

2023-12-04 21:08:42.774534877 +0800 CST m=+23623.618119045
Running 1m0s myx-test @ https://192.168.12.127:6443/api/v1/namespaces/myx-test/persistentvolumeclaims
30 connections
Requests/bytes (per Connection):  [3806884 3695174 6161276 3660682 5980924 6212856 3712352 6247290 5903604 6126910 5937852 6032368 3858450 6315980 6144246 3686580 6238676 6221590 6212968 3849808 6015338 6195790 3763776 5937994 6152682 3703624 6238758 3669390 6109870 6290340]
Response/bytes (per Connection):  [5407129 5248457 8751391 5199575 8495126 8824635 5272864 8873488 8385285 8702572 8434045 8568302 5480366 8971105 8727058 5236251 8861272 8836911 8824691 5468136 8543969 8800284 5346030 8434116 8739185 5260591 8861313 5211838 8678234 8934558]
Requests Number (per Connection):  [443 430 717 426 696 723 432 727 687 713 691 702 449 735 715 429 726 724 723 448 700 721 438 691 716 431 726 427 711 732]
Requests/sec:  2605.534375 KB
Transfer/sec:  6306.360823567708 KB

2023-12-04 21:10:23.244193867 +0800 CST m=+23724.087778039
Running 1m0s myx-test @ https://192.168.12.127:6443/api/v1/namespaces/myx-test/persistentvolumeclaims
60 connections
Requests/bytes (per Connection):  [4159144 4442674 4425498 2913136 2964668 2956108 4167762 2921652 4416896 2956062 4356738 4365332 2981880 4502834 4494364 4382518 4425566 4356738 4399708 3016264 2938922 4193590 4313828 4279432 4468538 4279394 4442678 3041938 4313850 4245018 2990484 4253624 4399708 4279394 4348150 4296578 4339548 4348250 2904546 4193456 2973296 3024824 4563124 4227830 4184956 4382520 3024854 2921734 2956066 4296582 4288044 4270900 2981890 2990478 2938920 4356788 4348174 2964698 4262240 4202208]
Response/bytes (per Connection):  [5907528 6310290 6285884 4137719 4210939 4198750 5919746 4149886 6273674 4198727 6188232 6200438 4235363 6395733 6383589 6224849 6285918 6188232 6249262 4284191 4174339 5956387 6127232 6078398 6346949 6078379 6310292 4320755 6127243 6029555 4247574 6041767 6249262 6078379 6176029 6102789 6163819 6176079 4125515 5956320 4223162 4296380 6481241 6005143 5944161 6224850 4296395 4149927 4198729 6102791 6090613 6066223 4235368 4247571 4174338 6188257 6176041 4210954 6053984 5968605]
Requests Number (per Connection):  [484 517 515 339 345 344 485 340 514 344 507 508 347 524 523 510 515 507 512 351 342 488 502 498 520 498 517 354 502 494 348 495 512 498 506 500 505 506 338 488 346 352 531 492 487 510 352 340 344 500 499 497 347 348 342 507 506 345 496 489]
Requests/sec:  3786.402897135417 KB
Transfer/sec:  9164.507470703125 KB

2023-12-04 21:12:03.683607864 +0800 CST m=+23824.527192054
Running 1m0s myx-test @ https://192.168.12.127:6443/api/v1/namespaces/myx-test/persistentvolumeclaims
90 connections
Requests/bytes (per Connection):  [3514702 3377052 3437344 2595164 3342830 3291130 2414696 3497514 2449074 3222516 2414736 3291164 2543606 2517824 3342830 3291196 3428614 3428768 2500636 2500636 3402984 3471732 3299862 2474854 3325480 3626284 3463002 3360018 2500636 3402946 2552198 3463136 3454546 3540326 3248224 2543608 3377194 3377118 2535012 2569386 3437258 3282604 2509244 3411420 3291268 3402874 3420170 3480286 2535010 2449074 2517838 3471732 3505968 2440478 3377202 2354542 2466260 2535022 3196734 3360010 3213920 3523296 3325480 3480328 2577980 3445940 3291262 3411580 3368522 3411576 3420164 3420170 3239700 2474854 2526418 3351424 3282674 3360012 3377200 2449084 2466266 3411518 3523260 2509246 3291130 2543612 3308446 3600640 3488920 2483448]
Response/bytes (per Connection):  [4992132 4796763 4882272 3686100 4748016 4674712 3429777 4967720 3478602 4577133 3429797 4674729 3612867 3576249 4748016 4674745 4869998 4870075 3551837 3551837 4833456 4931102 4686987 3515219 4723523 5150740 4918828 4772428 3551837 4833437 3625072 4918895 4906691 5028671 4613714 3612868 4796834 4796796 3600661 3649484 4882229 4662540 3564050 4845583 4674781 4833401 4857867 4943288 3600660 3478602 3576256 4931102 4979856 3466395 4796838 3344337 3503013 3600666 4540515 4772424 4564926 5004338 4723523 4943309 3661690 4894479 4674778 4845663 4784589 4845661 4857864 4857867 4601543 3515219 3588455 4760222 4662575 4772425 4796837 3478607 3503016 4845632 5004320 3564051 4674712 3612870 4699188 5114191 4955514 3527425]
Requests Number (per Connection):  [409 393 400 302 389 383 281 407 285 375 281 383 296 293 389 383 399 399 291 291 396 404 384 288 387 422 403 391 291 396 297 403 402 412 378 296 393 393 295 299 400 382 292 397 383 396 398 405 295 285 293 404 408 284 393 274 287 295 372 391 374 410 387 405 300 401 383 397 392 397 398 398 377 288 294 390 382 391 393 285 287 397 410 292 383 296 385 419 406 289]
Requests/sec:  4531.472037760416 KB
Transfer/sec:  10967.841048177082 KB

2023-12-04 21:13:44.126787525 +0800 CST m=+23924.970371697
Running 1m0s myx-test @ https://192.168.12.127:6443/api/v1/namespaces/myx-test/persistentvolumeclaims
150 connections
Requests/bytes (per Connection):  [2466260 1967894 2337356 1864694 2406104 2217040 1924854 1950706 1933528 2363184 1899072 1899074 2500636 1925002 2294450 1993680 2543604 2466260 2406104 2285858 1873434 2431884 2449088 2466260 2449072 2363134 2328760 1967822 1881934 1959242 2431884 2285790 2552200 1967822 2397510 1864694 2449074 2363134 2543612 2423306 2345986 1967898 2449072 2079538 2552200 1950632 2397510 2380324 2483452 2440478 2380322 1881946 1950714 1933442 2036568 2397552 2354542 1873386 1899184 1976412 2440480 2406104 2423290 2371754 2354592 2492040 2423324 2294422 1976552 2345952 1864694 1933566 1881990 2517822 2449074 2397552 2371730 2457666 1993610 1873410 2492040 2294384 2397514 2406104 1881882 2526428 2294384 1873288 2500636 2492042 2414698 2492042 1933458 2208446 2397510 2397514 1967924 2337408 2526418 1959228 1967848 2577980 2500636 2543606 2535020 2517824 1916366 2449076 2268602 2294388 2002234 2457666 2620950 2440478 1907726 2337352 1907666 2397510 2414698 2449088 2337354 1907792 2423292 2535010 2354592 1916384 2440510 1933444 2363140 2466262 2397510 2423326 2483448 2380326 2268616 2449074 2517824 1864696 2466286 2277200 2552198 2397510 2543604 1933448 1813134 1881928 1813170 2449072 2002242 2423290]
Response/bytes (per Connection):  [3503013 2795108 3319926 2648600 3417572 3149042 2734043 2770696 2746289 3356567 2697425 2697426 3551837 2734117 3258928 2831728 3612866 3503013 3417572 3246723 2660879 3454189 3478609 3503013 3478601 3356542 3307719 2795072 2673038 2782873 3454189 3246689 3625073 2795072 3405366 2648600 3478602 3356542 3612870 3441991 3332150 2795110 3478601 2953747 3625073 2770659 3405366 3380955 3527427 3466395 3380954 2673044 2770700 2746246 2892717 3405387 3344337 2660855 2697481 2807276 3466396 3417572 3441983 3368761 3344362 3539630 3442000 3258914 2807346 3332133 2648600 2746308 2673066 3576248 3478602 3405387 3368749 3490807 2831693 2660867 3539630 3258895 3405368 3417572 2673012 3588460 3258895 2660806 3551837 3539631 3429778 3539631 2746254 3136836 3405366 3405368 2795123 3319952 3588455 2782866 2795085 3661690 3551837 3612867 3600665 3576249 2721890 3478603 3222277 3258897 2843914 3490807 3722720 3466395 2709661 3319924 2709631 3405366 3429778 3478609 3319925 2709694 3441984 3600660 3344362 2721899 3466411 2746247 3356545 3503014 3405366 3442001 3527425 3380956 3222284 3478602 3576249 2648601 3503026 3234485 3625072 3405366 3612866 2746249 2575366 2673035 2575384 3478601 2843918 3441983]
Requests Number (per Connection):  [287 229 272 217 280 258 224 227 225 275 221 221 291 224 267 232 296 287 280 266 218 283 285 287 285 275 271 229 219 228 283 266 297 229 279 217 285 275 296 282 273 229 285 242 297 227 279 277 289 284 277 219 227 225 237 279 274 218 221 230 284 280 282 276 274 290 282 267 230 273 217 225 219 293 285 279 276 286 232 218 290 267 279 280 219 294 267 218 291 290 281 290 225 257 279 279 229 272 294 228 229 300 291 296 295 293 223 285 264 267 233 286 305 284 222 272 222 279 281 285 272 222 282 295 274 223 284 225 275 287 279 282 289 277 264 285 293 217 287 265 297 279 296 225 211 219 211 285 233 282]
Requests/sec:  5508.000358072916 KB
Transfer/sec:  13331.40693359375 KB

2023-12-04 21:15:24.650185553 +0800 CST m=+24025.493769736
Running 1m0s myx-test @ https://192.168.12.127:6443/api/v1/namespaces/myx-test/persistentvolumeclaims
300 connections
Requests/bytes (per Connection):  [1357820 1469454 1108598 1383444 1237430 1228754 1194536 1125786 1314850 1177350 1417954 1477992 1443600 1486726 1426412 1409256 1297504 1374938 1443678 1426470 1435006 1366270 1409312 1426412 1383532 1254638 1366256 1417818 1151536 1254694 1426412 1263256 1245942 1477974 1349066 1417932 1529696 1357662 1168598 1349068 1340474 1374946 1340546 1271882 1194528 1263232 1435036 1203096 1400788 1357704 1392132 1237482 1374850 1400710 1117092 1417820 1435006 1435160 1392148 1297634 1477974 1374848 1383542 1246094 1383562 1357742 1460946 1228912 1426412 1374850 1460946 1400748 1357780 1228810 1392194 1349214 1203130 1409344 1246064 1435072 1400630 1177250 1228866 1374848 1435122 1512508 1400656 1469526 1289026 1374850 1254536 1263194 1392136 1426446 1254536 1323318 1254624 1254694 1323286 1460838 1460788 1177206 1194458 1228770 1194516 1142816 1383558 1237438 1366414 1237506 1228826 1409346 1469502 1409224 1254670 1383444 1211686 1435006 1194470 1469382 1400684 1142866 1246100 1177298 1323290 1469380 1177350 1495164 1349160 1228904 1392036 1211724 1263272 1366288 1375006 1332000 1520944 1469478 1340596 1503816 1426412 1228836 1486570 1254650 1211572 1211600 1392038 1340586 1486710 1237348 1306098 1409332 1392128 1392042 1443646 1340476 1374882 1495322 1460788 1426412 1263288 1546844 1263152 1288910 1564050 1168598 1211608 1400662 1383462 1435124 1125684 1271750 1349112 1435038 1383444 1289070 1392038 1529538 1409344 1288958 1383600 1383576 1142850 1211724 1392036 1417828 1478102 1349068 1323286 1374938 1228912 1435164 1383600 1392194 1435160 1452244 1400736 1357820 1306108 1160080 1185944 1168722 1486696 1168756 1452264 1185942 1383446 1323348 1177350 1400632 1460946 1400736 1366382 1332038 1460946 1357756 1443710 1151442 1349152 1220318 1220160 1357820 1125628 1340628 1375006 1194538 1392194 1417976 1392194 1340488 1486728 1254578 1254536 1340632 1340610 1211724 1452192 1435164 1366288 1486668 1331946 1374910 1435074 1452352 1392114 1400632 1374958 1374976 1400788 1228756 1185812 1340594 1349068 1185822 1202972 1400734 1194452 1254666 1435084 1263128 1306124 1495162 1331916 1194470 1340632 1392196 1452236 1478132 1202974 1417818 1392194 1417976 1366378 1331952 1280396 1220160 1469382 1254692 1117036 1417936 1392036 1185912 1332038 1323444 1246100 1400658 1426424 1426462 1392038 1254640 1349132 1314756 1452326 1460946 1383442 1340594 1271746 1435006 1357820 1443758]
Response/bytes (per Connection):  [1928532 2087166 1574560 1965071 1757611 1745364 1696619 1598972 1867502 1672208 2013962 2099344 2050512 2111620 2026100 2001704 1843011 1952909 2050551 2026129 2038306 1940666 2001732 2026100 1965115 1782033 1940659 2013894 1635574 1782061 2026100 1794251 1769776 2099335 1916246 2013951 2172650 1928453 1659923 1916247 1904041 1952913 1904077 1806473 1696615 1794239 2038321 1708808 1989561 1928474 1977324 1757637 1952865 1989522 1586716 2013895 2038306 2038383 1977332 1843076 2099335 1952864 1965120 1769852 1965130 1928493 2075003 1745443 2026100 1952865 2075003 1989541 1928512 1745392 1977355 1916320 1708825 2001748 1769837 2038339 1989482 1672158 1745420 1952864 2038364 2148238 1989495 2087202 1830863 1952865 1781982 1794220 1977326 2026117 1781982 1879645 1782026 1782061 1879629 2074949 2074924 1672136 1696580 1745372 1696609 1623305 1965128 1757615 1940738 1757649 1745400 2001749 2087190 2001688 1782049 1965071 1721012 2038306 1696586 2087130 1989509 1623330 1769855 1672182 1879631 2087129 1672208 2123748 1916293 1745439 1977276 1721031 1794259 1940675 1952943 1891895 2160365 2087178 1904102 2135983 2026100 1745405 2111542 1782039 1720955 1720969 1977277 1904097 2111612 1757570 1855217 2001742 1977322 1977279 2050535 1904042 1952881 2123827 2074924 2026100 1794267 2197042 1794199 1830805 2221463 1659923 1720973 1989498 1965080 2038365 1598921 1806407 1916269 2038322 1965071 1830885 1977277 2172571 2001748 1830829 1965149 1965137 1623322 1721031 1977276 2013899 2099399 1916247 1879629 1952909 1745443 2038385 1965149 1977355 2038383 2062743 1989535 1928532 1855222 1647755 1684414 1659985 2111605 1660002 2062753 1684413 1965072 1879660 1672208 1989483 2075003 1989535 1940722 1891914 2075003 1928500 2050567 1635527 1916289 1733237 1733158 1928532 1598893 1904118 1952943 1696620 1977355 2013973 1977355 1904048 2111621 1782003 1781982 1904120 1904109 1721031 2062717 2038385 1940675 2111591 1891868 1952895 2038340 2062797 1977315 1989483 1952919 1952928 1989561 1745365 1684348 1904101 1916247 1684353 1708746 1989534 1696577 1782047 2038345 1794187 1855230 2123747 1891853 1696586 1904120 1977356 2062739 2099414 1708747 2013894 1977355 2013973 1940720 1891871 1818639 1733158 2087130 1782060 1586688 2013953 1977276 1684398 1891914 1879708 1769855 1989496 2026106 2026125 1977277 1782034 1916279 1867455 2062784 2075003 1965070 1904101 1806405 2038306 1928532 2050591]
Requests Number (per Connection):  [158 171 129 161 144 143 139 131 153 137 165 172 168 173 166 164 151 160 168 166 167 159 164 166 161 146 159 165 134 146 166 147 145 172 157 165 178 158 136 157 156 160 156 148 139 147 167 140 163 158 162 144 160 163 130 165 167 167 162 151 172 160 161 145 161 158 170 143 166 160 170 163 158 143 162 157 140 164 145 167 163 137 143 160 167 176 163 171 150 160 146 147 162 166 146 154 146 146 154 170 170 137 139 143 139 133 161 144 159 144 143 164 171 164 146 161 141 167 139 171 163 133 145 137 154 171 137 174 157 143 162 141 147 159 160 155 177 171 156 175 166 143 173 146 141 141 162 156 173 144 152 164 162 162 168 156 160 174 170 166 147 180 147 150 182 136 141 163 161 167 131 148 157 167 161 150 162 178 164 150 161 161 133 141 162 165 172 157 154 160 143 167 161 162 167 169 163 158 152 135 138 136 173 136 169 138 161 154 137 163 170 163 159 155 170 158 168 134 157 142 142 158 131 156 160 139 162 165 162 156 173 146 146 156 156 141 169 167 159 173 155 160 167 169 162 163 160 160 163 143 138 156 157 138 140 163 139 146 167 147 152 174 155 139 156 162 169 172 140 165 162 165 159 155 149 142 171 146 130 165 162 138 155 154 145 163 166 166 162 146 157 153 169 170 161 156 148 167 158 168]
Requests/sec:  6554.616829427084 KB
Transfer/sec:  15864.597379557292 KB

