2023-12-04 15:24:12.456190221 +0800 CST m=+2953.299774385
Running 1m0s myx-test @ https://192.168.12.127:6443/api/v1/persistentvolumes
3 connections
Requests/bytes (per Connection):  [4984212 8694514 8566418]
Response/bytes (per Connection):  [7290196 12717167 12529669]
Requests Number (per Connection):  [583 1017 1002]
Requests/sec:  362.062890625 KB
Transfer/sec:  891.6369791666667 KB

2023-12-04 15:25:52.876474879 +0800 CST m=+3053.720059067
Running 1m0s myx-test @ https://192.168.12.127:6443/api/v1/persistentvolumes
6 connections
Requests/bytes (per Connection):  [5129560 8378322 8591994 8250074 8532218 5189408]
Response/bytes (per Connection):  [7502780 12254561 12567147 12066987 12479649 7590314]
Requests Number (per Connection):  [600 980 1005 965 998 607]
Requests/sec:  717.3108072916667 KB
Transfer/sec:  1766.4878580729167 KB

2023-12-04 15:27:33.25458727 +0800 CST m=+3154.098171441
Running 1m0s myx-test @ https://192.168.12.127:6443/api/v1/persistentvolumes
9 connections
Requests/bytes (per Connection):  [7531894 7352386 7275400 7352410 4659320 4308780 4343032 7164376 7258300]
Response/bytes (per Connection):  [11016577 10753993 10641430 10754005 6815010 6302310 6352356 10478928 10616420]
Requests Number (per Connection):  [881 860 851 860 545 504 508 838 849]
Requests/sec:  931.73662109375 KB
Transfer/sec:  2294.546337890625 KB

2023-12-04 15:29:13.700208105 +0800 CST m=+3254.543792275
Running 1m0s myx-test @ https://192.168.12.127:6443/api/v1/persistentvolumes
15 connections
Requests/bytes (per Connection):  [4052286 6411882 6933410 4095144 6446228 6736764 6890774 6600092 3992596 6506030 6463292 4129236 6736798 6907886 4257540]
Response/bytes (per Connection):  [5927163 9378441 10141235 5989742 9428534 9853622 10078767 9653606 5839708 9516045 9453526 6039708 9853639 10103783 6227310]
Requests Number (per Connection):  [474 750 811 479 754 788 806 772 467 761 756 483 788 808 498]
Requests/sec:  1418.6191080729166 KB
Transfer/sec:  3493.5674967447917 KB

2023-12-04 15:30:54.054750137 +0800 CST m=+3354.898334309
Running 1m0s myx-test @ https://192.168.12.127:6443/api/v1/persistentvolumes
30 connections
Requests/bytes (per Connection):  [5899040 5958834 3701748 6035748 5514258 3701902 3838542 3736034 3719002 5770766 5616800 5881932 5899000 5873282 3761734 5787896 3718986 5745066 5779288 5830642 3753200 5633952 5821962 5599800 3864306 5685294 5736598 5728046 3753202 5847742]
Response/bytes (per Connection):  [8628220 8715727 5414464 8828254 8065479 5414541 5614541 5464527 5439551 8440633 8215510 8603206 8628200 8590651 5502067 8465658 5439543 8403093 8453124 8528181 5489570 8240546 8515611 8190550 5652113 8315597 8390629 8378123 5489571 8553191]
Requests Number (per Connection):  [690 697 433 706 645 433 449 437 435 675 657 688 690 687 440 677 435 672 676 682 439 659 681 655 452 665 671 670 439 684]
Requests/sec:  2493.4017252604167 KB
Transfer/sec:  6140.385302734375 KB

2023-12-04 15:32:34.480099763 +0800 CST m=+3455.323683933
Running 1m0s myx-test @ https://192.168.12.127:6443/api/v1/persistentvolumes
60 connections
Requests/bytes (per Connection):  [4505428 4214890 3060654 4257566 3052092 3035016 2992252 3052120 4206286 4334426 4223442 4137924 4291680 4240384 3043506 4214868 4283132 3094870 4317332 4385730 4351556 2975130 4317332 4368702 4112146 4291678 2923830 2949520 4325880 4206184 2940884 2958072 4197634 2958056 4223282 4206314 3060670 3111930 4189094 4385726 4334584 4154884 3120514 4411396 4317332 4360202 3009266 4317426 4300372 4231990 3009274 4189210 4120684 4197730 4377178 2983710 3052120 4274642 4266028 4112252]
Response/bytes (per Connection):  [6589924 6164835 4476667 6227323 4464156 4439158 4376626 4464170 6152303 6339823 6177341 6052282 6277300 6202272 4451633 6164824 6264796 4526695 6314816 6414855 6364848 4351605 6314816 6389881 6014703 6277299 4276575 4314110 6327320 6152252 4301562 4326616 6139747 4326608 6177261 6152317 4476675 4551685 6127247 6414853 6339902 6077222 4564207 6452378 6314816 6377401 4401593 6314863 6289876 6189845 4401597 6127305 6027202 6139795 6402349 4364125 4464170 6252321 6239784 6014756]
Requests Number (per Connection):  [527 493 358 498 357 355 350 357 492 507 494 484 502 496 356 493 501 362 505 513 509 348 505 511 481 502 342 345 506 492 344 346 491 346 494 492 358 364 490 513 507 486 365 516 505 510 352 505 503 495 352 490 482 491 512 349 357 500 499 481]
Requests/sec:  3762.0119140625 KB
Transfer/sec:  9264.53935546875 KB

2023-12-04 15:34:14.977394316 +0800 CST m=+3555.820978505
Running 1m0s myx-test @ https://192.168.12.127:6443/api/v1/persistentvolumes
90 connections
Requests/bytes (per Connection):  [2487832 3530760 3385520 3522356 3471056 3479540 2513492 2487830 3522248 3582158 2530582 3556398 3522278 3334264 3513806 3522324 2428014 2573328 3719000 3539456 3445396 3462508 2445108 2462182 3419758 2504946 3488054 3616246 2564780 3479566 3582102 2504932 3530906 3445346 2539130 3385402 2479282 3453902 2530588 3359910 3470930 3393996 3556556 2436546 3599156 3402632 2479282 3496706 3462372 3462370 3402636 3265860 3488156 2504932 2479280 3616358 3522198 3530748 3573544 3488158 3479554 2487830 3522356 2547686 3436834 2496398 3505256 2453660 2513482 3394100 3436858 3547848 2556230 3445408 3419724 3436816 3436700 3428240 3547932 2479280 2581880 3428308 2504932 3325572 2462182 3522356 3470960 3325560 2513494 2504944]
Response/bytes (per Connection):  [3638846 5164370 4951840 5151938 5076908 5089380 3676366 3638845 5151884 5239449 3701371 5201879 5151899 4876832 5139433 5151922 3551327 3763894 5439550 5176948 5039388 5064404 3576334 3601331 5001879 3663863 5101867 5289413 3751390 5089393 5239421 3663856 5164443 5039363 3713875 4951781 3626341 5051871 3701374 4914345 5076845 4964308 5201958 3563823 5264408 4976856 3626341 5114423 5064336 5064335 4976858 4776790 5101918 3663856 3626340 5289469 5151859 5164364 5226912 5101919 5089387 3638845 5151938 3726383 5026877 3651359 5126928 3588840 3676361 4964360 5026889 5189374 3738885 5039394 5001862 5026868 5026810 5014350 5189416 3626340 3776400 5014384 3663856 4864256 3601331 5151938 5076860 4864250 3676367 3663862]
Requests Number (per Connection):  [291 413 396 412 406 407 294 291 412 419 296 416 412 390 411 412 284 301 435 414 403 405 286 288 400 293 408 423 300 407 419 293 413 403 297 396 290 404 296 393 406 397 416 285 421 398 290 409 405 405 398 382 408 293 290 423 412 413 418 408 407 291 412 298 402 292 410 287 294 397 402 415 299 403 400 402 402 401 415 290 302 401 293 389 288 412 406 389 294 293]
Requests/sec:  4618.604850260416 KB
Transfer/sec:  11374.036181640626 KB

2023-12-04 15:35:55.635535229 +0800 CST m=+3656.479119417
Running 1m0s myx-test @ https://192.168.12.127:6443/api/v1/persistentvolumes
150 connections
Requests/bytes (per Connection):  [2009062 1940646 2419466 2017592 2342536 2393822 2410882 2513482 1897898 1889344 2359584 2513482 2573328 2479302 2504944 1957746 2479282 1966334 2376724 2351034 2462182 1957746 1940774 2624614 2402334 2487832 2445110 1897938 2017664 1940644 2453632 2590422 1983396 2504930 2453658 1932160 1906444 1898052 1966292 2487830 2402334 2556230 2470736 1949200 1932094 2590424 2470740 2573328 2522040 2043242 1974878 1880796 2410918 2522032 1863806 2402372 2436560 2487850 2479286 1906444 2325384 1778200 2462192 2453632 2581880 2410882 2000624 2539130 1983394 2513480 2368170 2453638 2368134 2410922 2462182 2026142 2419434 2359622 2504930 2000572 2581878 2547680 2436532 2077444 2462182 1992046 1915030 2487830 2479302 2436562 2427982 2462182 1915052 2017596 2496382 2419468 2410920 1974956 2487832 2385276 2556230 2581880 2556232 1966292 2624628 2539132 2445082 2539136 1923542 1863754 2077494 1957748 1897896 2385258 1991960 1991946 1915058 2427984 2410920 2445084 1897894 1957746 2462182 1957846 2496382 2607520 2316868 2410884 1957742 2445082 2556232 2393784 2436532 2564780 2573330 2530580 2385234 1914998 2479302 2385242 2419434 2564780 2487832 2487850 1906506 2342488 2393784 2445092 2470732 2479282]
Response/bytes (per Connection):  [2938581 2838533 3538823 2951076 3426288 3501311 3526301 3676361 2776009 2763502 3451272 3676361 3763894 3626351 3663862 2863543 3626341 2876067 3476302 3438767 3601331 2863543 2838597 3838917 3513797 3638846 3576335 2776029 2951112 2838532 3588826 3788901 2901058 3663855 3588839 2826060 2788512 2776086 2876046 3638845 3513797 3738885 3613838 2851040 2826027 3788902 3613840 3763894 3688870 2988591 2888569 2750998 3526319 3688866 2726043 3513816 3563830 3638855 3626343 2788512 3401252 2600940 3601336 3588826 3776400 3526301 2926132 3713875 2901057 3676360 3463795 3588829 3463777 3526321 3601331 2963581 3538807 3451291 3663855 2926106 3776399 3726380 3563816 3038612 3601331 2913613 2801035 3638845 3626351 3563831 3551311 3601331 2801046 2951078 3651351 3538824 3526320 2888608 3638846 3488808 3738885 3776400 3738886 2876046 3838924 3713876 3576321 3713878 2813521 2726017 3038637 2863544 2776008 3488799 2913570 2913563 2801049 3551312 3526320 3576322 2776007 2863543 3601331 2863593 3651351 3813910 3388764 3526302 2863541 3576321 3738886 3501292 3563816 3751390 3763895 3701370 3488787 2801019 3626351 3488791 3538807 3751390 3638846 3638855 2788543 3426264 3501292 3576326 3613836 3626341]
Requests Number (per Connection):  [235 227 283 236 274 280 282 294 222 221 276 294 301 290 293 229 290 230 278 275 288 229 227 307 281 291 286 222 236 227 287 303 232 293 287 226 223 222 230 291 281 299 289 228 226 303 289 301 295 239 231 220 282 295 218 281 285 291 290 223 272 208 288 287 302 282 234 297 232 294 277 287 277 282 288 237 283 276 293 234 302 298 285 243 288 233 224 291 290 285 284 288 224 236 292 283 282 231 291 279 299 302 299 230 307 297 286 297 225 218 243 229 222 279 233 233 224 284 282 286 222 229 288 229 292 305 271 282 229 286 299 280 285 300 301 296 279 224 290 279 283 300 291 291 223 274 280 286 289 290]
Requests/sec:  5603.63486328125 KB
Transfer/sec:  13799.826155598957 KB

2023-12-04 15:37:36.299045675 +0800 CST m=+3757.142629847
Running 1m0s myx-test @ https://192.168.12.127:6443/api/v1/persistentvolumes
300 connections
Requests/bytes (per Connection):  [1444916 1513304 1538804 1444868 1384976 1521706 1496058 1427752 1248270 1384908 1427768 1513250 1205362 1530256 1120022 1196954 1470564 1521706 1479116 1496214 1513314 1419140 1265210 1376360 1393556 1496056 1213960 1402150 1487506 1410558 1461914 1154178 1393458 1444758 1308106 1385066 1385068 1188304 1478992 1248112 1290960 1376418 1273856 1667088 1530370 1196814 1282312 1367968 1256728 1222554 1504608 1342160 1376420 1419108 1470566 1478956 1615754 1478956 1513278 1513250 1504724 1427658 1410558 1461872 1384920 1308032 1256698 1513260 1282436 1427816 1479050 1154222 1470406 1427812 1436208 1479104 1188274 1384970 1427736 1205462 1188422 1444854 1444886 1513300 1573102 1444914 1333610 1461982 1222524 1658516 1256818 1316510 1213914 1188308 1359322 1376386 1461908 1419122 1470464 1521864 1496214 1556050 1256820 1487506 1308012 1299568 1273760 1290860 1256744 1555904 1359260 1436244 1496148 1359416 1419266 1248112 1453308 1333704 1265370 1461894 1410648 1453340 1385060 1555904 1470486 1453308 1316634 1513158 1231012 1231170 1402166 1402080 1239610 1470560 1231170 1179826 1453308 1299452 1436208 1479012 1222462 1419230 1436340 1376484 1282436 1402080 1478958 1478956 1504606 1530364 1470406 1478956 1213930 1504734 1538810 1307986 1530374 1461856 1248136 1598654 1273848 1444758 1487506 1307962 1239662 1436320 1436346 1308118 1496082 1316632 1367868 1248176 1427658 1265210 1470530 1419266 1444898 1573132 1393490 1282340 1290876 1496214 1444758 1470532 1248270 1444914 1504698 1427816 1384958 1316640 1504642 1444772 1461948 1547410 1538956 1282390 1479092 1462016 1316526 1462016 1564456 1419194 1256820 1513272 1487506 1350710 1171320 1419266 1470406 1342194 1427798 1385050 1453334 1521782 1248112 1256820 1154064 1393458 1590232 1222614 1478990 1162772 1453430 1632860 1521854 1359260 1171272 1419266 1444758 1171278 1436366 1248124 1282438 1290938 1556064 1478958 1290860 1513156 1538964 1410696 1402166 1470500 1308048 1308014 1205520 1205362 1496056 1461940 1453320 1188422 1444758 1513310 1478996 1461858 1222462 1410630 1265212 1393616 1453388 1444840 1265210 1538806 1239562 1410558 1205462 1496056 1239700 1461922 1393616 1350868 1470408 1256678 1547438 1290924 1564564 1461874 1470408 1427658 1333768 1444758 1504608 1504606 1504702 1513168 1513156 1291020 1513306 1231162 1427730 1248112 1402022 1248112 1453356 1427658 1273884 1461860 1265368 1265318 1376360 1453310]
Response/bytes (per Connection):  [2113328 2213362 2250802 2113304 2025748 2225793 2188279 2088286 1825715 2025714 2088294 2213335 1763111 2238298 1638141 1750677 2150842 2225793 2163348 2188357 2213367 2075750 1850645 2013210 2038268 2188278 1775640 2050795 2175773 2063229 2138287 1688139 2038219 2113249 1913243 2025793 2025794 1738122 2163286 1825636 1888210 2013239 1863198 2438394 2238355 1750607 1875656 2000784 1838174 1788167 2200784 1963190 2013240 2075734 2150843 2163268 2363347 2163268 2213349 2213335 2200842 2088239 2063229 2138266 2025720 1913206 1838159 2213340 1875718 2088318 2163315 1688161 2150763 2088316 2100744 2163342 1738107 2025745 2088278 1763161 1738181 2113297 2113313 2213360 2300871 2113327 1950685 2138321 1788152 2425878 1838219 1925675 1775617 1738124 1988231 2013223 2138284 2075741 2150792 2225872 2188357 2275885 1838220 2175773 1913196 1900744 1863150 1888160 1838182 2275812 1988200 2100762 2188324 1988278 2075813 1825636 2125754 1950732 1850725 2138277 2063274 2125770 2025790 2275812 2150803 2125754 1925737 2213289 1800626 1800705 2050803 2050760 1813155 2150840 1800705 1725653 2125754 1900686 2100744 2163296 1788121 2075795 2100810 2013272 1875718 2050760 2163269 2163268 2200783 2238352 2150763 2163268 1775625 2200847 2250805 1913183 2238357 2138258 1825648 2338337 1863194 2113249 2175773 1913171 1813181 2100800 2100813 1913249 2188291 1925736 2000734 1825668 2088239 1850645 2150825 2075813 2113319 2300886 2038235 1875670 1888168 2188357 2113249 2150826 1825715 2113327 2200829 2088318 2025739 1925740 2200801 2113256 2138304 2263335 2250878 1875695 2163336 2138338 1925683 2138338 2288318 2075777 1838220 2213346 2175773 1975695 1713170 2075813 2150763 1963207 2088309 2025785 2125767 2225831 1825636 1838220 1688082 2038219 2325896 1788197 2163285 1700666 2125815 2388360 2225867 1988200 1713146 2075813 2113249 1713149 2100823 1825642 1875719 1888199 2275892 2163269 1888160 2213288 2250882 2063298 2050803 2150810 1913214 1913197 1763190 1763111 2188278 2138300 2125760 1738181 2113249 2213365 2163288 2138259 1788121 2063265 1850646 2038298 2125794 2113290 1850645 2250803 1813131 2063229 1763161 2188278 1813200 2138291 2038298 1975774 2150764 1838149 2263349 1888192 2288372 2138267 2150764 2088239 1950764 2113249 2200784 2200783 2200831 2213294 2213288 1888240 2213363 1800701 2088275 1825636 2050731 1825636 2125778 2088239 1863212 2138260 1850724 1850699 2013210 2125755]
Requests Number (per Connection):  [169 177 180 169 162 178 175 167 146 162 167 177 141 179 131 140 172 178 173 175 177 166 148 161 163 175 142 164 174 165 171 135 163 169 153 162 162 139 173 146 151 161 149 195 179 140 150 160 147 143 176 157 161 166 172 173 189 173 177 177 176 167 165 171 162 153 147 177 150 167 173 135 172 167 168 173 139 162 167 141 139 169 169 177 184 169 156 171 143 194 147 154 142 139 159 161 171 166 172 178 175 182 147 174 153 152 149 151 147 182 159 168 175 159 166 146 170 156 148 171 165 170 162 182 172 170 154 177 144 144 164 164 145 172 144 138 170 152 168 173 143 166 168 161 150 164 173 173 176 179 172 173 142 176 180 153 179 171 146 187 149 169 174 153 145 168 168 153 175 154 160 146 167 148 172 166 169 184 163 150 151 175 169 172 146 169 176 167 162 154 176 169 171 181 180 150 173 171 154 171 183 166 147 177 174 158 137 166 172 157 167 162 170 178 146 147 135 163 186 143 173 136 170 191 178 159 137 166 169 137 168 146 150 151 182 173 151 177 180 165 164 172 153 153 141 141 175 171 170 139 169 177 173 171 143 165 148 163 170 169 148 180 145 165 141 175 145 171 163 158 172 147 181 151 183 171 172 167 156 169 176 176 176 177 177 151 177 144 167 146 164 146 170 167 149 171 148 148 161 170]
Requests/sec:  6806.706868489583 KB
Transfer/sec:  16762.581624348957 KB

