2023-12-04 22:26:44.455536268 +0800 CST m=+28305.299120434
Running 1m0s myx-test @ https://192.168.12.127:6443/api/v1/namespaces/myx-test/pods
3 connections
Requests/bytes (per Connection):  [43037070 43937488 47004230]
Response/bytes (per Connection):  [19838258 20263924 21016227]
Requests Number (per Connection):  [5066 5172 5533]
Requests/sec:  2180.6443359375 KB
Transfer/sec:  3175.410107421875 KB

2023-12-04 22:28:24.549120126 +0800 CST m=+28405.392704289
Running 1m0s myx-test @ https://192.168.12.127:6443/api/v1/namespaces/myx-test/pods
6 connections
Requests/bytes (per Connection):  [37897364 40811264 39035640 40675330 39383968 37965390]
Response/bytes (per Connection):  [17477213 18238084 18013559 18178532 18171422 17500241]
Requests Number (per Connection):  [4461 4804 4595 4788 4636 4469]
Requests/sec:  3837.3853515625 KB
Transfer/sec:  5588.346468098958 KB

2023-12-04 22:30:04.646084061 +0800 CST m=+28505.489668232
Running 1m0s myx-test @ https://192.168.12.127:6443/api/v1/namespaces/myx-test/pods
9 connections
Requests/bytes (per Connection):  [31254042 33539262 32154524 33386360 32129088 33318414 31237138 31950652 31424042]
Response/bytes (per Connection):  [14417113 14994842 14834383 14924890 14816198 14892532 14398275 14738715 14483219]
Requests Number (per Connection):  [3679 3948 3785 3930 3782 3922 3677 3761 3699]
Requests/sec:  4726.457063802083 KB
Transfer/sec:  6883.035302734375 KB

2023-12-04 22:31:44.738751065 +0800 CST m=+28605.582335242
Running 1m0s myx-test @ https://192.168.12.127:6443/api/v1/namespaces/myx-test/pods
15 connections
Requests/bytes (per Connection):  [23888748 24568414 23311002 24016082 23650710 23149614 23701840 24457918 23260060 24517322 23166604 23965052 24593742 23370474 24627880]
Response/bytes (per Connection):  [11007712 10966840 10749986 11078769 10919976 10672873 10923046 10924381 10722852 10958742 10680517 11062545 10997797 10776747 10993591]
Requests Number (per Connection):  [2812 2892 2744 2827 2784 2725 2790 2879 2738 2886 2727 2821 2895 2751 2899]
Requests/sec:  5830.81806640625 KB
Transfer/sec:  8490.915299479168 KB

2023-12-04 22:33:24.843964553 +0800 CST m=+28705.687548731
Running 1m0s myx-test @ https://192.168.12.127:6443/api/v1/namespaces/myx-test/pods
30 connections
Requests/bytes (per Connection):  [12853346 12437050 12598470 12623958 12581480 13116716 12530504 12555992 13108220 12623968 13082734 12785380 12819344 12318110 13091146 12420058 12547496 12454042 12522008 12768388 12657942 12555992 12513512 12776874 12471034 12301120 12199218 12488024 12190674 12827838]
Response/bytes (per Connection):  [5925789 5737342 5810539 5822008 5623831 5858878 5779675 5791144 5855173 5820890 5843786 5713295 5912735 5508160 5857819 5729696 5787321 5744988 5775852 5705885 5837300 5791144 5594191 5892220 5752634 5675616 5623304 5760560 5625637 5734538]
Requests Number (per Connection):  [1513 1464 1483 1486 1481 1544 1475 1478 1543 1486 1540 1505 1509 1450 1541 1462 1477 1466 1474 1503 1490 1478 1473 1504 1468 1448 1436 1470 1435 1510]
Requests/sec:  6165.70048828125 KB
Transfer/sec:  8979.6970703125 KB

2023-12-04 22:35:04.977147797 +0800 CST m=+28805.820731986
Running 1m0s myx-test @ https://192.168.12.127:6443/api/v1/namespaces/myx-test/pods
60 connections
Requests/bytes (per Connection):  [4944240 4944236 4859278 5037688 4757326 4978246 4995218 4876272 4799850 4765824 4901756 5029192 4774366 4825352 5020698 4774320 4859312 4893308 4935740 4808302 4612898 4672372 4952762 4799806 4791314 5046184 4825294 5029194 4740390 4782888 4961228 4867772 4986716 4978218 4655376 4876320 4825296 4867774 4978218 4808314 5063180 4918780 4816798 5080170 4723344 4910296 4799806 4876306 4833794 4782814 4876268 4757334 4986714 4918746 4672370 4740390 4706356 4757328 4825294 4740386]
Response/bytes (per Connection):  [2280672 2280950 2242440 2251973 2196564 2222232 2232362 2250088 2210083 2132325 2192149 2319740 2130322 2151466 2315637 2203930 2238244 2251856 2277127 2151122 2131013 2157776 2210847 2147417 2211578 2327386 2227148 2247996 2181924 2130765 2288596 2246543 2300065 2296522 2150408 2243650 2158534 2177057 2296522 2218104 2262818 2265565 2154827 2342398 2180992 2190418 2215679 2176414 2230693 2208033 2250366 2195726 2229471 2269761 2157774 2181924 2106120 2196284 2227148 2182484]
Requests Number (per Connection):  [582 582 572 593 560 586 588 574 565 561 577 592 562 568 591 562 572 576 581 566 543 550 583 565 564 594 568 592 558 563 584 573 587 586 548 574 568 573 586 566 596 579 567 598 556 578 565 574 569 563 574 560 587 579 550 558 554 560 568 558]
Requests/sec:  4746.5060546875 KB
Transfer/sec:  6912.9453125 KB

2023-12-04 22:36:45.128646615 +0800 CST m=+28905.972230785
Running 1m0s myx-test @ https://192.168.12.127:6443/api/v1/namespaces/myx-test/pods
90 connections
Requests/bytes (per Connection):  [3389662 3253582 3542528 3347160 3559578 3457616 3449104 3279216 3398070 3423646 3483116 3381158 3423646 3381166 3457628 3618892 3457602 3619022 3474536 3508602 3262084 3466124 3432122 3525550 3474474 3457584 3474602 3406658 3568074 3542428 3542466 3449034 3474620 3567982 3406658 3483108 3457470 3347188 3542428 3584948 3551066 3508510 3304688 3576570 3415098 3542588 3491472 3500106 3517098 3432140 3423572 3550924 3491454 3381168 3330194 3533988 3415122 3678520 3517100 3406654 3474554 3287716 3347176 3533950 3508484 3432140 3568012 3355678 3457518 3330032 3500108 3423592 3517100 3364138 3432146 3415022 3534090 3406654 3440486 3533972 3457486 3440608 3355678 3406652 3593546 3389626 3610396 3364174 3440512 3381094]
Response/bytes (per Connection):  [1508467 1513737 1633367 1540402 1633457 1588981 1587116 1506458 1571452 1571729 1549494 1553734 1571729 1552614 1538379 1628616 1590659 1663574 1605861 1610519 1470016 1591124 1529712 1623761 1613695 1593179 1597467 1563805 1637280 1595271 1641201 1596070 1545789 1598232 1563805 1550582 1557949 1537046 1645957 1660036 1631592 1572297 1473321 1641103 1574622 1625531 1620501 1557176 1614342 1575832 1581243 1649780 1622739 1552334 1482262 1635140 1523116 1687259 1564314 1515877 1603341 1510003 1490758 1639896 1625629 1527264 1594700 1541145 1551969 1549540 1606416 1578725 1564314 1549726 1575274 1535620 1621988 1564083 1549725 1586674 1605489 1583293 1493647 1516149 1650707 1561195 1676541 1497352 1546463 1561848]
Requests Number (per Connection):  [399 383 417 394 419 407 406 386 400 403 410 398 403 398 407 426 407 426 409 413 384 408 404 415 409 407 409 401 420 417 417 406 409 420 401 410 407 394 417 422 418 413 389 421 402 417 411 412 414 404 403 418 411 398 392 416 402 433 414 401 409 387 394 416 413 404 420 395 407 392 412 403 414 396 404 402 416 401 405 416 407 405 395 401 423 399 425 396 405 398]
Requests/sec:  5065.7796875 KB
Transfer/sec:  7376.850276692709 KB

2023-12-04 22:38:25.307165646 +0800 CST m=+29006.150749817
Running 1m0s myx-test @ https://192.168.12.127:6443/api/v1/namespaces/myx-test/pods
150 connections
Requests/bytes (per Connection):  [2174764 2132324 2336186 1979364 2064318 2174784 2285214 2200294 2234308 2021842 1996426 2242732 1996442 2115294 2115364 2098410 1962442 2191838 2259722 2072814 2200314 2225738 2149342 2021838 2089868 2174768 2132382 2098306 2021904 2140782 2140784 2106798 2149372 2200252 2123794 2106798 2030334 2268218 2166272 2123790 2183264 2174764 2149280 2064340 2038834 2081310 2047332 2089810 2157772 2302260 2166324 2140856 2038894 2149314 2098302 2047398 2072814 2183260 2089914 2055826 2064322 2336198 2081332 2166280 2200252 2123892 1945382 2132350 2174764 1911514 1996352 2149370 2081314 2072818 2234240 2132290 2302200 2106796 2055824 2123834 2081314 2157772 2106900 2098386 2174850 2166272 2089888 2234238 2140780 2055938 2149370 2234236 2166268 2191820 2089892 2166268 2208748 2123888 2174768 2098314 2038830 2140814 2098306 2038878 2123796 2081334 2191840 2157772 2013344 2047430 2174852 2089806 2021838 2047326 2140782 2174764 1936920 2098402 2208746 2183264 2319248 2081354 2081310 2200318 2064322 2183260 2208828 2268254 2166268 2132334 2106796 2234310 1987860 2242730 2123870 2115298 2174822 2089900 2064322 2072814 2217242 2089880 2217244 2030336 2115396 2055926 2072814 2064318 2208828 2038868]
Response/bytes (per Connection):  [1005830 981679 1078747 917063 926409 972400 1055531 980797 1023357 907614 915755 1004486 913797 978789 969835 928185 900463 971926 1044340 959674 1009465 997348 985967 936736 959486 974576 974123 940959 899730 990258 959756 974966 952045 985961 982334 974966 940559 1015873 1001729 952344 1009375 974846 963461 923691 944104 963497 947647 967042 967436 1023627 964347 981026 936268 989605 971143 939253 959674 1009653 953610 951750 955573 1077349 960699 1000609 1017299 970024 901491 978321 974846 844499 924987 982329 963219 959396 1000511 986157 1063735 975246 951748 977016 963219 998184 932158 960511 964246 1001729 927468 1032593 960026 908572 982329 1000781 971141 1005362 956408 1002007 1021122 940112 974576 969745 915294 955950 970865 909588 982054 960419 1002844 998184 932633 935055 994638 967320 936736 918999 990258 974846 893190 928999 1021402 978281 1064387 957901 963497 1008905 955573 1009653 979882 1043687 1002007 950069 975246 1023359 892248 1004758 942560 948369 998556 955570 955573 959674 1025225 958088 1024945 940279 936137 938878 930114 955851 979882 939626]
Requests Number (per Connection):  [256 251 275 233 243 256 269 259 263 238 235 264 235 249 249 247 231 258 266 244 259 262 253 238 246 256 251 247 238 252 252 248 253 259 250 248 239 267 255 250 257 256 253 243 240 245 241 246 254 271 255 252 240 253 247 241 244 257 246 242 243 275 245 255 259 250 229 251 256 225 235 253 245 244 263 251 271 248 242 250 245 254 248 247 256 255 246 263 252 242 253 263 255 258 246 255 260 250 256 247 240 252 247 240 250 245 258 254 237 241 256 246 238 241 252 256 228 247 260 257 273 245 245 259 243 257 260 267 255 251 248 263 234 264 250 249 256 246 243 244 261 246 261 239 249 242 244 243 260 240]
Requests/sec:  5192.020703125 KB
Transfer/sec:  7560.385123697916 KB

2023-12-04 22:40:05.555659763 +0800 CST m=+29106.399243934
Running 1m0s myx-test @ https://192.168.12.127:6443/api/v1/namespaces/myx-test/pods
300 connections
Requests/bytes (per Connection):  [1265874 1163922 1308196 1435790 1427294 1299698 1248724 1248782 1384776 1401648 1308194 1257320 1410302 1478264 1316848 1308312 1333822 1444166 1418672 1325344 1393170 1265874 1410302 1308234 1274268 1486670 1257350 1257330 1359314 1401696 1308320 1257292 1308326 1418798 1248724 1282762 1418798 1316690 1299748 1257278 1274368 1333798 1350818 1367822 1316844 1452624 1206292 1410144 1342252 1299818 1410262 1367666 1172262 1342326 1248770 1257280 1206342 1231890 1325274 1333838 1299706 1282772 1427294 1231880 1410182 1274210 1231820 1367664 1282734 1376294 1257376 1197888 1197762 1367812 1291276 1282866 1410242 1308212 1257220 1282808 1367666 1342250 1316690 1384708 1367664 1308352 1189286 1248882 1197814 1308352 1180916 1333840 1316848 1342336 1257378 1325322 1248810 1231732 1265754 1214872 1299698 1274366 1257378 1316848 1121444 1367786 1401648 1299858 1359230 1342198 1384656 1223260 1418640 1257218 1274210 1240244 1240228 1316720 1257218 1282718 1325204 1308194 1350716 1376318 1223236 1393154 1291360 1367822 1359294 1359256 1325186 1197908 1435772 1248872 1401648 1265798 1248740 1223284 1401796 1342274 1359250 1231844 1308294 1452622 1418706 1299856 1299856 1367706 1444284 1435788 1282848 1257358 1486666 1299702 1410168 1265816 1214770 1282766 1350832 1189412 1265796 1393152 1401732 1350808 1512252 1325186 1333682 1325344 1401648 1384804 1282782 1308352 1410224 1282838 1206348 1461252 1257322 1350832 1299856 1325344 1231822 1248880 1359208 1274212 1291276 1342324 1316738 1367724 1325274 1435692 1350804 1282866 1299740 1350830 1291278 1333704 1461120 1265714 1206254 1367666 1282864 1299802 1265798 1427244 1350700 1248882 1393310 1308352 1384658 1274292 1189394 1410144 1384814 1350672 1478148 1206402 1240238 1342336 1333748 1410192 1461118 1325186 1308266 1359170 1299844 1197906 1172340 1333682 1214772 1299794 1231884 1121300 1384714 1308194 1435772 1274370 1410302 1206402 1291360 1342284 1342192 1333762 1359228 1444178 1299728 1325186 1282864 1350720 1367822 1308196 1325344 1291360 1308194 1367664 1257360 1223394 1248882 1401682 1325344 1282800 1359326 1282706 1376284 1367754 1299816 1223236 1410302 1376162 1384750 1401738 1376318 1325186 1231888 1444168 1308266 1248828 1316804 1231886 1282864 1248848 1444168 1248724 1452698 1333744 1299784 1461276 1248856 1282858 1316738 1401806 1342192 1325186 1342248 1291264 1248882 1257228 1282762 1384656 1350674 1376250]
Response/bytes (per Connection):  [555851 527669 612806 650565 646742 609263 568011 578771 612885 655419 613086 576996 619380 649836 596763 579540 587937 669778 659149 582058 649358 573545 639096 608050 590520 685533 555680 575596 617556 649263 596856 580916 577910 623085 585763 576309 623085 616909 602827 564650 559828 609725 613733 600855 597323 678357 561056 638950 599796 575563 644132 620153 534394 609350 580451 582314 554338 541031 609258 604971 589699 593223 646742 559371 654486 579398 567207 640127 579843 626600 552418 528385 561429 621099 595926 581191 626718 610848 589868 570327 620153 619144 616909 621585 640127 592940 555088 565899 554713 592940 535035 604409 596763 608232 569722 603384 574851 578399 570801 553683 590513 559826 569722 596763 508274 605203 635245 589119 628470 625860 627561 571498 642655 571714 579398 562404 582222 613273 590148 600219 618494 613086 607579 604560 556896 631268 567238 600855 620074 625112 601628 542963 652803 549527 655419 583057 584087 568420 616761 616066 606390 564129 581714 678637 654389 570943 570943 634811 634472 650845 565435 572240 686093 608985 635960 580819 567117 594063 612055 538858 583337 631540 644505 596163 664112 601628 624555 582058 655419 628745 592105 592940 628892 584547 536438 665110 576716 612055 570943 600586 566927 548713 611828 579126 595926 609630 610753 632573 609258 662875 596433 581191 603947 612335 595646 621757 682180 575693 548400 639847 581471 595831 583339 652896 628843 565899 631450 592940 627563 569068 541096 638676 627627 613015 685068 546784 563220 608514 616161 632970 682460 620732 585522 616448 590515 542961 541566 605333 549387 578553 558811 526742 640217 594218 652803 577368 619380 546784 585294 614666 626700 614201 628468 668098 605627 620732 563533 626325 600855 612806 582058 585576 613086 620425 571960 554430 565899 651223 582058 589585 597150 601617 628000 609281 594153 574576 639096 643670 616147 643947 623804 601628 558533 648878 585522 572613 602359 558531 581471 570095 669498 586045 668843 597449 598069 641882 568975 582029 610753 635273 626700 601628 600340 597606 565899 589030 594623 627835 632201 632478]
Requests Number (per Connection):  [149 137 154 169 168 153 147 147 163 165 154 148 166 174 155 154 157 170 167 156 164 149 166 154 150 175 148 148 160 165 154 148 154 167 147 151 167 155 153 148 150 157 159 161 155 171 142 166 158 153 166 161 138 158 147 148 142 145 156 157 153 151 168 145 166 150 145 161 151 162 148 141 141 161 152 151 166 154 148 151 161 158 155 163 161 154 140 147 141 154 139 157 155 158 148 156 147 145 149 143 153 150 148 155 132 161 165 153 160 158 163 144 167 148 150 146 146 155 148 151 156 154 159 162 144 164 152 161 160 160 156 141 169 147 165 149 147 144 165 158 160 145 154 171 167 153 153 161 170 169 151 148 175 153 166 149 143 151 159 140 149 164 165 159 178 156 157 156 165 163 151 154 166 151 142 172 148 159 153 156 145 147 160 150 152 158 155 161 156 169 159 151 153 159 152 157 172 149 142 161 151 153 149 168 159 147 164 154 163 150 140 166 163 159 174 142 146 158 157 166 172 156 154 160 153 141 138 157 143 153 145 132 163 154 169 150 166 142 152 158 158 157 160 170 153 156 151 159 161 154 156 152 154 161 148 144 147 165 156 151 160 151 162 161 153 144 166 162 163 165 162 156 145 170 154 147 155 145 151 147 170 147 171 157 153 172 147 151 155 165 158 156 158 152 147 148 151 163 159 162]
Requests/sec:  6443.251432291667 KB
Transfer/sec:  9378.418180338542 KB

