2023-12-04 23:51:20.250258339 +0800 CST m=+33381.093842509
Running 1m0s myx-test @ https://192.168.12.127:6443/api/v1/namespaces/myx-test/podtemplates
3 connections
Requests/bytes (per Connection):  [37388524 40434144 37122394]
Response/bytes (per Connection):  [55414770 59928810 55020499]
Requests Number (per Connection):  [4358 4713 4327]
Requests/sec:  1870.8506184895834 KB
Transfer/sec:  4643.703466796875 KB

2023-12-04 23:53:00.584367112 +0800 CST m=+33481.427951281
Running 1m0s myx-test @ https://192.168.12.127:6443/api/v1/namespaces/myx-test/podtemplates
6 connections
Requests/bytes (per Connection):  [31674700 30919678 33030174 30773822 31691802 33030154]
Response/bytes (per Connection):  [46946142 45827143 48955187 45610973 46971545 48955177]
Requests Number (per Connection):  [3692 3604 3850 3587 3694 3850]
Requests/sec:  3110.6824544270835 KB
Transfer/sec:  7721.134391276041 KB

2023-12-04 23:54:40.910642574 +0800 CST m=+33581.754226756
Running 1m0s myx-test @ https://192.168.12.127:6443/api/v1/namespaces/myx-test/podtemplates
9 connections
Requests/bytes (per Connection):  [25703480 25609102 25634842 25394606 24450832 24039158 25746378 25557664 24073390]
Response/bytes (per Connection):  [38096036 37956161 37994309 37638263 36239516 35629231 38159615 37879886 35680051]
Requests Number (per Connection):  [2996 2985 2988 2960 2850 2802 3001 2979 2806]
Requests/sec:  3681.794466145833 KB
Transfer/sec:  9138.712890625 KB

2023-12-04 23:56:21.277870799 +0800 CST m=+33682.121454960
Running 1m0s myx-test @ https://192.168.12.127:6443/api/v1/namespaces/myx-test/podtemplates
15 connections
Requests/bytes (per Connection):  [17544634 16866826 17570310 16583634 16781128 17424452 17536102 16986982 16695300 17793388 17433032 17784826 17424562 17819172 17690428]
Response/bytes (per Connection):  [26003487 24998929 26041603 24579275 24871820 25825432 25990795 25176971 24744646 26372218 25838148 26359511 25825487 26410388 26219626]
Requests Number (per Connection):  [2045 1966 2048 1933 1956 2031 2044 1980 1946 2074 2032 2073 2031 2077 2062]
Requests/sec:  4230.709244791667 KB
Transfer/sec:  10501.189973958333 KB

2023-12-04 23:58:01.671508593 +0800 CST m=+33782.515092771
Running 1m0s myx-test @ https://192.168.12.127:6443/api/v1/namespaces/myx-test/podtemplates
30 connections
Requests/bytes (per Connection):  [9102644 9522940 9634478 9591578 9196908 9411542 9505868 9377206 9685964 9385658 9462880 9548674 9677480 9514422 9626038 9437142 9411560 9256980 9462876 9248464 9154052 9059788 9231338 8939512 9197030 9282864 9522990 9093948 9617318 9394394]
Response/bytes (per Connection):  [13491308 14114330 14279637 14216057 13631126 13949093 14088942 13898221 14355936 13910873 14025318 14152475 14343268 14101645 14266991 13987171 13949102 13720144 14025316 13707460 13567568 13427750 13682045 13249648 13631187 13758364 14114355 13478534 14254205 13923667]
Requests Number (per Connection):  [1061 1110 1123 1118 1072 1097 1108 1093 1129 1094 1103 1113 1128 1109 1122 1100 1097 1079 1103 1078 1067 1056 1076 1042 1072 1082 1110 1060 1121 1095]
Requests/sec:  4582.593359375 KB
Transfer/sec:  11374.613802083333 KB

2023-12-04 23:59:42.03834762 +0800 CST m=+33882.881931800
Running 1m0s myx-test @ https://192.168.12.127:6443/api/v1/namespaces/myx-test/podtemplates
60 connections
Requests/bytes (per Connection):  [4229668 4160974 4083824 4212402 4143742 4306752 4203888 4229576 4298158 4435438 4040768 4238100 4040802 4246682 4203784 4160886 4220942 4281002 4281144 4289582 4220944 4186782 4186760 4203826 4306738 4324060 4212364 4263906 4186712 4306828 4169622 4538462 4375398 4281060 4212364 4057926 4366938 4246786 4366838 4289664 4092324 4169502 4066544 4160900 4323910 4384086 4109406 4263838 4358330 4392540 4186624 4229546 4263842 4272428 4195228 4195204 4298272 4169622 4375380 4255264]
Response/bytes (per Connection):  [6268852 6167097 6052688 6243367 6141629 6383228 6230684 6268806 6370505 6573961 5989030 6281494 5989047 6294211 6230632 6167053 6256063 6345075 6345146 6357791 6256064 6205279 6205268 6230653 6383221 6408734 6243348 6319675 6205244 6383266 6179847 6726585 6484959 6345104 6243348 6014461 6472303 6294263 6472253 6357832 6065364 6179787 6027196 6167060 6408659 6497729 6090757 6319641 6459573 6510382 6205200 6268791 6319643 6332362 6217928 6217916 6370562 6179847 6484950 6306928]
Requests Number (per Connection):  [493 485 476 491 483 502 490 493 501 517 471 494 471 495 490 485 492 499 499 500 492 488 488 490 502 504 491 497 488 502 486 529 510 499 491 473 509 495 509 500 477 486 474 485 504 511 479 497 508 512 488 493 497 498 489 489 501 486 510 496]
Requests/sec:  4140.216178385416 KB
Transfer/sec:  10276.582405598958 KB

2023-12-05 00:01:22.61464079 +0800 CST m=+33983.458225003
Running 1m0s myx-test @ https://192.168.12.127:6443/api/v1/namespaces/myx-test/podtemplates
90 connections
Requests/bytes (per Connection):  [3131468 3011350 3122834 2994176 3054250 2985610 3062830 3105712 3019930 2994192 3200104 3071406 2942674 3037010 3139964 2959872 2899812 3019928 3062808 2899738 3019892 3045668 3054250 3054210 3045636 2934132 2934048 3054246 3079942 3131470 3036982 2831174 2951292 2968452 3148502 2959790 2968452 3088522 3045640 3234306 3011350 3157208 3071406 3097150 2959868 2985610 3045602 3122762 2968450 2899800 2951252 2934132 2959872 3114254 2942712 2856848 3045670 3019826 2934132 3037086 3088456 3045666 3182882 3028430 3139998 3011350 2951292 2976938 3097062 2925548 3131468 2916972 3037040 3062826 3037048 3011350 2985514 3002770 2968400 2959872 2951292 3105724 2899814 3097148 2865426 2925492 3054250 3131466 3131350 3122786]
Response/bytes (per Connection):  [4641224 4463201 4628481 4437762 4526781 4425053 4539497 4603068 4475917 4437770 4742950 4552211 4361455 4501309 4653898 4386906 4297894 4475916 4539486 4297857 4475898 4514064 4526781 4526761 4514048 4348758 4348716 4526779 4564905 4641225 4501295 4196167 4374190 4399622 4666593 4386865 4399622 4577621 4514050 4793755 4463201 4679372 4552211 4590361 4386904 4425053 4514031 4628445 4399621 4297888 4374170 4348758 4386906 4615765 4361474 4234282 4514065 4475865 4348758 4501347 4577588 4514063 4717487 4488593 4653915 4463201 4374190 4412291 4590317 4336040 4641224 4323326 4501324 4539495 4501328 4463201 4425005 4450485 4399596 4386906 4374190 4603074 4297895 4590360 4246997 4336012 4526781 4641223 4641165 4628457]
Requests Number (per Connection):  [365 351 364 349 356 348 357 362 352 349 373 358 343 354 366 345 338 352 357 338 352 355 356 356 355 342 342 356 359 365 354 330 344 346 367 345 346 360 355 377 351 368 358 361 345 348 355 364 346 338 344 342 345 363 343 333 355 352 342 354 360 355 371 353 366 351 344 347 361 341 365 340 354 357 354 351 348 350 346 345 344 362 338 361 334 341 356 365 365 364]
Requests/sec:  4431.36220703125 KB
Transfer/sec:  10999.242366536459 KB

2023-12-05 00:03:03.034525591 +0800 CST m=+34083.878109768
Running 1m0s myx-test @ https://192.168.12.127:6443/api/v1/namespaces/myx-test/podtemplates
150 connections
Requests/bytes (per Connection):  [1870316 1827340 1921718 1801600 1930298 1784440 1818862 1793072 1844500 1947568 1836010 1973196 1801596 1827440 1758700 1827354 1801674 1793020 1835914 1836078 1870238 1724382 1844542 1921760 1767352 1870342 1921716 1861660 1835934 1878846 1810176 1878878 1741598 1938874 1870236 1938878 1844552 1835916 1750120 1895974 1758760 2016092 1758754 1887398 1861750 1956038 1895978 1921864 1801758 1767438 1784592 1853202 1904558 1724456 1887522 1844500 1896122 1913138 1784440 1930394 1784586 1930294 1775860 1938872 1801596 1836002 1767378 1784558 1758772 1767282 1767422 1861654 1904618 1887396 1930296 1630004 1767400 1681484 1947556 1732984 1861660 1964754 1844590 1956060 1853146 1956032 1853080 1775860 1715824 1870240 1724514 1964748 1818760 1827372 1775856 1878816 1904554 1750118 1801600 1853162 1801618 1818756 1861654 1938876 1973194 1853084 1775892 1938874 1930420 1810180 1827340 1733000 1827334 1844498 1844606 1818756 1895992 1878814 1835924 1844646 1878820 1870240 1895978 1827460 1853092 1801608 1810188 1775874 1930294 1793044 1904636 1861660 1827428 1930392 1998932 1784442 1741698 1861660 1844558 1844496 1836044 1844500 1818886 1801596 1818880 1878828 1698714 1930298 1870234 1724478]
Response/bytes (per Connection):  [2772026 2708408 2848283 2670260 2860999 2644828 2695743 2657570 2733840 2886486 2721169 2924578 2670258 2708458 2606680 2708415 2670297 2657544 2721121 2721203 2771987 2555817 2733861 2848304 2619432 2772039 2848282 2759272 2721131 2784717 2682974 2784733 2581277 2873713 2771986 2873715 2733866 2721122 2593964 2810133 2606710 2988156 2606707 2797419 2759317 2899147 2810135 2848356 2670339 2619475 2644904 2746617 2822851 2555854 2797481 2733840 2810207 2835567 2644828 2861047 2644901 2860997 2632112 2873712 2670258 2721165 2619445 2644887 2606716 2619397 2619467 2759269 2822881 2797418 2860998 2415942 2619456 2492238 2886480 2568544 2759272 2911931 2733885 2899158 2746589 2899144 2746556 2632112 2543112 2771988 2555883 2911928 2695692 2708424 2632110 2784702 2822849 2593963 2670260 2746597 2670269 2695690 2759269 2873714 2924577 2746558 2632128 2873713 2861060 2682976 2708408 2568552 2708405 2733839 2733893 2695690 2810142 2784701 2721126 2733913 2784704 2771988 2810135 2708468 2746562 2670264 2682980 2632119 2860997 2657556 2822890 2759272 2708452 2861046 2962724 2644829 2581327 2759272 2733869 2733838 2721186 2733840 2695755 2670258 2695752 2784708 2517705 2860999 2771985 2555865]
Requests Number (per Connection):  [218 213 224 210 225 208 212 209 215 227 214 230 210 213 205 213 210 209 214 214 218 201 215 224 206 218 224 217 214 219 211 219 203 226 218 226 215 214 204 221 205 235 205 220 217 228 221 224 210 206 208 216 222 201 220 215 221 223 208 225 208 225 207 226 210 214 206 208 205 206 206 217 222 220 225 190 206 196 227 202 217 229 215 228 216 228 216 207 200 218 201 229 212 213 207 219 222 204 210 216 210 212 217 226 230 216 207 226 225 211 213 202 213 215 215 212 221 219 214 215 219 218 221 213 216 210 211 207 225 209 222 217 213 225 233 208 203 217 215 215 214 215 212 210 212 219 198 225 218 201]
Requests/sec:  4500.335286458333 KB
Transfer/sec:  11170.45009765625 KB

2023-12-05 00:04:43.528203111 +0800 CST m=+34184.371787282
Running 1m0s myx-test @ https://192.168.12.127:6443/api/v1/namespaces/myx-test/podtemplates
300 connections
Requests/bytes (per Connection):  [1192590 1158166 1123798 1183916 1123952 1184010 1209654 1158220 1183852 1261154 1183894 1184010 1158260 1175432 1175274 1072430 1209592 1252650 1123900 1226752 1063756 1132374 1132374 1149692 1192446 1261126 1184010 1252530 1158272 1115214 1141074 1115372 1175394 1123952 1158178 1243936 1175312 1115222 1098182 1046734 1175432 1166694 1201172 1192524 1209594 1261230 1278390 1175422 1089582 1226910 1192592 1098212 1132532 1243968 1192432 1244070 1003818 1115216 1235404 1106766 1252638 1132424 1158114 1201102 1141094 1123954 1132374 1115266 1140994 1218172 1081054 1166694 1081054 1235490 1158198 1158114 1175272 1132374 1295548 1098178 1252492 1123866 1158114 1123794 1132532 1243966 1175274 1106634 1183854 1192592 1261208 1192466 1269652 1132478 1037996 1338448 1252568 1149534 1166734 1261128 1140956 1072472 1252650 1063850 1252570 1175340 1303970 1192532 1201170 1252648 1140958 1115214 1081036 1209752 1244048 1184012 1132532 1201012 1123954 1081054 1115240 1115214 1141070 1235332 1252640 1055314 1261178 1132436 1123914 1089490 1235424 1192434 1158114 1115270 1098136 1218220 1209594 1243912 1209718 1192432 1218310 1123928 1252596 1201028 1192442 1209616 1115274 1278388 1158114 1244070 1158270 1132424 1218330 1201024 1321130 1192564 1235490 1226910 1140956 1218326 1149534 1098068 1278294 1149692 1141102 1166818 1329868 1252610 1192592 1158272 1269676 1278388 1106738 1149692 1226862 1123952 1226754 1192432 1269794 1081052 1226910 1115260 1055284 1175332 1149622 1166852 1209670 1244002 1243958 1141112 1149692 1192534 1295486 1209594 1166852 1364178 1158240 1149692 1141112 1201070 1115214 1132532 1235334 1158260 1141112 1149578 1201064 1192544 1175272 1141112 1244060 1226786 1286812 1201012 1261158 1243912 1226910 1158272 1312560 1184000 1261178 1286876 1081036 1184012 1166720 1158134 1209678 1175366 1089490 1175274 1192466 1269688 1098054 1149590 1321180 1089618 1115240 1132532 1226910 1115292 1192584 1209592 1218330 1218174 1201170 1192564 1192590 1132514 1132532 1235332 1141112 1286916 1244014 1158270 1123794 1226806 1192434 1063780 1192554 1132534 1098142 1218288 1166830 1226888 1261156 1183854 1072474 1123910 1286944 1201172 1209594 1175432 1175432 1278230 1244002 1149692 1209608 1183858 1201098 1055156 1226858 1303972 1226754 1201046 1252578 1029490 1158268 1201086 1201048 1149660 1201014 1192524 1269764 1321288 1141038 1149610 1209594 1244070 1201172 1175432]
Response/bytes (per Connection):  [1767509 1716593 1665705 1754746 1665782 1754793 1792893 1716620 1754714 1869199 1754735 1754793 1716640 1742078 1741999 1589465 1792862 1856521 1665756 1818294 1576702 1678419 1678419 1703930 1767437 1869185 1754793 1856461 1716646 1652987 1691195 1653066 1742059 1665782 1716599 1843738 1742018 1652991 1627619 1551339 1742078 1729283 1780226 1767476 1792863 1869237 1894669 1742073 1614893 1818373 1767510 1627634 1678498 1843754 1767430 1843805 1487751 1652988 1831046 1640337 1856515 1678444 1716567 1780191 1691205 1665783 1678419 1653013 1691155 1805578 1602203 1729283 1602203 1831089 1716609 1716567 1741998 1678419 1920100 1627617 1856442 1665739 1716567 1665703 1678498 1843753 1741999 1640271 1754715 1767510 1869226 1767447 1881874 1678471 1538544 1983680 1856480 1703851 1729303 1869186 1691136 1589486 1856521 1576749 1856481 1742032 1932737 1767480 1780225 1856520 1691137 1652987 1602194 1792942 1843794 1754794 1678498 1780146 1665783 1602203 1653000 1652987 1691193 1831010 1856516 1564055 1869211 1678450 1665763 1614847 1831056 1767431 1716567 1653015 1627596 1805602 1792863 1843726 1792925 1767430 1805647 1665770 1856494 1780154 1767435 1792874 1653017 1894668 1716567 1843805 1716645 1678444 1805657 1780152 1958169 1767496 1831089 1818373 1691136 1805655 1703851 1627562 1894621 1703930 1691209 1729345 1970964 1856501 1767510 1716646 1881886 1894668 1640323 1703930 1818349 1665782 1818295 1767430 1881945 1602202 1818373 1653010 1564040 1742028 1703895 1729362 1792901 1843771 1843749 1691214 1703930 1767481 1920069 1792863 1729362 2021823 1716630 1703930 1691214 1780175 1652987 1678498 1831011 1716640 1691214 1703873 1780172 1767486 1741998 1691214 1843800 1818311 1907306 1780146 1869201 1843726 1818373 1716646 1945458 1754788 1869211 1907338 1602194 1754794 1729296 1716577 1792905 1742045 1614847 1741999 1767447 1881892 1627555 1703879 1958194 1614911 1653000 1678498 1818373 1653026 1767506 1792862 1805657 1805579 1780225 1767496 1767509 1678489 1678498 1831010 1691214 1907358 1843777 1716645 1665703 1818321 1767431 1576714 1767491 1678499 1627599 1805636 1729351 1818362 1869200 1754715 1589487 1665761 1907372 1780226 1792863 1742078 1742078 1894589 1843771 1703930 1792870 1754717 1780189 1563976 1818347 1932738 1818295 1780163 1856485 1525865 1716644 1780183 1780164 1703914 1780147 1767476 1881930 1958248 1691177 1703889 1792863 1843805 1780226 1742078]
Requests Number (per Connection):  [139 135 131 138 131 138 141 135 138 147 138 138 135 137 137 125 141 146 131 143 124 132 132 134 139 147 138 146 135 130 133 130 137 131 135 145 137 130 128 122 137 136 140 139 141 147 149 137 127 143 139 128 132 145 139 145 117 130 144 129 146 132 135 140 133 131 132 130 133 142 126 136 126 144 135 135 137 132 151 128 146 131 135 131 132 145 137 129 138 139 147 139 148 132 121 156 146 134 136 147 133 125 146 124 146 137 152 139 140 146 133 130 126 141 145 138 132 140 131 126 130 130 133 144 146 123 147 132 131 127 144 139 135 130 128 142 141 145 141 139 142 131 146 140 139 141 130 149 135 145 135 132 142 140 154 139 144 143 133 142 134 128 149 134 133 136 155 146 139 135 148 149 129 134 143 131 143 139 148 126 143 130 123 137 134 136 141 145 145 133 134 139 151 141 136 159 135 134 133 140 130 132 144 135 133 134 140 139 137 133 145 143 150 140 147 145 143 135 153 138 147 150 126 138 136 135 141 137 127 137 139 148 128 134 154 127 130 132 143 130 139 141 142 142 140 139 139 132 132 144 133 150 145 135 131 143 139 124 139 132 128 142 136 143 147 138 125 131 150 140 141 137 137 149 145 134 141 138 140 123 143 152 143 140 146 120 135 140 140 134 140 139 148 154 133 134 141 145 140 137]
Requests/sec:  5769.50126953125 KB
Transfer/sec:  14320.682047526041 KB

