2023-12-05 01:15:54.254691123 +0800 CST m=+38455.098275304
Running 1m0s myx-test @ https://192.168.12.127:6443/api/v1/namespaces/myx-test/replicationcontrollers
3 connections
Requests/bytes (per Connection):  [36968239 31970196 34508210]
Response/bytes (per Connection):  [56052995 48474711 52323100]
Requests Number (per Connection):  [4253 3678 3970]
Requests/sec:  1683.701904296875 KB
Transfer/sec:  4236.612158203125 KB

2023-12-05 01:17:34.661047496 +0800 CST m=+38555.504631664
Running 1m0s myx-test @ https://192.168.12.127:6443/api/v1/namespaces/myx-test/replicationcontrollers
6 connections
Requests/bytes (per Connection):  [28188989 29275536 29858005 28076126 29936220 29162475]
Response/bytes (per Connection):  [42741535 44388996 45272075 42570268 45390684 44217630]
Requests Number (per Connection):  [3243 3368 3435 3230 3444 3355]
Requests/sec:  2840.126155598958 KB
Transfer/sec:  7146.460595703125 KB

2023-12-05 01:19:14.999666988 +0800 CST m=+38655.843251157
Running 1m0s myx-test @ https://192.168.12.127:6443/api/v1/namespaces/myx-test/replicationcontrollers
9 connections
Requests/bytes (per Connection):  [25468378 23825509 23825453 23799448 25494381 25033676 25485692 25042389 25094515]
Response/bytes (per Connection):  [38616344 36125378 36125350 36085847 38655846 37957318 38642668 37970508 38049572]
Requests Number (per Connection):  [2930 2741 2741 2738 2933 2880 2932 2881 2887]
Requests/sec:  3630.6875162760416 KB
Transfer/sec:  9135.7140625 KB

2023-12-05 01:20:55.317677781 +0800 CST m=+38756.161261950
Running 1m0s myx-test @ https://192.168.12.127:6443/api/v1/namespaces/myx-test/replicationcontrollers
15 connections
Requests/bytes (per Connection):  [16628265 15932895 15985099 16767293 16654286 16810786 16002485 16715135 16845632 16741326 16749937 15993788 15872094 16489253 16836835]
Response/bytes (per Connection):  [25212618 24158253 24237356 25423468 25252129 25489382 24263716 25344388 25542139 25383984 25397123 24250534 24066018 25001776 25528907]
Requests Number (per Connection):  [1913 1833 1839 1929 1916 1934 1841 1923 1938 1926 1927 1840 1826 1897 1937]
Requests/sec:  4020.590966796875 KB
Transfer/sec:  10116.8115234375 KB

2023-12-05 01:22:35.659201681 +0800 CST m=+38856.502785863
Running 1m0s myx-test @ https://192.168.12.127:6443/api/v1/namespaces/myx-test/replicationcontrollers
30 connections
Requests/bytes (per Connection):  [9048723 9066069 8718243 8674932 9187809 9396277 8866056 9335542 9013873 8796474 9457130 9013953 9205173 9005124 8718397 9152945 9222421 9187795 9370200 8544539 8900788 8561829 8718395 8953084 9239809 8613981 9100723 9118173 9031225 9161610]
Response/bytes (per Connection):  [13720035 13746375 13219122 13153299 13930914 14247152 13443198 14154950 13667276 13337739 14339413 13667316 13957263 13654068 13219199 13878148 13983554 13930907 14207613 12955600 13495898 12981912 13219198 13575047 14009915 13060989 13799036 13825428 13693619 13891314]
Requests Number (per Connection):  [1041 1043 1003 998 1057 1081 1020 1074 1037 1012 1088 1037 1059 1036 1003 1053 1061 1057 1078 983 1024 985 1003 1030 1063 991 1047 1049 1039 1054]
Requests/sec:  4400.737174479166 KB
Transfer/sec:  11073.352685546875 KB

2023-12-05 01:24:16.030594267 +0800 CST m=+38956.874178457
Running 1m0s myx-test @ https://192.168.12.127:6443/api/v1/namespaces/myx-test/replicationcontrollers
60 connections
Requests/bytes (per Connection):  [4198461 4067998 4059377 4128761 4067968 4094147 4207034 4233075 4102726 3998434 4120226 4059377 4076705 4024447 4459185 4189612 4137468 4024537 4241880 4215847 4206996 4259154 3998410 3894214 4128883 4128897 4007083 4250491 4024607 4189626 4146167 3981066 4137456 4241768 4146151 4346082 4137454 4337389 4067912 4267925 4059219 4285239 4241818 3954939 4337385 4372157 4033298 4181057 4276540 4041991 4076605 3946370 4206996 4015756 4102682 4180919 4215757 4346086 4094023 4380850]
Response/bytes (per Connection):  [6365811 6168077 6154933 6260293 6168062 6207652 6378931 6418452 6220775 6062627 6247192 6154933 6181264 6102134 6761178 6352553 6273480 6102179 6431688 6392171 6378912 6457992 6062615 5904515 6260354 6260361 6075785 6444827 6102214 6352560 6286663 6036276 6273474 6431632 6286655 6589791 6273473 6576611 6168034 6471211 6154854 6497535 6431657 5996712 6576609 6629329 6115393 6339442 6484352 6128573 6181214 5983594 6378912 6088955 6220753 6339373 6392126 6589793 6207590 6642509]
Requests Number (per Connection):  [483 468 467 475 468 471 484 487 472 460 474 467 469 463 513 482 476 463 488 485 484 490 460 448 475 475 461 489 463 482 477 458 476 488 477 500 476 499 468 491 467 493 488 455 499 503 464 481 492 465 469 454 484 462 472 481 485 500 471 504]
Requests/sec:  4051.996793619792 KB
Transfer/sec:  10195.83818359375 KB

2023-12-05 01:25:56.473386621 +0800 CST m=+39057.316970813
Running 1m0s myx-test @ https://192.168.12.127:6443/api/v1/namespaces/myx-test/replicationcontrollers
90 connections
Requests/bytes (per Connection):  [3024840 2920622 2955312 2877097 2972726 2903168 2903224 2911927 2911927 2772805 2842387 2807581 2920622 2885850 2894477 3068401 2894477 3059708 2877111 2885850 2911929 2842331 2790229 2798922 3007550 2877155 2859769 2998853 3094442 2816290 2851074 2946699 2685897 2833692 2668515 2824973 2816308 2938004 2929311 3050931 2781538 2911927 2798922 2772843 2833642 2790229 2807581 2990164 2790187 2738057 2816308 2885850 2842331 2798922 3042318 2807615 2798922 2851078 2807597 2972774 2851078 2929253 2885852 2868406 2851078 2868460 2807569 2833694 2937960 2781536 2781532 2868464 2885850 2868464 2859719 2920550 2825001 2955394 3068399 3042222 2851080 2877095 2903168 2868462 2903234 2764150 2920620 2998857 3016243 2851024]
Response/bytes (per Connection):  [4586478 4428367 4481046 4362437 4507420 4401973 4402001 4415186 4415186 4204289 4309748 4257011 4428367 4375647 4388794 4652426 4388794 4639246 4362444 4375647 4415187 4309720 4230668 4243848 4560166 4362466 4336106 4546984 4691947 4270199 4322925 4467906 4072500 4296567 4046142 4283374 4270208 4454725 4441545 4626024 4217489 4415186 4243848 4204308 4296542 4230668 4257011 4533806 4230647 4151581 4270208 4375647 4309720 4243848 4612884 4257028 4243848 4322927 4257019 4507444 4322927 4441516 4375648 4349258 4322927 4349285 4257005 4296568 4454703 4217488 4217486 4349287 4375647 4349287 4336081 4428331 4283388 4481087 4652425 4612836 4322928 4362436 4401973 4349286 4402006 4191128 4428366 4546986 4573346 4322900]
Requests Number (per Connection):  [348 336 340 331 342 334 334 335 335 319 327 323 336 332 333 353 333 352 331 332 335 327 321 322 346 331 329 345 356 324 328 339 309 326 307 325 324 338 337 351 320 335 322 319 326 321 323 344 321 315 324 332 327 322 350 323 322 328 323 342 328 337 332 330 328 330 323 326 338 320 320 330 332 330 329 336 325 340 353 350 328 331 334 330 334 318 336 345 347 328]
Requests/sec:  4220.641357421875 KB
Transfer/sec:  10620.184130859376 KB

2023-12-05 01:27:36.926433088 +0800 CST m=+39157.770017287
Running 1m0s myx-test @ https://192.168.12.127:6443/api/v1/namespaces/myx-test/replicationcontrollers
150 connections
Requests/bytes (per Connection):  [1807940 1851403 1868795 1790682 1903661 1729763 1860102 1921001 1929644 1764475 1920947 2016568 1773230 1955723 1747149 1990491 2016572 1912406 1773174 1886301 1912384 1747095 1877486 1868795 2007877 1860256 1999188 1851403 1834019 1929644 1990569 1807944 1868791 1834111 1929798 1886175 1912386 1860110 1799303 1894880 1903565 1903627 1781897 1929640 1860102 1920951 1729747 1964410 1738434 1807940 1981838 1842810 1912258 1834019 1834039 1834023 1851405 1903661 1920951 1947156 1999192 1790558 2016610 1868795 1860118 1877482 1929710 1764637 1747193 1903629 1816637 1929674 1799365 1781903 1738440 1860180 1886175 1981798 1834131 1816637 1860098 1773278 1738398 1877488 2007875 1842848 1886227 1834149 1877580 2016572 1747095 1868843 1912258 1842712 1947174 1903561 1851539 1807946 1807944 1747219 1903705 1929644 1877484 1955719 1964410 1860162 1842854 2034002 1894908 1894990 1868819 1912408 1842716 1799373 1964420 1868925 1816687 1860240 2016600 1790558 1842874 1842744 1799253 1886333 1877494 1912258 1868791 1738402 1938359 1912260 1877488 1912298 1929644 1790560 1973107 1842712 1912258 1781867 1860098 1851409 1860102 1773250 1764541 1834019 1868847 1764639 1816633 1947078 1851409 1816651]
Response/bytes (per Connection):  [2741338 2807237 2833600 2715042 2886367 2622748 2820420 2912704 2925859 2675438 2912677 3057656 2688649 2965399 2649108 3018117 3057658 2899573 2688621 2860020 2899562 2649081 2846779 2833600 3044477 2820497 3031299 2807237 2780878 2925859 3018156 2741340 2833598 2780924 2925936 2859957 2899563 2820424 2728186 2873143 2886319 2886350 2701816 2925857 2820420 2912679 2622740 2978576 2635917 2741338 3004957 2794107 2899499 2780878 2780888 2780880 2807238 2886367 2912679 2952282 3031301 2714980 3057677 2833600 2820428 2846777 2925892 2675519 2649130 2886351 2754520 2925874 2728217 2701819 2635920 2820459 2859957 3004937 2780934 2754520 2820418 2688673 2635899 2846780 3044476 2794126 2859983 2780943 2846826 3057658 2649081 2833624 2899499 2794058 2952291 2886317 2807305 2741341 2741340 2649143 2886389 2925859 2846778 2965397 2978576 2820450 2794129 3084040 2873157 2873198 2833612 2899574 2794060 2728221 2978581 2833665 2754545 2820489 3057672 2714980 2794139 2794074 2728161 2860036 2846783 2899499 2833598 2635901 2939050 2899500 2846780 2899519 2925859 2714981 2991758 2794058 2899499 2701801 2820418 2807240 2820420 2688659 2675471 2780878 2833626 2675520 2754518 2952243 2807240 2754527]
Requests Number (per Connection):  [208 213 215 206 219 199 214 221 222 203 221 232 204 225 201 229 232 220 204 217 220 201 216 215 231 214 230 213 211 222 229 208 215 211 222 217 220 214 207 218 219 219 205 222 214 221 199 226 200 208 228 212 220 211 211 211 213 219 221 224 230 206 232 215 214 216 222 203 201 219 209 222 207 205 200 214 217 228 211 209 214 204 200 216 231 212 217 211 216 232 201 215 220 212 224 219 213 208 208 201 219 222 216 225 226 214 212 234 218 218 215 220 212 207 226 215 209 214 232 206 212 212 207 217 216 220 215 200 223 220 216 220 222 206 227 212 220 205 214 213 214 204 203 211 215 203 209 224 213 209]
Requests/sec:  4563.710677083333 KB
Transfer/sec:  11483.441064453125 KB

2023-12-05 01:29:17.384557958 +0800 CST m=+39258.228142146
Running 1m0s myx-test @ https://192.168.12.127:6443/api/v1/namespaces/myx-test/replicationcontrollers
300 connections
Requests/bytes (per Connection):  [1173527 1182060 1138757 1129924 1156117 1103913 1182220 1095292 1286386 999669 1138655 1190913 1155991 1086599 1077906 1208265 1121355 1130004 1199604 1147304 1147448 1208293 1138713 1121221 1077748 1121317 1173521 1077844 1190913 1103985 1199570 1121371 1216834 1129958 1277683 1103895 1103985 1077808 1190837 1147308 1173393 1069213 1077880 1277747 1173509 1216888 1077878 1069209 1173479 1156095 1242961 1321148 1199448 1121211 1069055 1190755 1155995 1017055 1112586 1182106 1190829 1069055 1156141 1069055 1260429 1155983 1190839 1164676 1182062 1156141 1173451 1303770 1164834 1199446 1138753 1269030 1225569 1190911 1112600 1156053 1208177 1173405 1182120 1138755 1008364 1130062 1112560 1190755 1121273 1043134 1173527 1017021 1051755 1025606 1225527 1138721 1164834 1234220 1182074 1268988 1173527 1199606 1130062 1225527 1069213 1156039 1138695 1147290 1182220 1069187 1129964 1112676 1216914 1130026 1121213 1025748 1199572 1147340 1251686 1164692 1103971 1086589 1103939 1147448 1095290 1182218 1121369 1251730 1121371 1147292 1138641 1329839 1077882 1051669 1156009 1138631 1199448 1190793 1156083 1112520 1242911 1156141 1095154 1225607 1208299 1147290 1216832 1121369 1164834 1155995 1156141 1112634 1208231 1164676 1216978 1269148 1147374 1095292 1147290 1129906 1121369 1112676 1103957 1069121 1216846 1121219 1112642 1147300 1164706 1042976 1190899 1182204 1208197 1095290 1147362 1199448 1199502 1147384 1269014 1095292 1112528 1147432 1164694 1190753 1077824 1077822 1095258 1190815 1173467 1095202 1190817 1112676 1208299 1103879 1156015 956206 1295067 1243005 1199560 1121245 1103907 1190911 1182126 1173527 1156141 1173467 1182218 1147324 1190869 1268990 1173527 1069055 1095216 1129914 1156141 1199446 1225535 1190913 1208297 1208245 1069055 1051809 1164736 1277841 1182062 1182120 1095292 1199606 1303842 1069213 1069085 1173479 1138697 1103959 1103983 1156141 1338542 1138725 1199490 1173379 1182068 1051827 1199592 1112678 1060402 1190913 1225627 1173477 1129906 1147290 1190913 1147444 1095292 1025590 1147320 1199604 1173369 1242945 1251604 1156039 1138597 1164688 1112520 1199448 1173481 1112678 1138597 1077768 1173525 1225649 1156079 1103827 1182200 1164834 1147382 1129964 1208283 1138651 1164830 1182062 1243069 1199486 1069055 1199476 1138755 1043126 1156141 1051691 1190865 1164688 1138597 1164820 1164834 1225587 1199460 1155983 1182220 1164834 1077904 1182062]
Response/bytes (per Connection):  [1779286 1792386 1726567 1713317 1752914 1673811 1792466 1660667 1950551 1515687 1726516 1805646 1752851 1647487 1634307 1831989 1700199 1713357 1818825 1739674 1739746 1832003 1726545 1700132 1634228 1700180 1779283 1634276 1805646 1673847 1818808 1700207 1845107 1713334 1937366 1673802 1673847 1634258 1805608 1739676 1779219 1621127 1634294 1937398 1779277 1845134 1634293 1621125 1779262 1752903 1884671 2003266 1818747 1700127 1621048 1805567 1752853 1542047 1686981 1792409 1805604 1621048 1752926 1621048 1911072 1752847 1805609 1766027 1792387 1752926 1779248 1976910 1766106 1818746 1726565 1924206 1858308 1805645 1686988 1752882 1831945 1779225 1792416 1726566 1528868 1713386 1686968 1805567 1700158 1581587 1779286 1542030 1594731 1555156 1858287 1726549 1766106 1871467 1792393 1924185 1779286 1818826 1713386 1858287 1621127 1752875 1726536 1739667 1792466 1621114 1713337 1687026 1845147 1713368 1700128 1555227 1818809 1739692 1897867 1766035 1673840 1647482 1673824 1739746 1660666 1792465 1700206 1897889 1700207 1739668 1726509 2016445 1634295 1594688 1752860 1726504 1818747 1805586 1752897 1686948 1884646 1752926 1660598 1858327 1832006 1739667 1845106 1700206 1766106 1752853 1752926 1687005 1831972 1766027 1845179 1924265 1739709 1660667 1739667 1713308 1700206 1687026 1673833 1621081 1845113 1700131 1687009 1739672 1766042 1581508 1805639 1792458 1831955 1660666 1739703 1818747 1818774 1739714 1924198 1660667 1686952 1739738 1766036 1805566 1634266 1634265 1660650 1805597 1779256 1660622 1805598 1687026 1832006 1673794 1752863 1449788 1963725 1884693 1818803 1700144 1673808 1805645 1792419 1779286 1752926 1779256 1792465 1739684 1805624 1924186 1779286 1621048 1660629 1713312 1752926 1818746 1858291 1805646 1832005 1831979 1621048 1594758 1766057 1937445 1792387 1792416 1660667 1818826 1976946 1621127 1621063 1779262 1726537 1673834 1673846 1752926 2029630 1726551 1818768 1779212 1792390 1594767 1818819 1687027 1607888 1805646 1858337 1779261 1713308 1739667 1805646 1739744 1660667 1555148 1739682 1818825 1779207 1884663 1897826 1752875 1726487 1766033 1686948 1818747 1779263 1687027 1726487 1634238 1779285 1858348 1752895 1673768 1792456 1766106 1739713 1713337 1831998 1726514 1766104 1792387 1884725 1818766 1621048 1818761 1726566 1581583 1752926 1594699 1805622 1766033 1726487 1766099 1766106 1858317 1818753 1752847 1792466 1766106 1634306 1792387]
Requests Number (per Connection):  [135 136 131 130 133 127 136 126 148 115 131 137 133 125 124 139 129 130 138 132 132 139 131 129 124 129 135 124 137 127 138 129 140 130 147 127 127 124 137 132 135 123 124 147 135 140 124 123 135 133 143 152 138 129 123 137 133 117 128 136 137 123 133 123 145 133 137 134 136 133 135 150 134 138 131 146 141 137 128 133 139 135 136 131 116 130 128 137 129 120 135 117 121 118 141 131 134 142 136 146 135 138 130 141 123 133 131 132 136 123 130 128 140 130 129 118 138 132 144 134 127 125 127 132 126 136 129 144 129 132 131 153 124 121 133 131 138 137 133 128 143 133 126 141 139 132 140 129 134 133 133 128 139 134 140 146 132 126 132 130 129 128 127 123 140 129 128 132 134 120 137 136 139 126 132 138 138 132 146 126 128 132 134 137 124 124 126 137 135 126 137 128 139 127 133 110 149 143 138 129 127 137 136 135 133 135 136 132 137 146 135 123 126 130 133 138 141 137 139 139 123 121 134 147 136 136 126 138 150 123 123 135 131 127 127 133 154 131 138 135 136 121 138 128 122 137 141 135 130 132 137 132 126 118 132 138 135 143 144 133 131 134 128 138 135 128 131 124 135 141 133 127 136 134 132 130 139 131 134 136 143 138 123 138 131 120 133 121 137 134 131 134 134 141 138 133 136 134 124 136]
Requests/sec:  5636.511539713541 KB
Transfer/sec:  14182.883740234374 KB

