2023-12-05 14:34:32.57157998 +0800 CST m=+8023.078887840
Running 1m0s myx-test @ https://192.168.12.127:6443/apis/apps/v1/namespaces/myx-test/replicasets
3 connections
Requests/bytes (per Connection):  [33343870 35755288 33369877]
Response/bytes (per Connection):  [50493369 54145061 50532768]
Requests Number (per Connection):  [3844 4122 3847]
Requests/sec:  1667.790283203125 KB
Transfer/sec:  4193.363167317709 KB

2023-12-05 14:36:12.897745313 +0800 CST m=+8123.405053183
Running 1m0s myx-test @ https://192.168.12.127:6443/apis/apps/v1/namespaces/myx-test/replicasets
6 connections
Requests/bytes (per Connection):  [31791135 33074931 31322783 31157960 31669761 33005537]
Response/bytes (per Connection):  [48142070 50086146 47432775 47183192 47958204 49981061]
Requests Number (per Connection):  [3665 3813 3611 3592 3651 3805]
Requests/sec:  3125.359814453125 KB
Transfer/sec:  7858.163330078125 KB

2023-12-05 14:37:53.282868648 +0800 CST m=+8223.790176525
Running 1m0s myx-test @ https://192.168.12.127:6443/apis/apps/v1/namespaces/myx-test/replicasets
9 connections
Requests/bytes (per Connection):  [25328814 25502312 27410636 26898953 26716774 25433020 26872928 27263137 26994348]
Response/bytes (per Connection):  [38356027 38618746 41508578 40733625 40457767 38513712 40694217 41285254 40878106]
Requests Number (per Connection):  [2920 2940 3160 3101 3080 2932 3098 3143 3112]
Requests/sec:  3880.548860677083 KB
Transfer/sec:  9756.94912109375 KB

2023-12-05 14:39:33.610758556 +0800 CST m=+8324.118066417
Running 1m0s myx-test @ https://192.168.12.127:6443/apis/apps/v1/namespaces/myx-test/replicasets
15 connections
Requests/bytes (per Connection):  [16376960 17175140 17530649 16446462 17409263 17201075 17053560 17495949 16507185 17218407 17530741 16567876 16481162 17192430 17443905]
Response/bytes (per Connection):  [24800048 26008600 26547093 24905187 26363221 26047963 25824631 26494549 24997138 26074226 26547139 25089073 24957731 26034842 26415736]
Requests Number (per Connection):  [1888 1980 2021 1896 2007 1983 1966 2017 1903 1985 2021 1910 1900 1982 2011]
Requests/sec:  4160.656966145833 KB
Transfer/sec:  10461.229508463543 KB

2023-12-05 14:41:14.01208169 +0800 CST m=+8424.519389548
Running 1m0s myx-test @ https://192.168.12.127:6443/apis/apps/v1/namespaces/myx-test/replicasets
30 connections
Requests/bytes (per Connection):  [8552768 8865014 8362014 9047327 8535522 8526851 8457451 8483476 8778416 9012477 8466126 8839141 8552874 8708876 8682993 8925761 8899864 8596245 8422749 8847814 8544195 8665643 8526801 8457417 8769741 8951754 8865054 8717561 8717661 8344670]
Response/bytes (per Connection):  [12951705 13424574 12662761 13700499 12925485 12912351 12807263 12846671 13293290 13647880 12820399 13385242 12951758 13188132 13148795 13516537 13477193 13017436 12754718 13398377 12938620 13122523 12912326 12807246 13280154 13555929 13424594 13201273 13201323 12636492]
Requests Number (per Connection):  [986 1022 964 1043 984 983 975 978 1012 1039 976 1019 986 1004 1001 1029 1026 991 971 1020 985 999 983 975 1011 1032 1022 1005 1005 962]
Requests/sec:  4233.793229166667 KB
Transfer/sec:  10645.11396484375 KB

2023-12-05 14:42:54.435142104 +0800 CST m=+8524.942449969
Running 1m0s myx-test @ https://192.168.12.127:6443/apis/apps/v1/namespaces/myx-test/replicasets
60 connections
Requests/bytes (per Connection):  [4753524 4762235 4926966 4753470 4866243 4840222 4805518 4779497 5135178 4779593 4796847 4892270 4900941 5013714 4666724 4588651 4640695 4753470 4718796 4935641 4822872 4944314 4640827 4788168 4805580 4762143 4935643 4753554 4874918 4814265 4658047 4579978 4814193 4883665 4814235 4658101 4727555 5013758 4883591 4840218 5005039 4796881 4901011 4692747 4874918 4805518 4692855 4701420 4848897 4779573 5022389 4753474 4536603 5005083 4744795 4918317 4935681 4883593 4796927 4710095]
Response/bytes (per Connection):  [7198340 7211494 7461031 7198313 7369080 7329674 7277128 7237722 7776301 7237770 7263994 7408489 7421623 7592390 7066955 6948732 7027545 7198313 7145782 7474167 7303402 7487302 7027611 7250856 7277159 7211448 7474168 7198355 7382216 7290300 7053818 6935597 7290264 7395388 7290285 7053845 7158960 7592412 7395351 7329672 7579254 7264011 7421658 7106362 7382216 7277128 7106416 7119497 7342810 7237760 7605526 7198315 6869917 7579276 7185177 7447908 7474187 7395352 7264034 7132633]
Requests Number (per Connection):  [548 549 568 548 561 558 554 551 592 551 553 564 565 578 538 529 535 548 544 569 556 570 535 552 554 549 569 548 562 555 537 528 555 563 555 537 545 578 563 558 577 553 565 541 562 554 541 542 559 551 579 548 523 577 547 567 569 563 553 543]
Requests/sec:  4699.408138020834 KB
Transfer/sec:  11815.825602213541 KB

2023-12-05 14:44:34.848620778 +0800 CST m=+8625.355928654
Running 1m0s myx-test @ https://192.168.12.127:6443/apis/apps/v1/namespaces/myx-test/replicasets
90 connections
Requests/bytes (per Connection):  [3469626 3452370 3608556 3530483 3356989 3573784 3400324 3383014 3452310 3409039 3504378 3452342 3556506 3669121 3452326 3313614 3521808 3460937 3391689 3461083 3452410 3521768 3417568 3504298 3599757 3495685 3599751 3461027 3669255 3599879 3469730 3599761 3452360 3686611 3625904 3452410 3582531 3417686 3435058 3513131 3409005 3452408 3608478 3547811 3296262 3356985 3391679 3365664 3391589 3469712 3365660 3434988 3487108 3460975 3539158 3504360 3504456 3513131 3348310 3365664 3469758 3495743 3417664 3434948 3322251 3452408 3634421 3391683 3539034 3547729 3391677 3556412 3426225 3539156 3486978 3669279 3443733 3452408 3452260 3582527 3383014 3365638 3573856 3608480 3478307 3547707 3469758 3452378 3478433 3539158]
Response/bytes (per Connection):  [5254213 5227988 5464454 5346231 5083514 5411874 5149174 5122922 5227958 5162330 5306783 5227974 5385638 5556326 5227966 5017834 5333095 5241070 5136058 5241143 5228008 5333075 5175393 5306743 5451256 5293638 5451253 5241115 5556393 5451317 5254265 5451258 5227983 5582668 5490725 5228008 5425046 5175452 5201735 5319958 5162313 5228007 5464415 5372492 4991561 5083512 5136053 5096650 5136008 5254256 5096648 5201700 5280551 5241089 5359367 5306774 5306822 5319958 5070376 5096650 5254279 5293667 5175441 5201680 5030951 5228007 5503782 5136055 5359305 5372451 5136052 5385591 5188520 5359366 5280486 5556405 5214871 5228007 5227933 5425044 5122922 5096637 5411910 5464416 5267352 5372440 5254279 5227992 5267415 5359367]
Requests Number (per Connection):  [400 398 416 407 387 412 392 390 398 393 404 398 410 423 398 382 406 399 391 399 398 406 394 404 415 403 415 399 423 415 400 415 398 425 418 398 413 394 396 405 393 398 416 409 380 387 391 388 391 400 388 396 402 399 408 404 404 405 386 388 400 403 394 396 383 398 419 391 408 409 391 410 395 408 402 423 397 398 398 413 390 388 412 416 401 409 400 398 401 408]
Requests/sec:  5100.802490234375 KB
Transfer/sec:  12825.0482421875 KB

2023-12-05 14:46:15.337677228 +0800 CST m=+8725.844985088
Running 1m0s myx-test @ https://192.168.12.127:6443/apis/apps/v1/namespaces/myx-test/replicasets
150 connections
Requests/bytes (per Connection):  [2281313 2316077 2428784 2324686 2342036 2376734 2272638 2298663 2263967 2463482 2420109 2177293 2350715 2498200 2203306 2359384 2376734 2229309 2194639 2385409 2316011 2255286 2368113 2203310 2281311 2342036 2394084 2376734 2324750 2290044 2281311 2394132 2515552 2237938 2298731 2168540 2116490 2246617 2446134 2411478 2359384 2342096 2385459 2350709 2402807 2333423 2272638 2411434 2272636 2324746 2073143 2289986 2333405 2316011 2246611 2298661 2324750 2411454 2472157 2402759 2368061 2411454 2368061 2203240 2463484 2385411 2454809 2350767 2350709 2212003 2272712 2541569 2316077 2316011 2359440 2298663 2558907 2463508 2437497 2298665 2350711 2298661 2394086 2420109 2411434 2350709 2290056 2246613 2342040 2229267 2376734 2420109 2359442 2368059 2385411 2159865 2298663 2541555 2350767 2298681 2281313 2246617 2194603 2359384 2428788 2272638 2342094 2350767 2220588 2255288 2255286 2368115 2194651 2376762 2307336 2411434 2350709 2394086 2402761 2437495 2246631 2342078 2289988 2281315 2376790 2333365 2402805 2385453 2168540 2264039 2142513 2290058 2411478 2307336 2159863 2290040 2376746 2359384 2350763 2324750 2428804 2402763 2281311 2446134 2307340 2333361 2394132 2498206 2307404 2428784]
Response/bytes (per Connection):  [3454662 3507238 3677972 3520341 3546613 3599156 3441526 3480934 3428392 3730515 3664836 3297070 3559751 3783068 3336472 3572884 3599156 3375869 3323340 3612292 3507205 3415253 3586047 3336474 3454661 3546613 3625428 3599156 3520373 3467826 3454661 3625452 3809341 3388982 3480968 3283895 3205079 3402120 3704244 3651722 3572884 3546643 3612317 3559748 3638588 3533508 3441526 3651700 3441525 3520371 3139413 3467797 3533499 3507205 3402117 3480933 3520373 3651710 3743651 3638564 3586021 3651710 3586021 3336439 3730516 3612293 3717380 3559777 3559748 3349619 3441563 3848745 3507238 3507205 3572912 3480934 3875011 3730528 3691127 3480935 3559749 3480933 3625429 3664836 3651700 3559748 3467832 3402118 3546615 3375848 3599156 3664836 3572913 3586020 3612293 3270759 3480934 3848738 3559777 3480943 3454662 3402120 3323322 3572884 3677974 3441526 3546642 3559777 3362710 3415254 3415253 3586048 3323346 3599170 3494069 3651700 3559748 3625429 3638565 3691126 3402127 3546634 3467798 3454663 3599184 3533479 3638587 3612314 3283895 3428428 3244486 3467833 3651722 3494069 3270758 3467824 3599162 3572884 3559775 3520373 3677982 3638566 3454661 3704244 3494071 3533477 3625452 3783071 3494103 3677972]
Requests Number (per Connection):  [263 267 280 268 270 274 262 265 261 284 279 251 271 288 254 272 274 257 253 275 267 260 273 254 263 270 276 274 268 264 263 276 290 258 265 250 244 259 282 278 272 270 275 271 277 269 262 278 262 268 239 264 269 267 259 265 268 278 285 277 273 278 273 254 284 275 283 271 271 255 262 293 267 267 272 265 295 284 281 265 271 265 276 279 278 271 264 259 270 257 274 279 272 273 275 249 265 293 271 265 263 259 253 272 280 262 270 271 256 260 260 273 253 274 266 278 271 276 277 281 259 270 264 263 274 269 277 275 250 261 247 264 278 266 249 264 274 272 271 268 280 277 263 282 266 269 276 288 266 280]
Requests/sec:  5699.27177734375 KB
Transfer/sec:  14329.797119140625 KB

2023-12-05 14:47:55.806459717 +0800 CST m=+8826.313767573
Running 1m0s myx-test @ https://192.168.12.127:6443/apis/apps/v1/namespaces/myx-test/replicasets
300 connections
Requests/bytes (per Connection):  [1387810 1370460 1405232 1249026 1283790 1405170 1283712 1179764 1396643 1361785 1309807 1344593 1266402 1327243 1240421 1448691 1431331 1422528 1205717 1301062 1318410 1283710 1387882 1335918 1344557 1275195 1309735 1214328 1353268 1196964 1231778 1335816 1188445 1361785 1318528 1413833 1413927 1396543 1370538 1283712 1327195 1266506 1318526 1301098 1283712 1474716 1335858 1318420 1231716 1127722 1387870 1344435 1318470 1309853 1292393 1292479 1353168 1335788 1422508 1379237 1353140 1361943 1413991 1327205 1405268 1257731 1387924 1405300 1344527 1396563 1483247 1361943 1335918 1422570 1275169 1301124 1275195 1275181 1162422 1292543 1457274 1249170 1396485 1292411 1301062 1387958 1396587 1205653 1335800 1413885 1318520 1309769 1387966 1223011 1188289 1240439 1318472 1205707 1413833 1301062 1344477 1396483 1318568 1318526 1370618 1387810 1283842 1327109 1370460 1292545 1214312 1309777 1387920 1249074 1283804 1283746 1353226 1301062 1292543 1301060 1266486 1327093 1301150 1179736 1318412 1327089 1205681 1231820 1301198 1249170 1335760 1370486 1283814 1344449 1257731 1344435 1301124 1222987 1257713 1301060 1405158 1231662 1283724 1283712 1170939 1431183 1353208 1361927 1223107 1283798 1379133 1231712 1370592 1275037 1353178 1275191 1327103 1275177 1370618 1361943 1379285 1275091 1318544 1214432 1301218 1205795 1396499 1387966 1301062 1370460 1396589 1387902 1353110 1370570 1231820 1353268 1301138 1292543 1318410 1370532 1266368 1231688 1309871 1353266 1353176 1327085 1283772 1448691 1249096 1283868 1344525 1327245 1361943 1301220 1266520 1422510 1387880 1327243 1301062 1283732 1292545 1396485 1422508 1205759 1335796 1301218 1379293 1344511 1457208 1266478 1361933 1327195 1205639 1231704 1413991 1301218 1335798 1353124 1214366 1275179 1283864 1361841 1370618 1413835 1266482 1223029 1431213 1275071 1292467 1405158 1335896 1361943 1353170 1283712 1188385 1240409 1301218 1205765 1257833 1353252 1292425 1231822 1318570 1335832 1327199 1214422 1344593 1240339 1370460 1344593 1257845 1309771 1335876 1188341 1318410 1318550 1275195 1283712 1283868 1179772 1370546 1370556 1335780 1301214 1387968 1379135 1249104 1335874 1257707 1309799 1344555 1396519 1379279 1457348 1275159 1301218 1413961 1396641 1344435 1249170 1413833 1413987 1257747 1249152 1240373 1379167 1361941 1422524 1249170 1257845 1266362 1457208 1370618 1387848 1327245 1266460 1335918 1335760 1283736 1509382]
Response/bytes (per Connection):  [2101665 2075393 2127973 1891497 1944073 2127942 1944034 1786478 2114880 2062257 1983477 2036064 1917782 2009792 1878396 2193695 2167418 2154218 1825850 1970306 1996577 1944033 2101701 2022928 2036046 1930977 1983441 1838954 2049200 1812675 1865276 2022877 1799617 2062257 1996636 2141072 2141119 2114830 2075432 1944034 2009768 1917834 1996635 1970324 1944034 2233103 2022898 1996582 1865245 1707666 2101695 2035985 1996607 1983500 1957173 1957216 2049150 2022863 2154208 2088580 2049136 2062336 2141151 2009773 2127991 1904648 2101722 2128007 2036031 2114840 2246167 2062336 2022928 2154239 1930964 1970337 1930977 1930970 1760210 1957248 2206785 1891569 2114801 1957182 1970306 2101739 2114852 1825818 2022869 2141098 1996632 1983458 2101743 1852094 1799539 1878405 1996608 1825845 2141072 1970306 2036006 2114800 1996656 1996635 2075472 2101665 1944099 2009725 2075393 1957249 1838946 1983462 2101720 1891521 1944080 1944051 2049179 1970306 1957248 1970305 1917824 2009717 1970350 1786464 1996578 2009715 1825832 1865297 1970374 1891569 2022849 2075406 1944085 2035992 1904648 2035985 1970337 1852082 1904639 1970305 2127936 1865218 1944040 1944034 1773267 2167344 2049170 2062328 1852142 1944077 2088528 1865243 2075459 1930898 2049155 1930975 2009722 1930968 2075472 2062336 2088604 1930925 1996644 1839006 1970384 1825889 2114808 2101743 1970306 2075393 2114853 2101711 2049121 2075448 1865297 2049200 1970344 1957248 1996577 2075429 1917765 1865231 1983509 2049199 2049154 2009713 1944064 2193695 1891532 1944112 2036030 2009793 2062336 1970385 1917841 2154209 2101700 2009792 1970306 1944044 1957249 2114801 2154208 1825871 2022867 1970384 2088608 2036023 2206752 1917820 2062331 2009768 1825811 1865239 2141151 1970384 2022868 2049128 1838973 1930969 1944110 2062285 2075472 2141073 1917822 1852103 2167359 1930915 1957210 2127936 2022917 2062336 2049151 1944034 1799587 1878390 1970384 1825874 1904699 2049192 1957189 1865298 1996657 2022885 2009770 1839001 2036064 1878355 2075393 2036064 1904705 1983459 2022907 1799565 1996577 1996647 1930977 1944034 1944112 1786482 2075436 2075441 2022859 1970382 2101744 2088529 1891536 2022906 1904636 1983473 2036045 2114818 2088601 2206822 1930959 1970384 2141136 2114879 2035985 1891569 2141072 2141149 1904656 1891560 1878372 2088545 2062335 2154216 1891569 1904705 1917762 2206752 2075472 2101684 2009793 1917811 2022928 2022849 1944046 2285630]
Requests Number (per Connection):  [160 158 162 144 148 162 148 136 161 157 151 155 146 153 143 167 165 164 139 150 152 148 160 154 155 147 151 140 156 138 142 154 137 157 152 163 163 161 158 148 153 146 152 150 148 170 154 152 142 130 160 155 152 151 149 149 156 154 164 159 156 157 163 153 162 145 160 162 155 161 171 157 154 164 147 150 147 147 134 149 168 144 161 149 150 160 161 139 154 163 152 151 160 141 137 143 152 139 163 150 155 161 152 152 158 160 148 153 158 149 140 151 160 144 148 148 156 150 149 150 146 153 150 136 152 153 139 142 150 144 154 158 148 155 145 155 150 141 145 150 162 142 148 148 135 165 156 157 141 148 159 142 158 147 156 147 153 147 158 157 159 147 152 140 150 139 161 160 150 158 161 160 156 158 142 156 150 149 152 158 146 142 151 156 156 153 148 167 144 148 155 153 157 150 146 164 160 153 150 148 149 161 164 139 154 150 159 155 168 146 157 153 139 142 163 150 154 156 140 147 148 157 158 163 146 141 165 147 149 162 154 157 156 148 137 143 150 139 145 156 149 142 152 154 153 140 155 143 158 155 145 151 154 137 152 152 147 148 148 136 158 158 154 150 160 159 144 154 145 151 155 161 159 168 147 150 163 161 155 144 163 163 145 144 143 159 157 164 144 145 146 168 158 160 153 146 154 154 148 174]
Requests/sec:  6444.016715494791 KB
Transfer/sec:  16202.319596354168 KB

