2023-12-05 02:40:34.995271696 +0800 CST m=+43535.838855865
Running 1m0s myx-test @ https://192.168.12.127:6443/api/v1/namespaces/myx-test/resourcequotas
3 connections
Requests/bytes (per Connection):  [41291228 38666102 38225762]
Response/bytes (per Connection):  [58363912 54653344 54030928]
Requests Number (per Connection):  [4876 4566 4514]
Requests/sec:  1923.5529296875 KB
Transfer/sec:  4642.4361328125 KB

2023-12-05 02:42:15.326579129 +0800 CST m=+43636.170163296
Running 1m0s myx-test @ https://192.168.12.127:6443/api/v1/namespaces/myx-test/resourcequotas
6 connections
Requests/bytes (per Connection):  [35812315 37031751 36803146 35041726 36040874 34872302]
Response/bytes (per Connection):  [50619587 52343217 52020056 49530362 50942725 49290940]
Requests Number (per Connection):  [4229 4373 4346 4138 4256 4118]
Requests/sec:  3509.148990885417 KB
Transfer/sec:  8469.222021484375 KB

2023-12-05 02:43:55.642983565 +0800 CST m=+43736.486567750
Running 1m0s myx-test @ https://192.168.12.127:6443/api/v1/namespaces/myx-test/resourcequotas
9 connections
Requests/bytes (per Connection):  [29859072 31569662 29740536 29689694 31772922 31933909 31468138 31781485 31789806]
Response/bytes (per Connection):  [42204909 44622775 42037344 41965510 44910057 45137525 44479187 44922074 44933970]
Requests Number (per Connection):  [3526 3728 3512 3506 3752 3771 3716 3753 3754]
Requests/sec:  4550.866276041666 KB
Transfer/sec:  10983.375244140625 KB

2023-12-05 02:45:35.95718616 +0800 CST m=+43836.800770330
Running 1m0s myx-test @ https://192.168.12.127:6443/api/v1/namespaces/myx-test/resourcequotas
15 connections
Requests/bytes (per Connection):  [24159889 23973651 24397025 22669583 24092295 24210731 23973733 22898196 22788117 23948324 22915134 24185294 24210855 24024545 23042165]
Response/bytes (per Connection):  [34149326 33886026 34484488 32042725 34053645 34221160 33886067 32365890 32210289 33850156 32389830 34185235 34221222 33957886 32569378]
Requests Number (per Connection):  [2853 2831 2881 2677 2845 2859 2831 2704 2691 2828 2706 2856 2859 2837 2721]
Requests/sec:  5785.962516276041 KB
Transfer/sec:  13964.2392578125 KB

2023-12-05 02:47:16.296017051 +0800 CST m=+43937.139601231
Running 1m0s myx-test @ https://192.168.12.127:6443/api/v1/namespaces/myx-test/resourcequotas
30 connections
Requests/bytes (per Connection):  [13439035 13413776 13286745 13532242 13312150 12312834 13295218 12499148 13388311 12770150 13422251 12626199 12685466 13354499 12583836 13058088 13371311 13168185 12804024 13142718 13218999 13405301 13083415 13303587 13227466 13015741 13328992 12566900 12575367 12829433]
Response/bytes (per Connection):  [18995756 18959920 18780372 19127450 18816281 17403834 18792344 17667172 18923981 18050209 18971893 17846730 17930512 18876133 17786871 18457185 18900010 18612795 18098088 18576855 18684615 18947947 18493055 18804264 18696584 18397334 18840173 17762932 17774901 18133999]
Requests Number (per Connection):  [1587 1584 1569 1598 1572 1454 1570 1476 1581 1508 1585 1491 1498 1577 1486 1542 1579 1555 1512 1552 1561 1583 1545 1571 1562 1537 1574 1484 1485 1515]
Requests/sec:  6380.556429036458 KB
Transfer/sec:  15399.27705078125 KB

2023-12-05 02:48:56.63807705 +0800 CST m=+44037.481661227
Running 1m0s myx-test @ https://192.168.12.127:6443/api/v1/namespaces/myx-test/resourcequotas
60 connections
Requests/bytes (per Connection):  [5639866 5843084 5656836 5656836 5504328 5470526 5521338 5859988 5707556 5521338 5546743 5716119 5775404 5682241 5639818 5834685 5555194 5462057 5614437 5749903 5783789 5622930 5521338 5495885 5707652 5809280 5394279 5538276 5614497 5614495 5563681 5733013 5419632 5648371 5733055 5699037 5462057 5529701 5724444 5462039 5851619 5656840 5792340 5614495 5580621 5597559 5893876 5436650 5529701 6063182 5639770 5656736 5572148 5580615 5758324 5724586 5597529 5589086 5546725 5462057]
Response/bytes (per Connection):  [7971776 8259037 7995732 7995732 7780239 7732396 7804215 8282960 8067505 7804215 7840124 8079522 8163313 8031641 7971752 8247102 7852085 7720426 7935855 8127356 8175241 7947837 7804215 7768282 8067553 8211193 7624653 7828155 7935885 7935884 7864064 8103440 7660536 7983764 8103461 8055510 7720426 7816132 8091420 7720417 8271040 7995734 8187252 7935884 7888005 7911945 8330846 7684516 7816132 8570209 7971728 7995682 7876033 7888002 8139302 8091491 7911930 7899973 7840115 7720426]
Requests Number (per Connection):  [666 690 668 668 650 646 652 692 674 652 655 675 682 671 666 689 656 645 663 679 683 664 652 649 674 686 637 654 663 663 657 677 640 667 677 673 645 653 676 645 691 668 684 663 659 661 696 642 653 716 666 668 658 659 680 676 661 660 655 645]
Requests/sec:  5504.235139973958 KB
Transfer/sec:  13284.301806640626 KB

2023-12-05 02:50:37.04032974 +0800 CST m=+44137.883913908
Running 1m0s myx-test @ https://192.168.12.127:6443/api/v1/namespaces/myx-test/resourcequotas
90 connections
Requests/bytes (per Connection):  [3514231 3725968 3522850 3844674 3607532 3649847 3565203 3455054 3717505 3632953 3573666 3565189 3759828 3683691 3836129 3768297 3607522 3649735 3581983 3836205 3632953 3658296 3742890 3675164 3717641 3709054 3776766 3743002 3607482 3776924 3742890 3649891 3624484 3751517 3683613 3598919 3531255 3599007 3624410 3726010 3700609 3759986 3717601 3709174 3658210 3717495 3632899 3861454 3675164 3539796 3641314 3582069 3446531 3793794 3658202 3658262 3641264 3624358 3903797 3598921 3683609 3590592 3683633 3624420 3768455 3624410 3454952 3649845 3615877 3607546 3683637 3666671 3734487 3709016 3539692 3692220 3802331 3717575 3615859 3759986 3844600 3556656 3624420 3683753 3641422 3692078 3700705 3717563 3658338 3675218]
Response/bytes (per Connection):  [4967348 5266604 4979393 5434254 5099089 5158924 5039247 4883611 5254637 5135006 5051214 5039240 5314476 5206788 5422246 5326446 5099084 5158868 5063108 5422284 5135006 5170884 5290536 5194789 5254705 5242676 5338416 5290592 5099064 5338495 5290536 5158946 5123036 5302585 5206749 5087047 4991331 5087091 5122999 5266625 5230718 5314555 5254685 5242736 5170841 5254632 5134979 5458115 5194789 5003337 5146922 5063151 4871614 5362401 5170837 5170867 5146897 5122973 5517964 5087048 5206747 5075148 5206759 5123004 5326525 5122999 4883560 5158923 5110997 5099096 5206761 5182807 5278599 5242657 5003285 5218788 5374405 5254672 5110988 5314555 5434217 5027238 5123004 5206819 5146976 5218717 5230766 5254666 5170905 5194816]
Requests Number (per Connection):  [415 440 416 454 426 431 421 408 439 429 422 421 444 435 453 445 426 431 423 453 429 432 442 434 439 438 446 442 426 446 442 431 428 443 435 425 417 425 428 440 437 444 439 438 432 439 429 456 434 418 430 423 407 448 432 432 430 428 461 425 435 424 435 428 445 428 408 431 427 426 435 433 441 438 418 436 449 439 427 444 454 420 428 435 430 436 437 439 432 434]
Requests/sec:  5374.523046875 KB
Transfer/sec:  12971.258642578125 KB

2023-12-05 02:52:17.586560569 +0800 CST m=+44238.430144747
Running 1m0s myx-test @ https://192.168.12.127:6443/api/v1/namespaces/myx-test/resourcequotas
150 connections
Requests/bytes (per Connection):  [2328809 2303356 2515073 2320290 2489668 2548949 2472746 2371104 2388078 2371104 2498135 2413447 2379573 2421944 2379609 2430385 2540480 2294941 2413447 2286416 2540480 2599757 2447345 2345697 2489680 2438854 2421916 2523542 2354166 2345743 2404978 2396511 2447323 2430385 2404978 2515079 2311827 2277947 2438854 2320292 2362639 2455810 2311821 2388046 2261055 2438862 2311859 2294945 2650561 2303352 2515079 2396545 2388042 2557418 2523542 2354166 2472730 2201754 2472730 2379573 2455792 2396511 2261009 2421944 2404978 2320294 2481211 2481197 2472744 2404978 2371102 2388042 2447323 2608230 2489668 2371104 2455792 2438854 2379573 2472746 2404978 2354210 2438854 2515075 2506614 2616681 2455810 2379577 2455792 2388040 2345701 2371138 2413447 2396511 2557418 2371102 2498135 2379609 2421948 2455812 2404980 2396509 2515073 2421946 2464261 2176407 2337230 2481199 2362677 2388040 2489668 2557418 2472730 2345701 2362677 2404978 2413449 2362639 2489668 2481211 2481209 2472744 2320294 2337232 2421944 2532013 2464261 2294889 2345699 2371104 2447323 2405012 2430385 2354166 2388078 2379587 2548949 2481199 2396511 2286416 2464259 2430411 2438878 2481199 2523542 2404978 2404980 2362635 2269478 2286420]
Response/bytes (per Connection):  [3291667 3255734 3554980 3279672 3519071 3602860 3495139 3351492 3375450 3351492 3531040 3411341 3363462 3423325 3363480 3435281 3590890 3243791 3411341 3231793 3590890 3674677 3459232 3315582 3519077 3447251 3423311 3566950 3327552 3315605 3399371 3387402 3459221 3435281 3399371 3554983 3267705 3219823 3447251 3279673 3339524 3471200 3267702 3375434 3195906 3447255 3267721 3243793 3746492 3255732 3554983 3387419 3375432 3614830 3566950 3327552 3495131 3112107 3495131 3363462 3471191 3387402 3195883 3423325 3399371 3279674 3507107 3507100 3495138 3399371 3351491 3375432 3459221 3686649 3519071 3351492 3471191 3447251 3363462 3495139 3399371 3327574 3447251 3554981 3543015 3698610 3471200 3363464 3471191 3375431 3315584 3351509 3411341 3387402 3614830 3351491 3531040 3363480 3423327 3471201 3399372 3387401 3554980 3423326 3483161 3076227 3303613 3507101 3339543 3375431 3519071 3614830 3495131 3315584 3339543 3399371 3411342 3339524 3519071 3507107 3507106 3495138 3279674 3303614 3423325 3578921 3483161 3243765 3315583 3351492 3459221 3399388 3435281 3327552 3375450 3363469 3602860 3507101 3387402 3231793 3483160 3435294 3447263 3507101 3566950 3399371 3399372 3339522 3207853 3231795]
Requests Number (per Connection):  [275 272 297 274 294 301 292 280 282 280 295 285 281 286 281 287 300 271 285 270 300 307 289 277 294 288 286 298 278 277 284 283 289 287 284 297 273 269 288 274 279 290 273 282 267 288 273 271 313 272 297 283 282 302 298 278 292 260 292 281 290 283 267 286 284 274 293 293 292 284 280 282 289 308 294 280 290 288 281 292 284 278 288 297 296 309 290 281 290 282 277 280 285 283 302 280 295 281 286 290 284 283 297 286 291 257 276 293 279 282 294 302 292 277 279 284 285 279 294 293 293 292 274 276 286 299 291 271 277 280 289 284 287 278 282 281 301 293 283 270 291 287 288 293 298 284 284 279 268 270]
Requests/sec:  5899.531852213541 KB
Transfer/sec:  14238.33759765625 KB

2023-12-05 02:53:58.049393816 +0800 CST m=+44338.892977994
Running 1m0s myx-test @ https://192.168.12.127:6443/api/v1/namespaces/myx-test/resourcequotas
300 connections
Requests/bytes (per Connection):  [1515757 1338070 1278631 1346539 1346499 1363445 1388834 1304178 1388884 1337930 1354848 1439696 1422748 1371788 1414169 1363369 1405820 1321032 1397193 1482039 1278767 1312515 1363383 1456620 1464945 1346483 1312541 1320974 1439620 1414289 1388734 1456554 1414287 1490402 1431103 1354850 1320982 1439538 1312541 1397351 1439660 1388746 1363375 1346433 1388884 1464943 1363319 1321078 1312611 1160087 1354850 1456474 1329599 1278777 1397193 1405820 1388882 1422628 1414131 1329491 1414131 1295725 1397193 1591976 1194039 1600445 1278641 1388796 1253320 1422758 1515779 1431185 1431215 1456538 1414219 1405662 1481911 1346537 1312661 1439626 1321132 1329533 1465077 1422758 1405760 1278629 1422654 1329529 1304194 1244877 1363445 1448007 1414229 1354898 1482039 1312663 1329443 1380397 1448005 1227975 1448093 1515773 1473412 1329573 1465013 1236298 1329525 1355008 1337946 1482039 1431067 1354888 1346539 1321062 1439696 1464977 1405820 1329501 1414289 1346439 1566585 1388724 1371944 1337996 1270160 1388724 1380413 1346379 1354866 1329599 1388724 1312663 1414197 1465007 1355006 1448007 1448163 1363477 1363475 1295725 1346491 1473488 1338008 1337912 1337976 1439636 1473412 1397353 1515847 1261849 1507288 1337920 1448163 1397353 1405724 1363439 1380359 1329601 1253302 1329507 1414131 1227905 1304146 1431069 1422624 1388882 1439536 1422600 1329443 1456474 1363463 1397223 1464963 1304152 1397353 1515797 1287242 1473518 1380255 1405670 1346483 1481925 1422750 1380255 1591976 1380267 1371944 1320990 1456474 1380359 1448163 1473420 1490428 1363405 1312505 1524384 1337912 1363471 1507446 1355008 1414203 1346537 1388882 1397193 1397207 1431069 1388752 1202422 1575038 1473426 1295655 1380255 1456634 1422758 1397273 1236364 1388834 1388724 1388882 1465021 1321044 1304196 1329591 1405748 1405752 1405730 1338070 1397245 1304154 1464943 1287162 1498977 1515915 1464959 1354884 1473412 1236314 1473414 1354936 1524226 1261849 1371944 1532695 1388882 1397193 1448035 1456474 1363475 1456494 1380257 1320974 1431069 1456476 1278629 1329543 1329495 1338010 1431069 1456632 1405820 1371944 1346539 1541180 1312617 1388774 1448011 1278735 1448023 1320974 1295673 1329601 1304196 1507338 1363317 1295567 1507384 1422622 1337912 1380413 1422688 1227913 1338024 1329571 1498819 1431129 1439694 1414131 1380405 1498819 1346441 1304036 1532699 1405820 1405662 1464945 1210915 1295595 1448007 1592074 1481993]
Response/bytes (per Connection):  [2142533 1891244 1807376 1903214 1903194 1927138 1963039 1843356 1963064 1891174 1915104 2034883 2010938 1939045 1998913 1927100 1987003 1867254 1974954 2094732 1807444 1855260 1927107 2058816 2070714 1903186 1855273 1867225 2034845 1998973 1962989 2058783 1998972 2106649 2022851 1915105 1867229 2034804 1855273 1975033 2034865 1962995 1927103 1903161 1963064 2070713 1927075 1867277 1855308 1639807 1915105 2058743 1879273 1807449 1974954 1987003 1963063 2010878 1998894 1879219 1998894 1831394 1974954 2250262 1687725 2262232 1807381 1963020 1771514 2010943 2142544 2022892 2022907 2058775 1998938 1986924 2094668 1903213 1855333 2034848 1867304 1879240 2070780 2010943 1986973 1807375 2010891 1879238 1843364 1759557 1927138 2046774 1998943 1915129 2094732 1855334 1879195 1951085 2046773 1735635 2046817 2142541 2082683 1879260 2070748 1747532 1879236 1915184 1891182 2094732 2022833 1915124 1903214 1867269 2034883 2070730 1987003 1879224 1998973 1903164 2214360 1962984 1939123 1891207 1795405 1962984 1951093 1903134 1915113 1879273 1962984 1855334 1998927 2070745 1915183 2046774 2046852 1927154 1927153 1831394 1903190 2082721 1891213 1891165 1891197 2034853 2082683 1975034 2142578 1783514 2130563 1891169 2046852 1975034 1986955 1927135 1951066 1879274 1771505 1879227 1998894 1735600 1843340 2022834 2010876 1963063 2034803 2010864 1879195 2058743 1927147 1974969 2070723 1843343 1975034 2142553 1819417 2082736 1951014 1986928 1903186 2094675 2010939 1951014 2250262 1951020 1939123 1867233 2058743 1951066 2046852 2082687 2106662 1927118 1855255 2154582 1891165 1927151 2130642 1915184 1998930 1903213 1963063 1974954 1974961 2022834 1962998 1699652 2226322 2082690 1831359 1951014 2058823 2010943 1974994 1747565 1963039 1962984 1963063 2070752 1867260 1843365 1879269 1986967 1986969 1986958 1891244 1974980 1843344 2070713 1819377 2118672 2142612 2070721 1915122 2082683 1747540 2082684 1915148 2154503 1783514 1939123 2166473 1963063 1974954 2046788 2058743 1927153 2058753 1951015 1867225 2022834 2058744 1807375 1879245 1879221 1891214 2022834 2058822 1987003 1939123 1903214 2178451 1855311 1963009 2046776 1807428 2046782 1867225 1831368 1879274 1843365 2130588 1927074 1831315 2130611 2010875 1891165 1951093 2010908 1735604 1891221 1879259 2118593 2022864 2034882 1998894 1951089 2118593 1903165 1843285 2166475 1987003 1986924 2070714 1711634 1831329 2046774 2250311 2094709]
Requests Number (per Connection):  [179 158 151 159 159 161 164 154 164 158 160 170 168 162 167 161 166 156 165 175 151 155 161 172 173 159 155 156 170 167 164 172 167 176 169 160 156 170 155 165 170 164 161 159 164 173 161 156 155 137 160 172 157 151 165 166 164 168 167 157 167 153 165 188 141 189 151 164 148 168 179 169 169 172 167 166 175 159 155 170 156 157 173 168 166 151 168 157 154 147 161 171 167 160 175 155 157 163 171 145 171 179 174 157 173 146 157 160 158 175 169 160 159 156 170 173 166 157 167 159 185 164 162 158 150 164 163 159 160 157 164 155 167 173 160 171 171 161 161 153 159 174 158 158 158 170 174 165 179 149 178 158 171 165 166 161 163 157 148 157 167 145 154 169 168 164 170 168 157 172 161 165 173 154 165 179 152 174 163 166 159 175 168 163 188 163 162 156 172 163 171 174 176 161 155 180 158 161 178 160 167 159 164 165 165 169 164 142 186 174 153 163 172 168 165 146 164 164 164 173 156 154 157 166 166 166 158 165 154 173 152 177 179 173 160 174 146 174 160 180 149 162 181 164 165 171 172 161 172 163 156 169 172 151 157 157 158 169 172 166 162 159 182 155 164 171 151 171 156 153 157 154 178 161 153 178 168 158 163 168 145 158 157 177 169 170 167 163 177 159 154 181 166 166 173 143 153 171 188 175]
Requests/sec:  6777.522412109375 KB
Transfer/sec:  16357.327587890624 KB

