2023-12-05 04:04:58.805862781 +0800 CST m=+48599.649446953
Running 1m0s myx-test @ https://192.168.12.127:6443/api/v1/namespaces/myx-test/secrets
3 connections
Requests/bytes (per Connection):  [41082041 37356494 38867142]
Response/bytes (per Connection):  [58211262 52932410 55072841]
Requests Number (per Connection):  [4841 4402 4580]
Requests/sec:  1909.2720865885417 KB
Transfer/sec:  4614.618977864583 KB

2023-12-05 04:06:39.110519354 +0800 CST m=+48699.954103522
Running 1m0s myx-test @ https://192.168.12.127:6443/api/v1/namespaces/myx-test/secrets
6 connections
Requests/bytes (per Connection):  [36100608 33826304 34615507 34606932 36516365 34369302]
Response/bytes (per Connection):  [51152805 47930211 49048492 49036423 51741977 48699726]
Requests Number (per Connection):  [4254 3986 4079 4078 4303 4050]
Requests/sec:  3418.5387044270833 KB
Transfer/sec:  8262.4455078125 KB

2023-12-05 04:08:19.446074212 +0800 CST m=+48800.289658384
Running 1m0s myx-test @ https://192.168.12.127:6443/api/v1/namespaces/myx-test/secrets
9 connections
Requests/bytes (per Connection):  [31093588 31170093 29888588 30974824 29447278 31169965 31399238 31433172 29701882]
Response/bytes (per Connection):  [44058210 44166496 42350737 43889887 41725444 44166432 44491169 44539262 42086191]
Requests Number (per Connection):  [3664 3673 3522 3650 3470 3673 3700 3704 3500]
Requests/sec:  4496.7224609375 KB
Transfer/sec:  10868.366796875 KB

2023-12-05 04:09:59.77263452 +0800 CST m=+48900.616218691
Running 1m0s myx-test @ https://192.168.12.127:6443/api/v1/namespaces/myx-test/secrets
15 connections
Requests/bytes (per Connection):  [21775716 22463123 21682335 22581977 23617327 21843594 21767361 22989301 23608808 23549339 23922731 23498511 22811078 21639990 22887459]
Response/bytes (per Connection):  [30855187 31829192 30722900 31997560 33464578 30951378 30843228 32574734 33452537 33368332 33897414 33296229 32322211 30662820 32430435]
Requests Number (per Connection):  [2566 2647 2555 2661 2783 2574 2565 2709 2782 2775 2819 2769 2688 2550 2697]
Requests/sec:  5544.248860677083 KB
Transfer/sec:  13400.185302734375 KB

2023-12-05 04:11:40.109670469 +0800 CST m=+49000.953254678
Running 1m0s myx-test @ https://192.168.12.127:6443/api/v1/namespaces/myx-test/secrets
30 connections
Requests/bytes (per Connection):  [13187684 12653019 12822755 12440874 13289526 13051898 12992491 13187688 13017952 12339020 12254142 13119734 13145255 12389984 13238610 12194731 13111249 13009461 12449367 13374272 13348793 12814248 13000914 12670007 12406902 12220192 13255582 13068870 13085846 13017950]
Response/bytes (per Connection):  [18686293 17928726 18169224 17628116 18830592 18493896 18409722 18686295 18445797 17483811 17363557 18590066 18626171 17555982 18758445 17279381 18578042 18433770 17640144 18950780 18914696 18157189 18421715 17952783 17580004 17315456 18782494 18517945 18541996 18445796]
Requests Number (per Connection):  [1554 1491 1511 1466 1566 1538 1531 1554 1534 1454 1444 1546 1549 1460 1560 1437 1545 1533 1467 1576 1573 1510 1532 1493 1462 1440 1562 1540 1542 1534]
Requests/sec:  6285.140234375 KB
Transfer/sec:  15190.8837890625 KB

2023-12-05 04:13:20.419280652 +0800 CST m=+49101.262864826
Running 1m0s myx-test @ https://192.168.12.127:6443/api/v1/namespaces/myx-test/secrets
60 connections
Requests/bytes (per Connection):  [6500432 6508897 6704094 6339319 6245964 6441021 6127148 6271385 6890800 6610861 6356133 6517384 6687196 6890804 6653292 6254451 6627727 6602252 6424111 6381594 6661659 6721154 6687148 6296858 6678633 6356135 6644685 6271335 6500568 6627711 6687120 6542983 6245866 6585406 6415594 6687210 6271425 6458095 6780633 6432514 6865479 6398696 6687256 6721068 6627871 6492015 6195012 6491923 6576949 6661741 6763573 6805934 6610879 6924816 6432552 6593841 6542895 6424091 6755174 6313702]
Response/bytes (per Connection):  [9210845 9222859 9499432 8982440 8850166 9126669 8681817 8886221 9763978 9367219 9006410 9234884 9475420 9763980 9427342 8862191 9391215 9355133 9102651 9042485 9439307 9523525 9475396 8922302 9463357 9006411 9415257 8886196 9210913 9391207 9475382 9271028 8850117 9331147 9090611 9475427 8886241 9150769 9607735 9114634 9727973 9066599 9475450 9523482 9391287 9198855 8778001 9198809 9319137 9439348 9583642 9643730 9367228 9812112 9114653 9343146 9270984 9102641 9571661 8946287]
Requests Number (per Connection):  [766 767 790 747 736 759 722 739 812 779 749 768 788 812 784 737 781 778 757 752 785 792 788 742 787 749 783 739 766 781 788 771 736 776 756 788 739 761 799 758 809 754 788 792 781 765 730 765 775 785 797 802 779 816 758 777 771 757 796 744]
Requests/sec:  6387.907942708333 KB
Transfer/sec:  15439.264453125 KB

2023-12-05 04:15:00.780371162 +0800 CST m=+49201.623955343
Running 1m0s myx-test @ https://192.168.12.127:6443/api/v1/namespaces/myx-test/secrets
90 connections
Requests/bytes (per Connection):  [3793281 3666136 3725523 3784952 3878149 3674623 3640675 3708549 3649126 3581110 3521861 3700022 3734024 3937626 3793307 3665978 3674623 3682952 3623703 3878227 3810263 3640675 3666042 3742377 3734030 3750846 3793279 3725545 3903664 3844217 3869820 3674623 3810411 3751004 3547320 3674465 3996983 3759491 3682952 3699926 3683110 3869688 3818750 3725533 3725387 3598084 3708495 3835834 3725543 3683010 3793365 3716960 3623641 3750876 3793419 3835846 3980141 3946103 3878157 3734022 3657609 3869688 3699934 3725411 3657491 3632032 3844317 3615214 3759335 3504783 3691461 3767820 3606619 3767978 3742359 3750990 3784888 3733952 3640519 3827329 3683056 3708411 3810253 3682988 3733874 3674587 3784888 3632190 3784858 3572637]
Response/bytes (per Connection):  [5374971 5194676 5278840 5363025 5495220 5206701 5158601 5254790 5170608 5074348 4990253 5242745 5290872 5579429 5374984 5194597 5206701 5218647 5134552 5495259 5399025 5158601 5194629 5302830 5290875 5314846 5374970 5278851 5531322 5447128 5483274 5206701 5399099 5314925 5026327 5206622 5663578 5326950 5218647 5242697 5218726 5483208 5411050 5278845 5278772 5098398 5254763 5435155 5278850 5218676 5375013 5266777 5134521 5314861 5375040 5435161 5639594 5591449 5495224 5290871 5182631 5483208 5242701 5278784 5182572 5146498 5447178 5122526 5326872 4966151 5230683 5338896 5110447 5338975 5302821 5314918 5362993 5290836 5158523 5423121 5218699 5254721 5399020 5218665 5290797 5206683 5362993 5146577 5362978 5062330]
Requests Number (per Connection):  [447 432 439 446 457 433 429 437 430 422 415 436 440 464 447 432 433 434 427 457 449 429 432 441 440 442 447 439 460 453 456 433 449 442 418 433 471 443 434 436 434 456 450 439 439 424 437 452 439 434 447 438 427 442 447 452 469 465 457 440 431 456 436 439 431 428 453 426 443 413 435 444 425 444 441 442 446 440 429 451 434 437 449 434 440 433 446 428 446 421]
Requests/sec:  5471.448811848958 KB
Transfer/sec:  13224.239615885417 KB

2023-12-05 04:16:41.160453739 +0800 CST m=+49302.004037931
Running 1m0s myx-test @ https://192.168.12.127:6443/api/v1/namespaces/myx-test/secrets
150 connections
Requests/bytes (per Connection):  [2494974 2410090 2384663 2367657 2359170 2622245 2180947 2401603 2291276 2316791 2325224 2511934 2376142 2410124 2622261 2316735 2486473 2418583 2265815 2350729 2401605 2452525 2308250 2308304 2333709 2316769 2520419 2469517 2376144 2537395 2367699 2410090 2444038 2359170 2376144 2282789 2511934 2401605 2401603 2282813 2503447 2435551 2503447 2359184 2435551 2274366 2511934 2579828 2333759 2308274 2291274 2350687 2452525 2435577 2461016 2461012 2435551 2511934 2418607 2333749 2367657 2384667 2180947 2308262 2511932 2350703 2401639 2316783 2401629 2486473 2384669 2444038 2393118 2469497 2410092 2376144 2282789 2240354 2359214 2452547 2342198 2401605 2401605 2486485 2265815 2461012 2461016 2401603 2461012 2444038 2333709 2486471 2333761 2367657 2503445 2427094 2613758 2427066 2376144 2461012 2316735 2452547 2554365 2444038 2367655 2367657 2461032 2520419 2427092 2477986 2342244 2427094 2444038 2469517 2410124 2342196 2469499 2596802 2350687 2350683 2333747 2325222 2359170 2282789 2299801 2393116 2554365 2562852 2435577 2461012 2384631 2308288 2520419 2469499 2418577 2376184 2384631 2291286 2384631 2376170 2452527 2410092 2299763 2469499 2520421 2452525 2494972 2393118 2316735 2444038]
Response/bytes (per Connection):  [3535248 3414991 3378933 3354867 3342842 3715606 3090319 3402966 3246643 3282745 3294743 3559291 3366891 3415008 3715614 3282717 3523216 3427019 3210568 3330840 3402967 3475116 3270693 3270720 3306767 3282734 3571315 3499175 3366892 3595366 3354888 3414991 3463091 3342842 3366892 3234618 3559291 3402967 3402966 3234630 3547266 3451066 3547266 3342849 3451066 3222625 3559291 3655490 3306792 3270705 3246642 3330819 3475116 3451079 3487143 3487141 3451066 3559291 3427031 3306787 3354867 3378935 3090319 3270699 3559290 3330827 3402984 3282741 3402979 3523216 3378936 3463091 3390942 3499165 3414992 3366892 3234618 3174493 3342864 3475127 3318793 3402967 3402967 3523222 3210568 3487141 3487143 3402966 3487141 3463091 3306767 3523215 3306793 3354867 3547265 3439056 3703581 3439042 3366892 3487141 3282717 3475127 3619414 3463091 3354866 3354867 3487151 3571315 3439055 3511191 3318816 3439056 3463091 3499175 3415008 3318792 3499166 3679540 3330819 3330817 3306786 3294742 3342842 3234618 3258687 3390941 3619414 3631439 3451079 3487141 3378917 3270712 3571315 3499166 3427016 3366912 3378917 3246648 3378917 3366905 3475117 3414992 3258668 3499166 3571316 3475116 3535247 3390942 3282717 3463091]
Requests Number (per Connection):  [294 284 281 279 278 309 257 283 270 273 274 296 280 284 309 273 293 285 267 277 283 289 272 272 275 273 297 291 280 299 279 284 288 278 280 269 296 283 283 269 295 287 295 278 287 268 296 304 275 272 270 277 289 287 290 290 287 296 285 275 279 281 257 272 296 277 283 273 283 293 281 288 282 291 284 280 269 264 278 289 276 283 283 293 267 290 290 283 290 288 275 293 275 279 295 286 308 286 280 290 273 289 301 288 279 279 290 297 286 292 276 286 288 291 284 276 291 306 277 277 275 274 278 269 271 282 301 302 287 290 281 272 297 291 285 280 281 270 281 280 289 284 271 291 297 289 294 282 273 288]
Requests/sec:  5874.36455078125 KB
Transfer/sec:  14198.057161458333 KB

2023-12-05 04:18:21.605001812 +0800 CST m=+49402.448585989
Running 1m0s myx-test @ https://192.168.12.127:6443/api/v1/namespaces/myx-test/secrets
300 connections
Requests/bytes (per Connection):  [1306808 1417157 1349401 1391788 1374720 1400321 1196479 1408650 1408742 1306930 1323782 1357800 1349289 1281379 1408650 1349399 1485191 1281485 1459570 1434111 1451155 1451197 1374862 1459572 1332415 1434199 1349241 1340756 1468113 1485131 1332317 1273018 1349259 1374860 1366287 1306808 1434269 1315295 1366343 1340914 1289918 1391806 1340852 1468091 1408712 1468059 1417295 1272860 1340790 1434199 1332423 1357888 1459694 1561414 1332385 1468207 1544548 1340754 1535969 1383255 1349251 1408808 1391770 1442712 1485151 1408650 1332293 1442754 1434111 1289834 1408650 1383199 1493638 1315353 1357788 1332267 1340870 1315321 1357794 1391676 1366217 1518979 1527602 1340764 1451085 1383249 1459730 1306966 1535957 1366251 1442690 1349315 1442658 1340914 1306824 1468215 1366249 1298453 1468203 1417137 1374702 1451209 1442646 1306966 1425752 1434109 1451083 1451193 1425624 1536049 1247559 1417277 1417165 1425720 1544598 1323924 1332267 1459624 1366313 1323790 1298395 1417185 1468057 1451201 1383199 1298321 1400321 1442714 1417213 1459694 1476704 1578492 1502163 1451101 1306944 1425782 1340776 1391806 1340796 1459636 1485189 1340756 1374704 1442640 1383191 1391810 1408808 1493592 1569915 1518979 1332311 1485031 1383205 1417137 1349343 1340828 1417295 1357784 1451151 1646282 1383295 1408784 1391694 1315295 1323782 1425624 1400231 1434111 1391836 1383251 1315369 1332427 1425646 1315453 1425656 1383237 1459582 1434193 1408676 1417137 1332425 1366233 1459572 1374728 1298323 1349401 1493520 1374704 1357858 1493538 1289836 1400169 1196521 1315295 1222098 1383349 1366375 1340914 1434111 1476544 1349313 1298321 1493624 1442754 1502015 1366217 1451173 1306886 1374848 1323940 1476702 1408672 1425782 1323792 1366215 1485189 1502005 1340756 1289834 1459728 1459728 1451185 1434155 1595360 1383349 1442744 1408758 1315295 1357856 1204966 1323846 1485085 1298321 1451243 1493602 1298395 1493556 1408808 1476566 1442672 1340904 1425624 1357730 1586967 1476646 1434269 1451141 1502025 1451085 1408730 1374860 1374702 1417215 1434111 1408808 1315451 1612334 1451085 1451243 1357730 1408650 1281447 1281409 1434117 1391676 1255888 1391834 1527570 1408650 1315453 1417293 1349337 1400219 1383221 1391726 1383347 1383349 1383343 1383189 1374702 1230513 1451241 1306810 1273020 1374740 1459570 1400163 1451083 1476544 1391766 1323798 1323808 1442684 1306966 1256024 1442752 1391778 1349243 1332355 1485031]
Response/bytes (per Connection):  [1851755 2008089 1911959 1972060 1947963 1984108 1695431 1996054 1996100 1851816 1875805 1923940 1911903 1815696 1996054 1911958 2104358 1815749 2068203 2032129 2056214 2056235 1948034 2068204 1887903 2032173 1911879 1899855 2080256 2104328 1887854 1803734 1911888 1948033 1935965 1851755 2032208 1863780 1935993 1899934 1827747 1972069 1899903 2080245 1996085 2080229 2008158 1803655 1899872 2032173 1887907 1923984 2068265 2212503 1887888 2080303 2188507 1899854 2176436 1960012 1911884 1996133 1972051 2044211 2104338 1996054 1887842 2044232 2032129 1827705 1996054 1959984 2116363 1863809 1923934 1887829 1899912 1863793 1923937 1972004 1935930 2152378 2164471 1899859 2056179 1960009 2068283 1851834 2176430 1935947 2044200 1911916 2044184 1899934 1851763 2080307 1935946 1839796 2080301 2008079 1947954 2056241 2044178 1851834 2020168 2032128 2056178 2056233 2020104 2176476 1767660 2008149 2008093 2020152 2188532 1875876 1887829 2068230 1935978 1875809 1839767 2008103 2080228 2056237 1959984 1839730 1984108 2044212 2008117 2068265 2092333 2236605 2128407 2056187 1851823 2020183 1899865 1972069 1899875 2068236 2104357 1899855 1947955 2044175 1959980 1972071 1996133 2116340 2224535 2152378 1887851 2104278 1959987 2008079 1911930 1899891 2008158 1923932 2056212 2332752 1960032 1996121 1972013 1863780 1875805 2020104 1984063 2032129 1972084 1960010 1863817 1887909 2020115 1863859 2020120 1960003 2068209 2032170 1996067 2008079 1887908 1935938 2068204 1947967 1839731 1911959 2116304 1947955 1923969 2116313 1827706 1984032 1695452 1863780 1731585 1960059 1936009 1899934 2032129 2092253 1911915 1839730 2116356 2044232 2128333 1935930 2056223 1851794 1948027 1875884 2092332 1996065 2020183 1875810 1935929 2104357 2128328 1899855 1827705 2068282 2068282 2056229 2032151 2260602 1960059 2044227 1996108 1863780 1923968 1707456 1875837 2104305 1839730 2056258 2116345 1839767 2116322 1996133 2092264 2044191 1899929 2020104 1923905 2248624 2092304 2032208 2056207 2128338 2056179 1996094 1948033 1947954 2008118 2032129 1996133 1863858 2284652 2056179 2056258 1923905 1996054 1815730 1815711 2032132 1972004 1779606 1972083 2164455 1996054 1863859 2008157 1911927 1984057 1959995 1972029 1960058 1960059 1960056 1959979 1947954 1743574 2056257 1851756 1803735 1947973 2068203 1984029 2056178 2092253 1972049 1875813 1875818 2044197 1851834 1779674 2044231 1972055 1911880 1887873 2104278]
Requests Number (per Connection):  [154 167 159 164 162 165 141 166 166 154 156 160 159 151 166 159 175 151 172 169 171 171 162 172 157 169 159 158 173 175 157 150 159 162 161 154 169 155 161 158 152 164 158 173 166 173 167 150 158 169 157 160 172 184 157 173 182 158 181 163 159 166 164 170 175 166 157 170 169 152 166 163 176 155 160 157 158 155 160 164 161 179 180 158 171 163 172 154 181 161 170 159 170 158 154 173 161 153 173 167 162 171 170 154 168 169 171 171 168 181 147 167 167 168 182 156 157 172 161 156 153 167 173 171 163 153 165 170 167 172 174 186 177 171 154 168 158 164 158 172 175 158 162 170 163 164 166 176 185 179 157 175 163 167 159 158 167 160 171 194 163 166 164 155 156 168 165 169 164 163 155 157 168 155 168 163 172 169 166 167 157 161 172 162 153 159 176 162 160 176 152 165 141 155 144 163 161 158 169 174 159 153 176 170 177 161 171 154 162 156 174 166 168 156 161 175 177 158 152 172 172 171 169 188 163 170 166 155 160 142 156 175 153 171 176 153 176 166 174 170 158 168 160 187 174 169 171 177 171 166 162 162 167 169 166 155 190 171 171 160 166 151 151 169 164 148 164 180 166 155 167 159 165 163 164 163 163 163 163 162 145 171 154 150 162 172 165 171 174 164 156 156 170 154 148 170 164 159 157 175]
Requests/sec:  6818.150537109375 KB
Transfer/sec:  16479.149381510415 KB

