2023-12-05 06:53:59.102626414 +0800 CST m=+58739.946210582
Running 1m0s myx-test @ https://192.168.12.127:6443/api/v1/namespaces/myx-test/services
3 connections
Requests/bytes (per Connection):  [35600241 36168322 38889835]
Response/bytes (per Connection):  [52094611 52925854 56908294]
Requests Number (per Connection):  [4199 4266 4587]
Requests/sec:  1801.0806966145833 KB
Transfer/sec:  4436.639925130208 KB

2023-12-05 06:55:39.418483463 +0800 CST m=+58840.262067642
Running 1m0s myx-test @ https://192.168.12.127:6443/api/v1/namespaces/myx-test/services
6 connections
Requests/bytes (per Connection):  [28503966 28631149 30216522 29495935 29563673 30309789]
Response/bytes (per Connection):  [41710468 41896568 44216515 43162044 43261233 44353003]
Requests Number (per Connection):  [3362 3377 3564 3479 3487 3575]
Requests/sec:  2876.318912760417 KB
Transfer/sec:  7085.300537109375 KB

2023-12-05 06:57:19.733399423 +0800 CST m=+58940.576983627
Running 1m0s myx-test @ https://192.168.12.127:6443/api/v1/namespaces/myx-test/services
9 connections
Requests/bytes (per Connection):  [21517756 22730261 22653914 21619500 21678887 22933713 22467378 22653914 22696307]
Response/bytes (per Connection):  [31487453 33261668 33149971 31636325 31723193 33559406 32877030 33149975 33212011]
Requests Number (per Connection):  [2538 2681 2672 2550 2557 2705 2650 2672 2677]
Requests/sec:  3270.6971028645835 KB
Transfer/sec:  8056.781608072916 KB

2023-12-05 06:59:00.078060702 +0800 CST m=+59040.921644878
Running 1m0s myx-test @ https://192.168.12.127:6443/api/v1/namespaces/myx-test/services
15 connections
Requests/bytes (per Connection):  [15032005 15193050 14421523 15320233 14887890 15065867 14463872 14472449 14633452 15184571 14514892 14794583 15082825 14870858 15184585]
Response/bytes (per Connection):  [21996644 22232327 21103371 22418431 21785743 22046237 21165371 21177837 21413489 22219926 21239872 21649225 22071043 21760854 22219933]
Requests Number (per Connection):  [1773 1792 1701 1807 1756 1777 1706 1707 1726 1791 1712 1745 1779 1754 1791]
Requests/sec:  3631.5536295572915 KB
Transfer/sec:  8945.686165364583 KB

2023-12-05 07:00:40.414760641 +0800 CST m=+59141.258344848
Running 1m0s myx-test @ https://192.168.12.127:6443/api/v1/namespaces/myx-test/services
30 connections
Requests/bytes (per Connection):  [7265855 6994541 6986194 7401515 7282807 7053912 7138672 7164109 7231935 7257372 7232031 7155726 7121782 7181061 7223462 7443916 7147253 7053884 7198121 7087796 7028445 7198121 7164125 7198025 7350649 7316755 7223480 7231939 7206500 7070852]
Response/bytes (per Connection):  [10632287 10235316 10222957 10830803 10657112 10322170 10446185 10483408 10582673 10619894 10582727 10471075 10421445 10508259 10570253 10892849 10458665 10322134 10533106 10371744 10284906 10533100 10483446 10533040 10756371 10706756 10570294 10582667 10545441 10346951]
Requests Number (per Connection):  [857 825 824 873 859 832 842 845 853 856 853 844 840 847 852 878 843 832 849 836 829 849 845 849 867 863 852 853 850 834]
Requests/sec:  3509.2909342447915 KB
Transfer/sec:  8644.512841796875 KB

2023-12-05 07:02:20.776911351 +0800 CST m=+59241.620495539
Running 1m0s myx-test @ https://192.168.12.127:6443/api/v1/namespaces/myx-test/services
60 connections
Requests/bytes (per Connection):  [4908947 4934342 4679988 4747822 4832616 4807159 4858085 5002172 4756285 4849554 4637653 4739331 4934342 4858031 4773299 5002172 4739329 4849552 4595266 4798746 4747838 4739329 4781722 4713892 4824117 4696934 4798680 4790201 4942851 4815638 4841073 4671525 5086960 4841073 4790253 4773315 4917384 4756287 4976735 4552793 4705429 5120874 4773245 4841075 4849554 4866522 4722411 5010651 4705497 4942855 4764764 4917384 4739327 4883468 4807159 4841075 4874989 4747810 4925863 4832594]
Response/bytes (per Connection):  [7183332 7220538 6848346 6947599 7071673 7034456 7108900 7319801 6959980 7096489 6786327 6935170 7220542 7108873 6984846 7319789 6935181 7096486 6724334 7022060 6947603 6935183 6997221 6897966 7059240 6873172 7022023 7009644 7232966 7046837 7084065 6835963 7443860 7084053 7009658 6984844 7195736 6959991 7282580 6662230 6885581 7493485 6984827 7084074 7096479 7121292 6910385 7332198 6885589 7232968 6972397 7195718 6935190 7146094 7034432 7084058 7133697 6947569 7208125 7071662]
Requests Number (per Connection):  [579 582 552 560 570 567 573 590 561 572 547 559 582 573 563 590 559 572 542 566 560 559 564 556 569 554 566 565 583 568 571 551 600 571 565 563 580 561 587 537 555 604 563 571 572 574 557 591 555 583 562 580 559 576 567 571 575 560 581 570]
Requests/sec:  4707.614534505208 KB
Transfer/sec:  11596.37392578125 KB

2023-12-05 07:04:01.160860075 +0800 CST m=+59342.004444277
Running 1m0s myx-test @ https://192.168.12.127:6443/api/v1/namespaces/myx-test/services
90 connections
Requests/bytes (per Connection):  [3526926 3535341 3391276 3416795 3586371 3671159 3526942 3484625 3569255 3365913 3628720 3527018 3526996 3467575 3535341 3569413 3408158 3433595 3560936 3459188 3433753 3696438 3560826 3459126 3374404 3374306 3645640 3569413 3772747 3662680 3611808 3399745 3518541 3459066 3603171 3382879 3645722 3586213 3628654 3450551 3357442 3569255 3637085 3577734 3603295 3543976 3755943 3560908 3586345 3569369 3476146 3594818 3603221 3543818 3679580 3603183 3645564 3535449 3569361 3543830 3586315 3662592 3543976 3510062 3493010 3577892 3688117 3442232 3493104 3510012 3509912 3348965 3526952 3509944 3560936 3509966 3467517 3577892 3476098 3459188 3535461 3459188 3484591 3611670 3518541 3620287 3543956 3493078 3543828 3611792]
Response/bytes (per Connection):  [5161069 5173408 4962520 4999852 5247980 5372025 5161021 5099087 5223035 4925356 5309992 5161139 5161070 5074219 5173414 5223150 4987330 5024549 5210768 5061882 5024618 5409145 5210639 5061781 4937807 4937742 5334787 5223156 5520799 5359630 5285205 4974926 5148725 5061765 5272679 4950170 5334816 5247869 5309939 5049364 4913005 5223055 5322296 5235462 5272733 5185947 5496092 5210742 5247967 5223144 5086702 5260327 5272670 5185836 5384367 5272667 5334713 5173458 5223080 5185820 5247950 5359526 5185949 5136330 5111441 5235553 5396831 5037055 5111516 5136293 5136195 4900573 5161088 5136205 5210752 5136204 5074162 5235575 5086662 5061884 5173462 5061890 5099074 5285104 5148715 5297586 5185937 5111485 5185821 5285193]
Requests Number (per Connection):  [416 417 400 403 423 433 416 411 421 397 428 416 416 409 417 421 402 405 420 408 405 436 420 408 398 398 430 421 445 432 426 401 415 408 425 399 430 423 428 407 396 421 429 422 425 418 443 420 423 421 410 424 425 418 434 425 430 417 421 418 423 432 418 414 412 422 435 406 412 414 414 395 416 414 420 414 409 422 410 408 417 408 411 426 415 427 418 412 418 426]
Requests/sec:  5183.278352864583 KB
Transfer/sec:  12768.085026041666 KB

2023-12-05 07:05:41.561276911 +0800 CST m=+59442.404861083
Running 1m0s myx-test @ https://192.168.12.127:6443/api/v1/namespaces/myx-test/services
150 connections
Requests/bytes (per Connection):  [2348467 2314609 2297595 2314551 2441760 2339988 2390862 2373908 2441738 2382421 2280645 2229825 2365425 2390898 2187374 2365425 2314553 2356990 2178959 2255216 2323030 2280663 2306072 2331513 2339988 2441760 2272158 2229823 2238246 2407820 2501087 2348467 2280641 2331513 2297631 2314551 2255268 2246721 2289148 2458696 2373944 2484129 2339998 2450213 2314605 2178943 2433255 2323084 2289116 2255200 2204408 2356990 2306130 2178915 2433283 2314553 2365447 2348467 2246793 2280677 2450235 2399373 2399339 2373902 2297595 2365425 2263679 2492608 2407818 2365425 2382383 2339988 2255200 2365465 2272184 2272190 2441734 2416327 2263679 2331523 2373902 2348513 2340028 2314605 2407820 2323034 2331513 2340038 2348467 2467171 2458692 2339990 2238242 2356972 2229763 2399339 2280683 2390862 2280635 2390862 2535003 2297599 2306074 2365425 2238244 2331559 2450223 2170500 2204350 2289176 2331539 2314553 2263679 2280637 2365429 2416301 2340036 2484129 2323030 2280637 2339988 2280641 2306074 2433255 2195865 2306128 2246791 2458712 2229763 2382383 2280699 2289174 2331561 2407852 2323032 2238316 2416327 2246793 2390898 2348467 2306072 2323032 2416327 2323030 2365451 2323030 2416299 2340036 2382419 2467171]
Response/bytes (per Connection):  [3436581 3386990 3362146 3386941 3573066 3424186 3498618 3473788 3573039 3486230 3337322 3262911 3461403 3498620 3200836 3461397 3386938 3448994 3188467 3300109 3399336 3337341 3374532 3411759 3424168 3573058 3324921 3262906 3275271 3523414 3659892 3436567 3337304 3411751 3362146 3386943 3300123 3287706 3349741 3597855 3473810 3635084 3424175 3585452 3386966 3188455 3560650 3399383 3349717 3300099 3225716 3448998 3374589 3188471 3560652 3386948 3461400 3436577 3287742 3337336 3585469 3511033 3511026 3473799 3362134 3461381 3312496 3647487 3523417 3461401 3486209 3424164 3300115 3461425 3324922 3324935 3573051 3535849 3312524 3411766 3473797 3436612 3424190 3386966 3523434 3399348 3411753 3424187 3436587 3610270 3597859 3424175 3275275 3448993 3262886 3511014 3337341 3498606 3337337 3498612 3709524 3362128 3374533 3461383 3275298 3411800 3585467 3176096 3225685 3349777 3411776 3386940 3312512 3337328 3461379 3535828 3424214 3635078 3399370 3337312 3424180 3337320 3374539 3560644 3213263 3374562 3287743 3597869 3262880 3486217 3337369 3349750 3411799 3523436 3399351 3275340 3535843 3287738 3498620 3436563 3374540 3399355 3535855 3399370 3461400 3399338 3535823 3424184 3486217 3610274]
Requests Number (per Connection):  [277 273 271 273 288 276 282 280 288 281 269 263 279 282 258 279 273 278 257 266 274 269 272 275 276 288 268 263 264 284 295 277 269 275 271 273 266 265 270 290 280 293 276 289 273 257 287 274 270 266 260 278 272 257 287 273 279 277 265 269 289 283 283 280 271 279 267 294 284 279 281 276 266 279 268 268 288 285 267 275 280 277 276 273 284 274 275 276 277 291 290 276 264 278 263 283 269 282 269 282 299 271 272 279 264 275 289 256 260 270 275 273 267 269 279 285 276 293 274 269 276 269 272 287 259 272 265 290 263 281 269 270 275 284 274 264 285 265 282 277 272 274 285 274 279 274 285 276 281 291]
Requests/sec:  5702.556429036458 KB
Transfer/sec:  14047.22099609375 KB

2023-12-05 07:07:22.064492752 +0800 CST m=+59542.908076958
Running 1m0s myx-test @ https://192.168.12.127:6443/api/v1/namespaces/myx-test/services
300 connections
Requests/bytes (per Connection):  [1424384 1373566 1331171 1280245 1339648 1322546 1280141 1373478 1365051 1331041 1356608 1314055 1356508 1331013 1500589 1432791 1331013 1373416 1305576 1280195 1331013 1509130 1390364 1415921 1365085 1382021 1526132 1432917 1263341 1373564 1458232 1365087 1305698 1424396 1390462 1466707 1390458 1432759 1356514 1348057 1297255 1364947 1382043 1365029 1322564 1407390 1271818 1347971 1339492 1441268 1322554 1390366 1424368 1373518 1466791 1398965 1432835 1432917 1390390 1441294 1492110 1424428 1246235 1322564 1339650 1390468 1195363 1305608 1432835 1407410 1288778 1373510 1331129 1390364 1356448 1186932 1220936 1297103 1432759 1407480 1424280 1415801 1399001 1314213 1288748 1364929 1424332 1288674 1356462 1263183 1381885 1373406 1348073 1356608 1424384 1381885 1305650 1339556 1212467 1314213 1195371 1322692 1246307 1339648 1373468 1415801 1305678 1365005 1322650 1237904 1365053 1356448 1424318 1407340 1424298 1305734 1322692 1390364 1475152 1347971 1432917 1475292 1280143 1398895 1348029 1458194 1373564 1483631 1381885 1339650 1475152 1314155 1441256 1381961 1424430 1585481 1305576 1492160 1229379 1347971 1475198 1322636 1390364 1432859 1170064 1348127 1339532 1314167 1441386 1356576 1356608 1424438 1297235 1415825 1305716 1356448 1415801 1449873 1432863 1373408 1288776 1509068 1237754 1390390 1475312 1356550 1322534 1271660 1356488 1314169 1407322 1356488 1322534 1390444 1390364 1331171 1347971 1381885 1415959 1415863 1339650 1509156 1348009 1407322 1373454 1458244 1466765 1373528 1356608 1212463 1458212 1407468 1373408 1263181 1297231 1500589 1390506 1364995 1373566 1407344 1314137 1432873 1492110 1407322 1314061 1373406 1382043 1365073 1339650 1288620 1305734 1627896 1263191 1297245 1492126 1500589 1424438 1297237 1263339 1246225 1331013 1432917 1254806 1364929 1365007 1348129 1398849 1483743 1331049 1348107 1466735 1475152 1331013 1432891 1331079 1390522 1254860 1212451 1348029 1458194 1407322 1381885 1373446 1551561 1415897 1288618 1424438 1271820 1398919 1339650 1314213 1246361 1314123 1280269 1390364 1288656 1398907 1347969 1432777 1220858 1288778 1348047 1348001 1322692 1432857 1466741 1500691 1441246 1195367 1483787 1280209 1398843 1398845 1415841 1339492 1424438 1322692 1492176 1424438 1568443 1373408 1339628 1246383 1314055 1331019 1356510 1458198 1331171 1195353 1339648 1390364 1500719 1297257 1364959 1483631 1331171 1356508 1178403 1373544 1365029]
Response/bytes (per Connection):  [2084342 2009892 1947855 1873427 1960279 1935341 1873331 2009816 1997501 1947756 1985074 1922918 1985048 1947736 2195880 2096641 1947770 2009813 1910529 1873318 1947776 2208320 2034622 2071941 1997482 2022281 2233220 2096764 1848602 2009905 2133866 1997495 1910610 2084346 2034651 2146271 2034647 2096625 1985057 1972603 1898259 1997379 2022296 1997490 1935352 2059438 1861014 1972562 1960155 2109087 1935341 2034595 2084270 2009900 2146333 2047130 2096667 2096748 2034647 2109058 2183467 2084348 1823674 1935352 1960294 2034712 1749265 1910537 2096667 2059514 1885819 2009846 1947820 2034598 1984966 1736850 1786592 1898147 2096659 2059521 2084242 2071803 2047110 1923067 1885838 1997378 2084244 1885787 1985001 1848509 2022185 2009808 1972623 1985080 2084294 2022179 1910622 1960235 1774156 1923075 1749277 1935464 1823714 1960285 2009867 2071849 1910646 1997482 1935461 1811375 1997500 1984958 2084235 2059409 2084265 1910630 1935444 2034604 2158651 1972584 2096738 2158763 1873296 2047021 1972581 2133845 2009903 2171102 2022191 1960292 2158653 1923052 2109035 2022297 2084351 2320065 1910531 2183558 1798933 1972564 2158682 1935456 2034596 2096697 1712117 1972666 1960163 1923004 2109142 1985056 1985074 2084335 1898251 2071869 1910623 1984968 2071813 2121557 2096697 2009785 1885840 2208295 1811298 2034595 2158773 1985081 1935341 1860923 1985022 1923051 2059396 1985022 1935347 2034630 2034618 1947873 1972558 2022213 2071930 2071842 1960258 2208345 1972615 2059406 2009848 2133870 2146314 2009865 1985084 1774162 2133894 2059513 2009785 1848516 1898251 2195914 2034691 1997469 2009886 2059409 1923039 2096752 2183507 2059408 1922927 2009776 2022320 1997504 1960276 1885704 1910638 2382072 1848521 1898256 2183523 2195874 2084347 1898250 1848621 1823685 1947732 2096750 1836145 1997396 1997407 1972683 2046996 2171146 1947752 1972650 2146287 2158663 1947746 2096757 1947839 2034711 1836214 1774144 1972639 2133841 2059422 2022187 2009840 2270387 2071873 1885717 2084343 1861007 2047109 1960280 1923043 1823807 1922964 1873431 2034598 1885764 2047091 1972565 2096628 1786543 1885819 1972664 1972609 1935480 2096744 2146292 2196001 2109068 1749273 2171194 1873393 2047029 2046990 2071831 1960155 2084337 1935480 2183566 2084337 2295195 2009805 1960287 1823804 1922918 1947741 1985047 2133841 1947867 1749246 1960267 2034594 2196001 1898232 1997423 2171056 1947869 1985048 1724420 2009875 1997434]
Requests Number (per Connection):  [168 162 157 151 158 156 151 162 161 157 160 155 160 157 177 169 157 162 154 151 157 178 164 167 161 163 180 169 149 162 172 161 154 168 164 173 164 169 160 159 153 161 163 161 156 166 150 159 158 170 156 164 168 162 173 165 169 169 164 170 176 168 147 156 158 164 141 154 169 166 152 162 157 164 160 140 144 153 169 166 168 167 165 155 152 161 168 152 160 149 163 162 159 160 168 163 154 158 143 155 141 156 147 158 162 167 154 161 156 146 161 160 168 166 168 154 156 164 174 159 169 174 151 165 159 172 162 175 163 158 174 155 170 163 168 187 154 176 145 159 174 156 164 169 138 159 158 155 170 160 160 168 153 167 154 160 167 171 169 162 152 178 146 164 174 160 156 150 160 155 166 160 156 164 164 157 159 163 167 167 158 178 159 166 162 172 173 162 160 143 172 166 162 149 153 177 164 161 162 166 155 169 176 166 155 162 163 161 158 152 154 192 149 153 176 177 168 153 149 147 157 169 148 161 161 159 165 175 157 159 173 174 157 169 157 164 148 143 159 172 166 163 162 183 167 152 168 150 165 158 155 147 155 151 164 152 165 159 169 144 152 159 159 156 169 173 177 170 141 175 151 165 165 167 158 168 156 176 168 185 162 158 147 155 157 160 172 157 141 158 164 177 153 161 175 157 160 139 162 161]
Requests/sec:  6678.989143880209 KB
Transfer/sec:  16452.492561848958 KB

