2023-12-05 05:29:21.089011162 +0800 CST m=+53661.932595333
Running 1m0s myx-test @ https://192.168.12.127:6443/api/v1/namespaces/myx-test/serviceaccounts
3 connections
Requests/bytes (per Connection):  [40243244 37150829 40446638]
Response/bytes (per Connection):  [56760747 52399112 57047568]
Requests Number (per Connection):  [4750 4385 4774]
Requests/sec:  1917.980322265625 KB
Transfer/sec:  4623.179329427084 KB

2023-12-05 05:31:01.390564656 +0800 CST m=+53762.234148831
Running 1m0s myx-test @ https://192.168.12.127:6443/api/v1/namespaces/myx-test/serviceaccounts
6 connections
Requests/bytes (per Connection):  [37023738 34846385 35075150 34880413 35007474 37066103]
Response/bytes (per Connection):  [52219864 49148818 49471465 49196686 49375919 52279614]
Requests Number (per Connection):  [4370 4113 4140 4117 4132 4375]
Requests/sec:  3481.433317057292 KB
Transfer/sec:  8391.790836588541 KB

2023-12-05 05:32:41.718081882 +0800 CST m=+53862.561666100
Running 1m0s myx-test @ https://192.168.12.127:6443/api/v1/namespaces/myx-test/serviceaccounts
9 connections
Requests/bytes (per Connection):  [30068047 30008736 31643907 31516880 31686192 30144388 31703244 31813355 32330128]
Response/bytes (per Connection):  [42409235 42325585 44631876 44452660 44691586 42516827 44715539 44870870 45599780]
Requests Number (per Connection):  [3549 3542 3735 3720 3740 3558 3742 3755 3816]
Requests/sec:  4572.182242838541 KB
Transfer/sec:  11020.977132161459 KB

2023-12-05 05:34:22.077984932 +0800 CST m=+53962.921569111
Running 1m0s myx-test @ https://192.168.12.127:6443/api/v1/namespaces/myx-test/serviceaccounts
15 connections
Requests/bytes (per Connection):  [24145882 23586832 22595517 24027418 23900169 24018789 22587044 24112010 23891842 23984911 22459957 23934145 22392169 24035893 22493919]
Response/bytes (per Connection):  [34056416 33267800 31869663 33889195 33709868 33877167 31857713 34008626 33697991 33829374 31678467 33757710 31582865 33901146 31726302]
Requests Number (per Connection):  [2850 2784 2667 2836 2821 2835 2666 2846 2820 2831 2651 2825 2643 2837 2655]
Requests/sec:  5731.876578776041 KB
Transfer/sec:  13816.354166666666 KB

2023-12-05 05:36:02.406796756 +0800 CST m=+54063.250380928
Running 1m0s myx-test @ https://192.168.12.127:6443/api/v1/namespaces/myx-test/serviceaccounts
30 connections
Requests/bytes (per Connection):  [12801579 12377973 12682981 12682983 12123775 11996688 12216980 12411851 12335600 12039051 12674510 12657564 12742288 12869385 12750765 12742290 12852439 12530493 12632145 12496581 11937491 12691454 12471160 12174705 12310181 12589806 12682981 12174725 12810074 12649091]
Response/bytes (per Connection):  [18055888 17458410 17888600 17888601 17099906 16920660 17231357 17506203 17398656 16980409 17876651 17852751 17972248 18151499 17984200 17972249 18127599 17673513 17816901 17625703 16837067 17900550 17589852 17171652 17362806 17757164 17888600 17171662 18067849 17840801]
Requests Number (per Connection):  [1511 1461 1497 1497 1431 1416 1442 1465 1456 1421 1496 1494 1504 1519 1505 1504 1517 1479 1491 1475 1409 1498 1472 1437 1453 1486 1497 1437 1512 1493]
Requests/sec:  6105.299300130208 KB
Transfer/sec:  14716.464778645834 KB

2023-12-05 05:37:42.823874486 +0800 CST m=+54163.667458657
Running 1m0s myx-test @ https://192.168.12.127:6443/api/v1/namespaces/myx-test/serviceaccounts
60 connections
Requests/bytes (per Connection):  [6311915 6133936 6167842 6659196 6633725 6286338 6608306 6472740 6345805 6388012 6540524 6599909 6693172 6616779 6532117 6506790 6583021 6718451 6167732 6582887 6642198 6218714 6650745 6430457 6388012 6667617 6540554 6566099 6777762 6549155 6506686 6388140 6396643 6455954 6337178 6015358 6642356 6345805 6540682 6176283 6396485 6099946 6803337 6472900 6718451 6303442 6430375 6472742 6676088 6828600 6557520 6455794 6388012 6506632 6438866 6591360 6760974 6404958 6599833 6464337]
Response/bytes (per Connection):  [8902515 8651542 8699349 9392409 9356533 8866586 9320683 9129484 8950314 9009985 9225084 9308771 9440251 9332633 9213167 9177363 9284900 9476031 8699294 9284833 9368483 8771066 9380470 9069775 9009985 9404333 9225099 9261012 9559681 9237113 9177311 9010049 9022014 9105664 8938287 8484264 9368562 8950314 9225163 8711283 9021935 8603693 9595609 9129564 9476031 8890565 9069734 9129485 9416282 9631381 9249009 9105584 9009985 9177284 9081693 9296783 9535860 9033885 9308733 9117569]
Requests Number (per Connection):  [745 724 728 786 783 742 780 764 749 754 772 779 790 781 771 768 777 793 728 777 784 734 785 759 754 787 772 775 800 773 768 754 755 762 748 710 784 749 772 729 755 720 803 764 793 744 759 764 788 806 774 762 754 768 760 778 798 756 779 763]
Requests/sec:  6333.923291015625 KB
Transfer/sec:  15267.55478515625 KB

2023-12-05 05:39:23.170344675 +0800 CST m=+54264.013928848
Running 1m0s myx-test @ https://192.168.12.127:6443/api/v1/namespaces/myx-test/serviceaccounts
90 connections
Requests/bytes (per Connection):  [3583767 3592212 3770235 3617653 3693862 3532913 3600621 3388962 3668417 3473678 3651565 3524408 3693980 3702453 3592256 3778678 3575336 3515951 3592148 3482099 3354964 3617577 3651459 3516051 3651607 3634671 3405908 3617581 3617585 3439636 3422850 3668561 3388962 3575202 3659934 3609174 3685347 3710766 3524498 3719399 3524510 3490590 3498955 3270338 3448235 3558380 3431323 3583811 3549941 3583741 3592306 3465213 3753161 3677034 3558288 3795644 3524524 3566865 3668561 3643102 3693890 3736345 3507576 3338120 3422820 3778608 3482159 3676876 3380485 3498967 3465057 3643142 3499105 3609252 3804127 3651585 3431321 3634523 3431183 3414239 3609252 3532997 3473686 3660062 3566851 3431229 3355066 3600621 3702451 3600637]
Response/bytes (per Connection):  [5054694 5066630 5317625 5102491 5210017 4982986 5078548 4779881 5174154 4899374 5150301 4971020 5210076 5222026 5066652 5329560 5042765 4959078 5066598 4911298 4732028 5102453 5150248 4959128 5150322 5126427 4803781 5102455 5102457 4851499 4827679 5174226 4779881 5042698 5162199 5090538 5198046 5233896 4971065 5245926 4971071 4923257 4935153 4612580 4863512 5018860 4839629 5054716 5006927 5054681 5066677 4887428 5293661 5186176 5018814 5353470 4971078 5030816 5174226 5138356 5210031 5269826 4947177 4708179 4827664 5329525 4911328 5186097 4767929 4935159 4887350 5138376 4935228 5090577 5365425 5150311 4839628 5126353 4839559 4815660 5090577 4983028 4899378 5162263 5030809 4839582 4732079 5078548 5222025 5078556]
Requests Number (per Connection):  [423 424 445 427 436 417 425 400 433 410 431 416 436 437 424 446 422 415 424 411 396 427 431 415 431 429 402 427 427 406 404 433 400 422 432 426 435 438 416 439 416 412 413 386 407 420 405 423 419 423 424 409 443 434 420 448 416 421 433 430 436 441 414 394 404 446 411 434 399 413 409 430 413 426 449 431 405 429 405 403 426 417 410 432 421 405 396 425 437 425]
Requests/sec:  5229.8125 KB
Transfer/sec:  12606.147802734375 KB

2023-12-05 05:41:03.711110048 +0800 CST m=+54364.554694216
Running 1m0s myx-test @ https://192.168.12.127:6443/api/v1/namespaces/myx-test/serviceaccounts
150 connections
Requests/bytes (per Connection):  [2236730 2245201 2329859 2279023 2440006 2380695 2279023 2440030 2253604 2423070 2465425 2363751 2304486 2295967 2431533 2338332 2448479 2355278 2440030 2355278 2270550 2499317 2321386 2355278 2262143 2440030 2507788 2431533 2355282 2363793 2431533 2414589 2414589 2389186 2363751 2372228 2465425 2329911 2245131 2389208 2406114 2346851 2516267 2533209 2338332 2414619 2312915 2262077 2507788 2448501 2389188 2355278 2279021 2262143 2389204 2372224 2262077 2304440 2372224 2448479 2372222 2355322 2406114 2329861 2473914 2533209 2304496 2304442 2346807 2431537 2346805 2380735 2304440 2279027 2490854 2397653 2338332 2423060 2414589 2236660 2262077 2236658 2338368 2253604 2516269 2423064 2253672 2389204 2295969 2380695 2414587 2456952 2423062 2287532 2397641 2389170 2389170 2312915 2304498 2312915 2355278 2219742 2329909 2338332 2312953 2414587 2465423 2262077 2312913 2406116 2338332 2270550 2338332 2516263 2279023 2465423 2431533 2185826 2321438 2490856 2346839 2490842 2490842 2363769 2346851 2406148 2406114 2270554 2338360 2304468 2456952 2541680 2287496 2236658 2499315 2465443 2524734 2440006 2440010 2253674 2295967 2312913 2295967 2389170 2346851 2321388 2346805 2228259 2389170 2397641]
Response/bytes (per Connection):  [3154729 3166678 3286142 3214443 3441491 3357841 3214443 3441503 3178593 3417596 3477341 3333942 3250315 3238342 3429541 3298092 3453441 3321992 3441503 3321992 3202493 3525141 3274192 3321992 3190576 3441503 3537090 3429541 3321994 3333963 3429541 3405642 3405642 3369800 3333942 3345894 3477341 3286168 3166643 3369811 3393691 3310065 3549043 3572941 3298092 3405657 3262243 3190543 3537090 3453452 3369801 3321992 3214442 3190576 3369809 3345892 3190543 3250292 3345892 3453441 3345891 3322014 3393691 3286143 3489299 3572941 3250320 3250293 3310043 3429543 3310042 3357861 3250292 3214445 3513196 3381747 3298092 3417591 3405642 3154694 3190543 3154693 3298110 3178593 3549044 3417593 3178627 3369809 3238343 3357841 3405641 3465391 3417592 3226411 3381741 3369792 3369792 3262243 3250321 3262243 3321992 3130808 3286167 3298092 3262262 3405641 3477340 3190543 3262242 3393692 3298092 3202493 3298092 3549041 3214443 3477340 3429541 3082996 3274218 3513197 3310059 3513190 3513190 3333951 3310065 3393708 3393691 3202495 3298106 3250306 3465391 3584890 3226393 3154693 3525140 3477350 3560990 3441491 3441493 3178628 3238342 3262242 3238342 3369792 3310065 3274193 3310042 3142780 3369792 3381741]
Requests Number (per Connection):  [264 265 275 269 288 281 269 288 266 286 291 279 272 271 287 276 289 278 288 278 268 295 274 278 267 288 296 287 278 279 287 285 285 282 279 280 291 275 265 282 284 277 297 299 276 285 273 267 296 289 282 278 269 267 282 280 267 272 280 289 280 278 284 275 292 299 272 272 277 287 277 281 272 269 294 283 276 286 285 264 267 264 276 266 297 286 266 282 271 281 285 290 286 270 283 282 282 273 272 273 278 262 275 276 273 285 291 267 273 284 276 268 276 297 269 291 287 258 274 294 277 294 294 279 277 284 284 268 276 272 290 300 270 264 295 291 298 288 288 266 271 273 271 282 277 274 277 263 282 283]
Requests/sec:  5778.764567057292 KB
Transfer/sec:  13929.371533203124 KB

2023-12-05 05:42:44.186183698 +0800 CST m=+54465.029767886
Running 1m0s myx-test @ https://192.168.12.127:6443/api/v1/namespaces/myx-test/serviceaccounts
300 connections
Requests/bytes (per Connection):  [1279383 1330137 1423420 1321598 1525094 1508074 1380907 1482583 1423284 1482739 1321756 1380909 1211451 1440254 1338630 1499529 1397915 1431805 1406326 1508000 1296179 1431743 1448849 1389380 1448835 1431745 1482621 1431745 1296255 1372478 1313125 1423430 1609674 1338702 1355562 1287738 1381017 1499603 1423430 1338702 1245501 1381065 1389478 1389520 1499527 1355546 1245379 1414799 1465693 1296339 1406326 1440218 1406484 1397943 1457184 1330229 1448689 1313125 1321608 1397863 1431849 1482741 1245341 1262287 1440344 1414953 1355614 1397853 1330163 1431785 1363983 1372434 1287760 1423282 1313209 1380925 1313183 1542048 1330229 1389434 1338622 1423272 1330071 1397853 1330071 1355614 1364059 1330079 1313241 1465635 1414865 1347017 1330229 1508000 1347057 1338544 1448849 1389538 1465725 1406484 1296181 1499685 1363961 1397953 1431825 1287708 1245411 1372446 1338544 1347159 1347175 1431881 1321740 1482739 1313125 1414799 1219924 1347091 1236870 1313251 1313151 1355630 1228555 1347017 1321598 1406484 1542050 1431867 1321712 1304654 1304802 1321756 1414799 1347175 1262357 1304652 1465755 1414909 1372494 1330229 1330229 1219994 1440296 1253972 1355636 1431743 1355490 1525072 1397853 1397973 1397891 1397891 1474154 1355488 1440302 1550467 1364071 1236870 1380927 1304778 1338654 1347031 1465793 1414917 1347015 1287762 1372464 1397855 1372594 1440376 1372474 1364113 1499527 1313283 1347047 1152236 1499527 1321756 1406484 1397921 1262445 1380917 1296325 1406326 1465685 1220082 1465735 1347173 1406326 1219924 1304810 1372434 1194545 1211591 1236870 1203136 1279235 1397971 1389418 1491054 1304790 1448843 1279391 1330071 1220038 1363963 1330109 1287848 1355646 1262413 1397937 1372564 1330123 1338544 1431821 1482619 1465635 1474124 1406328 1304790 1313125 1372434 1465793 1440348 1304810 1330071 1347115 1330101 1355490 1525028 1228397 1364095 1321598 1482581 1270920 1397969 1381043 1558836 1347065 1253890 1330069 1389498 1389438 1279233 1355488 1406420 1389444 1338544 1355536 1440278 1465635 1262445 1550399 1287864 1364103 1414799 1330089 1482631 1397987 1397979 1347157 1440234 1499529 1440218 1355602 1304708 1287864 1347143 1457320 1431829 1457164 1228543 1406426 1364059 1202978 1338562 1457174 1542022 1406382 1313141 1313125 1423308 1321756 1330179 1457272 1270902 1414803 1381053 1397971 1364033 1423380 1414935 1321722 1279349 1296295 1414799 1321598 1321756 1245405 1304670]
Response/bytes (per Connection):  [1804430 1876088 2007578 1864105 2150977 2127040 1947754 2091154 2007510 2091232 1864184 1947755 1708756 2031422 1888048 2115054 1971685 2019484 1983604 2127003 1828255 2019453 2043433 1959704 2043426 2019454 2091173 2019454 1828293 1935826 1852155 2007583 2270402 1888084 1911941 1816321 1947809 2115091 2007583 1888084 1756635 1947833 1959753 1959774 2115053 1911933 1756574 1995554 2067282 1828335 1983604 2031404 1983683 1971699 2055314 1876134 2043353 1852155 1864110 1971659 2019506 2091233 1756555 1780455 2031467 1995631 1911967 1971654 1876101 2019474 1923865 1935804 1816332 2007509 1852197 1947763 1852184 2174881 1876134 1959731 1888044 2007504 1876055 1971654 1876055 1911967 1923903 1876059 1852213 2067253 1995587 1899955 1876134 2127003 1899975 1888005 2043433 1959783 2067298 1983683 1828256 2115132 1923854 1971704 2019494 1816306 1756590 1935810 1888005 1900026 1900034 2019522 1864176 2091232 1852155 1995554 1720706 1899992 1744606 1852218 1852168 1911975 1732735 1899955 1864105 1983683 2174882 2019515 1864162 1840206 1840280 1864184 1995554 1900034 1780490 1840205 2067313 1995609 1935834 1876134 1876134 1720741 2031443 1768584 1911978 2019453 1911905 2150966 1971654 1971714 1971673 1971673 2079226 1911904 2031446 2186804 1923909 1744606 1947764 1840268 1888060 1899962 2067332 1995613 1899954 1816333 1935819 1971655 1935884 2031483 1935824 1923930 2115053 1852234 1899970 1625154 2115053 1864184 1983683 1971688 1780534 1947759 1828328 1983604 2067278 1720785 2067303 1900033 1983604 1720706 1840284 1935804 1684876 1708826 1744606 1696885 1804356 1971713 1959723 2103103 1840274 2043430 1804434 1876055 1720763 1923855 1876074 1816376 1911983 1780518 1971696 1935869 1876081 1888005 2019492 2091172 2067253 2079211 1983605 1840274 1852155 1935804 2067332 2031469 1840284 1876055 1900004 1876070 1911905 2150944 1732656 1923921 1864105 2091153 1792485 1971712 1947822 2198702 1899979 1768543 1876054 1959763 1959733 1804355 1911904 1983651 1959736 1888005 1911928 2031434 2067253 1780534 2186770 1816384 1923925 1995554 1876064 2091178 1971721 1971717 1900025 2031412 2115054 2031404 1911961 1840233 1816384 1900018 2055382 2019496 2055304 1732729 1983654 1923903 1696806 1888014 2055309 2174868 1983632 1852163 1852155 2007522 1864184 1876109 2055358 1792476 1995556 1947827 1971713 1923890 2007558 1995622 1864167 1804413 1828313 1995554 1864105 1864184 1756587 1840214]
Requests Number (per Connection):  [151 157 168 156 180 178 163 175 168 175 156 163 143 170 158 177 165 169 166 178 153 169 171 164 171 169 175 169 153 162 155 168 190 158 160 152 163 177 168 158 147 163 164 164 177 160 147 167 173 153 166 170 166 165 172 157 171 155 156 165 169 175 147 149 170 167 160 165 157 169 161 162 152 168 155 163 155 182 157 164 158 168 157 165 157 160 161 157 155 173 167 159 157 178 159 158 171 164 173 166 153 177 161 165 169 152 147 162 158 159 159 169 156 175 155 167 144 159 146 155 155 160 145 159 156 166 182 169 156 154 154 156 167 159 149 154 173 167 162 157 157 144 170 148 160 169 160 180 165 165 165 165 174 160 170 183 161 146 163 154 158 159 173 167 159 152 162 165 162 170 162 161 177 155 159 136 177 156 166 165 149 163 153 166 173 144 173 159 166 144 154 162 141 143 146 142 151 165 164 176 154 171 151 157 144 161 157 152 160 149 165 162 157 158 169 175 173 174 166 154 155 162 173 170 154 157 159 157 160 180 145 161 156 175 150 165 163 184 159 148 157 164 164 151 160 166 164 158 160 170 173 149 183 152 161 167 157 175 165 165 159 170 177 170 160 154 152 159 172 169 172 145 166 161 142 158 172 182 166 155 155 168 156 157 172 150 167 163 165 161 168 167 156 151 153 167 156 156 147 154]
Requests/sec:  6696.72783203125 KB
Transfer/sec:  16142.071142578125 KB

