2023-12-05 15:58:57.621640114 +0800 CST m=+13088.128947984
Running 1m0s myx-test @ https://192.168.12.127:6443/apis/apps/v1/namespaces/myx-test/statefulsets
3 connections
Requests/bytes (per Connection):  [35301708 35110302 37267562]
Response/bytes (per Connection):  [56044758 55740885 59165751]
Requests Number (per Connection):  [4058 4036 4284]
Requests/sec:  1752.5972005208334 KB
Transfer/sec:  4535.009212239584 KB

2023-12-05 16:00:37.969255953 +0800 CST m=+13188.476563813
Running 1m0s myx-test @ https://192.168.12.127:6443/apis/apps/v1/namespaces/myx-test/statefulsets
6 connections
Requests/bytes (per Connection):  [32422074 33118062 33092026 32570130 31604454 31526156]
Response/bytes (per Connection):  [51473085 52578027 52536687 51708123 50175027 50050722]
Requests Number (per Connection):  [3727 3807 3804 3744 3633 3624]
Requests/sec:  3162.97041015625 KB
Transfer/sec:  8184.481982421875 KB

2023-12-05 16:02:18.333179383 +0800 CST m=+13288.840487253
Running 1m0s myx-test @ https://192.168.12.127:6443/apis/apps/v1/namespaces/myx-test/statefulsets
9 connections
Requests/bytes (per Connection):  [28672780 28829374 27063476 28176896 27124376 29220748 29220852 29238264 27263506]
Response/bytes (per Connection):  [45520722 45769329 42965796 44733462 43062480 46390680 46390836 46418478 43283367]
Requests Number (per Connection):  [3296 3314 3111 3239 3118 3359 3359 3361 3134]
Requests/sec:  4147.302604166666 KB
Transfer/sec:  10731.533561197917 KB

2023-12-05 16:03:58.700240073 +0800 CST m=+13389.207547930
Running 1m0s myx-test @ https://192.168.12.127:6443/apis/apps/v1/namespaces/myx-test/statefulsets
15 connections
Requests/bytes (per Connection):  [19634236 18485956 20016962 18799084 19799624 18407656 19686442 19260236 18329346 19730008 19634326 19956216 18555496 19773438 19782106]
Response/bytes (per Connection):  [31171188 29348184 31778805 29845308 31433748 29223876 31254069 30577422 29099553 31323228 31171323 31682352 29458590 31392183 31405947]
Requests Number (per Connection):  [2257 2125 2301 2161 2276 2116 2263 2214 2107 2268 2257 2294 2133 2273 2274]
Requests/sec:  4717.6291015625 KB
Transfer/sec:  12207.3064453125 KB

2023-12-05 16:05:39.053772201 +0800 CST m=+13489.561080062
Running 1m0s myx-test @ https://192.168.12.127:6443/apis/apps/v1/namespaces/myx-test/statefulsets
30 connections
Requests/bytes (per Connection):  [9682236 9482302 9456072 9238626 9212466 9290748 9560592 9517078 9125568 9638736 9673540 9090652 8855758 9516944 9177808 8847204 9647440 9343104 8873210 9586680 9638828 9247274 9116910 9447344 9377878 9229990 9316846 9621340 9447360 9725734]
Response/bytes (per Connection):  [15371460 15054033 15012402 14667183 14625657 14749938 15178326 15109245 14487690 15302400 15357654 14432268 14059353 15109044 14570622 14045760 15316218 14833044 14087055 15219744 15302538 14680917 14473941 14998548 14888253 14653467 14791371 15274782 14998572 15440517]
Requests Number (per Connection):  [1113 1090 1087 1062 1059 1068 1099 1094 1049 1108 1112 1045 1018 1094 1055 1017 1109 1074 1020 1102 1108 1063 1048 1086 1078 1061 1071 1106 1086 1118]
Requests/sec:  4573.344205729167 KB
Transfer/sec:  11833.956217447916 KB

2023-12-05 16:07:19.407683771 +0800 CST m=+13589.914991632
Running 1m0s myx-test @ https://192.168.12.127:6443/apis/apps/v1/namespaces/myx-test/statefulsets
60 connections
Requests/bytes (per Connection):  [5080368 5028164 4906366 4967264 4923766 5010764 4828068 4671472 4915136 5002102 4828068 4845468 5045564 4975970 4915066 4793270 4906414 4888968 4714970 4932466 5002064 4949866 4619298 4854168 4932466 4958626 4949874 4915106 5019464 4915066 5219560 4932466 4862866 4862950 4975964 5036864 5010786 4958566 4923834 4793274 4941228 5010764 5036906 4862868 5002064 4854212 4836852 4923776 4706270 4828068 5054282 4836772 4819372 4593178 4889002 5089062 5036868 5010764 4767168 4906438]
Response/bytes (per Connection):  [8065560 7982682 7789317 7885998 7816941 7955058 7665012 7416402 7803234 7941303 7665012 7692636 8010306 7899819 7803129 7609767 7789389 7761696 7485459 7830753 7941246 7858377 7333569 7706448 7830753 7872279 7858389 7803189 7968870 7803129 8286540 7830753 7720257 7720383 7899810 7996494 7955091 7872189 7817043 7609773 7844658 7955058 7996557 7720260 7941246 7706514 7678950 7816956 7471647 7665012 8024145 7678830 7651206 7292103 7761747 8079363 7996500 7955058 7568328 7789425]
Requests Number (per Connection):  [584 578 564 571 566 576 555 537 565 575 555 557 580 572 565 551 564 562 542 567 575 569 531 558 567 570 569 565 577 565 600 567 559 559 572 579 576 570 566 551 568 576 579 559 575 558 556 566 541 555 581 556 554 528 562 585 579 576 548 564]
Requests/sec:  4799.45859375 KB
Transfer/sec:  12419.04873046875 KB

2023-12-05 16:08:59.83050747 +0800 CST m=+13690.337815331
Running 1m0s myx-test @ https://192.168.12.127:6443/apis/apps/v1/namespaces/myx-test/statefulsets
90 connections
Requests/bytes (per Connection):  [3784250 3618798 3697094 3766852 3740648 3601458 3705952 3801652 3644908 3688472 3610256 3723234 3897278 3732038 3758028 3705954 3723354 3645054 3636354 3662454 3862436 3636348 3671154 3505764 3636210 3584130 3601396 3714654 3775552 3671154 3766828 3610248 3723200 3845150 3575456 3688396 3575306 3662298 3618944 3644946 3697106 3671154 3671154 3705900 3862400 3766774 3723354 3584156 3653596 3827626 3740664 3749324 3671062 3697252 3749338 3732052 3714652 3810350 3697254 3583998 3740648 3662296 3575456 3871092 3731996 3862532 3775462 3705942 3566600 3453554 3818968 3801598 3610248 3610156 3810214 3679794 3497042 3749322 3705954 3566756 3845150 3584036 3801646 3784094 3784176 3766720 3575376 3801608 3662378 3653756]
Response/bytes (per Connection):  [6007845 5745189 5869491 5980224 5938632 5717655 5883540 6035472 5786640 5855796 5731614 5910987 6187293 5924955 5966226 5883543 5911167 5786859 5773047 5814483 6131982 5773038 5828295 5565732 5772831 5690139 5717562 5897355 5994036 5828295 5980188 5731602 5910936 6104529 5676366 5855682 5676141 5814249 5745408 5786697 5869509 5828295 5828295 5883462 6131928 5980107 5911167 5690178 5800434 6076719 5938656 5952408 5828157 5869728 5952429 5924976 5897352 6049281 5869731 5689941 5938632 5814246 5676366 6145728 5924892 6132126 5993901 5883525 5662320 5482845 6062970 6035391 5731602 5731464 6049077 5842017 5551887 5952405 5883543 5662554 6104529 5689998 6035463 6007611 6007734 5980026 5676246 6035406 5814369 5800674]
Requests Number (per Connection):  [435 416 425 433 430 414 426 437 419 424 415 428 448 429 432 426 428 419 418 421 444 418 422 403 418 412 414 427 434 422 433 415 428 442 411 424 411 421 416 419 425 422 422 426 444 433 428 412 420 440 430 431 422 425 431 429 427 438 425 412 430 421 411 445 429 444 434 426 410 397 439 437 415 415 438 423 402 431 426 410 442 412 437 435 435 433 411 437 421 420]
Requests/sec:  5417.926334635416 KB
Transfer/sec:  14019.391520182291 KB

2023-12-05 16:10:40.268456962 +0800 CST m=+13790.775764820
Running 1m0s myx-test @ https://192.168.12.127:6443/apis/apps/v1/namespaces/myx-test/statefulsets
150 connections
Requests/bytes (per Connection):  [2357544 2235688 2418428 2479284 2453192 2566282 2400984 2461908 2496682 2444482 2479308 2296586 2609780 2366186 2366194 2557590 2635880 2618480 2470582 2522782 2435784 2366232 2444484 2453184 2574980 2496684 2427084 2435804 2479314 2461882 2574988 2435824 2522794 2644578 2583682 2461884 2514082 2331402 2487982 2522782 2366226 2409684 2453184 2418384 2479282 2531500 2540182 2322686 2548886 2531482 2409732 2461882 2348790 2548882 2557580 2470584 2479282 2322752 2470614 2313986 2696778 2392284 2505382 2374886 2557580 2514082 2461918 2522782 2479282 2444482 2461882 2531492 2331446 2427126 2514104 2357544 2444484 2479282 2540198 2635876 2409688 2574980 2392284 2548894 2435784 2366192 2435824 2522782 2444484 2522780 2566286 2427114 2574990 2522782 2548888 2366184 2357502 2453182 2313986 2409730 2487982 2409730 2514082 2461882 2305286 2592384 2374938 2627180 2505382 2340086 2453182 2418384 2566280 2505406 2427084 2557580 2540198 2296614 2583682 2392284 2609780 2540182 2548882 2331390 2514082 2540198 2479282 2374884 2453184 2679380 2444484 2427084 2418430 2566290 2479284 2461882 2557592 2444482 2548882 2418428 2331450 2296658 2427084 2505382 2401032 2627180 2331386 2400988 2531500 2479282]
Response/bytes (per Connection):  [3742818 3549366 3839478 3936096 3894672 4074213 3811788 3908508 3963717 3880845 3936132 3646047 4143270 3756543 3756555 4060413 4184706 4157082 3922281 4005153 3867036 3756612 3880848 3894660 4088022 3963720 3853224 3867066 3936141 3908469 4088034 3867096 4005171 4198515 4101837 3908472 3991341 3701319 3949905 4005153 3756603 3825600 3894660 3839412 3936093 4018992 4032777 3687483 4046595 4018965 3825672 3908469 3728925 4046589 4060398 3922284 3936093 3687582 3922329 3673671 4281387 3797976 3977529 3770355 4060398 3991341 3908523 4005153 3936093 3880845 3908469 4018980 3701385 3853287 3991374 3742818 3880848 3936093 4032801 4184700 3825606 4088022 3797976 4046607 3867036 3756552 3867096 4005153 3880848 4005150 4074219 3853269 4088037 4005153 4046598 3756540 3742755 3894657 3673671 3825669 3949905 3825669 3991341 3908469 3659859 4115652 3770433 4170894 3977529 3715107 3894657 3839412 4074210 3977565 3853224 4060398 4032801 3646089 4101837 3797976 4143270 4032777 4046589 3701301 3991341 4032801 3936093 3770352 3894660 4253766 3880848 3853224 3839481 4074225 3936096 3908469 4060416 3880845 4046589 3839478 3701391 3646155 3853224 3977529 3811860 4170894 3701295 3811794 4018992 3936093]
Requests Number (per Connection):  [271 257 278 285 282 295 276 283 287 281 285 264 300 272 272 294 303 301 284 290 280 272 281 282 296 287 279 280 285 283 296 280 290 304 297 283 289 268 286 290 272 277 282 278 285 291 292 267 293 291 277 283 270 293 294 284 285 267 284 266 310 275 288 273 294 289 283 290 285 281 283 291 268 279 289 271 281 285 292 303 277 296 275 293 280 272 280 290 281 290 295 279 296 290 293 272 271 282 266 277 286 277 289 283 265 298 273 302 288 269 282 278 295 288 279 294 292 264 297 275 300 292 293 268 289 292 285 273 282 308 281 279 278 295 285 283 294 281 293 278 268 264 279 288 276 302 268 276 291 285]
Requests/sec:  6026.623177083334 KB
Transfer/sec:  15594.451302083333 KB

2023-12-05 16:12:20.693640022 +0800 CST m=+13891.200947882
Running 1m0s myx-test @ https://192.168.12.127:6443/apis/apps/v1/namespaces/myx-test/statefulsets
300 connections
Requests/bytes (per Connection):  [1461456 1391812 1365710 1357058 1287482 1400570 1417950 1513764 1470220 1287536 1504920 1330928 1557220 1426670 1296236 1357168 1365738 1487596 1444166 1409262 1504962 1391966 1400616 1348468 1348448 1304968 1374568 1331064 1487658 1531024 1357010 1461504 1296210 1374482 1487508 1391848 1278870 1383180 1400510 1304898 1400542 1391808 1487510 1383110 1418048 1417908 1391832 1461408 1391810 1409208 1270170 1435308 1400510 1417964 1426742 1400544 1444008 1374520 1522380 1374538 1391968 1357168 1261470 1478946 1504940 1348468 1418066 1539706 1331068 1357120 1531020 1383110 1374410 1357162 1496318 1565806 1357150 1461564 1461536 1252612 1365806 1400510 1478966 1400666 1252662 1374440 1391810 1478836 1383236 1287504 1313590 1235358 1444008 1452712 1470108 1296268 1513606 1539706 1226512 1435308 1426628 1383268 1374520 1357010 1287410 1426752 1357168 1513746 1339768 1348310 1391968 1348310 1391808 1296270 1383266 1313512 1435308 1487586 1374410 1235212 1487508 1461556 1217914 1400508 1470266 1374410 1357134 1400510 1330912 1452718 1383228 1417938 1409266 1270074 1487562 1461408 1217900 1487664 1400508 1374410 1270064 1426746 1400610 1322280 1574504 1339658 1400604 1435398 1418066 1409244 1348468 1505066 1217896 1357010 1487508 1374536 1270012 1391810 1487666 1496224 1252770 1435308 1391810 1374408 1348448 1374410 1365710 1383164 1409266 1357010 1304934 1331070 1400666 1357074 1313568 1409220 1470266 1339650 1592062 1339764 1487506 1322368 1348324 1383110 1383180 1400606 1383266 1400526 1322256 1322368 1539864 1374408 1357080 1304904 1452708 1304838 1478806 1426608 1383110 1426608 1330910 1357142 1278868 1444026 1339748 1505064 1357168 1548406 1548406 1461546 1487508 1461566 1452866 1409210 1478902 1400594 1304810 1296182 1261400 1374408 1322260 1331020 1304844 1252710 1296268 1383268 1331070 1331070 1478808 1357014 1357088 1409210 1409366 1391808 1461552 1470244 1357034 1348314 1304970 1365850 1357168 1365780 1478806 1348310 1583346 1304928 1409326 1461450 1487666 1478966 1400530 1513608 1304970 1470126 1478806 1452708 1391968 1365710 1391870 1383266 1487506 1470170 1313512 1374408 1435386 1478916 1383110 1452708 1348468 1452708 1444008 1304888 1435448 1461526 1409358 1383112 1417982 1270012 1331068 1287410 1400540 1374410 1409210 1374542 1304968 1383266 1452866 1296230 1374536 1400554 1417910 1261370 1365788 1313668 1409366 1426766 1339610 1287534 1383110 1374568]
Response/bytes (per Connection):  [2320200 2209638 2168199 2154459 2043999 2223537 2251131 2403234 2334108 2044080 2389206 2112978 2472228 2264973 2057892 2154624 2168241 2361696 2292741 2237337 2389269 2209869 2223606 2140812 2140782 2071752 2182248 2113182 2361789 2430648 2154387 2320272 2057853 2182119 2361564 2209692 2030319 2195928 2223447 2071647 2223495 2209632 2361567 2195823 2251278 2251068 2209668 2320128 2209635 2237256 2016507 2278692 2223447 2251152 2265081 2223498 2292504 2182176 2416920 2182203 2209872 2154624 2002695 2347959 2389236 2140812 2251305 2444433 2113188 2154552 2430642 2195823 2182011 2154615 2375541 2485869 2154597 2320362 2320320 1988646 2168343 2223447 2347989 2223681 1988721 2182056 2209635 2347794 2196012 2044032 2085447 1961241 2292504 2306322 2333940 2057940 2402997 2444433 1947210 2278692 2264910 2196060 2182176 2154387 2043891 2265096 2154624 2403207 2127000 2140575 2209872 2140575 2209632 2057943 2196057 2085330 2278692 2361681 2182011 1961022 2361564 2320350 1933551 2223444 2334177 2182011 2154573 2223447 2112954 2306331 2196000 2251113 2237343 2016363 2361645 2320128 1933530 2361798 2223444 2182011 2016348 2265087 2223597 2099244 2499678 2126835 2223588 2278827 2251305 2237310 2140812 2389425 1933524 2154387 2361564 2182200 2016270 2209635 2361801 2375400 1988883 2278692 2209635 2182008 2140782 2182011 2168199 2195904 2237343 2154387 2071701 2113191 2223681 2154483 2085414 2237274 2334177 2126823 2527539 2126994 2361561 2099376 2140596 2195823 2195928 2223591 2196057 2223471 2099208 2099376 2444670 2182008 2154492 2071656 2306316 2071557 2347749 2264880 2195823 2264880 2112951 2154585 2030316 2292531 2126970 2389422 2154624 2458245 2458245 2320335 2361564 2320365 2306553 2237259 2347893 2223573 2071515 2057811 2002590 2182008 2099214 2113116 2071566 1988793 2057940 2196060 2113191 2113191 2347752 2154393 2154504 2237259 2237493 2209632 2320344 2334144 2154423 2140581 2071755 2168409 2154624 2168304 2347749 2140575 2513703 2071692 2237433 2320191 2361801 2347989 2223477 2403000 2071755 2333967 2347749 2306316 2209872 2168199 2209725 2196057 2361561 2334033 2085330 2182008 2278809 2347914 2195823 2306316 2140812 2306316 2292504 2071632 2278902 2320305 2237481 2195826 2251179 2016270 2113188 2043891 2223492 2182011 2237259 2182209 2071752 2196057 2306553 2057883 2182200 2223513 2251071 2002545 2168316 2085564 2237493 2265117 2126763 2044077 2195823 2182248]
Requests Number (per Connection):  [168 160 157 156 148 161 163 174 169 148 173 153 179 164 149 156 157 171 166 162 173 160 161 155 155 150 158 153 171 176 156 168 149 158 171 160 147 159 161 150 161 160 171 159 163 163 160 168 160 162 146 165 161 163 164 161 166 158 175 158 160 156 145 170 173 155 163 177 153 156 176 159 158 156 172 180 156 168 168 144 157 161 170 161 144 158 160 170 159 148 151 142 166 167 169 149 174 177 141 165 164 159 158 156 148 164 156 174 154 155 160 155 160 149 159 151 165 171 158 142 171 168 140 161 169 158 156 161 153 167 159 163 162 146 171 168 140 171 161 158 146 164 161 152 181 154 161 165 163 162 155 173 140 156 171 158 146 160 171 172 144 165 160 158 155 158 157 159 162 156 150 153 161 156 151 162 169 154 183 154 171 152 155 159 159 161 159 161 152 152 177 158 156 150 167 150 170 164 159 164 153 156 147 166 154 173 156 178 178 168 171 168 167 162 170 161 150 149 145 158 152 153 150 144 149 159 153 153 170 156 156 162 162 160 168 169 156 155 150 157 156 157 170 155 182 150 162 168 171 170 161 174 150 169 170 167 160 157 160 159 171 169 151 158 165 170 159 167 155 167 166 150 165 168 162 159 163 146 153 148 161 158 162 158 150 159 167 149 158 161 163 145 157 151 162 164 154 148 159 158]
Requests/sec:  6799.97802734375 KB
Transfer/sec:  17595.580029296874 KB

