2023-12-01 17:05:55.822873105 +0800 CST m=+2486.583714084
Running 1m0s myx-test @ https://192.168.12.127:6443/api/v1/namespaces/myx-test/configmaps
3 connections
Requests/bytes (per Connection):  [22037601 22990060 19049250]
Response/bytes (per Connection):  [30722493 32050312 26556450]
Requests Number (per Connection):  [3702 3862 3200]
Requests/sec:  1042.9184733072916 KB
Transfer/sec:  2496.845149739583 KB

2023-12-01 17:08:06.469833574 +0800 CST m=+2617.230674549
Running 1m0s myx-test @ https://192.168.12.127:6443/api/v1/namespaces/myx-test/configmaps
6 connections
Requests/bytes (per Connection):  [31419353 30520465 31669375 28990573 29252500 30657383]
Response/bytes (per Connection):  [43801541 42548407 44150095 40415593 40780744 42739283]
Requests Number (per Connection):  [5278 5127 5320 4870 4914 5150]
Requests/sec:  2970.5346516927084 KB
Transfer/sec:  7111.740104166666 KB

2023-12-01 17:10:17.145806828 +0800 CST m=+2747.906647803
Running 1m0s myx-test @ https://192.168.12.127:6443/api/v1/namespaces/myx-test/configmaps
9 connections
Requests/bytes (per Connection):  [25668860 25621240 25609333 25531947 24269932 23990147 25686721 23888948 25746250]
Response/bytes (per Connection):  [35784812 35718424 35701825 35593941 33834574 33444527 35809711 33303446 35892700]
Requests Number (per Connection):  [4312 4304 4302 4289 4077 4030 4315 4013 4325]
Requests/sec:  3678.6031575520833 KB
Transfer/sec:  8806.922819010417 KB

2023-12-01 17:12:27.809774311 +0800 CST m=+2878.570615284
Running 1m0s myx-test @ https://192.168.12.127:6443/api/v1/namespaces/myx-test/configmaps
15 connections
Requests/bytes (per Connection):  [17245523 18364663 18430145 17382437 17180043 18120594 18346806 18317042 18084879 17965822 18287278 17275287 18174172 17316955 18483723]
Response/bytes (per Connection):  [24041885 25602073 25693361 24232757 23950599 25261818 25577178 25535684 25212027 25046050 25494190 24083379 25336510 24141469 25768053]
Requests Number (per Connection):  [2897 3085 3096 2920 2886 3044 3082 3077 3038 3018 3072 2902 3053 2909 3105]
Requests/sec:  4377.854313151041 KB
Transfer/sec:  10480.996126302083 KB

2023-12-01 17:14:38.451377885 +0800 CST m=+3009.212218858
Running 1m0s myx-test @ https://192.168.12.127:6443/api/v1/namespaces/myx-test/configmaps
30 connections
Requests/bytes (per Connection):  [8893616 8786467 9221026 8947194 8976958 9101969 8840041 9018626 9131733 9054344 8631692 8947193 9072204 8512633 9119826 9048391 8893619 8994815 8887663 8744797 9113877 8578115 8601927 9090064 9185310 8738842 8661456 8613833 9125781 9006721]
Response/bytes (per Connection):  [12398540 12249163 12854980 12473232 12514726 12689003 12323851 12572816 12730497 12622610 12033392 12473231 12647508 11867413 12713898 12614311 12398543 12539621 12390241 12191071 12705603 11958701 11991897 12672406 12805188 12182770 12074886 12008495 12722199 12556219]
Requests Number (per Connection):  [1494 1476 1549 1503 1508 1529 1485 1515 1534 1521 1450 1503 1524 1430 1532 1520 1494 1511 1493 1469 1531 1441 1445 1527 1543 1468 1455 1447 1533 1513]
Requests/sec:  4354.504117838542 KB
Transfer/sec:  10425.093489583332 KB

2023-12-01 17:16:49.221400883 +0800 CST m=+3139.982241875
Running 1m0s myx-test @ https://192.168.12.127:6443/api/v1/namespaces/myx-test/configmaps
60 connections
Requests/bytes (per Connection):  [5548094 5619529 5440943 5399273 5708821 5262354 5536186 5679056 5446895 5655246 5268308 5333789 5476659 5387363 5315931 5536187 5488565 5399269 5369506 5470707 5446893 5286166 5184966 5190919 5470706 5512377 5357603 5387366 5333789 5554047 5571905 5607621 5524283 5268307 5292119 5607621 5506422 5607621 5381415 5434987 5333789 5583812 5595715 5363554 5530237 5363554 5286166 5506422 5470706 5500471 5524280 5327836 5530235 5333789 5464752 5494516 5476660 5560000 5309975 5423083]
Response/bytes (per Connection):  [7734566 7834153 7585187 7527095 7958635 7336218 7717966 7917140 7593485 7883946 7344518 7435805 7634979 7510493 7410909 7717967 7651577 7527091 7485598 7626681 7593483 7369414 7228332 7236631 7626680 7684773 7469003 7510496 7435805 7742865 7767761 7817553 7701371 7344517 7377713 7817553 7676472 7817553 7502199 7576885 7435805 7784360 7800955 7477300 7709671 7477300 7369414 7676472 7626680 7668175 7701368 7427506 7709669 7435805 7618380 7659874 7634980 7751164 7402607 7560289]
Requests Number (per Connection):  [932 944 914 907 959 884 930 954 915 950 885 896 920 905 893 930 922 907 902 919 915 888 871 872 919 926 900 905 896 933 936 942 928 885 889 942 925 942 904 913 896 938 940 901 929 901 888 925 919 924 928 895 929 896 918 923 920 934 892 911]
Requests/sec:  5319.813899739584 KB
Transfer/sec:  12736.136197916667 KB

2023-12-01 17:18:59.927061788 +0800 CST m=+3270.687902764
Running 1m0s myx-test @ https://192.168.12.127:6443/api/v1/namespaces/myx-test/configmaps
90 connections
Requests/bytes (per Connection):  [4024155 4065825 3887236 3875333 4196785 3815803 3797943 3827707 3893190 3934861 3875332 4119400 3857472 4018200 3881285 4030104 3857472 4113447 3678885 4024155 3928909 3934862 3845568 3952718 3917003 3643169 4018201 3994388 3917001 3976531 3887236 3815803 4059870 3887236 3845566 3809849 4089638 3893189 3845567 4030105 4137258 4131305 3946766 4042014 3911050 3994389 4018201 4036059 3928907 3887236 4012250 3988438 3809851 3952720 3905097 3732464 3875332 4036059 4000344 3994389 4006295 4053918 3875331 3946767 3786039 4030106 3994389 3815802 4244410 3994390 3988438 3750320 4006295 3946767 3774131 3940812 4101541 3881287 3899142 4006294 3976530 4161072 3875331 4113447 4131306 4024156 3815801 3917001 4006295 3851518]
Response/bytes (per Connection):  [5610051 5668143 5419174 5402579 5850715 5319589 5294691 5336185 5427474 5485567 5402578 5742832 5377680 5601750 5410877 5618346 5377680 5734533 5128713 5610051 5477269 5485568 5361084 5510462 5460671 5078921 5601751 5568554 5460669 5543659 5419174 5319589 5659842 5419174 5361082 5311289 5701340 5427473 5361083 5618347 5767728 5759429 5502164 5634948 5452372 5568555 5601751 5626647 5477267 5419174 5593454 5560258 5311291 5510464 5444073 5203406 5402578 5626647 5576856 5568555 5585153 5651544 5402577 5502165 5278095 5618348 5568555 5319588 5917108 5568556 5560258 5228300 5585153 5502165 5261495 5493864 5717935 5410879 5435772 5585152 5543658 5800926 5402577 5734533 5759430 5610052 5319587 5460669 5585153 5369380]
Requests Number (per Connection):  [676 683 653 651 705 641 638 643 654 661 651 692 648 675 652 677 648 691 618 676 660 661 646 664 658 612 675 671 658 668 653 641 682 653 646 640 687 654 646 677 695 694 663 679 657 671 675 678 660 653 674 670 640 664 656 627 651 678 672 671 673 681 651 663 636 677 671 641 713 671 670 630 673 663 634 662 689 652 655 673 668 699 651 691 694 676 641 658 673 647]
Requests/sec:  5783.236637369791 KB
Transfer/sec:  13845.613802083333 KB

2023-12-01 17:21:10.61302778 +0800 CST m=+3401.373868756
Running 1m0s myx-test @ https://192.168.12.127:6443/api/v1/namespaces/myx-test/configmaps
150 connections
Requests/bytes (per Connection):  [2524024 2381156 2404966 2452591 2297817 2446638 2464499 2452591 2357344 2482356 2410921 2351394 2410922 2500214 2363295 2428780 2440685 2529977 2434730 2500214 2393060 2309721 2393064 2315674 2428780 2708566 2416875 2363298 2279957 2452591 2512118 2524024 2446636 2268053 2476402 2357344 2399016 2500212 2345439 2416875 2440687 2416874 2488308 2381154 2422828 2553790 2452593 2571649 2399015 2589508 2476401 2422824 2410920 2315674 2464497 2470451 2559743 2619272 2506165 2482353 2506165 2315672 2470450 2488307 2387111 2339486 2434730 2464498 2404969 2315676 2440685 2458542 2452593 2315674 2410922 2381154 2488308 2315674 2535932 2434730 2488306 2476403 2351389 2482355 2518073 2559746 2315674 2446640 2416871 2440683 2399015 2524026 2369251 2476402 2428777 2393061 2339485 2547835 2446636 2452591 2464494 2488308 2375204 2524026 2524026 2434732 2434732 2512118 2381158 2678801 2315674 2410922 2500213 2440685 2482358 2274003 2565696 2321628 2613317 2488308 2428779 2518073 2357343 2345438 2428779 2440685 2387109 2595461 2416871 2416873 2553789 2327581 2506169 2524024 2428780 2494259 2476402 2399014 2488309 2452593 2291864 2410921 2500212 2410922 2333533 2387111 2393060 2452591 2321629 2434732]
Response/bytes (per Connection):  [3518728 3319556 3352750 3419143 3203373 3410844 3435743 3419143 3286360 3460638 3361051 3278064 3361052 3485534 3294657 3385948 3402545 3527027 3394244 3485534 3336152 3219969 3336156 3228268 3385948 3775996 3369351 3294660 3178475 3419143 3502130 3518728 3410842 3161879 3452338 3286360 3344454 3485532 3269763 3369351 3402547 3369350 3468936 3319554 3377650 3560224 3419145 3585121 3344453 3610018 3452337 3377646 3361050 3228268 3435741 3444041 3568523 3651512 3493831 3460635 3493831 3228266 3444040 3468935 3327857 3261464 3394244 3435742 3352753 3228270 3402545 3427440 3419145 3228268 3361052 3319554 3468936 3228268 3535328 3394244 3468934 3452339 3278059 3460637 3510431 3568526 3228268 3410846 3369347 3402543 3344453 3518730 3302959 3452338 3385945 3336153 3261463 3551923 3410842 3419143 3435738 3468936 3311258 3518730 3518730 3394246 3394246 3502130 3319558 3734501 3228268 3361052 3485533 3402545 3460640 3170175 3576822 3236568 3643211 3468936 3385947 3510431 3286359 3269762 3385947 3402545 3327855 3618317 3369347 3369349 3560223 3244867 3493835 3518728 3385948 3477233 3452338 3344452 3468937 3419145 3195074 3361051 3485532 3361052 3253165 3327857 3336152 3419143 3236569 3394246]
Requests Number (per Connection):  [424 400 404 412 386 411 414 412 396 417 405 395 405 420 397 408 410 425 409 420 402 388 402 389 408 455 406 397 383 412 422 424 411 381 416 396 403 420 394 406 410 406 418 400 407 429 412 432 403 435 416 407 405 389 414 415 430 440 421 417 421 389 415 418 401 393 409 414 404 389 410 413 412 389 405 400 418 389 426 409 418 416 395 417 423 430 389 411 406 410 403 424 398 416 408 402 393 428 411 412 414 418 399 424 424 409 409 422 400 450 389 405 420 410 417 382 431 390 439 418 408 423 396 394 408 410 401 436 406 406 429 391 421 424 408 419 416 403 418 412 385 405 420 405 392 401 402 412 390 409]
Requests/sec:  5953.374527994792 KB
Transfer/sec:  14252.939973958333 KB

2023-12-01 17:23:21.368406934 +0800 CST m=+3532.129247927
Running 1m0s myx-test @ https://192.168.12.127:6443/api/v1/namespaces/myx-test/configmaps
300 connections
Requests/bytes (per Connection):  [1428694 1404880 1387024 1470365 1452506 1619184 1512035 1428694 1559659 1464412 1470365 1571562 1565609 1500128 1523940 1512035 1654905 1571564 1583468 1595374 1452506 1595374 1452505 1637046 1506078 1523939 1648952 1482267 1458455 1488223 1446553 1494174 1773963 1583468 1416786 1494177 1476318 1517988 1512033 1440596 1559657 1458459 1494176 1553702 1434647 1488223 1523941 1452506 1500130 1523939 1464411 1375116 1577516 1464411 1559655 1392975 1613234 1529892 1512035 1553703 1392977 1506082 1517988 1470364 1512036 1494176 1523941 1500125 1565611 1601325 1559658 1428694 1500127 1464412 1517988 1642995 1452506 1559656 1523941 1607282 1631093 1410834 1470365 1648952 1458459 1410834 1583468 1517984 1452506 1440600 1488224 1404883 1506080 1631094 1482267 1529892 1404882 1571562 1666809 1535847 1512035 1529894 1523941 1452506 1500129 1517988 1512035 1541797 1607279 1589422 1500127 1428694 1648950 1470365 1642997 1452506 1648950 1506081 1529892 1529894 1523939 1523941 1506083 1464410 1547752 1642998 1440598 1523941 1619187 1476317 1422740 1553706 1541796 1488223 1500127 1500127 1506080 1619188 1529894 1517988 1494177 1446553 1541799 1506080 1440600 1446553 1506083 1470362 1559657 1494175 1601328 1535844 1583470 1512033 1434647 1607282 1595376 1488224 1595374 1470365 1577517 1637046 1523941 1422742 1416789 1595376 1547753 1464412 1458457 1476318 1428693 1488223 1619183 1523941 1577517 1589421 1523939 1476318 1523941 1660856 1613235 1488222 1476318 1565607 1648952 1529893 1422742 1583468 1529894 1428692 1470363 1565609 1446553 1476318 1398929 1464412 1512035 1500127 1392977 1363210 1410836 1381071 1488223 1559656 1595376 1607280 1535847 1512033 1500126 1583468 1565609 1494176 1517988 1512035 1583470 1488224 1619188 1488222 1601327 1464412 1583468 1523941 1446553 1625141 1500128 1464412 1506080 1535846 1571562 1452504 1482267 1583468 1494175 1416788 1506082 1494174 1375119 1398930 1547748 1517988 1619185 1589423 1571564 1601329 1708479 1464412 1625138 1577517 1619185 1589423 1619187 1404881 1321542 1565610 1494174 1571564 1553705 1446554 1607282 1565611 1565611 1517986 1517984 1363210 1500125 1512035 1678712 1500126 1410835 1488220 1559659 1512036 1678715 1381071 1541798 1470361 1529890 1488223 1696574 1613235 1470365 1625137 1482271 1458457 1571563 1517988 1470364 1595374 1559658 1529892 1494176 1369165 1363212 1517986 1595374 1559658 1506082 1541800 1547753 1464411]
Response/bytes (per Connection):  [1991734 1958536 1933642 2049827 2024930 2257296 2107919 1991734 2174311 2041528 2049827 2190906 2182607 2091320 2124516 2107919 2307093 2190908 2207504 2224102 2024930 2224102 2024929 2282196 2099616 2124515 2298794 2066421 2033225 2074723 2016631 2083020 2473071 2207504 1975134 2083023 2058126 2116218 2107917 2008328 2174309 2033229 2083022 2166008 2000033 2074723 2124517 2024930 2091322 2124515 2041527 1917042 2199206 2041527 2174307 1941939 2249000 2132814 2107919 2166009 1941941 2099620 2116218 2049826 2107920 2083022 2124517 2091317 2182609 2232399 2174310 1991734 2091319 2041528 2116218 2290491 2024930 2174308 2124517 2240702 2273897 1966836 2049827 2298794 2033229 1966836 2207504 2116214 2024930 2008332 2074724 1958539 2099618 2273898 2066421 2132814 1958538 2190906 2323689 2141115 2107919 2132816 2124517 2024930 2091321 2116218 2107919 2149411 2240699 2215804 2091319 1991734 2298792 2049827 2290493 2024930 2298792 2099619 2132814 2132816 2124515 2124517 2099621 2041526 2157712 2290494 2008330 2124517 2257299 2058125 1983434 2166012 2149410 2074723 2091319 2091319 2099618 2257300 2132816 2116218 2083023 2016631 2149413 2099618 2008332 2016631 2099621 2049824 2174309 2083021 2232402 2141112 2207506 2107917 2000033 2240702 2224104 2074724 2224102 2049827 2199207 2282196 2124517 1983436 1975137 2224104 2157713 2041528 2033227 2058126 1991733 2074723 2257295 2124517 2199207 2215803 2124515 2058126 2124517 2315390 2249001 2074722 2058126 2182605 2298794 2132815 1983436 2207504 2132816 1991732 2049825 2182607 2016631 2058126 1950239 2041528 2107919 2091319 1941941 1900444 1966838 1925343 2074723 2174308 2224104 2240700 2141115 2107917 2091318 2207504 2182607 2083022 2116218 2107919 2207506 2074724 2257300 2074722 2232401 2041528 2207504 2124517 2016631 2265599 2091320 2041528 2099618 2141114 2190906 2024928 2066421 2207504 2083021 1975136 2099620 2083020 1917045 1950240 2157708 2116218 2257297 2215805 2190908 2232403 2381781 2041528 2265596 2199207 2257297 2215805 2257299 1958537 1842354 2182608 2083020 2190908 2166011 2016632 2240702 2182609 2182609 2116216 2116214 1900444 2091317 2107919 2340284 2091318 1966837 2074720 2174311 2107920 2340287 1925343 2149412 2049823 2132812 2074723 2365184 2249001 2049827 2265595 2066425 2033227 2190907 2116218 2049826 2224102 2174310 2132814 2083022 1908745 1900446 2116216 2224102 2174310 2099620 2149414 2157713 2041527]
Requests Number (per Connection):  [240 236 233 247 244 272 254 240 262 246 247 264 263 252 256 254 278 264 266 268 244 268 244 275 253 256 277 249 245 250 243 251 298 266 238 251 248 255 254 242 262 245 251 261 241 250 256 244 252 256 246 231 265 246 262 234 271 257 254 261 234 253 255 247 254 251 256 252 263 269 262 240 252 246 255 276 244 262 256 270 274 237 247 277 245 237 266 255 244 242 250 236 253 274 249 257 236 264 280 258 254 257 256 244 252 255 254 259 270 267 252 240 277 247 276 244 277 253 257 257 256 256 253 246 260 276 242 256 272 248 239 261 259 250 252 252 253 272 257 255 251 243 259 253 242 243 253 247 262 251 269 258 266 254 241 270 268 250 268 247 265 275 256 239 238 268 260 246 245 248 240 250 272 256 265 267 256 248 256 279 271 250 248 263 277 257 239 266 257 240 247 263 243 248 235 246 254 252 234 229 237 232 250 262 268 270 258 254 252 266 263 251 255 254 266 250 272 250 269 246 266 256 243 273 252 246 253 258 264 244 249 266 251 238 253 251 231 235 260 255 272 267 264 269 287 246 273 265 272 267 272 236 222 263 251 264 261 243 270 263 263 255 255 229 252 254 282 252 237 250 262 254 282 232 259 247 257 250 285 271 247 273 249 245 264 255 247 268 262 257 251 230 229 255 268 262 253 259 260 246]
Requests/sec:  7414.565218098958 KB
Transfer/sec:  17751.168131510418 KB

