2023-12-03 01:39:51.080224693 +0800 CST m=+22346.358160066
Running 1m0s myx-test @ https://192.168.12.127:6443/apis/apps/v1/namespaces/myx-test/controllerrevisions
3 connections
Requests/bytes (per Connection):  [34030950 33911411 32249912]
Response/bytes (per Connection):  [47275194 47109135 44801008]
Requests Number (per Connection):  [5694 5674 5396]
Requests/sec:  1630.7336100260416 KB
Transfer/sec:  3896.1199544270835 KB

2023-12-03 01:41:31.295297607 +0800 CST m=+22446.573232989
Running 1m0s myx-test @ https://192.168.12.127:6443/apis/apps/v1/namespaces/myx-test/controllerrevisions
6 connections
Requests/bytes (per Connection):  [22454204 22549805 21964148 22053731 22860602 22914417]
Response/bytes (per Connection):  [31192986 31325803 30512198 30636671 31757552 31832301]
Requests Number (per Connection):  [3757 3773 3675 3690 3825 3834]
Requests/sec:  2193.9600748697917 KB
Transfer/sec:  5241.771126302084 KB

2023-12-03 01:43:11.521677636 +0800 CST m=+22546.799613021
Running 1m0s myx-test @ https://192.168.12.127:6443/apis/apps/v1/namespaces/myx-test/controllerrevisions
9 connections
Requests/bytes (per Connection):  [17523470 18336330 18951949 17499563 18760643 18449851 18856240 17804385 18330351]
Response/bytes (per Connection):  [24343302 25472498 26327695 24310091 26061957 25630213 26194770 24733539 25464193]
Requests Number (per Connection):  [2932 3068 3171 2928 3139 3087 3155 2979 3067]
Requests/sec:  2677.61689453125 KB
Transfer/sec:  6397.315104166667 KB

2023-12-03 01:44:51.872799077 +0800 CST m=+22647.150734453
Running 1m0s myx-test @ https://192.168.12.127:6443/apis/apps/v1/namespaces/myx-test/controllerrevisions
15 connections
Requests/bytes (per Connection):  [12586792 12999196 12933450 12664491 11929347 11863588 12544953 12772076 13094823 12969311 12497138 12927475 11983202 11869564 11947288]
Response/bytes (per Connection):  [17485348 18058246 17966914 17593285 16572043 16480698 17427227 17742738 18191089 18016731 17360804 17958613 16646832 16489000 16596962]
Requests Number (per Connection):  [2106 2175 2164 2119 1996 1985 2099 2137 2191 2170 2091 2163 2005 1986 1999]
Requests/sec:  3053.1037434895834 KB
Transfer/sec:  7294.420963541666 KB

2023-12-03 01:46:32.094971856 +0800 CST m=+22747.372907232
Running 1m0s myx-test @ https://192.168.12.127:6443/apis/apps/v1/namespaces/myx-test/controllerrevisions
30 connections
Requests/bytes (per Connection):  [6783463 7106214 6807396 7291499 7213792 7106214 7195864 7225753 7231729 7273568 6687841 7154030 7118170 7028514 6795417 6693807 7201844 7076329 6819322 6729675 7142076 6783507 7261599 7112191 6843239 7058398 7082320 7040468 7058417 6801392]
Response/bytes (per Connection):  [9423473 9871828 9456710 10129219 10021274 9871828 9996368 10037887 10046189 10104310 9290635 9938252 9888436 9763890 9440079 9298927 10004674 9830313 9473288 9348751 9921646 9423517 10087689 9880131 9506509 9805404 9838630 9780496 9805423 9448380]
Requests Number (per Connection):  [1135 1189 1139 1220 1207 1189 1204 1209 1210 1217 1119 1197 1191 1176 1137 1120 1205 1184 1141 1126 1195 1135 1215 1190 1145 1181 1185 1178 1181 1138]
Requests/sec:  3429.753385416667 KB
Transfer/sec:  8194.306705729166 KB

2023-12-03 01:48:12.392920619 +0800 CST m=+22847.670856001
Running 1m0s myx-test @ https://192.168.12.127:6443/apis/apps/v1/namespaces/myx-test/controllerrevisions
60 connections
Requests/bytes (per Connection):  [3992410 4040224 4207514 4177624 4135790 4105904 4147810 4058140 4064057 4249373 4070105 4076086 4159761 4285276 4094016 4237461 4082063 4291247 4153787 4058105 4058145 4016315 4088039 4076087 4058088 4087978 4070108 4195577 4058153 4022232 4064131 4219455 4076075 4105971 4159762 3950532 3992410 4147807 4105967 4297230 3950536 4153756 4147797 3980454 4273323 3962480 4219467 4117923 4249371 4135827 4123890 3878798 4177641 3974441 3974478 4034248 4249374 3890802 3992410 4147807]
Response/bytes (per Connection):  [5546178 5612600 5845018 5803498 5745382 5703866 5762054 5637494 5645737 5903159 5654111 5662418 5778657 5953018 5687326 5886595 5670721 5961315 5770357 5637459 5637499 5579387 5679023 5662419 5637442 5678962 5654114 5828429 5637507 5587630 5645811 5861611 5662407 5703933 5778658 5488018 5546178 5762051 5703929 5969624 5488022 5770326 5762041 5529570 5936413 5504618 5861623 5720537 5903157 5745419 5728830 5388372 5803515 5521231 5521268 5604298 5903160 5405028 5546178 5762051]
Requests Number (per Connection):  [668 676 704 699 692 687 694 679 680 711 681 682 696 717 685 709 683 718 695 679 679 672 684 682 679 684 681 702 679 673 680 706 682 687 696 661 668 694 687 719 661 695 694 666 715 663 706 689 711 692 690 649 699 665 665 675 711 651 668 694]
Requests/sec:  4006.6998372395833 KB
Transfer/sec:  9572.73583984375 KB

2023-12-03 01:49:53.029386787 +0800 CST m=+22948.307322162
Running 1m0s myx-test @ https://192.168.12.127:6443/apis/apps/v1/namespaces/myx-test/controllerrevisions
90 connections
Requests/bytes (per Connection):  [2659635 2940475 2713353 2850893 2755191 2731284 2623716 2683548 2761169 2659640 2779099 2832941 2743317 2731284 2701465 2868766 2689477 2826916 2898705 2689451 2761168 2773127 2791082 2749215 2755271 2773172 2928561 2797096 2677493 2743273 2814969 2755199 2725307 2611799 2821017 2731339 2791132 2677492 2821012 2749230 2689524 2737281 2731284 2773162 2838878 2671527 2785105 2713419 2725367 2695450 2707426 2844857 2713353 2880712 2844845 2731295 2814960 2874798 2820938 2874730 2599850 2719330 2910670 2731289 2856878 2707377 2707455 2826921 2695501 2838894 2677492 2856830 2647686 2725316 2701453 2850822 2683468 2767145 2814961 2689517 2749245 2725307 2904630 2671529 2874729 2761188 2779124 2623761 2904693 2713368]
Response/bytes (per Connection):  [3694705 4084867 3769357 3960395 3827477 3794266 3644830 3727922 3835781 3694710 3860689 3935465 3810951 3794266 3752817 3985246 3736177 3927114 4026815 3736151 3835780 3852391 3877324 3819175 3827557 3852436 4068301 3885664 3719541 3810907 3910515 3827485 3785963 3628261 3918889 3794321 3877374 3719540 3918884 3819190 3736224 3802589 3794266 3852426 3943728 3711249 3869021 3769423 3786023 3744476 3761104 3952033 3769357 4001844 3952021 3794277 3910506 3993604 3918810 3993536 3611660 3777660 4043432 3794271 3968706 3761055 3761133 3927119 3744527 3943744 3719540 3968658 3678104 3785972 3752805 3960324 3727842 3844083 3910507 3736217 3819205 3785963 4035066 3711251 3993535 3835800 3860714 3644875 4035129 3769372]
Requests Number (per Connection):  [445 492 454 477 461 457 439 449 462 445 465 474 459 457 452 480 450 473 485 450 462 464 467 460 461 464 490 468 448 459 471 461 456 437 472 457 467 448 472 460 450 458 457 464 475 447 466 454 456 451 453 476 454 482 476 457 471 481 472 481 435 455 487 457 478 453 453 473 451 475 448 478 443 456 452 477 449 463 471 450 460 456 486 447 481 462 465 439 486 454]
Requests/sec:  4045.794580078125 KB
Transfer/sec:  9666.144270833332 KB

2023-12-03 01:51:33.298964709 +0800 CST m=+23048.576900093
Running 1m0s myx-test @ https://192.168.12.127:6443/apis/apps/v1/namespaces/myx-test/controllerrevisions
150 connections
Requests/bytes (per Connection):  [2044020 1888621 1918505 2002170 1870689 2044020 2014099 2026090 1846782 1942396 1840805 2067899 1978274 1990228 2073905 1924482 1876665 2055930 1936436 2097811 2032066 1894597 1888605 1894598 1852759 1870690 1900574 1948390 1924482 1822874 2020113 1804943 1882644 1852760 2002182 2014136 1906535 1888621 1870688 1966320 2049997 1948387 1924482 1864701 1781036 1846777 1942413 1960332 1918505 1876667 1852759 1769085 1882644 1900574 2008123 1990206 1984251 1906532 2139650 1876660 1948390 1930459 1936429 1948389 1846773 2026076 1924482 1942413 1834821 1846780 1942412 1912522 1840806 1996205 1954365 2043982 2103790 1918505 1912508 2121720 1894597 1996205 1954366 2014136 1918505 2026051 1924482 2061951 1960343 1894597 1966320 1816897 1864701 1966320 1954367 1990228 1954339 1966291 1984223 1894597 1918484 1918493 1798967 1960343 2085809 1942404 1864713 1894580 1954367 2032056 1894580 2020075 2032031 1948389 1942413 1870690 1996205 1954366 2038043 2002182 1924460 1858736 1972298 2002179 1930453 1918505 1804944 1787013 1846774 1882627 1924482 1960343 1972289 1852759 2020111 1942412 2002182 1990194 1870689 1894597 1966312 1876667 2008159 2026089 1930459 2109713 2014099 1954367 1954367 1918505]
Response/bytes (per Connection):  [2839512 2623637 2665151 2781380 2598727 2839512 2797961 2814604 2565516 2698346 2557213 2872695 2748180 2764786 2881027 2673454 2607029 2856074 2690060 2914237 2822906 2631939 2623621 2631940 2573819 2598728 2640242 2706666 2673454 2532304 2806301 2507395 2615334 2573820 2781392 2797998 2648529 2623637 2598726 2731574 2847815 2706663 2673454 2590413 2474184 2565511 2698363 2723260 2665151 2607031 2573819 2457581 2615334 2640242 2789659 2764764 2756483 2648526 2972358 2607024 2706666 2681757 2690053 2706665 2565507 2814590 2673454 2698363 2548903 2565514 2698362 2656842 2557214 2773089 2714967 2839474 2922542 2665151 2656828 2947450 2631939 2773089 2714968 2797998 2665151 2814565 2673454 2864421 2723271 2631939 2731574 2524001 2590413 2731574 2714969 2764786 2714941 2731545 2756455 2631939 2665130 2665139 2499093 2723271 2897583 2698354 2590425 2631922 2714969 2822896 2631922 2806263 2822871 2706665 2698363 2598728 2773089 2714968 2831209 2781392 2673432 2582122 2739878 2781389 2681751 2665151 2507396 2482487 2565508 2615317 2673454 2723271 2739869 2573819 2806299 2698362 2781392 2764752 2598727 2631939 2731566 2607031 2789695 2814603 2681757 2930791 2797961 2714969 2714969 2665151]
Requests Number (per Connection):  [342 316 321 335 313 342 337 339 309 325 308 346 331 333 347 322 314 344 324 351 340 317 316 317 310 313 318 326 322 305 338 302 315 310 335 337 319 316 313 329 343 326 322 312 298 309 325 328 321 314 310 296 315 318 336 333 332 319 358 314 326 323 324 326 309 339 322 325 307 309 325 320 308 334 327 342 352 321 320 355 317 334 327 337 321 339 322 345 328 317 329 304 312 329 327 333 327 329 332 317 321 321 301 328 349 325 312 317 327 340 317 338 340 326 325 313 334 327 341 335 322 311 330 335 323 321 302 299 309 315 322 328 330 310 338 325 335 333 313 317 329 314 336 339 323 353 337 327 327 321]
Requests/sec:  4739.965852864583 KB
Transfer/sec:  11324.642024739584 KB

2023-12-03 01:53:14.11489441 +0800 CST m=+23149.392829785
Running 1m0s myx-test @ https://192.168.12.127:6443/apis/apps/v1/namespaces/myx-test/controllerrevisions
300 connections
Requests/bytes (per Connection):  [1225232 1219275 1338747 1129634 1261116 1231214 1320816 1159440 1183358 1171393 1231225 1249140 1183345 1189324 1183426 1147506 1195299 1296969 1129634 1261115 1225228 1195326 1255068 1261046 1201328 1267024 1338745 1261045 1243116 1141509 1249169 1278978 1231225 1237146 1243184 1398516 1183345 1237140 1117601 1189322 1183361 1243117 1279057 1207319 1177371 1237205 1231163 1207334 1213311 1278976 1213309 1207281 1344753 1249091 1255070 1326792 1045918 1320814 1195380 1201326 1201278 1267095 1135582 1237218 1213230 1153542 1189325 1314837 1231223 1278977 1296908 1255070 1165469 1267022 1243116 1243142 1308939 1201289 1081789 1111648 1099698 1440354 1201296 1159440 1189365 1183347 1267076 1278976 1278976 1231163 1225213 1243129 1332769 1219280 1249139 1302903 1237201 1249158 1201278 1290978 1153460 1135532 1261047 1099722 1255114 1273013 1177371 1183371 1147496 1261080 1147532 1249158 1261047 1267056 1308893 1219257 1147486 1201299 1344793 1267073 1183347 1159440 1159450 1243116 1129555 1308861 1219228 1237139 1171451 1368629 1314914 1159439 1219208 1284952 1231242 1111704 1153463 1165432 1273044 1177413 1141528 1183361 1159440 1135533 1225212 1183354 1105678 1105698 1290955 1123578 1237139 1177449 1183372 1081740 1195301 1273000 1219231 1141509 1237140 1249094 1231161 1207294 1153480 1201278 1183347 1213232 1201278 1320853 1296933 1207323 1153463 1219206 1219209 1225236 1243117 1308861 1237200 1302954 1201309 1171394 1177381 1213302 1255070 1302957 1261045 1249165 1320847 1237137 1308896 1237174 1183347 1267103 1165417 1267024 1177389 1189403 1231216 1207259 1332816 1183398 1231225 1320835 1255071 1284952 1159440 1255070 1153463 1129601 1213232 1225244 1177370 1284960 1213290 1219235 1237186 1314917 1177370 1273001 1147565 1255070 1231161 1249093 1225186 1255089 1296956 1320814 1243179 1213300 1255070 1213292 1255123 1314907 1201305 1207302 1213231 1213232 1123618 1296906 1243116 1267022 1273001 1183347 1165473 1207298 1273056 1201278 1201307 1237139 1356738 1219222 1123578 1147564 1261071 1308908 1356677 1195301 1279050 1267024 1099670 1261047 1338744 1273064 1284954 1261047 1243145 1308908 1171472 1171453 1296920 1308862 1255070 1219209 1159486 1141509 1165417 1249091 1219221 1446367 1195312 1237187 1368632 1183413 1189386 1249093 1153475 1177373 1273074 1141588 1326863 1135532 1195318 1171394 1207296 1278978 1278976 1273055 1320878 1273001 1141550 1213229]
Response/bytes (per Connection):  [1702062 1693779 1859771 1569248 1751902 1710370 1834862 1610684 1643906 1627289 1710381 1735274 1643893 1652198 1643974 1594098 1660499 1801711 1569248 1751901 1702058 1660526 1743528 1751832 1668854 1760136 1859769 1751831 1726924 1585775 1735303 1776742 1710381 1718628 1726992 1942800 1643893 1718622 1552563 1652196 1643909 1726925 1776821 1677171 1635593 1718687 1710319 1677186 1685489 1776740 1685487 1677133 1868103 1735225 1743530 1843164 1452968 1834860 1660580 1668852 1668804 1760207 1577522 1718700 1685408 1602460 1652199 1826557 1710379 1776741 1801650 1743530 1619039 1760134 1726924 1726950 1818333 1668815 1502795 1544284 1527682 2000920 1668822 1610684 1652239 1643895 1760188 1776740 1776740 1710319 1702043 1726937 1851467 1693784 1735273 1809971 1718683 1735292 1668804 1793394 1602378 1577472 1751833 1527706 1743574 1768451 1635593 1643919 1594088 1751866 1594124 1735292 1751833 1760168 1818287 1693761 1594078 1668825 1868143 1760185 1643895 1610684 1610694 1726924 1569169 1818255 1693732 1718621 1627347 1901283 1826634 1610683 1693712 1785042 1710398 1544340 1602381 1619002 1768482 1635635 1585794 1643909 1610684 1577473 1702042 1643902 1535988 1536008 1793371 1560866 1718621 1635671 1643920 1502746 1660501 1768438 1693735 1585775 1718622 1735228 1710317 1677146 1602398 1668804 1643895 1685410 1668804 1834899 1801675 1677175 1602381 1693710 1693713 1702066 1726925 1818255 1718682 1810022 1668835 1627290 1635603 1685480 1743530 1810025 1751831 1735299 1834893 1718619 1818290 1718656 1643895 1760215 1618987 1760136 1635611 1652277 1710372 1677111 1851514 1643946 1710381 1834881 1743531 1785042 1610684 1743530 1602381 1569215 1685410 1702074 1635592 1785050 1685468 1693739 1718668 1826637 1635592 1768439 1594157 1743530 1710317 1735227 1702016 1743549 1801698 1834860 1726987 1685478 1743530 1685470 1743583 1826627 1668831 1677154 1685409 1685410 1560906 1801648 1726924 1760134 1768439 1643895 1619043 1677150 1768494 1668804 1668833 1718621 1884740 1693726 1560866 1594156 1751857 1818302 1884679 1660501 1776814 1760136 1527654 1751833 1859768 1768502 1785044 1751833 1726953 1818302 1627368 1627349 1801662 1818256 1743530 1693713 1610730 1585775 1618987 1735225 1693725 2009259 1660512 1718669 1901286 1643961 1652260 1735227 1602393 1635595 1768512 1585854 1843235 1577472 1660518 1627290 1677148 1776742 1776740 1768493 1834924 1768439 1585816 1685407]
Requests Number (per Connection):  [205 204 224 189 211 206 221 194 198 196 206 209 198 199 198 192 200 217 189 211 205 200 210 211 201 212 224 211 208 191 209 214 206 207 208 234 198 207 187 199 198 208 214 202 197 207 206 202 203 214 203 202 225 209 210 222 175 221 200 201 201 212 190 207 203 193 199 220 206 214 217 210 195 212 208 208 219 201 181 186 184 241 201 194 199 198 212 214 214 206 205 208 223 204 209 218 207 209 201 216 193 190 211 184 210 213 197 198 192 211 192 209 211 212 219 204 192 201 225 212 198 194 194 208 189 219 204 207 196 229 220 194 204 215 206 186 193 195 213 197 191 198 194 190 205 198 185 185 216 188 207 197 198 181 200 213 204 191 207 209 206 202 193 201 198 203 201 221 217 202 193 204 204 205 208 219 207 218 201 196 197 203 210 218 211 209 221 207 219 207 198 212 195 212 197 199 206 202 223 198 206 221 210 215 194 210 193 189 203 205 197 215 203 204 207 220 197 213 192 210 206 209 205 210 217 221 208 203 210 203 210 220 201 202 203 203 188 217 208 212 213 198 195 202 213 201 201 207 227 204 188 192 211 219 227 200 214 212 184 211 224 213 215 211 208 219 196 196 217 219 210 204 194 191 195 209 204 242 200 207 229 198 199 209 193 197 213 191 222 190 200 196 202 214 214 213 221 213 191 203]
Requests/sec:  5989.380826822917 KB
Transfer/sec:  14309.721061197917 KB

