2023-12-03 08:42:48.42505542 +0800 CST m=+47723.702990797
Running 1m0s myx-test @ https://192.168.12.127:6443/apis/batch/v1/namespaces/myx-test/cronjobs
3 connections
Requests/bytes (per Connection):  [30439240 30415421 32434392]
Response/bytes (per Connection):  [48010858 47973287 51157740]
Requests Number (per Connection):  [5111 5107 5446]
Requests/sec:  1518.376513671875 KB
Transfer/sec:  3913.26396484375 KB

2023-12-03 08:44:28.696220584 +0800 CST m=+47823.974155994
Running 1m0s myx-test @ https://192.168.12.127:6443/apis/batch/v1/namespaces/myx-test/cronjobs
6 connections
Requests/bytes (per Connection):  [24900498 24459829 24150071 24757556 23036413 23060204]
Response/bytes (per Connection):  [39274776 38579695 38091161 39049322 36334597 36372140]
Requests Number (per Connection):  [4181 4107 4055 4157 3868 3872]
Requests/sec:  2349.683772786458 KB
Transfer/sec:  6055.765983072916 KB

2023-12-03 08:46:09.901970096 +0800 CST m=+47925.179905471
Running 1m0s myx-test @ https://192.168.12.127:6443/apis/batch/v1/namespaces/myx-test/cronjobs
9 connections
Requests/bytes (per Connection):  [18367142 17866900 16985443 17134343 18444621 17956224 17045065 17819253 18551827]
Response/bytes (per Connection):  [28969934 28180900 26790619 27025469 29092107 28321794 26884621 28105749 29261197]
Requests Number (per Connection):  [3084 3000 2852 2877 3097 3015 2862 2992 3115]
Requests/sec:  2606.9469075520833 KB
Transfer/sec:  6718.802213541667 KB

2023-12-03 08:47:50.153820946 +0800 CST m=+48025.431756321
Running 1m0s myx-test @ https://192.168.12.127:6443/apis/batch/v1/namespaces/myx-test/cronjobs
15 connections
Requests/bytes (per Connection):  [12786758 12548521 12536609 11833815 12655728 12405580 11935143 12768890 12608080 12381758 11958944 12512785 11845726 12590199 11952933]
Response/bytes (per Connection):  [20168144 19792387 19773599 18665121 19961478 19566934 18824895 20139962 19886326 19529360 18862448 19736023 18683908 19858131 18852999]
Requests Number (per Connection):  [2147 2107 2105 1987 2125 2083 2004 2144 2117 2079 2008 2101 1989 2114 2007]
Requests/sec:  3016.299951171875 KB
Transfer/sec:  7773.81484375 KB

2023-12-03 08:49:30.412271325 +0800 CST m=+48125.690206702
Running 1m0s myx-test @ https://192.168.12.127:6443/apis/batch/v1/namespaces/myx-test/cronjobs
30 connections
Requests/bytes (per Connection):  [7134848 7015730 6795367 6926399 6580951 6539320 6878744 7033617 7021694 6580950 6890690 6974051 6557148 6979995 6944268 6503592 7015730 6384484 6819185 6575050 6902568 6545272 6878746 6378450 7087201 6878749 7009792 6449959 6890656 6890656]
Response/bytes (per Connection):  [11253572 11065694 10718125 10924793 10379941 10314244 10849634 11093895 11075096 10379940 10868456 10999949 10342386 11009331 10952976 10257888 11065694 10070020 10755695 10370602 10887210 10323634 10849636 10060548 11178421 10849639 11056318 10173313 10868422 10868422]
Requests Number (per Connection):  [1198 1178 1141 1163 1105 1098 1155 1181 1179 1105 1157 1171 1101 1172 1166 1092 1178 1072 1145 1104 1159 1099 1155 1071 1190 1155 1177 1083 1157 1157]
Requests/sec:  3321.3519205729167 KB
Transfer/sec:  8560.015559895834 KB

2023-12-03 08:51:10.690573411 +0800 CST m=+48225.968508799
Running 1m0s myx-test @ https://192.168.12.127:6443/apis/batch/v1/namespaces/myx-test/cronjobs
60 connections
Requests/bytes (per Connection):  [3829477 3930735 3900932 4097498 3972426 4061705 4037922 4049851 4061737 3984299 4097447 3954508 3912831 3990287 3966470 4097500 3817572 3829484 3728234 4091542 3984338 4002186 4091463 3811580 3883085 4049833 3734190 3948600 3811581 3900955 4115368 3877080 3728208 3936688 3758013 4008142 3740145 3948601 3942646 3936691 4014068 3942594 4020071 3936689 3936690 4055771 3883088 3817554 4085578 3912845 4115366 4091466 4049851 4008127 3817573 3936690 4002159 3936688 4103454 3805661]
Response/bytes (per Connection):  [6040111 6199815 6152822 6462842 6265572 6406421 6368886 6387691 6406453 6284321 6462791 6237340 6171597 6293747 6256178 6462844 6021330 6040118 5880422 6453448 6284360 6312522 6453369 6011900 6124661 6387673 5889816 6227994 6011901 6152845 6491026 6115218 5880396 6209206 5927391 6321916 5899209 6227995 6218602 6209209 6331280 6218550 6340721 6209207 6209208 6397049 6124664 6021312 6444046 6171611 6491024 6453372 6387691 6321901 6021331 6209208 6312495 6209206 6472236 6002543]
Requests Number (per Connection):  [643 660 655 688 667 682 678 680 682 669 688 664 657 670 666 688 641 643 626 687 669 672 687 640 652 680 627 663 640 655 691 651 626 661 631 673 628 663 662 661 674 662 675 661 661 681 652 641 686 657 691 687 680 673 641 661 672 661 689 639]
Requests/sec:  3858.9491048177083 KB
Transfer/sec:  9945.547623697918 KB

2023-12-03 08:52:51.042023543 +0800 CST m=+48326.319958937
Running 1m0s myx-test @ https://192.168.12.127:6443/apis/batch/v1/namespaces/myx-test/cronjobs
90 connections
Requests/bytes (per Connection):  [2817019 2763450 2953989 2870591 2906345 3090974 2936151 3031446 2864681 2793184 2882527 2959971 3019482 3007615 2918308 2953968 2936098 2924262 2953967 2781246 2948082 2739581 2715784 2989741 2906320 2942135 2924243 2918271 2834892 2977840 2834903 3031427 2930207 2995738 2924222 2971835 2811086 2751511 2906390 2882497 2924259 3067173 2882497 2977832 2959923 2924263 2864678 2811053 2888452 2894411 3079044 3043315 2882563 2948079 2840805 2971858 2953966 2733617 2977850 2834849 2775345 3043304 2876584 2995692 2918265 2959924 3096910 2888509 2906320 3037348 2942055 2989703 2989703 3025439 2811026 3019486 2965941 2930144 3013597 2739634 2924235 2965923 3084998 2948040 2965908 2888479 3007570 3096939 2942125 2953994]
Response/bytes (per Connection):  [4443193 4358682 4659237 4527707 4584089 4875296 4631085 4781388 4518359 4405606 4546519 4668657 4762548 4743805 4602928 4659216 4631032 4612320 4659215 4386792 4649892 4321061 4283512 4715617 4584064 4640507 4612301 4602891 4471380 4696840 4471391 4781369 4621703 4725052 4612280 4687397 4433822 4339867 4584134 4546489 4612317 4837743 4546489 4696832 4668609 4612321 4518356 4433789 4555882 4565279 4856490 4800133 4546555 4649889 4480731 4687420 4659214 4311659 4696850 4471337 4377453 4800122 4537138 4725006 4602885 4668610 4884670 4555939 4584064 4790728 4640427 4715579 4715579 4771943 4433762 4762552 4678065 4621640 4753225 4321114 4612293 4678047 4865882 4649850 4678032 4555909 4743760 4884699 4640497 4659242]
Requests Number (per Connection):  [473 464 496 482 488 519 493 509 481 469 484 497 507 505 490 496 493 491 496 467 495 460 456 502 488 494 491 490 476 500 476 509 492 503 491 499 472 462 488 484 491 515 484 500 497 491 481 472 485 486 517 511 484 495 477 499 496 459 500 476 466 511 483 503 490 497 520 485 488 510 494 502 502 508 472 507 498 492 506 460 491 498 518 495 498 485 505 520 494 496]
Requests/sec:  4288.177180989584 KB
Transfer/sec:  11051.781510416668 KB

2023-12-03 08:54:31.299224681 +0800 CST m=+48426.577160057
Running 1m0s myx-test @ https://192.168.12.127:6443/apis/batch/v1/namespaces/myx-test/cronjobs
150 connections
Requests/bytes (per Connection):  [1679489 1911764 1905808 1887941 1911758 1792645 1876029 1911764 1899848 1804557 2024894 1828382 1935588 1762867 1858161 1899853 2042761 1923653 1917720 1858161 2102353 1893897 1816469 1876022 1774780 1887941 1929632 2078530 1977279 1792645 1977260 1858161 1810513 1858161 1941544 1899852 2036839 1739043 1798602 1810514 1935588 1905809 1727131 1941544 1971323 1816469 1864104 1887940 1834338 1995147 1959412 1876014 1834337 1822419 1887923 1893878 1876029 1911764 1965367 1929608 1929630 1786690 1870073 1959411 2048748 2013015 2012994 1810514 1995147 1840284 1881985 1828382 1870073 2001067 2042794 1935587 2007021 1792646 1876029 1840293 1840285 1876029 1965366 1816470 1834337 1899852 1989157 1953455 1870073 1941518 1899852 1881968 1959412 1852193 1798602 1881985 2155950 1971322 1953442 1756911 1947499 1947499 1846249 1739043 1899853 1953456 1881982 1864117 1953455 1822425 1911764 1876029 2013015 1929618 1858149 1953428 1965365 1905809 1840291 1881985 1810513 1893896 1977277 1828375 1917718 1899852 1852205 1929624 1858161 1893896 1876028 1941543 1876029 1804558 1822425 1846249 1995147 1941544 1923676 1917720 1917720 1768822 1876029 1935588 1768822 1965337 1876028 1828382 1828374 2001102]
Response/bytes (per Connection):  [2649005 3015362 3005968 2977787 3015356 2827483 2958999 3015362 2996570 2846271 3193814 2883848 3052938 2780515 2930817 2996575 3221995 3034127 3024756 2930817 3315967 2987181 2865059 2958992 2799304 2977787 3043544 3278392 3118695 2827483 3118676 2930817 2855665 2930817 3062332 2996574 3212635 2742939 2836878 2855666 3052938 3005969 2724151 3062332 3109301 2865059 2940198 2977786 2893242 3146877 3090514 2958984 2893241 2874447 2977769 2987162 2958999 3015362 3099907 3043520 3043542 2818090 2949605 3090513 3231420 3175059 3175038 2855666 3146877 2902626 2968393 2883848 2949605 3156235 3222028 3052937 3165627 2827484 2958999 2902635 2902627 2958999 3099906 2865060 2893241 2996574 3137449 3081119 2949605 3062306 2996574 2968376 3090514 2921411 2836878 2968393 3400506 3109300 3081106 2771121 3071725 3071725 2912029 2742939 2996575 3081120 2968390 2940211 3081119 2874453 3015362 2958999 3175059 3043530 2930805 3081092 3099905 3005969 2902633 2968393 2855665 2987180 3118693 2883841 3024754 2996574 2921423 3043536 2930817 2987180 2958998 3062331 2958999 2846272 2874453 2912029 3146877 3062332 3034150 3024756 3024756 2789908 2958999 3052938 2789908 3099877 2958998 2883848 2883840 3156270]
Requests Number (per Connection):  [282 321 320 317 321 301 315 321 319 303 340 307 325 296 312 319 343 323 322 312 353 318 305 315 298 317 324 349 332 301 332 312 304 312 326 319 342 292 302 304 325 320 290 326 331 305 313 317 308 335 329 315 308 306 317 318 315 321 330 324 324 300 314 329 344 338 338 304 335 309 316 307 314 336 343 325 337 301 315 309 309 315 330 305 308 319 334 328 314 326 319 316 329 311 302 316 362 331 328 295 327 327 310 292 319 328 316 313 328 306 321 315 338 324 312 328 330 320 309 316 304 318 332 307 322 319 311 324 312 318 315 326 315 303 306 310 335 326 323 322 322 297 315 325 297 330 315 307 307 336]
Requests/sec:  4627.832958984375 KB
Transfer/sec:  11927.16650390625 KB

2023-12-03 08:56:12.225927154 +0800 CST m=+48527.503862538
Running 1m0s myx-test @ https://192.168.12.127:6443/apis/batch/v1/namespaces/myx-test/cronjobs
300 connections
Requests/bytes (per Connection):  [1226863 1131542 1125665 1161365 1173292 1101777 1101763 1179205 1155388 1274511 1191155 1179225 1220929 1095876 1155382 1220881 1232790 1214996 1226834 1220880 1161319 1274521 1203092 1197057 1244702 1340033 1250660 1214957 1173240 1238823 1179217 1137569 1107718 1149437 1131542 1119661 1077938 1268526 1214977 1250685 1083894 1310220 1131542 1185145 1185199 1149473 1262574 1310291 1167356 1244758 1226909 1131610 1244704 1256634 1298305 1256683 1137497 1173231 1280447 1197057 1191180 1191130 1125586 1191101 1149433 1197089 1340062 1316239 1125586 1232841 1220959 1107719 1185173 1203013 1101763 1203013 1149432 1256614 1304263 1143454 1078018 1173233 1280437 1083904 1220959 1286393 1214922 1089856 1101798 1179187 1161349 1197114 1256614 1244731 1155412 1149486 1232805 1155413 1113715 1072027 1215004 1161321 1101799 1215004 1232792 1316185 1220894 1131548 1238749 1268530 1191101 1185145 1089851 1214923 1220881 1185145 1125586 1286393 1185204 1179266 1250698 1203043 1048159 1143454 1226897 1244740 1089858 1351982 1089904 1191101 1262588 1203043 1161393 1310230 1304263 1280439 1244706 1119630 1173272 1209009 1143453 1244750 1214973 1274483 1238748 1244705 1131612 1250660 1197056 1268526 1238749 1203038 1143452 1328085 1185159 1155363 1208969 1131542 1149409 1107797 1179205 1238748 1250739 1304263 1256659 1185160 1220921 1191152 1232845 1155420 1203052 1262586 1167289 1125586 1179268 1214963 1137576 1149410 1191099 1155439 1185190 1095877 1232793 1155371 1256616 1209028 1185145 1220889 1197057 1197057 1375734 1328085 1137509 1054154 1226852 1214963 1060084 1280438 1149414 1167337 1208969 1226900 1209048 1155366 1203024 1256673 1208991 1197057 1244704 1137577 1197057 1244702 1208969 1137498 1214954 1131542 1089906 1274519 1179189 1089851 1310253 1292351 1131574 1232819 1280438 1203013 1143533 1095853 1238748 1250724 1203082 1226836 1131542 1155366 1298306 1286469 1232790 1167278 1119630 1220881 1203036 1244702 1179269 1286397 1220909 1161381 1405514 1143516 1191101 1179239 1125586 1256640 1203061 1107718 1191101 1089921 1131557 1232871 1310220 1179189 1268526 1149410 1238777 1238748 1167299 1208969 1214925 1292389 1185145 1203092 1125586 1197066 1149410 1143453 1262572 1250658 1244704 1244702 1167354 1280487 1167277 1179194 1334043 1214922 1197057 1143500 1191159 1107718 1173264 1191175 1226836 1191099 1292381 1161322 1232792 1125586 1173312 1167277 1167357 1298305]
Response/bytes (per Connection):  [1935091 1784762 1775447 1831775 1850578 1737807 1737793 1859929 1822360 2010243 1878755 1859949 1925719 1728468 1822354 1925671 1944456 1916348 1935062 1925670 1831729 2010253 1897568 1888095 1963244 2113583 1972640 1916309 1850526 1953927 1859941 1794227 1747186 1812971 1784762 1766005 1700216 2000820 1916329 1972665 1709610 2066580 1784762 1869307 1869361 1813007 1991430 2066651 1841204 1963300 1935137 1784830 1963246 1982052 2047789 1982101 1794155 1850517 2019617 1888095 1878780 1878730 1775368 1878701 1812967 1888127 2113612 2076037 1775368 1944507 1925749 1747187 1869335 1897489 1737793 1897489 1812966 1982032 2057185 1803550 1700296 1850519 2019607 1709620 1925749 2029001 1916274 1719010 1737828 1859911 1831759 1888152 1982032 1963273 1822384 1813020 1944471 1822385 1756621 1690867 1916356 1831731 1737829 1916356 1944458 2075983 1925684 1784768 1953853 2000824 1878701 1869307 1719005 1916275 1925671 1869307 1775368 2029001 1869366 1859990 1972678 1897519 1653247 1803550 1935125 1963282 1719012 2132408 1719058 1878701 1991444 1897519 1831803 2066590 2057185 2019609 1963248 1765974 1850558 1906923 1803549 1963292 1916325 2010215 1953852 1963247 1784832 1972640 1888094 2000820 1953853 1897514 1803548 2094759 1869321 1822335 1906883 1784762 1812943 1747265 1859929 1953852 1972719 2057185 1982077 1869322 1925711 1878752 1944511 1822392 1897528 1991442 1841137 1775368 1859992 1916315 1794234 1812944 1878699 1822411 1869352 1728469 1944459 1822343 1982034 1906942 1869307 1925679 1888095 1888095 2169912 2094759 1794167 1662680 1935080 1916315 1672048 2019608 1812948 1841185 1906883 1935128 1906962 1822338 1897500 1982091 1906905 1888095 1963246 1794235 1888095 1963244 1906883 1794156 1916306 1784762 1719060 2010251 1859913 1719005 2066613 2038397 1784794 1944485 2019608 1897489 1803629 1728445 1953852 1972704 1897558 1935064 1784762 1822338 2047790 2029077 1944456 1841126 1765974 1925671 1897512 1963244 1859993 2029005 1925699 1831791 2216882 1803612 1878701 1859963 1775368 1982058 1897537 1747186 1878701 1719075 1784777 1944537 2066580 1859913 2000820 1812944 1953881 1953852 1841147 1906883 1916277 2038435 1869307 1897568 1775368 1888104 1812944 1803549 1991428 1972638 1963246 1963244 1841202 2019657 1841125 1859918 2104155 1916274 1888095 1803596 1878759 1747186 1850550 1878775 1935064 1878699 2038427 1831732 1944458 1775368 1850598 1841125 1841205 2047789]
Requests Number (per Connection):  [206 190 189 195 197 185 185 198 194 214 200 198 205 184 194 205 207 204 206 205 195 214 202 201 209 225 210 204 197 208 198 191 186 193 190 188 181 213 204 210 182 220 190 199 199 193 212 220 196 209 206 190 209 211 218 211 191 197 215 201 200 200 189 200 193 201 225 221 189 207 205 186 199 202 185 202 193 211 219 192 181 197 215 182 205 216 204 183 185 198 195 201 211 209 194 193 207 194 187 180 204 195 185 204 207 221 205 190 208 213 200 199 183 204 205 199 189 216 199 198 210 202 176 192 206 209 183 227 183 200 212 202 195 220 219 215 209 188 197 203 192 209 204 214 208 209 190 210 201 213 208 202 192 223 199 194 203 190 193 186 198 208 210 219 211 199 205 200 207 194 202 212 196 189 198 204 191 193 200 194 199 184 207 194 211 203 199 205 201 201 231 223 191 177 206 204 178 215 193 196 203 206 203 194 202 211 203 201 209 191 201 209 203 191 204 190 183 214 198 183 220 217 190 207 215 202 192 184 208 210 202 206 190 194 218 216 207 196 188 205 202 209 198 216 205 195 236 192 200 198 189 211 202 186 200 183 190 207 220 198 213 193 208 208 196 203 204 217 199 202 189 201 193 192 212 210 209 209 196 215 196 198 224 204 201 192 200 186 197 200 206 200 217 195 207 189 197 196 196 218]
Requests/sec:  5850.545817057292 KB
Transfer/sec:  15078.434212239583 KB

