2023-12-03 03:04:31.796742806 +0800 CST m=+27427.074678165
Running 1m0s myx-test @ https://192.168.12.127:6443/apis/apps/v1/namespaces/myx-test/daemonsets
3 connections
Requests/bytes (per Connection):  [27731441 29066233 30120922]
Response/bytes (per Connection):  [46510571 48748241 50516917]
Requests Number (per Connection):  [4654 4878 5055]
Requests/sec:  1414.6906901041666 KB
Transfer/sec:  3787.342529296875 KB

2023-12-03 03:06:12.059340148 +0800 CST m=+27527.337275523
Running 1m0s myx-test @ https://192.168.12.127:6443/apis/apps/v1/namespaces/myx-test/daemonsets
6 connections
Requests/bytes (per Connection):  [23024185 23059905 22249561 22285326 23953737 23721326]
Response/bytes (per Connection):  [38614698 38675124 37315570 37375307 40173598 39784217]
Requests Number (per Connection):  [3864 3870 3734 3740 4020 3981]
Requests/sec:  2250.8795572916665 KB
Transfer/sec:  6025.920475260416 KB

2023-12-03 03:07:52.345901254 +0800 CST m=+27627.623836633
Running 1m0s myx-test @ https://192.168.12.127:6443/apis/apps/v1/namespaces/myx-test/daemonsets
9 connections
Requests/bytes (per Connection):  [16648448 18275145 18173843 18293021 18257250 18245345 16642415 16731837 18090405]
Response/bytes (per Connection):  [27921569 30649969 30480159 30679947 30620268 30600099 27912720 28061963 30340532]
Requests Number (per Connection):  [2794 3067 3050 3070 3064 3062 2793 2808 3036]
Requests/sec:  2593.712711588542 KB
Transfer/sec:  6943.765218098958 KB

2023-12-03 03:09:32.617220315 +0800 CST m=+27727.895155710
Running 1m0s myx-test @ https://192.168.12.127:6443/apis/apps/v1/namespaces/myx-test/daemonsets
15 connections
Requests/bytes (per Connection):  [11255802 12179487 12239066 12960049 12930213 12310534 11351223 12167571 11202251 12739568 12924293 11357138 11482314 12143735 12918333]
Response/bytes (per Connection):  [18878682 20426218 20526263 21735639 21686343 20646712 19037309 20406214 18787567 21366055 21675750 19047972 19257154 20366236 21665791]
Requests Number (per Connection):  [1889 2044 2054 2175 2170 2066 1905 2042 1880 2138 2169 1906 1927 2038 2168]
Requests/sec:  2964.869417317708 KB
Transfer/sec:  7937.361360677083 KB

2023-12-03 03:11:13.748083973 +0800 CST m=+27829.026019351
Running 1m0s myx-test @ https://192.168.12.127:6443/apis/apps/v1/namespaces/myx-test/daemonsets
30 connections
Requests/bytes (per Connection):  [6888170 6816661 7078853 7162278 6983510 7305292 7078865 6965634 6828623 7072895 7263560 7090781 7156319 6739253 7168237 6792827 6965651 6840497 7150360 6822675 7162277 6912006 7180154 6965663 7078853 7084823 7174195 7049076 7150360 6715405]
Response/bytes (per Connection):  [11552693 11432862 11872390 12012236 11712568 12251976 11872211 11682590 11452152 11862388 12182348 11892215 12002248 11302111 12022224 11392871 11682304 11472814 11992260 11442025 12012250 11592645 12042214 11682125 11872390 11882213 12032226 11822176 11992260 11262353]
Requests Number (per Connection):  [1156 1144 1188 1202 1172 1226 1188 1169 1146 1187 1219 1190 1201 1131 1203 1140 1169 1148 1200 1145 1202 1160 1205 1169 1188 1189 1204 1183 1200 1127]
Requests/sec:  3428.446500651042 KB
Transfer/sec:  9178.452001953125 KB

2023-12-03 03:12:54.146403385 +0800 CST m=+27929.424338762
Running 1m0s myx-test @ https://192.168.12.127:6443/apis/apps/v1/namespaces/myx-test/daemonsets
60 connections
Requests/bytes (per Connection):  [3807577 3724128 3968468 3795622 3932655 3783740 3730112 3801581 3861207 3950592 3849290 3843307 3724127 3885043 3747987 3706254 3646687 3896961 3634759 4033973 3712235 3712212 3855202 3783707 3819495 3825412 3646687 3730086 3700317 3658605 3694358 3599012 3616892 3789700 3593056 3843331 3873125 3902920 3795660 3646687 3652646 3938674 3569222 3783707 3801600 3807539 3807577 3825444 3747982 3742029 3825422 3813536 3765865 3724128 3950589 3628808 3747988 3783737 3831414 3831370]
Response/bytes (per Connection):  [6385718 6246230 6655422 6366304 6596375 6345791 6255846 6376281 6475624 6625444 6455634 6446030 6246255 6515576 6285849 6216224 6116000 6535552 6096175 6765976 6225882 6226226 6466324 6346275 6405694 6416314 6116000 6256232 6205906 6135976 6195918 6036138 6066060 6355754 6026108 6445646 6495600 6545540 6365728 6116000 6125988 6605468 5986128 6346275 6376004 6386283 6385718 6415859 6285919 6275836 6416189 6395706 6315788 6246230 6625497 6086075 6285824 6345833 6425656 6426316]
Requests Number (per Connection):  [639 625 666 637 660 635 626 638 648 663 646 645 625 652 629 622 612 654 610 677 623 623 647 635 641 642 612 626 621 614 620 604 607 636 603 645 650 655 637 612 613 661 599 635 638 639 639 642 629 628 642 640 632 625 663 609 629 635 643 643]
Requests/sec:  3689.811946614583 KB
Transfer/sec:  9878.226969401041 KB

2023-12-03 03:14:34.427152061 +0800 CST m=+28029.705087434
Running 1m0s myx-test @ https://192.168.12.127:6443/apis/apps/v1/namespaces/myx-test/daemonsets
90 connections
Requests/bytes (per Connection):  [2824408 2699260 2580105 2693264 2734975 2586067 2836278 2782680 2580059 2550306 2580070 2752916 2580060 2681399 2752902 2800602 2609888 2729026 2550274 2592040 2699269 2574157 2818436 2454968 2746947 2717178 2562215 2633722 2633753 2681425 2693336 2520455 2627794 2639712 2836356 2526493 2693304 2794644 2508616 2764775 2657510 2556272 2770808 2669471 2639712 2657510 2669507 2705188 2437109 2663469 2627715 2544363 2633754 2663469 2556219 2776729 2586082 2651630 2687364 2663469 2657589 2639643 2586003 2705260 2669470 2603956 2472863 2818454 2544316 2639652 2609917 2818411 2645671 2580110 2603887 2651615 2741013 2645620 2621835 2597921 2550268 2597999 2723058 2854181 2806482 2645592 2782647 2609846 2770753 2556287]
Response/bytes (per Connection):  [4736719 4527082 4326976 4517671 4587615 4336922 4757411 4667024 4327653 4277081 4327488 4616602 4327613 4496883 4616835 4696288 4377058 4577476 4277562 4346681 4526945 4316797 4726924 4117189 4606765 4556428 4297194 4417049 4416582 4496486 4516571 4227991 4406594 4426570 4756216 4236770 4517078 4686286 4206806 4637448 4457743 4286956 4646334 4477073 4426570 4457743 4476510 4537552 4086936 4467731 4407803 4266869 4416568 4467731 4287742 4656924 4336664 4446546 4506802 4467731 4456534 4427628 4337873 4536452 4477061 4366696 4146864 4726635 4267560 4427465 4376645 4727270 4436558 4326895 4367702 4446778 4596394 4437342 4396606 4357849 4277631 4356654 4567625 4786989 4707485 4437767 4667519 4377716 4647174 4286724]
Requests Number (per Connection):  [474 453 433 452 459 434 476 467 433 428 433 462 433 450 462 470 438 458 428 435 453 432 473 412 461 456 430 442 442 450 452 423 441 443 476 424 452 469 421 464 446 429 465 448 443 446 448 454 409 447 441 427 442 447 429 466 434 445 451 447 446 443 434 454 448 437 415 473 427 443 438 473 444 433 437 445 460 444 440 436 428 436 457 479 471 444 467 438 465 429]
Requests/sec:  3893.095751953125 KB
Transfer/sec:  10422.326676432293 KB

2023-12-03 03:16:15.181972162 +0800 CST m=+28130.459907549
Running 1m0s myx-test @ https://192.168.12.127:6443/apis/apps/v1/namespaces/myx-test/daemonsets
150 connections
Requests/bytes (per Connection):  [1900809 1996150 1978275 1942522 2055739 1936563 1966327 1924622 1954411 1859096 1936549 2037864 2014014 2002103 2008070 1811426 1906767 1930579 1882932 1990191 1847179 1900790 1882932 1871014 1894850 2085493 2031904 1936561 2085534 2085509 2079574 1888882 1912727 1912706 1799506 1865056 1847169 1948481 1882932 2002110 1960399 2109353 1924643 1954440 1966327 1948480 2025921 1876959 1894842 1853138 1871002 1930604 1817380 1853127 1990193 1829302 1865056 2067657 1966350 1930604 1918686 1847179 1835262 1990183 1972287 1960369 1859097 2049738 2049748 1996150 2037864 1912727 1823338 1990193 2014029 2002093 1912706 1918686 2037822 2037864 1871012 1936537 2002111 1948455 2037864 1906748 2085509 2025906 1853138 1888889 2079577 2085518 1865056 2025944 1876974 2002111 1948481 1972288 1990187 1990159 2067659 1936549 1900810 1948470 2043821 1990178 1954439 2031905 2043823 1918686 1912706 1876974 2037864 1894851 1739919 1900793 1972316 1978275 2025946 2073616 2025947 2085515 2067618 1978275 2014029 2037853 1811425 2014029 1954440 1942502 1924622 1966358 2055714 1966327 2008069 1894832 2008068 2002110 1960398 1930604 1811422 1805467 1882928 1984201 1817385 2061700 2073616 1942495 1811425 1894851]
Response/bytes (per Connection):  [3187865 3347726 3317723 3257781 3447620 3247793 3298200 3228161 3278196 3117949 3248026 3417617 3377883 3357798 3367663 3038017 3197878 3238188 3157901 3337738 3097959 3188153 3157901 3137925 3177877 3498193 3407654 3247832 3497560 3497932 3487586 3168052 3207856 3208157 3018069 3127923 3098110 3267769 3157901 3357689 3287745 3537761 3227856 3277757 3298200 3267783 3398024 3148120 3178000 3107947 3138130 3237805 3048075 3108112 3337699 3067995 3127923 3467596 3297882 3237805 3217829 3097959 3077984 3337876 3308174 3288198 3117935 3438253 3438128 3347726 3417617 3207841 3058077 3337699 3377651 3357975 3208157 3217829 3418249 3417617 3137964 3248190 3357675 3268166 3417617 3198155 3497958 3398245 3107947 3167928 3487533 3497795 3127923 3397680 3147899 3357675 3267769 3308186 3337820 3338208 3467557 3248011 3187851 3267934 3427644 3337957 3277771 3407629 3427605 3217829 3208157 3147899 3417617 3177863 2918147 3188111 3307735 3317723 3397641 3477584 3397627 3497863 3468201 3317723 3377651 3417808 3038031 3377651 3277757 3258109 3228161 3297733 3448018 3298200 3367677 3178151 3367702 3357689 3287759 3237805 3038073 3028029 3157994 3328206 3048005 3457569 3477584 3258192 3038031 3177863]
Requests Number (per Connection):  [319 335 332 326 345 325 330 323 328 312 325 342 338 336 337 304 320 324 316 334 310 319 316 314 318 350 341 325 350 350 349 317 321 321 302 313 310 327 316 336 329 354 323 328 330 327 340 315 318 311 314 324 305 311 334 307 313 347 330 324 322 310 308 334 331 329 312 344 344 335 342 321 306 334 338 336 321 322 342 342 314 325 336 327 342 320 350 340 311 317 349 350 313 340 315 336 327 331 334 334 347 325 319 327 343 334 328 341 343 322 321 315 342 318 292 319 331 332 340 348 340 350 347 332 338 342 304 338 328 326 323 330 345 330 337 318 337 336 329 324 304 303 316 333 305 346 348 326 304 318]
Requests/sec:  4768.457112630208 KB
Transfer/sec:  12765.922444661459 KB

2023-12-03 03:17:56.024767182 +0800 CST m=+28231.302702596
Running 1m0s myx-test @ https://192.168.12.127:6443/apis/apps/v1/namespaces/myx-test/daemonsets
300 connections
Requests/bytes (per Connection):  [1221568 1197693 1304975 1132112 1173884 1173863 1221554 1173837 1191709 1263208 1179783 1161954 1120273 1161904 1114314 1167902 1239396 1161930 1150021 1340702 1221568 1185742 1155970 1221495 1203698 1179783 1215537 1144030 1197716 1149989 1149989 1048709 1215616 1126166 1221495 1114313 1179790 1269233 1161920 1185775 1126155 1209618 1185742 1227514 1239372 1102396 1227514 1281083 1215536 1144076 1328819 1179833 1066564 1233433 1114248 1179783 1209589 1149989 1263208 1126156 1239371 1257284 1221496 1156010 1138150 1299034 1179832 1149988 1155964 1263221 1209578 1161986 1149988 1155947 1120247 1239405 1221507 1161910 1233413 1150028 1269167 1215537 1114299 1167940 1114314 1173903 1203681 1114235 1102318 1167887 1203666 1191756 1150017 1185785 1239372 1048733 1161948 1114236 1209577 1316836 1227484 1120261 1126153 1227507 1221495 1161906 1287060 1281083 1144109 1126156 1167864 1167904 1233485 1150008 1239376 1185801 1251329 1185742 1048687 1191772 1173825 1173889 1155950 1191701 1173898 1221496 1233460 1221495 1156014 1120228 1251369 1221496 1227454 1144065 1257315 1370524 1257303 1191774 1126153 1042750 1203617 1275126 1185821 1221574 1054646 1161907 1161906 1155947 1060625 1227509 1149988 1293039 1251291 1149989 1215568 1084470 1209612 1173838 1376437 1156008 1227534 1203619 1167914 1126232 1179781 1120256 1298961 1138071 1191701 1215616 1322802 1269196 1167872 1227492 1173824 1298983 1227455 1245344 1263218 1257249 1179859 1257298 1090400 1245329 1114235 1167915 1150017 1185742 1281085 1156026 1179792 1161947 1179859 1149991 1304920 1233443 1138097 1179783 1120271 1197668 1310895 1114314 1245331 1293000 1227494 1203698 1114314 1263240 1215609 1269227 1197721 1203618 1161907 1275156 1203619 1126153 1179783 1155948 1149989 1298968 1144030 1221522 1209575 1251296 1138150 1179830 1257263 1191717 1090442 1167891 1132191 1060676 1203619 1078522 1239370 1215550 1191701 1203669 1197663 1209583 1233464 1257260 1155990 1132153 1173824 1173852 1304961 1281155 1156016 1275155 1185815 1239392 1161906 1120247 1132182 1251290 1179824 1251290 1114240 1269166 1245331 1191763 1114314 1161907 1191701 1239370 1167906 1197658 1209578 1233411 1161943 1221506 1191701 1197689 1167866 1316838 1340671 1245371 1233413 1126153 1156002 1191701 1275125 1155947 1149986 1281107 1185742 1173902 1215537 1155993 1287043 1215607 1298983 1132175 1203619 1161959 1221515 1114304 1150068 1054714]
Response/bytes (per Connection):  [2047940 2008578 2188075 1899206 1968241 1968557 2048147 1968943 1998988 2118970 1979124 1948418 1878021 1949199 1868033 1958597 2078660 1948802 1928674 2248414 2047940 1989112 1938828 2049054 2017867 1979124 2039052 1919182 2008249 1929170 1929170 1759030 2037843 1888999 2049054 1868058 1979026 2127953 1948927 1988602 1889164 2028471 1989112 2058147 2079018 1848057 2058147 2148973 2039066 1918494 2227915 1978354 1789324 2068713 1869049 1979124 2028884 1929170 2118970 1889176 2079043 2108433 2049040 1938235 1908000 2177798 1978368 1929184 1938923 2118777 2029064 1947937 1929184 1939172 1878418 2078523 2048875 1949104 2069030 1928591 2128958 2039052 1868265 1958006 1868033 1967927 2018153 1869242 1849252 1958818 2018374 1998260 1928756 1988451 2079018 1758672 1948513 1869228 2029078 2208915 2058574 1878226 1889218 2058230 2049054 1949160 2158661 2148973 1917973 1889176 1959158 1958543 2067956 1928893 2078962 1988205 2098415 1989112 1759360 1998014 1969107 1968145 1939130 1999100 1968034 2049040 2068328 2049054 1938168 1878706 2097785 2049040 2059042 1918659 2107977 2297928 2108156 1997986 1889218 1749042 2019115 2138946 1987903 2047845 1769348 1949146 1949160 1939172 1779045 2058217 1929184 2168347 2098980 1929170 2038570 1818834 2028555 1968929 2308604 1938237 2057819 2019076 1958418 1888009 1979163 1878307 2178912 1909194 1999100 2037843 2218768 2128504 1959024 2058477 1969136 2178582 2059028 2088813 2118804 2108982 1977968 2108252 1829276 2089045 1869242 1958404 1928730 1989112 2148934 1937963 1978972 1948527 1977968 1929142 2188900 2068562 1908808 1979124 1878060 2008976 2198627 1868033 2089006 2168963 2058449 2017867 1868033 2118474 2037978 2128063 2008179 2019090 1949146 2138478 2019076 1889218 1979124 1939158 1929170 2178788 1919182 2048628 2029117 2098884 1907985 1978396 2108775 1998865 1828629 1958762 1897997 1778250 2019076 1808707 2079057 2038833 1999100 2018306 2009020 2028994 2068246 2108802 1938511 1898573 1969136 1968696 2188293 2147888 1938140 2138518 1987998 2078701 1949160 1878444 1898134 2098994 1978491 2098994 1869146 2128972 2089006 1998177 1868033 1949146 1999100 2079057 1958541 2009127 2029064 2069069 1948609 2048889 1999100 2008634 1959134 2208876 2248881 2088387 2069030 1889218 1938347 1999100 2138960 1939172 1929208 2148604 1989112 1967952 2039052 1938484 2158936 2038006 2178582 1898243 2019076 1948374 2048763 1868210 1927961 1768330]
Requests Number (per Connection):  [205 201 219 190 197 197 205 197 200 212 198 195 188 195 187 196 208 195 193 225 205 199 194 205 202 198 204 192 201 193 193 176 204 189 205 187 198 213 195 199 189 203 199 206 208 185 206 215 204 192 223 198 179 207 187 198 203 193 212 189 208 211 205 194 191 218 198 193 194 212 203 195 193 194 188 208 205 195 207 193 213 204 187 196 187 197 202 187 185 196 202 200 193 199 208 176 195 187 203 221 206 188 189 206 205 195 216 215 192 189 196 196 207 193 208 199 210 199 176 200 197 197 194 200 197 205 207 205 194 188 210 205 206 192 211 230 211 200 189 175 202 214 199 205 177 195 195 194 178 206 193 217 210 193 204 182 203 197 231 194 206 202 196 189 198 188 218 191 200 204 222 213 196 206 197 218 206 209 212 211 198 211 183 209 187 196 193 199 215 194 198 195 198 193 219 207 191 198 188 201 220 187 209 217 206 202 187 212 204 213 201 202 195 214 202 189 198 194 193 218 192 205 203 210 191 198 211 200 183 196 190 178 202 181 208 204 200 202 201 203 207 211 194 190 197 197 219 215 194 214 199 208 195 188 190 210 198 210 187 213 209 200 187 195 200 208 196 201 203 207 195 205 200 201 196 221 225 209 207 189 194 200 214 194 193 215 199 197 204 194 216 204 218 190 202 195 205 187 193 177]
Requests/sec:  5822.671077473959 KB
Transfer/sec:  15588.059000651041 KB

