2023-12-03 04:29:12.399180756 +0800 CST m=+32507.677116149
Running 1m0s myx-test @ https://192.168.12.127:6443/apis/apps/v1/namespaces/myx-test/deployments
3 connections
Requests/bytes (per Connection):  [21213884 18704425 21577498]
Response/bytes (per Connection):  [37765716 33298288 38413036]
Requests Number (per Connection):  [3559 3138 3620]
Requests/sec:  1000.9083170572917 KB
Transfer/sec:  2782.761181640625 KB

2023-12-03 04:30:52.652116927 +0800 CST m=+32607.930052325
Running 1m0s myx-test @ https://192.168.12.127:6443/apis/apps/v1/namespaces/myx-test/deployments
6 connections
Requests/bytes (per Connection):  [21881500 22501365 22429907 23455100 23550476 21792091]
Response/bytes (per Connection):  [38954234 40057734 39930526 41755612 41925402 38795062]
Requests Number (per Connection):  [3671 3775 3763 3935 3951 3656]
Requests/sec:  2207.2011555989584 KB
Transfer/sec:  6136.539860026041 KB

2023-12-03 04:32:32.9786549 +0800 CST m=+32708.256590294
Running 1m0s myx-test @ https://192.168.12.127:6443/apis/apps/v1/namespaces/myx-test/deployments
9 connections
Requests/bytes (per Connection):  [17720982 18430304 18680647 18758073 17381186 18585286 18311085 18740190 17482526]
Response/bytes (per Connection):  [31547530 32810288 33255960 33393794 30942610 33086194 32598050 33361958 31123018]
Requests Number (per Connection):  [2973 3092 3134 3147 2916 3118 3072 3144 2933]
Requests/sec:  2670.7402180989584 KB
Transfer/sec:  7425.287776692709 KB

2023-12-03 04:34:13.253948657 +0800 CST m=+32808.531884031
Running 1m0s myx-test @ https://192.168.12.127:6443/apis/apps/v1/namespaces/myx-test/deployments
15 connections
Requests/bytes (per Connection):  [11247737 12177558 12189535 11277541 12040457 11772222 11921241 11855707 11289463 12266972 11968976 12022575 11223893 12117986 11092754]
Response/bytes (per Connection):  [20023626 21678926 21700250 20076684 21434854 20957330 21222620 21105956 20097908 21838104 21307602 21403020 19981178 21572874 19747720]
Requests Number (per Connection):  [1887 2043 2045 1892 2020 1975 2000 1989 1894 2058 2008 2017 1883 2033 1861]
Requests/sec:  2872.145458984375 KB
Transfer/sec:  7985.242008463541 KB

2023-12-03 04:35:55.178669941 +0800 CST m=+32910.456605316
Running 1m0s myx-test @ https://192.168.12.127:6443/apis/apps/v1/namespaces/myx-test/deployments
30 connections
Requests/bytes (per Connection):  [6461296 6818949 6520944 6830920 6497061 6771305 7021620 6526864 6836831 6872599 6336124 6938168 6813036 6777265 6562695 6783186 6985856 6431549 6872597 6795107 6669926 6795125 7188520 6622241 6985857 6842795 6836832 6497112 6437468 6753439]
Response/bytes (per Connection):  [11502630 12139338 11608818 12160650 11566300 12054520 12500140 11619358 12171172 12234846 11279792 12351576 12128810 12065130 11683146 12075670 12436470 11449674 12234844 12096892 11874042 12096926 12797260 11789150 12436472 12181788 12171174 11566394 11460210 12022716]
Requests Number (per Connection):  [1084 1144 1094 1146 1090 1136 1178 1095 1147 1153 1063 1164 1143 1137 1101 1138 1172 1079 1153 1140 1119 1140 1206 1111 1172 1148 1147 1090 1080 1133]
Requests/sec:  3289.115999348958 KB
Transfer/sec:  9144.518147786459 KB

2023-12-03 04:37:35.476114168 +0800 CST m=+33010.754049545
Running 1m0s myx-test @ https://192.168.12.127:6443/apis/apps/v1/namespaces/myx-test/deployments
60 connections
Requests/bytes (per Connection):  [3981722 4243921 3826696 3802895 3856543 4184384 4112797 3862456 3981655 4053193 4172456 4088948 4059213 4023373 4255886 4124784 4023448 3981681 4083023 4190353 4208234 4363218 3999583 4023448 3910191 4083055 4088990 4142665 4053251 3999605 4214136 4029392 4238039 4154563 4214129 4249945 4231999 4035368 3820777 3999552 3951909 3928074 4011475 3939994 3945954 4053213 3987683 3934035 3945957 4029409 4142666 3892280 3969800 3856496 3802895 4142664 4190352 4118778 4112862 4232028]
Response/bytes (per Connection):  [7088404 7555180 6812420 6770050 6865556 7449192 7321746 6876080 7088284 7215638 7427958 7279290 7226356 7162552 7576480 7343088 7162686 7088330 7268744 7459816 7491650 7767558 7120200 7162686 6961062 7268802 7279366 7374922 7215744 7120240 7502156 7173268 7544710 7396102 7502142 7565904 7533956 7183908 6801884 7120144 7035330 6992898 7141370 7014120 7024730 7215676 7099016 7003510 7024734 7173298 7374922 6929176 7067180 6865470 6770050 7374920 7459816 7332396 7321864 7534008]
Requests Number (per Connection):  [668 712 642 638 647 702 690 648 668 680 700 686 681 675 714 692 675 668 685 703 706 732 671 675 656 685 686 695 680 671 707 676 711 697 707 713 710 677 641 671 663 659 673 661 662 680 669 660 662 676 695 653 666 647 638 695 703 691 690 710]
Requests/sec:  3957.651220703125 KB
Transfer/sec:  11003.203597005207 KB

2023-12-03 04:39:15.808933219 +0800 CST m=+33111.086868596
Running 1m0s myx-test @ https://192.168.12.127:6443/apis/apps/v1/namespaces/myx-test/deployments
90 connections
Requests/bytes (per Connection):  [2747843 2938620 2753825 2902878 3033938 2867033 3022024 2855112 2741934 2855175 3004146 3039900 2992259 2968372 2861115 2819364 2926707 2914750 2902799 2914744 2914752 2872995 2914789 3016099 2956445 2849193 2992230 2926696 2968420 2944553 2950487 3063811 2920682 2908766 2777620 2890877 2992273 2837275 2807425 2956526 2908839 2825308 2771723 2974330 2890878 3069784 2950486 3010122 2700201 3093546 2956516 3057783 2932604 2867113 2819425 3087588 2914721 2724013 2771689 2825386 2914800 3016085 2819346 2777679 2890878 2902800 3087627 2801463 2980291 2974342 2926681 2765754 2825387 2783581 2878956 2902830 2932645 2759754 2932604 2783659 2974331 2801520 2843235 2992210 2789590 2712114 2777699 2920739 2855133 3057852]
Response/bytes (per Connection):  [4891810 5231438 4902458 5167808 5401126 5103994 5379914 5082772 4881290 5082886 5348088 5411738 5326926 5284400 5093460 5019130 5210230 5188944 5167666 5188932 5188948 5114608 5189014 5369368 5263170 5072236 5326874 5210210 5284488 5241998 5252562 5454308 5199502 5178288 4944818 5146442 5326954 5051020 4997878 5263314 5178420 5029714 4934322 5295008 5146444 5464940 5252560 5358728 4806996 5507242 5263298 5443574 5220726 5104138 5019242 5496634 5188890 4849386 4934262 5029854 5189032 5369344 5019100 4944924 5146444 5167668 5496704 4987264 5305620 5295030 5210184 4923696 5029856 4955430 5125220 5167724 5220800 4913012 5220726 4955570 5295010 4987368 5061630 5326840 4966128 4828206 4944960 5199606 5082810 5443700]
Requests Number (per Connection):  [461 493 462 487 509 481 507 479 460 479 504 510 502 498 480 473 491 489 487 489 489 482 489 506 496 478 502 491 498 494 495 514 490 488 466 485 502 476 471 496 488 474 465 499 485 515 495 505 453 519 496 513 492 481 473 518 489 457 465 474 489 506 473 466 485 487 518 470 500 499 491 464 474 467 483 487 492 463 492 467 499 470 477 502 468 455 466 490 479 513]
Requests/sec:  4248.9923828125 KB
Transfer/sec:  11813.20126953125 KB

2023-12-03 04:40:56.258658333 +0800 CST m=+33211.536593701
Running 1m0s myx-test @ https://192.168.12.127:6443/apis/apps/v1/namespaces/myx-test/deployments
150 connections
Requests/bytes (per Connection):  [1871643 1937213 1925280 1913369 1847797 1823955 1895487 1972978 1901438 1806070 1984900 1835878 1883565 1937188 1961057 1913367 1895486 2086236 1955068 1871629 1978926 1943173 2026627 1901447 1823956 1883548 1835877 1972965 1949134 1919330 1961027 2116038 1955096 2056431 1865681 1978928 1955096 1984900 1913353 1800112 2139882 1949107 1913369 1931252 1901447 1943174 1889525 2008744 1925291 1806070 1925291 1925280 1865682 2044493 1913348 2008744 1925289 1943165 1871643 1955068 1788190 2026626 1978939 1961028 2014667 1829916 1961056 1847799 1955095 2014703 1847799 1961027 1841838 1841838 1895469 1966986 1966998 2020665 1835870 1961050 1967016 1931252 1937213 1877604 2032587 1937192 1806073 1859721 2038507 1925289 1877603 1806070 2086219 1961057 2086236 2026600 2098157 1877589 1931251 2026626 1984898 2074266 1913369 1901445 2145844 1913369 2014666 1972979 1841838 1972978 1883565 1931252 2020645 1990861 1996801 1925291 2008744 1937212 1931252 1990827 1847799 1949131 1961054 1895469 1889525 1847799 1996821 1931252 1889525 1913369 1883564 1889526 1978940 1949132 1955095 1847799 1865682 1949134 1889519 2032545 1907408 1925273 1901447 1925291 1847799 2002783 1865682 1967017 1883549 1943173]
Response/bytes (per Connection):  [3331966 3448696 3427454 3406248 3289516 3247070 3374414 3512366 3385010 3215230 3533590 3268296 3353190 3448650 3491144 3406246 3374412 3713992 3480480 3331940 3522956 3459306 3607874 3385024 3247072 3353160 3268294 3512344 3469918 3416860 3491090 3767048 3480532 3660932 3321352 3522960 3480532 3533590 3406222 3204624 3809496 3469870 3406248 3438084 3385024 3459308 3363800 3576038 3427472 3215230 3427472 3427452 3321354 3639682 3406210 3576038 3427470 3459292 3331966 3480482 3183400 3607872 3522978 3491090 3586580 3257682 3491142 3289518 3480530 3586648 3289518 3491090 3278906 3278906 3374380 3501700 3501722 3597260 3268280 3491132 3501754 3438084 3448696 3342578 3618484 3448658 3215236 3310742 3629020 3427470 3342576 3215230 3713964 3491144 3713992 3607826 3735214 3342550 3438082 3607872 3533588 3692680 3406248 3385022 3820108 3406248 3586580 3512368 3278906 3512366 3353190 3438084 3597226 3544202 3554776 3427472 3576038 3448694 3438084 3544140 3289518 3469914 3491140 3374380 3363800 3289518 3554812 3438084 3363800 3406248 3353188 3363802 3522980 3469916 3480530 3289518 3321354 3469918 3363792 3618410 3395636 3427440 3385024 3427472 3289518 3565426 3321354 3501754 3353160 3459306]
Requests Number (per Connection):  [314 325 323 321 310 306 318 331 319 303 333 308 316 325 329 321 318 350 328 314 332 326 340 319 306 316 308 331 327 322 329 355 328 345 313 332 328 333 321 302 359 327 321 324 319 326 317 337 323 303 323 323 313 343 321 337 323 326 314 328 300 340 332 329 338 307 329 310 328 338 310 329 309 309 318 330 330 339 308 329 330 324 325 315 341 325 303 312 342 323 315 303 350 329 350 340 352 315 324 340 333 348 321 319 360 321 338 331 309 331 316 324 339 334 335 323 337 325 324 334 310 327 329 318 317 310 335 324 317 321 316 317 332 327 328 310 313 327 317 341 320 323 319 323 310 336 313 330 316 326]
Requests/sec:  4725.239876302084 KB
Transfer/sec:  13137.281315104166 KB

2023-12-03 04:42:36.77913069 +0800 CST m=+33312.057066064
Running 1m0s myx-test @ https://192.168.12.127:6443/apis/apps/v1/namespaces/myx-test/deployments
300 connections
Requests/bytes (per Connection):  [1239813 1114629 1251710 1174219 1067000 1096726 1066922 1108653 1138506 1049039 1120610 1156335 1174290 1108649 1096754 1192101 1168257 1078884 1049064 1156415 1251772 1114645 1180228 1090766 1090766 1007379 1120570 995391 1186219 1132515 1132505 1162376 995438 1126594 1013353 1192169 1168258 1114688 1084805 1120608 1060961 1168291 1090803 1215963 1204064 1078891 1043093 1132492 1138495 1209983 1084845 1096796 1084884 1108648 1138532 1096742 1204102 1192175 1120570 1126535 1233888 1150374 1168273 1192101 1096765 1114680 1221906 1275633 1168258 1126531 1084884 1144457 1215943 1144414 1180258 1114687 1174265 1090766 1144469 1138516 1078843 1168261 1132507 1186140 1168299 1257671 1120572 1198062 1102687 1090844 1084836 1061033 1156335 1066922 1090766 1192099 1162346 1156415 1150454 1168255 1114678 1090765 1031183 1078844 1096780 1132516 1150402 1108717 1174218 1150374 1138514 1138532 1257671 1335203 1138453 1102732 1180180 1067001 1096727 1120582 1126610 1174218 1162298 1108659 1090766 1162338 1132492 1180179 1204023 1192099 1078893 1126547 1114673 1102757 1150435 1108706 1019296 1102711 1180179 1066966 1150421 1138453 1066922 1138492 1102689 1210027 1144417 1239788 1132498 1108669 1198107 1281514 1144414 1138522 1150375 1126531 1072957 1084839 1210039 1156362 1084846 1120607 1108727 1174284 1096730 1180252 1096726 1174218 1132535 1156344 1168294 1186140 1114609 1120603 1072883 1108648 1066922 1239788 1096771 1084805 1144414 1156335 1126533 1126604 1162298 1078877 1108705 1078923 1055000 1227867 1144493 1204031 1168258 1096796 1096755 1275551 1049039 1132492 1102688 1156391 1114688 1114651 1019235 1108693 1072883 1090816 1096777 1138453 1055041 1114688 1144414 1120636 1245749 1114609 1162296 1114664 1120571 1156374 1096733 1114641 1162296 1215944 1120584 1233828 1072935 1245749 1132568 983470 1120570 1078843 1013287 1108648 1096727 1084808 1221905 1168287 1144414 1120570 1066965 1186140 1162312 1168257 1227867 1251732 1096727 1072941 1186174 1060961 1180223 1025195 1108648 1025195 1138453 1066977 1090840 1162297 1126531 1215945 1090845 1198062 1186163 1180206 1227864 1144414 1114631 1066946 1221904 1007312 1067001 1239789 1156351 1132514 1156337 1192101 1144413 1156379 1043078 1007313 1186203 1209997 1245793 1019273 1126531 1132492 1108727 1102687 1084883 1120570 1198096 1043158 1108696 1108661 1162299 1186163 1102696 1215945 1186140 1102739 1120649 1108676]
Response/bytes (per Connection):  [2207160 1984304 2228338 2090386 1899512 1952430 1899372 1973664 2026810 1867536 1994950 2058548 2090516 1973656 1952480 2122220 2079772 1920670 1867580 2058692 2228450 1984330 2101084 1941820 1941820 1793374 1994878 1772030 2111750 2016144 2016126 2069304 1772114 2005606 1804008 2122342 2079774 1984408 1931208 1994948 1888760 2079834 1941886 2164700 2143520 1920680 1856950 2016102 2026790 2154054 1931280 1952556 1931350 1973654 2026856 1952458 2143586 2122356 1994878 2005496 2196614 2047936 2079802 2122220 1952500 1984396 2175280 2270928 2079774 2005490 1931350 2037404 2164666 2037326 2101138 1984408 2090470 1941820 2037426 2026828 1920594 2079780 2016128 2111608 2079850 2238950 1994880 2132832 1963042 1941960 1931264 1888890 2058548 1899372 1941820 2122218 2069250 2058692 2048080 2079770 1984390 1941818 1835748 1920596 1952528 2016144 2047988 1973780 2090384 2047936 2026826 2026856 2238950 2376978 2026714 1963124 2100998 1899514 1952432 1994900 2005632 2090384 2069164 1973674 1941820 2069238 2016102 2100996 2143444 2122218 1920686 2005518 1984384 1963170 2048048 1973758 1814590 1963086 2100996 1899452 2048020 2026714 1899372 2026784 1963044 2154134 2037330 2207114 2016112 1973692 2132914 2281396 2037326 2026840 2047938 2005490 1910120 1931270 2154156 2058596 1931284 1994946 1973796 2090504 1952436 2101130 1952430 2090384 2016180 2058566 2079838 2111608 1984266 1994938 1909984 1973654 1899372 2207114 1952512 1931208 2037326 2058548 2005492 2005624 2069164 1920656 1973758 1920738 1878148 2185892 2037468 2143460 2079774 1952558 1952482 2270782 1867536 2016102 1963044 2058650 1984408 1984344 1814478 1973736 1909984 1941910 1952524 2026714 1878222 1984408 2037326 1994998 2217726 1984266 2069160 1984366 1994880 2058620 1952440 1984324 2069160 2164666 1994902 2196504 1910080 2217726 2016240 1750808 1994878 1920594 1803888 1973654 1952432 1931212 2175278 2079828 2037326 1994878 1899450 2111608 2069188 2079772 2185892 2228378 1952432 1910090 2111670 1888760 2101076 1825088 1973654 1825088 2026714 1899472 1941954 2069162 2005490 2164668 1941962 2132832 2111650 2101044 2185888 2037326 1984306 1899416 2175278 1793252 1899514 2207116 2058576 2016142 2058552 2122220 2037324 2058628 1856924 1793254 2111722 2154078 2217806 1814546 2005490 2016102 1973796 1963042 1931348 1994878 2132894 1857068 1973740 1973678 2069164 2111650 1963060 2164668 2111608 1963136 1995020 1973706]
Requests Number (per Connection):  [208 187 210 197 179 184 179 186 191 176 188 194 197 186 184 200 196 181 176 194 210 187 198 183 183 169 188 167 199 190 190 195 167 189 170 200 196 187 182 188 178 196 183 204 202 181 175 190 191 203 182 184 182 186 191 184 202 200 188 189 207 193 196 200 184 187 205 214 196 189 182 192 204 192 198 187 197 183 192 191 181 196 190 199 196 211 188 201 185 183 182 178 194 179 183 200 195 194 193 196 187 183 173 181 184 190 193 186 197 193 191 191 211 224 191 185 198 179 184 188 189 197 195 186 183 195 190 198 202 200 181 189 187 185 193 186 171 185 198 179 193 191 179 191 185 203 192 208 190 186 201 215 192 191 193 189 180 182 203 194 182 188 186 197 184 198 184 197 190 194 196 199 187 188 180 186 179 208 184 182 192 194 189 189 195 181 186 181 177 206 192 202 196 184 184 214 176 190 185 194 187 187 171 186 180 183 184 191 177 187 192 188 209 187 195 187 188 194 184 187 195 204 188 207 180 209 190 165 188 181 170 186 184 182 205 196 192 188 179 199 195 196 206 210 184 180 199 178 198 172 186 172 191 179 183 195 189 204 183 201 199 198 206 192 187 179 205 169 179 208 194 190 194 200 192 194 175 169 199 203 209 171 189 190 186 185 182 188 201 175 186 186 195 199 185 204 199 185 188 186]
Requests/sec:  5533.850227864584 KB
Transfer/sec:  15385.40849609375 KB

