2023-12-01 19:01:34.189985781 +0800 CST m=+9424.950826763
Running 1m0s myx-test @ https://192.168.12.127:6443/api/v1/namespaces/myx-test/endpoints
3 connections
Requests/bytes (per Connection):  [20742337 20284039 22242213]
Response/bytes (per Connection):  [28716017 28081543 30792469]
Requests Number (per Connection):  [3485 3408 3737]
Requests/sec:  1029.7621907552084 KB
Transfer/sec:  2455.38115234375 KB

2023-12-01 19:03:44.913939923 +0800 CST m=+9555.674780894
Running 1m0s myx-test @ https://192.168.12.127:6443/api/v1/namespaces/myx-test/endpoints
6 connections
Requests/bytes (per Connection):  [29307109 28860715 28961896 29616606 27533442 27581059]
Response/bytes (per Connection):  [40573221 39955227 40095304 41001694 38117730 38183651]
Requests Number (per Connection):  [4924 4849 4866 4976 4626 4634]
Requests/sec:  2797.2139811197917 KB
Transfer/sec:  6669.720930989583 KB

2023-12-01 19:05:55.541741295 +0800 CST m=+9686.302582339
Running 1m0s myx-test @ https://192.168.12.127:6443/api/v1/namespaces/myx-test/endpoints
9 connections
Requests/bytes (per Connection):  [22289827 23730187 22236260 23694474 23468301 22379108 23331408 23890886 23611149]
Response/bytes (per Connection):  [30858387 32852443 30784228 32803002 32489885 30981988 32300368 33074918 32687645]
Requests Number (per Connection):  [3745 3987 3736 3981 3943 3760 3920 4014 3967]
Requests/sec:  3395.6966145833335 KB
Transfer/sec:  8096.75234375 KB

2023-12-01 19:08:06.192576445 +0800 CST m=+9816.953417424
Running 1m0s myx-test @ https://192.168.12.127:6443/api/v1/namespaces/myx-test/endpoints
15 connections
Requests/bytes (per Connection):  [16599821 16117720 15326118 16605773 16314129 16278418 15439201 15927257 16480783 15367782 15070184 16599823 15486820 16040343 16546254]
Response/bytes (per Connection):  [22981053 22313624 21217718 22989293 22585537 22536098 21374273 22049945 22816255 21275398 20863400 22981055 21440196 22206503 22906894]
Requests Number (per Connection):  [2789 2708 2575 2790 2741 2735 2594 2676 2769 2582 2532 2789 2602 2695 2780]
Requests/sec:  3909.512141927083 KB
Transfer/sec:  9321.9021484375 KB

2023-12-01 19:10:16.909119757 +0800 CST m=+9947.669960743
Running 1m0s myx-test @ https://192.168.12.127:6443/api/v1/namespaces/myx-test/endpoints
30 connections
Requests/bytes (per Connection):  [7886252 8124327 7975531 7987437 8404069 8314792 8195754 8380260 8195752 8183848 8201706 8160041 8017197 8207658 8070762 8112425 8231461 7880302 8356454 8267175 8017195 8249317 8219559 8160042 8029100 8219562 7951726 8160039 8285031 7814832]
Response/bytes (per Connection):  [10917852 11247447 11041451 11057933 11634725 11511128 11346330 11601764 11346328 11329848 11354570 11296889 11099133 11362810 11173290 11230969 11395765 10909614 11568806 11445207 11099131 11420485 11379287 11296890 11115612 11379290 11008494 11296887 11469927 10818976]
Requests Number (per Connection):  [1325 1365 1340 1342 1412 1397 1377 1408 1377 1375 1378 1371 1347 1379 1356 1363 1383 1324 1404 1389 1347 1386 1381 1371 1349 1381 1336 1371 1392 1313]
Requests/sec:  3975.579524739583 KB
Transfer/sec:  9479.434309895832 KB

2023-12-01 19:12:27.948630842 +0800 CST m=+10078.709471833
Running 1m0s myx-test @ https://192.168.12.127:6443/api/v1/namespaces/myx-test/endpoints
60 connections
Requests/bytes (per Connection):  [4457966 4469869 4315119 4315123 4249648 4428205 4582954 4457965 4606763 4660330 4392494 4600811 4303217 4535339 4565099 4541293 4713894 4255602 4678185 4255599 4398447 4386542 4600812 4327025 4327024 4618666 4434159 4368686 4315119 4582957 4428205 4571051 4672233 4535340 4297263 4547243 4672234 4624618 4481774 4547243 4309167 4279407 4440109 4404397 4499628 4380591 4600811 4404398 4380591 4541294 4577003 4588909 4582956 4469871 4618666 4517484 4547245 4577004 4481772 4469868]
Response/bytes (per Connection):  [6171678 6188157 5973919 5973923 5883280 6130477 6344714 6171677 6377675 6451834 6081038 6369435 5957441 6278795 6319995 6287037 6525990 5891522 6476553 5891519 6089279 6072798 6369436 5990401 5990400 6394154 6138719 6048078 5973919 6344717 6130477 6328235 6468313 6278796 5949199 6295275 6468314 6402394 6204638 6295275 5965679 5924479 6146957 6097517 6229356 6064559 6369435 6097518 6064559 6287038 6336475 6352957 6344716 6188159 6394154 6254076 6295277 6336476 6204636 6188156]
Requests Number (per Connection):  [749 751 725 725 714 744 770 749 774 783 738 773 723 762 767 763 792 715 786 715 739 737 773 727 727 776 745 734 725 770 744 768 785 762 722 764 785 777 753 764 724 719 746 740 756 736 773 740 736 763 769 771 770 751 776 759 764 769 753 751]
Requests/sec:  4374.890738932291 KB
Transfer/sec:  10431.55830078125 KB

2023-12-01 19:14:38.654572175 +0800 CST m=+10209.415413162
Running 1m0s myx-test @ https://192.168.12.127:6443/api/v1/namespaces/myx-test/endpoints
90 connections
Requests/bytes (per Connection):  [3077130 3178312 3208069 3124742 3130695 3118791 3196164 3237827 3333058 3077130 3100933 3100937 3089031 3315202 2969991 3112837 3142598 3023562 2999753 3148551 3100933 3100935 3166406 3166406 2969991 2981897 3142601 3237829 3100937 3202117 3059269 3142598 3130695 3208069 3106887 3017607 3136646 3124743 3071173 2999755 3136646 3023562 3255683 3017606 3100935 3279491 3231877 3267589 3041416 3309250 3184262 2803340 3047368 3219971 3190212 3214019 2981897 3136647 3077126 3112839 3208068 3136644 3118789 3178308 3267589 3154502 3225923 3100935 2975945 3190212 3154500 3041416 3077127 3112837 3094983 3190212 3089032 3106887 3089032 3083078 3315202 3124741 2981897 3023560 3035462 3106885 3190213 3065223 3011657 3166405]
Response/bytes (per Connection):  [4260026 4400104 4441301 4325942 4334183 4317703 4424820 4482499 4614338 4260026 4292981 4292985 4276503 4589618 4111703 4309461 4350662 4185866 4152905 4358903 4292981 4292983 4383622 4383622 4111703 4128185 4350665 4482501 4292985 4433061 4235301 4350662 4334183 4441301 4301223 4177623 4342422 4325943 4251781 4152907 4342422 4185866 4507219 4177622 4292983 4540179 4474261 4523701 4210584 4581378 4408342 3880988 4218824 4457779 4416580 4449539 4128185 4342423 4260022 4309463 4441300 4342420 4317701 4400100 4523701 4367142 4466019 4292983 4119945 4416580 4367140 4210584 4260023 4309461 4284743 4416580 4276504 4301223 4276504 4268262 4589618 4325941 4128185 4185864 4202342 4301221 4416581 4243543 4169385 4383621]
Requests Number (per Connection):  [517 534 539 525 526 524 537 544 560 517 521 521 519 557 499 523 528 508 504 529 521 521 532 532 499 501 528 544 521 538 514 528 526 539 522 507 527 525 516 504 527 508 547 507 521 551 543 549 511 556 535 471 512 541 536 540 501 527 517 523 539 527 524 534 549 530 542 521 500 536 530 511 517 523 520 536 519 522 519 518 557 525 501 508 510 522 536 515 506 532]
Requests/sec:  4575.224723307291 KB
Transfer/sec:  10909.237727864584 KB

2023-12-01 19:16:49.445848395 +0800 CST m=+10340.206689372
Running 1m0s myx-test @ https://192.168.12.127:6443/api/v1/namespaces/myx-test/endpoints
150 connections
Requests/bytes (per Connection):  [2279574 2315283 2333141 2255765 2255766 2261719 2249814 2220057 2297427 2226007 2339093 2267670 2339095 2267669 2237909 2041497 2267670 2243864 2273620 2374806 2285525 2356951 2368853 2362902 2339093 2297429 2267668 2237910 2273621 2404565 2404563 2196247 2214105 2148632 2356946 2392661 2362900 2303380 2386708 2285524 2231958 2297427 2291477 2297429 2404565 2315284 2350996 2356947 2345047 2404566 2273619 2315285 2410516 2124824 2261717 2303381 2380756 2267668 2315285 2279575 2190293 2166487 2166487 2214103 2410516 2279575 2279575 2220055 2237910 2267669 2202201 2327189 2356949 2321237 2392662 2237910 2291475 2285526 2249816 2220054 2345045 2350997 2404561 2267667 2368854 2374804 2410513 2321239 2327189 2315287 2118874 2243864 2446229 2315285 2220056 2178389 2243864 2267672 2261718 2220055 2220053 2315287 2345044 2297431 2172439 2214105 2267670 2345045 2160535 2511698 2285526 2285525 2255764 2327189 2231960 2249814 2285528 2273624 2368852 2249812 2321238 2279576 2350996 2243862 2303381 2368850 2333141 2267672 2309333 2297427 2285525 2243864 2255764 2404563 2374804 2154582 2291475 2333141 2237910 2309333 2285525 2261716 2154586 2249816 2356948 2178391 2285527 2226008 2184343 2303381]
Response/bytes (per Connection):  [3155878 3205315 3230037 3122917 3122918 3131159 3114678 3073481 3180595 3081719 3238277 3139398 3238279 3139397 3098197 2826281 3139398 3106440 3147636 3287718 3164117 3262999 3279477 3271238 3238277 3180597 3139396 3098198 3147637 3328917 3328915 3040519 3065241 2974600 3262994 3312437 3271236 3188836 3304196 3164116 3089958 3180595 3172357 3180597 3328917 3205316 3254756 3262995 3246519 3328918 3147635 3205317 3337156 2941640 3131157 3188837 3295956 3139396 3205317 3155879 3032277 2999319 2999319 3065239 3337156 3155879 3155879 3073479 3098198 3139397 3048761 3221797 3262997 3213557 3312438 3098198 3172355 3164118 3114680 3073478 3246517 3254757 3328913 3139395 3279478 3287716 3337153 3213559 3221797 3205319 2933402 3106440 3386597 3205317 3073480 3015797 3106440 3139400 3131158 3073479 3073477 3205319 3246516 3180599 3007559 3065241 3139398 3246517 2991079 3477234 3164118 3164117 3122916 3221797 3089960 3114678 3164120 3147640 3279476 3114676 3213558 3155880 3254756 3106438 3188837 3279474 3230037 3139400 3197077 3180595 3164117 3106440 3122916 3328915 3287716 2982838 3172355 3230037 3098198 3197077 3164117 3131156 2982842 3114680 3262996 3015799 3164119 3081720 3024039 3188837]
Requests Number (per Connection):  [383 389 392 379 379 380 378 373 386 374 393 381 393 381 376 343 381 377 382 399 384 396 398 397 393 386 381 376 382 404 404 369 372 361 396 402 397 387 401 384 375 386 385 386 404 389 395 396 394 404 382 389 405 357 380 387 400 381 389 383 368 364 364 372 405 383 383 373 376 381 370 391 396 390 402 376 385 384 378 373 394 395 404 381 398 399 405 390 391 389 356 377 411 389 373 366 377 381 380 373 373 389 394 386 365 372 381 394 363 422 384 384 379 391 375 378 384 382 398 378 390 383 395 377 387 398 392 381 388 386 384 377 379 404 399 362 385 392 376 388 384 380 362 378 396 366 384 374 367 387]
Requests/sec:  5586.871435546875 KB
Transfer/sec:  13321.42412109375 KB

2023-12-01 19:19:00.574728048 +0800 CST m=+10471.335569030
Running 1m0s myx-test @ https://192.168.12.127:6443/api/v1/namespaces/myx-test/endpoints
300 connections
Requests/bytes (per Connection):  [1392743 1535587 1440358 1470116 1476069 1416551 1339176 1386791 1464166 1380839 1458213 1416550 1452262 1404643 1380839 1434406 1315368 1517733 1386791 1499873 1416551 1309414 1351079 1529635 1357031 1428453 1392743 1315368 1410597 1428454 1428454 1279657 1333224 1422503 1321320 1440358 1487973 1476068 1386791 1452262 1374885 1476070 1333224 1368935 1470116 1535587 1351078 1452260 1368935 1452262 1434404 1416548 1428454 1374888 1482022 1357031 1398691 1392741 1464164 1446310 1428453 1327272 1422502 1386791 1428454 1571297 1398694 1410596 1470116 1505829 1398693 1547490 1470116 1470116 1392743 1487974 1482021 1339176 1458212 1428453 1303462 1422502 1357030 1362983 1482020 1470118 1398695 1493926 1267753 1416549 1476070 1464165 1416551 1416550 1351080 1392743 1440358 1380839 1398693 1434405 1351080 1392741 1434404 1505829 1482017 1493925 1434405 1535585 1487971 1416551 1321320 1470118 1327271 1511781 1428453 1464162 1374887 1446308 1487971 1470117 1476070 1410599 1398691 1380839 1452262 1357030 1386789 1345127 1505825 1380837 1422500 1476067 1315368 1470114 1368934 1464162 1380837 1374887 1476069 1422501 1392743 1398695 1434407 1339176 1464162 1416551 1434406 1422503 1482021 1357031 1523681 1499878 1547491 1589156 1422499 1345127 1493926 1529636 1380839 1428455 1523683 1410599 1428453 1374887 1303462 1327272 1327272 1493924 1511779 1351080 1434407 1565347 1470117 1470115 1386789 1333224 1368936 1446310 1434406 1243945 1351080 1386789 1249897 1380839 1404646 1327272 1452262 1482022 1386791 1303463 1464164 1470115 1386791 1339176 1452258 1339176 1345128 1470118 1458212 1487973 1535587 1404645 1422500 1374885 1362981 1410599 1398695 1487974 1440358 1392741 1362984 1362981 1458212 1482022 1535588 1368935 1333220 1297515 1428454 1339176 1416551 1345128 1339174 1333223 1434406 1357031 1362982 1297512 1452258 1422502 1452262 1434402 1404646 1374887 1440356 1446308 1392743 1482019 1547493 1464166 1434406 1339176 1362983 1416551 1273705 1386791 1452262 1303465 1493926 1345128 1434404 1392743 1392741 1446308 1434407 1315368 1362984 1458212 1267753 1511781 1398694 1291558 1368933 1428455 1374885 1446310 1428454 1374887 1422503 1404646 1392742 1374888 1410599 1321318 1362983 1452262 1464166 1321320 1529635 1410599 1464165 1529636 1362983 1285609 1285608 1380837 1357031 1285609 1511779 1351077 1428455 1410599 1458212 1404647 1452260 1368936 1493925 1476068 1452262 1404645]
Response/bytes (per Connection):  [1928135 2125891 1994054 2035252 2043493 1961095 1853976 1919895 2027014 1911655 2018773 1961094 2010534 1944611 1911655 1985814 1821016 2101173 1919895 2076449 1961095 1812774 1870455 2117651 1878695 1977573 1928135 1821016 1952853 1977574 1977574 1771577 1845736 1969335 1829256 1994054 2059973 2043492 1919895 2010534 1903413 2043494 1845736 1895175 2035252 2125891 1870454 2010532 1895175 2010534 1985812 1961092 1977574 1903416 2051734 1878695 1936371 1928133 2027012 2002294 1977573 1837496 1969334 1919895 1977574 2175329 1936374 1952852 2035252 2084693 1936373 2142370 2035252 2035252 1928135 2059974 2051733 1853976 2018772 1977573 1804534 1969334 1878694 1886935 2051732 2035254 1936375 2068214 1755097 1961093 2043494 2027013 1961095 1961094 1870456 1928135 1994054 1911655 1936373 1985813 1870456 1928133 1985812 2084693 2051729 2068213 1985813 2125889 2059971 1961095 1829256 2035254 1837495 2092933 1977573 2027010 1903415 2002292 2059971 2035253 2043494 1952855 1936371 1911655 2010534 1878694 1919893 1862215 2084689 1911653 1969332 2043491 1821016 2035250 1895174 2027010 1911653 1903415 2043493 1969333 1928135 1936375 1985815 1853976 2027010 1961095 1985814 1969335 2051733 1878695 2109409 2076454 2142371 2200052 1969331 1862215 2068214 2117652 1911655 1977575 2109411 1952855 1977573 1903415 1804534 1837496 1837496 2068212 2092931 1870456 1985815 2167091 2035253 2035251 1919893 1845736 1895176 2002294 1985814 1722137 1870456 1919893 1730377 1911655 1944614 1837496 2010534 2051734 1919895 1804535 2027012 2035251 1919895 1853976 2010530 1853976 1862216 2035254 2018772 2059973 2125891 1944613 1969332 1903413 1886933 1952855 1936375 2059974 1994054 1928133 1886936 1886933 2018772 2051734 2125892 1895175 1845732 1796299 1977574 1853976 1961095 1862216 1853974 1845735 1985814 1878695 1886934 1796296 2010530 1969334 2010534 1985810 1944614 1903415 1994052 2002292 1928135 2051731 2142373 2027014 1985814 1853976 1886935 1961095 1763337 1919895 2010534 1804537 2068214 1862216 1985812 1928135 1928133 2002292 1985815 1821016 1886936 2018772 1755097 2092933 1936374 1788054 1895173 1977575 1903413 2002294 1977574 1903415 1969335 1944614 1928134 1903416 1952855 1829254 1886935 2010534 2027014 1829256 2117651 1952855 2027013 2117652 1886935 1779817 1779816 1911653 1878695 1779817 2092931 1870453 1977575 1952855 2018772 1944615 2010532 1895176 2068213 2043492 2010534 1944613]
Requests Number (per Connection):  [234 258 242 247 248 238 225 233 246 232 245 238 244 236 232 241 221 255 233 252 238 220 227 257 228 240 234 221 237 240 240 215 224 239 222 242 250 248 233 244 231 248 224 230 247 258 227 244 230 244 241 238 240 231 249 228 235 234 246 243 240 223 239 233 240 264 235 237 247 253 235 260 247 247 234 250 249 225 245 240 219 239 228 229 249 247 235 251 213 238 248 246 238 238 227 234 242 232 235 241 227 234 241 253 249 251 241 258 250 238 222 247 223 254 240 246 231 243 250 247 248 237 235 232 244 228 233 226 253 232 239 248 221 247 230 246 232 231 248 239 234 235 241 225 246 238 241 239 249 228 256 252 260 267 239 226 251 257 232 240 256 237 240 231 219 223 223 251 254 227 241 263 247 247 233 224 230 243 241 209 227 233 210 232 236 223 244 249 233 219 246 247 233 225 244 225 226 247 245 250 258 236 239 231 229 237 235 250 242 234 229 229 245 249 258 230 224 218 240 225 238 226 225 224 241 228 229 218 244 239 244 241 236 231 242 243 234 249 260 246 241 225 229 238 214 233 244 219 251 226 241 234 234 243 241 221 229 245 213 254 235 217 230 240 231 243 240 231 239 236 234 231 237 222 229 244 246 222 257 237 246 257 229 216 216 232 228 216 254 227 240 237 245 236 244 230 251 248 244 236]
Requests/sec:  6907.640706380208 KB
Transfer/sec:  16470.687141927083 KB

