2023-12-03 10:07:24.02404764 +0800 CST m=+52799.301983026
Running 1m0s myx-test @ https://192.168.12.127:6443/apis/batch/v1/namespaces/myx-test/jobs
3 connections
Requests/bytes (per Connection):  [26835724 28286934 26169566]
Response/bytes (per Connection):  [45827940 48306186 44690298]
Requests Number (per Connection):  [4512 4756 4400]
Requests/sec:  1323.115625 KB
Transfer/sec:  3582.627734375 KB

2023-12-03 10:09:04.277209546 +0800 CST m=+52899.555144920
Running 1m0s myx-test @ https://192.168.12.127:6443/apis/batch/v1/namespaces/myx-test/jobs
6 connections
Requests/bytes (per Connection):  [23362312 23362302 23308762 23261186 22101436 22059729]
Response/bytes (per Connection):  [39896328 39896298 39804852 39723612 37743132 37671813]
Requests Number (per Connection):  [3928 3928 3919 3911 3716 3709]
Requests/sec:  2237.235139973958 KB
Transfer/sec:  6057.808626302083 KB

2023-12-03 10:10:44.536734442 +0800 CST m=+52999.814669827
Running 1m0s myx-test @ https://192.168.12.127:6443/apis/batch/v1/namespaces/myx-test/jobs
9 connections
Requests/bytes (per Connection):  [18473297 18663630 18610104 17587160 18604197 17486043 18485194 17563348 18491141]
Response/bytes (per Connection):  [31547175 31872222 31780818 30033978 31770783 29861289 31567494 29993286 31577649]
Requests Number (per Connection):  [3106 3138 3129 2957 3128 2940 3108 2953 3109]
Requests/sec:  2668.6867513020834 KB
Transfer/sec:  7226.054817708334 KB

2023-12-03 10:12:24.800198986 +0800 CST m=+53100.078134363
Running 1m0s myx-test @ https://192.168.12.127:6443/apis/batch/v1/namespaces/myx-test/jobs
15 connections
Requests/bytes (per Connection):  [12692259 12870659 11597924 11651377 12537613 11746599 11812019 12811217 12329463 12495978 12323491 11764387 12311593 12353229 12561405]
Response/bytes (per Connection):  [21674853 21979473 19806072 19897257 21410751 20059947 20171661 21878007 21055311 21339648 21045081 20090253 21024759 21095865 21451383]
Requests Number (per Connection):  [2134 2164 1950 1959 2108 1975 1986 2154 2073 2101 2072 1978 2070 2077 2112]
Requests/sec:  2992.500211588542 KB
Transfer/sec:  8102.856998697916 KB

2023-12-03 10:14:05.067746753 +0800 CST m=+53200.345682147
Running 1m0s myx-test @ https://192.168.12.127:6443/apis/batch/v1/namespaces/myx-test/jobs
30 connections
Requests/bytes (per Connection):  [6476962 6465124 6250990 6369900 5989248 6369888 6102225 6227132 6369952 5905952 6375909 6393673 6429436 6322298 6399622 5816805 6340188 6429394 6429361 5900076 6292600 6126048 5906024 6274794 5971425 6013075 6072527 6185540 6250953 6191486]
Response/bytes (per Connection):  [11060832 11040690 10674984 10877994 10227942 10877958 10420839 10634154 10878150 10085658 10888335 10918569 10979742 10796676 10928730 9933507 10827288 10979616 10979517 10075716 10746012 10461564 10085874 10715652 10197531 10268679 10370175 10563180 10674873 10573332]
Requests Number (per Connection):  [1089 1087 1051 1071 1007 1071 1026 1047 1071 993 1072 1075 1081 1063 1076 978 1066 1081 1081 992 1058 1030 993 1055 1004 1011 1021 1040 1051 1041]
Requests/sec:  3037.9005045572917 KB
Transfer/sec:  8225.787369791668 KB

2023-12-03 10:15:45.945934017 +0800 CST m=+53301.223869386
Running 1m0s myx-test @ https://192.168.12.127:6443/apis/batch/v1/namespaces/myx-test/jobs
60 connections
Requests/bytes (per Connection):  [3645903 3639953 3711306 3407986 3669694 3479378 3616155 3544789 3455589 3645902 3699432 3390172 3776722 3503153 3526945 3515049 3651851 3693486 3550739 3574528 3503164 3729172 3562632 3461518 3544788 3610215 3491270 3520997 3669694 3848129 3687538 3598320 3705380 3437749 3437726 3544788 3675643 3616155 3604268 3532895 3669677 3532892 3413962 3526945 3634005 3622102 3425832 3604267 3628060 3586423 3562632 3604267 3735098 3657784 3443674 3521001 3503153 3628059 3610209 3657799]
Response/bytes (per Connection):  [6226191 6216027 6337854 5819880 6266820 5941824 6175377 6053511 5901201 6226188 6317604 5789496 6449556 5982405 6023037 6002721 6236349 6307452 6063675 6104298 5982438 6368394 6083982 5911302 6053508 6165243 5962128 6012879 6266820 6571545 6297294 6144930 6327762 5870739 5870670 6053508 6276981 6175377 6155088 6033201 6266769 6033192 5830122 6023037 6205869 6185532 5850360 6155085 6195720 6124611 6083982 6155085 6378486 6246462 5880828 6012891 5982405 6195717 6165225 6246507]
Requests Number (per Connection):  [613 612 624 573 617 585 608 596 581 613 622 570 635 589 593 591 614 621 597 601 589 627 599 582 596 607 587 592 617 647 620 605 623 578 578 596 618 608 606 594 617 594 574 593 611 609 576 606 610 603 599 606 628 615 579 592 589 610 607 615]
Requests/sec:  3500.140201822917 KB
Transfer/sec:  9477.404850260416 KB

2023-12-03 10:17:26.219660698 +0800 CST m=+53401.497596075
Running 1m0s myx-test @ https://192.168.12.127:6443/apis/batch/v1/namespaces/myx-test/jobs
90 connections
Requests/bytes (per Connection):  [2795353 2866807 2801326 2724005 2836989 2938183 2801352 2765637 2890520 3015471 2878625 2842985 2819146 2640718 2747793 2854832 2789484 2777512 2926223 2795354 2771602 2795433 2718064 2724037 2837051 2676473 2956026 2807278 2765694 2902432 2605025 2860780 2807329 2724058 2801344 2557479 2795419 2735875 2628892 2771562 2777589 2700187 2783537 2819145 2848964 2866786 2825093 2825172 2664543 2706214 2842937 2759667 2622944 2914312 2694297 2753778 2848898 2670526 2831120 2783537 2831041 2777567 2807295 2765682 2819168 2735907 2712129 2878625 2676468 2735880 2890520 2700197 2807316 2848964 2676446 2866728 2848950 2622870 2854870 2741822 2866728 2825093 2890560 2795353 2848885 2759666 2831110 2712129 2896509 2777520]
Response/bytes (per Connection):  [4773639 4895769 4783872 4651827 4844745 5017665 4783950 4722921 4936164 5149611 4915851 4855047 4814274 4509570 4692447 4875216 4763718 4743174 4997157 4773642 4733130 4773879 4641690 4651923 4844931 4570719 5048136 4794042 4723092 4956528 4448607 4885374 4794195 4651986 4783926 4367457 4773837 4672065 4489464 4733010 4743405 4611117 4753563 4814271 4865298 4895706 4824429 4824666 4550301 4621512 4854903 4712697 4479306 4976796 4601133 4702716 4865100 4560564 4834824 4753563 4834587 4743339 4794093 4723056 4814340 4672161 4631571 4915851 4570704 4672080 4936164 4611147 4794156 4865298 4570638 4895532 4865256 4479084 4875330 4682220 4895532 4824429 4936284 4773639 4865061 4712694 4834794 4631571 4946445 4743198]
Requests Number (per Connection):  [470 482 471 458 477 494 471 465 486 507 484 478 474 444 462 480 469 467 492 470 466 470 457 458 477 450 497 472 465 488 438 481 472 458 471 430 470 460 442 466 467 454 468 474 479 482 475 475 448 455 478 464 441 490 453 463 479 449 476 468 476 467 472 465 474 460 456 484 450 460 486 454 472 479 450 482 479 441 480 461 482 475 486 470 479 464 476 456 487 467]
Requests/sec:  4086.7742838541667 KB
Transfer/sec:  11065.849381510418 KB

2023-12-03 10:19:06.568288205 +0800 CST m=+53501.846223579
Running 1m0s myx-test @ https://192.168.12.127:6443/apis/batch/v1/namespaces/myx-test/jobs
150 connections
Requests/bytes (per Connection):  [1956780 1915138 1855652 1915122 1956779 1968675 2045998 2022177 2045998 2057886 1879440 1932988 2034102 1867547 1837812 2010305 1808082 1956778 1927040 1950829 2069742 1956780 2010297 1998377 2051946 1944857 1956779 1921069 1938936 1831874 1849717 2105476 1879456 1921084 2051946 2016252 2004360 1903228 1730758 1819978 1938936 1903248 1944884 2016259 1974623 1968675 1837822 1927038 1849706 1861613 1944874 1885387 1885387 2063842 1849712 2010311 1980538 2010310 1790238 1873509 1974624 1932963 1808078 1968644 2028154 1938936 2034066 1956750 1903248 1819978 1968675 1968675 2004327 1885405 1903248 2040007 1956780 1968674 1968645 1802130 2045998 1998413 1843769 1927016 1837821 1891353 2057892 1980571 1956779 1944866 1831865 1956780 1992467 2004363 1950832 1891352 1873493 1998379 1932962 2123315 1879456 1891352 1825926 1968676 1950832 1843769 1909196 1891352 1927016 1921092 1927016 1819974 2099503 1974596 1950832 1980542 1796186 2087632 1718863 1927016 1814024 1915144 1956750 1897300 2063842 1873508 1992447 2004362 1932963 1819977 1861613 2010275 1980538 1921092 2010283 1998413 1956779 1962696 1891353 1849717 2075738 2034082 1992467 1968675 2075736 1927033 2016259 1861613 1950832 2069790]
Response/bytes (per Connection):  [3341646 3270522 3168924 3270474 3341643 3361959 3494010 3453291 3494010 3514302 3209544 3301014 3473694 3189237 3138462 3433047 3087702 3341640 3290856 3331479 3534498 3341646 3433023 3412635 3504168 3321249 3341643 3280629 3311172 3128334 3158805 3595584 3209592 3280674 3504168 3443202 3422898 3250164 2955648 3108018 3311172 3250224 3321330 3443223 3372117 3361959 3138492 3290850 3158772 3179121 3321300 3219699 3219699 3524484 3158790 3433065 3382176 3433062 3057228 3199437 3372120 3300939 3087690 3361866 3463536 3311172 3473586 3341556 3250224 3108018 3361959 3361959 3422799 3219753 3250224 3483723 3341646 3361956 3361869 3077532 3494010 3412743 3148647 3290784 3138489 3229911 3514320 3382275 3341643 3321276 3128307 3341646 3402591 3422907 3331488 3229908 3199389 3412641 3300936 3626043 3209592 3229908 3118176 3361962 3331488 3148647 3260382 3229908 3290784 3280698 3290784 3108006 3585351 3372036 3331488 3382188 3067386 3565110 2935335 3290784 3097842 3270540 3341556 3240066 3524484 3199434 3402531 3422904 3300939 3108015 3179121 3432957 3382176 3280698 3432981 3412743 3341643 3351708 3229911 3158805 3544800 3473634 3402591 3361959 3544794 3290835 3443223 3179121 3331488 3534642]
Requests Number (per Connection):  [329 322 312 322 329 331 344 340 344 346 316 325 342 314 309 338 304 329 324 328 348 329 338 336 345 327 329 323 326 308 311 354 316 323 345 339 337 320 291 306 326 320 327 339 332 331 309 324 311 313 327 317 317 347 311 338 333 338 301 315 332 325 304 331 341 326 342 329 320 306 331 331 337 317 320 343 329 331 331 303 344 336 310 324 309 318 346 333 329 327 308 329 335 337 328 318 315 336 325 357 316 318 307 331 328 310 321 318 324 323 324 306 353 332 328 333 302 351 289 324 305 322 329 319 347 315 335 337 325 306 313 338 333 323 338 336 329 330 318 311 349 342 335 331 349 324 339 313 328 348]
Requests/sec:  4740.777555338542 KB
Transfer/sec:  12836.702701822916 KB

2023-12-03 10:20:46.956675185 +0800 CST m=+53602.234610579
Running 1m0s myx-test @ https://192.168.12.127:6443/apis/batch/v1/namespaces/myx-test/jobs
300 connections
Requests/bytes (per Connection):  [1011064 999245 1034891 921924 1017012 1082438 892167 1011110 1153849 1022959 939689 1046751 1100282 1052778 1046830 1076490 987308 1046799 1076491 945715 1052700 1034869 1022996 927837 993232 981325 1040805 999168 1028907 975376 993220 957536 1022960 1082445 999205 1064595 999231 1052770 1005116 999182 1058647 999247 1017040 981324 1088414 1040878 981339 1094367 1082438 1100325 1046792 1005137 1005195 1034869 1040806 1100350 1022960 1040804 993220 993243 1005157 969456 945637 957611 1040803 1118194 1100282 1040803 969508 1052711 999207 1070622 1070595 1070543 1141918 1094394 1040845 927843 951648 981324 1088465 1106292 975412 1028986 957532 1011143 993299 921916 1064674 1017011 969428 1058647 957533 969508 1064595 957533 969508 1112178 999247 921924 1034920 975452 1130021 963500 963480 975378 1028907 969460 898099 1082518 1094379 1052709 1005116 1106248 886236 1005116 1106288 915897 1106283 993257 1017011 999246 1028925 1011114 892165 1022976 1064595 1034888 1046751 981324 987351 951585 915899 1028981 1106230 927793 1040834 1011124 981324 1046787 969507 1052733 927793 1017045 1034855 951584 1088394 1028907 1052699 898132 993299 1011064 1058716 910028 951664 1046761 987339 1011117 1017011 915976 975416 1028951 1088392 987272 1034855 1094335 999189 1118205 1064666 939732 957612 1034899 999168 1011064 957532 975455 1064673 999168 981399 1070543 987317 1017091 933741 993269 1118171 1034934 1082517 1017012 1040803 1076491 975376 1112245 1052753 1034918 1023006 1070558 1022968 1040804 1064659 1064613 1112257 1005194 981325 975435 1118138 939760 1046755 1028987 927793 1011063 1005116 945637 1040882 1022959 945711 993264 1005125 909949 999247 1005146 1011064 1106231 999168 945637 1094405 1094361 1023039 1040852 969428 1052778 993274 1159788 945686 1040877 1064595 1017056 951636 1034861 945637 1022960 1046751 1022970 921845 1094381 1046780 1034921 904049 1005125 969507 1046765 993220 999246 1106309 999180 1017090 981395 975455 1088406 1028907 975377 1058692 1040803 1040882 1058720 957611 1064595 1011116 993281 987328 1017076 1017020 1017011 1064611 898074 1034892 999247 1052702 1070543 1094413 981368 999168 1028934 975436 969477 987351 1046828 1070543 981325 1100330 1064595 987272 957582 987272 999168 1005182 1034855 921846 1082439 1022969 1023039]
Response/bytes (per Connection):  [1726572 1706487 1767309 1574442 1736730 1848462 1523601 1726710 1970463 1746885 1604679 1787517 1878936 1797912 1787754 1838304 1686048 1787661 1838307 1615071 1797678 1767243 1746996 1584495 1696134 1675785 1777365 1706256 1757043 1665624 1696098 1635162 1746888 1848483 1706367 1817991 1706445 1797888 1716414 1706298 1807833 1706493 1736814 1675782 1858704 1777584 1675827 1868877 1848462 1879065 1787640 1716477 1716651 1767243 1777368 1879140 1746888 1777362 1696098 1696167 1716537 1655550 1614837 1635387 1777359 1909614 1878936 1777359 1655706 1797711 1706373 1828386 1828305 1828149 1950042 1868958 1777485 1584513 1625184 1675782 1858857 1889280 1665732 1757280 1635150 1726809 1696335 1574418 1818228 1736727 1655466 1807833 1635153 1655706 1817991 1635153 1655706 1899252 1706493 1574442 1767396 1665852 1929723 1645368 1645308 1665630 1757043 1655562 1533711 1848702 1868913 1797705 1716414 1889148 1513494 1716414 1889268 1564047 1889253 1696209 1736727 1706490 1757097 1726722 1523595 1746936 1817991 1767300 1787517 1675782 1686177 1624995 1564053 1757265 1889094 1584363 1777452 1726752 1675782 1787625 1655703 1797777 1584363 1736829 1767201 1624992 1858644 1757043 1797675 1533810 1696335 1726572 1808040 1554126 1625232 1787547 1686141 1726731 1736727 1564284 1665744 1757175 1858638 1685940 1767201 1868781 1706319 1909647 1818204 1604808 1635390 1767333 1706256 1726572 1635150 1665861 1818225 1706256 1676007 1828149 1686075 1736967 1594521 1696245 1909545 1767438 1848699 1736730 1777359 1838307 1665624 1899453 1797837 1767390 1747026 1828194 1746912 1777362 1818183 1818045 1899489 1716648 1675785 1665801 1909446 1604892 1787529 1757283 1584363 1726569 1716414 1614837 1777596 1746885 1615059 1696230 1716441 1553889 1706493 1716504 1726572 1889097 1706256 1614837 1868991 1868859 1747125 1777506 1655466 1797912 1696260 1980594 1614984 1777581 1817991 1736862 1625148 1767219 1614837 1746888 1787517 1746918 1574205 1868919 1787604 1767399 1543875 1716441 1655703 1787559 1696098 1706490 1889331 1706292 1736964 1675995 1665861 1858680 1757043 1665627 1807968 1777359 1777596 1808052 1635387 1817991 1726728 1696281 1686108 1736922 1736754 1736727 1818039 1533636 1767312 1706493 1797684 1828149 1869015 1675914 1706256 1757124 1665804 1655613 1686177 1787748 1828149 1675785 1879080 1817991 1685940 1635300 1685940 1706256 1716612 1767201 1574208 1848465 1746915 1747125]
Requests Number (per Connection):  [170 168 174 155 171 182 150 170 194 172 158 176 185 177 176 181 166 176 181 159 177 174 172 156 167 165 175 168 173 164 167 161 172 182 168 179 168 177 169 168 178 168 171 165 183 175 165 184 182 185 176 169 169 174 175 185 172 175 167 167 169 163 159 161 175 188 185 175 163 177 168 180 180 180 192 184 175 156 160 165 183 186 164 173 161 170 167 155 179 171 163 178 161 163 179 161 163 187 168 155 174 164 190 162 162 164 173 163 151 182 184 177 169 186 149 169 186 154 186 167 171 168 173 170 150 172 179 174 176 165 166 160 154 173 186 156 175 170 165 176 163 177 156 171 174 160 183 173 177 151 167 170 178 153 160 176 166 170 171 154 164 173 183 166 174 184 168 188 179 158 161 174 168 170 161 164 179 168 165 180 166 171 157 167 188 174 182 171 175 181 164 187 177 174 172 180 172 175 179 179 187 169 165 164 188 158 176 173 156 170 169 159 175 172 159 167 169 153 168 169 170 186 168 159 184 184 172 175 163 177 167 195 159 175 179 171 160 174 159 172 176 172 155 184 176 174 152 169 163 176 167 168 186 168 171 165 164 183 173 164 178 175 175 178 161 179 170 167 166 171 171 171 179 151 174 168 177 180 184 165 168 173 164 163 166 176 180 165 185 179 166 161 166 168 169 174 155 182 172 172]
Requests/sec:  4965.454231770834 KB
Transfer/sec:  13445.057747395833 KB

