2023-12-01 21:35:49.356432655 +0800 CST m=+2474.072565082
Running 1m0s myx-test @ https://192.168.12.127:6443/api/v1/namespaces/myx-test/limitranges
3 connections
Requests/bytes (per Connection):  [27874290 29756035 29994230]
Response/bytes (per Connection):  [38888683 41513976 41846291]
Requests Number (per Connection):  [4681 4997 5037]
Requests/sec:  1426.180908203125 KB
Transfer/sec:  3415.909912109375 KB

2023-12-01 21:37:59.754553765 +0800 CST m=+2604.470686187
Running 1m0s myx-test @ https://192.168.12.127:6443/api/v1/namespaces/myx-test/limitranges
6 connections
Requests/bytes (per Connection):  [28344783 30327704 30542081 29726268 28279251 29422562]
Response/bytes (per Connection):  [39545063 42311533 42610618 41472444 39453648 41048735]
Requests Number (per Connection):  [4760 5093 5129 4992 4749 4941]
Requests/sec:  2875.043115234375 KB
Transfer/sec:  6886.14404296875 KB

2023-12-01 21:40:10.296392609 +0800 CST m=+2735.012525031
Running 1m0s myx-test @ https://192.168.12.127:6443/api/v1/namespaces/myx-test/limitranges
9 connections
Requests/bytes (per Connection):  [22193490 21514633 22509074 22050574 22991409 21859985 21496768 22949705 21502723]
Response/bytes (per Connection):  [30963121 30016022 31403414 30763733 32076342 30497848 29991098 32018167 29999406]
Requests Number (per Connection):  [3727 3613 3780 3703 3861 3671 3610 3854 3611]
Requests/sec:  3240.0449381510416 KB
Transfer/sec:  7760.376171875 KB

2023-12-01 21:42:20.749228304 +0800 CST m=+2865.465360725
Running 1m0s myx-test @ https://192.168.12.127:6443/api/v1/namespaces/myx-test/limitranges
15 connections
Requests/bytes (per Connection):  [15684906 15047732 16226744 16107705 15107274 14815491 16054071 15143010 15202558 15994503 15934966 15982650 15976658 15869501 16167252]
Response/bytes (per Connection):  [21882708 20993763 22638669 22472570 21076835 20669755 22397759 21126689 21209767 22314661 22231594 22298102 22289757 22140246 22555647]
Requests Number (per Connection):  [2634 2527 2725 2705 2537 2488 2696 2543 2553 2686 2676 2684 2683 2665 2715]
Requests/sec:  3829.9970865885416 KB
Transfer/sec:  9173.397509765626 KB

2023-12-01 21:44:31.155375699 +0800 CST m=+2995.871508130
Running 1m0s myx-test @ https://192.168.12.127:6443/api/v1/namespaces/myx-test/limitranges
30 connections
Requests/bytes (per Connection):  [7770966 7782876 8217583 7699562 8426011 8396230 8193765 8193763 7949620 7681698 8247358 7782877 8384321 8414095 8360499 8348588 8259267 7913940 8402183 8199718 7830516 8402185 8247357 8193797 8283144 8289041 8158040 7878155 7771011 8414095]
Response/bytes (per Connection):  [10841631 10858247 11464723 10741991 11755506 11713960 11431493 11431491 11090875 10717068 11506263 10858248 11697345 11738884 11664111 11647494 11522878 11041077 11722266 11439799 10924711 11722268 11506262 11431525 11556167 11564417 11381650 10991174 10841676 11738884]
Requests Number (per Connection):  [1305 1307 1380 1293 1415 1410 1376 1376 1335 1290 1385 1307 1408 1413 1404 1402 1387 1329 1411 1377 1315 1411 1385 1376 1391 1392 1370 1323 1305 1413]
Requests/sec:  3972.855810546875 KB
Transfer/sec:  9515.565511067709 KB

2023-12-01 21:46:41.540323938 +0800 CST m=+3126.256456376
Running 1m0s myx-test @ https://192.168.12.127:6443/api/v1/namespaces/myx-test/limitranges
60 connections
Requests/bytes (per Connection):  [4650659 4525663 4394654 4549452 4442237 4293421 4567290 4632851 4722116 4555380 4448249 4662624 4400552 4704252 4567347 4472017 4352915 4567290 4513753 4382715 4406564 4346958 4412519 4323196 4603019 4537570 4573283 4442237 4603019 4561379 4638804 4436337 4644761 4489933 4454204 4608975 4626839 4591109 4495888 4525623 4573301 4495831 4686388 4561392 4466113 4793576 4650716 4483921 4418474 4614929 4394597 4561392 4614986 4591164 4442237 4644760 4549426 4448192 4620940 4448192]
Response/bytes (per Connection):  [6488352 6313943 6131168 6347144 6197575 5989934 6372041 6463485 6588045 6355425 6205940 6505023 6139419 6563122 6372098 6239120 6072958 6372041 6297327 6114523 6147784 6064648 6156092 6031474 6421888 6330556 6380387 6197575 6421888 6363777 6471791 6189322 6480101 6264095 6214248 6430197 6455120 6405272 6272403 6313903 6380405 6272346 6538199 6363790 6230863 6687741 6488409 6255730 6164400 6438504 6131111 6363790 6438561 6405327 6197575 6480100 6347118 6205883 6446868 6205883]
Requests Number (per Connection):  [781 760 738 764 746 721 767 778 793 765 747 783 739 790 767 751 731 767 758 736 740 730 741 726 773 762 768 746 773 766 779 745 780 754 748 774 777 771 755 760 768 755 787 766 750 805 781 753 742 775 738 766 775 771 746 780 764 747 776 747]
Requests/sec:  4423.635758463542 KB
Transfer/sec:  10595.247200520833 KB

2023-12-01 21:48:52.127809043 +0800 CST m=+3256.843941468
Running 1m0s myx-test @ https://192.168.12.127:6443/api/v1/namespaces/myx-test/limitranges
90 connections
Requests/bytes (per Connection):  [3191766 3203677 3346593 3424006 3346557 3298919 3447828 3346594 3459736 3364457 3406144 3156036 3477602 3304910 3275133 3429961 3251316 3275136 3209632 3358492 3304910 3233449 3424008 3316818 3293000 3382303 3239406 3275136 3328728 3519285 3370405 3281090 3465687 3370414 3287044 3233440 3281090 3233435 3465634 3412090 3203674 3263225 3429961 3310865 3418049 3429963 3340638 3316820 3322775 3531195 3322775 3221541 3322775 3346592 3424008 3376367 3424006 3412099 3406084 3435918 3358505 3400187 3263226 3418051 3483499 3424008 3477602 3435859 3376357 3179857 3483555 3263207 3531138 3304908 3483555 3185812 3483556 3221539 3322775 3376367 3429961 3203677 3286999 3346571 3334683 3412097 3358445 3352549 3310865 3364457]
Response/bytes (per Connection):  [4452974 4469591 4668979 4776981 4668943 4602481 4810215 4668980 4826829 4693902 4752060 4403126 4851754 4610825 4569283 4785289 4536054 4569286 4477899 4685584 4610825 4511128 4776983 4627439 4594209 4718807 4519438 4569286 4644055 4909908 4702203 4577593 4835133 4702212 4585900 4511119 4577593 4511114 4835080 4760359 4469588 4552669 4785289 4619133 4768671 4785291 4660671 4627441 4635749 4926524 4635749 4494514 4635749 4668978 4776983 4710518 4776981 4760368 4752000 4793599 4685597 4743750 4552670 4768673 4860004 4776983 4851754 4793540 4710508 4436359 4860060 4552651 4926467 4610823 4860060 4444667 4860061 4494512 4635749 4710518 4785289 4469591 4585855 4668957 4652363 4760366 4685537 4677288 4619133 4693902]
Requests Number (per Connection):  [536 538 562 575 562 554 579 562 581 565 572 530 584 555 550 576 546 550 539 564 555 543 575 557 553 568 544 550 559 591 566 551 582 566 552 543 551 543 582 573 538 548 576 556 574 576 561 557 558 593 558 541 558 562 575 567 575 573 572 577 564 571 548 574 585 575 584 577 567 534 585 548 593 555 585 535 585 541 558 567 576 538 552 562 560 573 564 563 556 565]
Requests/sec:  4906.006901041666 KB
Transfer/sec:  11750.596272786459 KB

2023-12-01 21:51:02.551053893 +0800 CST m=+3387.267186314
Running 1m0s myx-test @ https://192.168.12.127:6443/api/v1/namespaces/myx-test/limitranges
150 connections
Requests/bytes (per Connection):  [2119932 2012696 2042471 1982924 2149660 2113967 1971069 2072303 2024606 2012699 2155614 1959105 2155615 1971028 1971015 2119940 2000791 1971012 2161569 1965071 2006744 2012697 1988879 2090167 2078201 2191343 1994832 1994889 2000844 2096122 1935285 2018651 2048483 2096122 2000788 2036519 2060393 2024606 2197301 2042471 1953150 1977024 2119885 1994835 2006744 2042498 2137807 2006742 2054423 1976967 2018654 1994832 1988923 2119885 2119885 2000786 2125893 2072303 2018653 2030597 2090167 1988934 1971014 2125862 1976967 2102022 2054381 2000822 2054414 2018652 2066293 2072246 2185391 1917418 2048428 1875776 2149693 2060393 2048426 2042473 2018651 1994832 2119885 1905511 2108007 1941248 2054383 2185446 2072269 2012697 2078203 2072246 2036516 2036516 2096068 2060349 1935283 2042513 2078226 2137790 1965057 2012704 2125879 2090113 2066291 2012721 2125840 1971014 1959134 2113932 1994831 1917477 2096093 2024607 2054381 2084164 2143762 2000789 2024636 2119885 2149662 2113930 1982979 1994832 2125840 1911484 2066347 2000831 2125842 2173509 2048426 2137778 2060336 2090111 2119942 1994889 2096123 2078258 2119885 2054408 2054438 2054381 2197299 2155621 2018653 1988898 1959118 2119885 2256848 2102056]
Response/bytes (per Connection):  [2957600 2808010 2849550 2766473 2999093 2949282 2749912 2891147 2824626 2808013 3007400 2733242 3007401 2749871 2749858 2957608 2791399 2749855 3015708 2741561 2799705 2808011 2774781 2916070 2899398 3057247 2783087 2783144 2791452 2924378 2700010 2816318 2857915 2924378 2791396 2841245 2874531 2824626 3065558 2849550 2724934 2758220 2957553 2783090 2799705 2849577 2982534 2799703 2866208 2758163 2816321 2783087 2774825 2957553 2957553 2791394 2965914 2891147 2816320 2832970 2916070 2774836 2749857 2965883 2758163 2932631 2866166 2791430 2866199 2816319 2882784 2891090 3048942 2675084 2857860 2616971 2999126 2874531 2857858 2849552 2816318 2783087 2957553 2658471 2940969 2708326 2866168 3048997 2891113 2808011 2899400 2891090 2841242 2841242 2924324 2874487 2700008 2849592 2899423 2982517 2741547 2808018 2965900 2916016 2882782 2808035 2965861 2749857 2733271 2949247 2783086 2675143 2924349 2824627 2866166 2907714 2990842 2791397 2824656 2957553 2999095 2949245 2766528 2783087 2965861 2666797 2882838 2791439 2965863 3032354 2857858 2982505 2874474 2916014 2957610 2783144 2924379 2899455 2957553 2866193 2866223 2866166 3065556 3007407 2816320 2774800 2733255 2957553 3148635 2932665]
Requests Number (per Connection):  [356 338 343 333 361 355 331 348 340 338 362 329 362 331 331 356 336 331 363 330 337 338 334 351 349 368 335 335 336 352 325 339 344 352 336 342 346 340 369 343 328 332 356 335 337 343 359 337 345 332 339 335 334 356 356 336 357 348 339 341 351 334 331 357 332 353 345 336 345 339 347 348 367 322 344 315 361 346 344 343 339 335 356 320 354 326 345 367 348 338 349 348 342 342 352 346 325 343 349 359 330 338 357 351 347 338 357 331 329 355 335 322 352 340 345 350 360 336 340 356 361 355 333 335 357 321 347 336 357 365 344 359 346 351 356 335 352 349 356 345 345 345 369 362 339 334 329 356 379 353]
Requests/sec:  5008.158203125 KB
Transfer/sec:  11995.264469401041 KB

2023-12-01 21:53:13.028759996 +0800 CST m=+3517.744892417
Running 1m0s myx-test @ https://192.168.12.127:6443/api/v1/namespaces/myx-test/limitranges
300 connections
Requests/bytes (per Connection):  [1381478 1256478 1298167 1357715 1286212 1339794 1381478 1327941 1256482 1387490 1345749 1274347 1363625 1381478 1339851 1268337 1399342 1333896 1286259 1250487 1286257 1339796 1274347 1232662 1280302 1411309 1304121 1315977 1387433 1101651 1250527 1298166 1238618 1393445 1369625 1208832 1280244 1310076 1351704 1238618 1310061 1292212 1357660 1310076 1256427 1327884 1417265 1333895 1381522 1286257 1196933 1208808 1304121 1327884 1351761 1333844 1339802 1268392 1208843 1310019 1220696 1292212 1298111 1321986 1321986 1304068 1250527 1310061 1256425 1393427 1411253 1321986 1351703 1220752 1423219 1310076 1321930 1274290 1333895 1363615 1387490 1220701 1399370 1351703 1280245 1464847 1381535 1244572 1286202 1292212 1327941 1339823 1274290 1250527 1316031 1310076 1226707 1327941 1304065 1363646 1321986 1399389 1214742 1286220 1363614 1208785 1351761 1286249 1357715 1381535 1250527 1345749 1369569 1333839 1393416 1274347 1286199 1375580 1280247 1286200 1464847 1262384 1274349 1321986 1196934 1351761 1262380 1310022 1345749 1184966 1274347 1238561 1286200 1274346 1268341 1280264 1256482 1244518 1393444 1375580 1423220 1173085 1208788 1286242 1268392 1262382 1327884 1327941 1310076 1333864 1315974 1298110 1351706 1327884 1292211 1393445 1256482 1351738 1304121 1315989 1435072 1381535 1357716 1399343 1345806 1375524 1316029 1345749 1256425 1333894 1399343 1238617 1190965 1226707 1393395 1327935 1214799 1220753 1232623 1375578 1286256 1292212 1363670 1316012 1280302 1363613 1280287 1220697 1339795 1256467 1238617 1363613 1369607 1333839 1423163 1280302 1316031 1405355 1310028 1298159 1351703 1399388 1196934 1345750 1363670 1262400 1321986 1262437 1262435 1280301 1310076 1310076 1476800 1387435 1321931 1447039 1280302 1387490 1399400 1363667 1363670 1339850 1232607 1262380 1327941 1315985 1214759 1262382 1351761 1327940 1333893 1381535 1321986 1327884 1250470 1351726 1268383 1310021 1488709 1363642 1214800 1321986 1381535 1321929 1286256 1345751 1268370 1256482 1244572 1417265 1321986 1244572 1232606 1304066 1268392 1321931 1292154 1357660 1357715 1351748 1274347 1316017 1304071 1316031 1447039 1274347 1327919 1173058 1256427 1393412 1345806 1315974 1327884 1411252 1286256 1381525 1417265 1321986 1327884 1417258 1351703 1256433 1244515 1345751 1286257 1256484 1304065 1327941 1214742 1381536 1185024 1262395 1274310 1220696 1268370 1393428 1262395 1375524 1268392 1280298]
Response/bytes (per Connection):  [1927374 1752961 1811121 1894199 1794460 1869219 1927374 1852660 1752965 1935739 1877527 1777889 1902462 1927374 1869276 1769526 1952297 1860968 1794507 1744617 1794505 1869221 1777889 1719733 1786197 1968970 1819428 1835990 1935682 1536956 1744657 1811120 1728042 1944047 1910815 1686491 1786139 1827736 1885835 1728042 1827721 1802813 1894144 1827736 1752910 1852603 1977279 1860967 1927418 1794505 1669886 1686467 1819428 1852603 1885892 1860916 1869227 1769581 1686502 1827679 1703061 1802813 1811065 1844352 1844352 1819375 1744657 1827721 1752908 1944029 1968914 1844352 1885834 1703117 1985586 1827736 1844296 1777832 1860967 1902452 1935739 1703066 1952325 1885834 1786140 2043685 1927431 1736349 1794450 1802813 1852660 1869248 1777832 1744657 1836044 1827736 1711425 1852660 1819372 1902483 1844352 1952344 1694754 1794468 1902451 1686444 1885892 1794497 1894199 1927431 1744657 1877527 1910759 1860911 1944018 1777889 1794447 1919123 1786142 1794448 2043685 1761220 1777891 1844352 1669887 1885892 1761216 1827682 1877527 1653213 1777889 1727985 1794448 1777888 1769530 1786159 1752965 1736295 1944046 1919123 1985587 1636626 1686447 1794490 1769581 1761218 1852603 1852660 1827736 1860936 1835987 1811064 1885837 1852603 1802812 1944047 1752965 1885869 1819428 1836002 2002145 1927431 1894200 1952298 1877584 1919067 1836042 1877527 1752908 1860966 1952298 1728041 1661565 1711425 1943997 1852654 1694811 1703118 1719694 1919121 1794504 1802813 1902507 1836025 1786197 1902450 1786182 1703062 1869220 1752950 1728041 1902450 1910797 1860911 1985530 1786197 1836044 1960663 1827688 1811113 1885834 1952343 1669887 1877528 1902507 1761236 1844352 1761273 1761271 1786196 1827736 1827736 2060344 1935684 1844297 2018818 1786197 1935739 1952355 1902504 1902507 1869275 1719678 1761216 1852660 1835998 1694771 1761218 1885892 1852659 1860965 1927431 1844352 1852603 1744600 1885857 1769572 1827681 2076959 1902479 1694812 1844352 1927431 1844295 1794504 1877529 1769559 1752965 1736349 1977279 1844352 1736349 1719677 1819373 1769581 1844297 1802755 1894144 1894199 1885879 1777889 1836030 1819378 1836044 2018818 1777889 1852638 1636599 1752910 1944014 1877584 1835987 1852603 1968913 1794504 1927421 1977279 1844352 1852603 1977272 1885834 1752916 1736292 1877529 1794505 1752967 1819372 1852660 1694754 1927432 1653271 1761231 1777852 1703061 1769559 1944030 1761231 1919067 1769581 1786193]
Requests Number (per Connection):  [232 211 218 228 216 225 232 223 211 233 226 214 229 232 225 213 235 224 216 210 216 225 214 207 215 237 219 221 233 185 210 218 208 234 230 203 215 220 227 208 220 217 228 220 211 223 238 224 232 216 201 203 219 223 227 224 225 213 203 220 205 217 218 222 222 219 210 220 211 234 237 222 227 205 239 220 222 214 224 229 233 205 235 227 215 246 232 209 216 217 223 225 214 210 221 220 206 223 219 229 222 235 204 216 229 203 227 216 228 232 210 226 230 224 234 214 216 231 215 216 246 212 214 222 201 227 212 220 226 199 214 208 216 214 213 215 211 209 234 231 239 197 203 216 213 212 223 223 220 224 221 218 227 223 217 234 211 227 219 221 241 232 228 235 226 231 221 226 211 224 235 208 200 206 234 223 204 205 207 231 216 217 229 221 215 229 215 205 225 211 208 229 230 224 239 215 221 236 220 218 227 235 201 226 229 212 222 212 212 215 220 220 248 233 222 243 215 233 235 229 229 225 207 212 223 221 204 212 227 223 224 232 222 223 210 227 213 220 250 229 204 222 232 222 216 226 213 211 209 238 222 209 207 219 213 222 217 228 228 227 214 221 219 221 243 214 223 197 211 234 226 221 223 237 216 232 238 222 223 238 227 211 209 226 216 211 219 223 204 232 199 212 214 205 213 234 212 231 213 215]
Requests/sec:  6410.695930989584 KB
Transfer/sec:  15354.543424479167 KB

