2023-11-30 22:07:48.9872475 +0800 CST m=+2409.102115420
Running 1m0s myx-test @ https://192.168.12.127:6443/api/v1/namespaces
3 connections
Requests/bytes (per Connection):  [12003347 9273889 12537420]
Response/bytes (per Connection):  [16934286 13083530 17687792]
Requests Number (per Connection):  [2023 1563 2113]
Requests/sec:  550.36875 KB
Transfer/sec:  1326.8272135416667 KB

2023-11-30 22:10:00.263667258 +0800 CST m=+2540.378535156
Running 1m0s myx-test @ https://192.168.12.127:6443/api/v1/namespaces
6 connections
Requests/bytes (per Connection):  [24908493 25080727 23443069 24683044 23460867 25460542]
Response/bytes (per Connection):  [35140778 35383862 33073442 34822728 33098550 35919748]
Requests Number (per Connection):  [4198 4227 3951 4160 3954 4291]
Requests/sec:  2393.1761393229167 KB
Transfer/sec:  5769.463704427083 KB

2023-11-30 22:12:11.601675609 +0800 CST m=+2671.716543523
Running 1m0s myx-test @ https://192.168.12.127:6443/api/v1/namespaces
9 connections
Requests/bytes (per Connection):  [23882128 25531447 25217003 25252857 25246886 23650705 23888034 25395028 25146047]
Response/bytes (per Connection):  [33692856 36019606 35576006 35626738 35618292 33366354 33701172 35827176 35476046]
Requests Number (per Connection):  [4025 4303 4250 4256 4255 3986 4026 4280 4238]
Requests/sec:  3632.9774576822915 KB
Transfer/sec:  8758.372086588543 KB

2023-11-30 22:14:22.968519941 +0800 CST m=+2803.083387845
Running 1m0s myx-test @ https://192.168.12.127:6443/api/v1/namespaces
15 connections
Requests/bytes (per Connection):  [15729557 15676117 14477450 15373693 14406595 15580882 15954801 14862999 16097702 14524825 15598680 15788534 15711477 14798232 15830439]
Response/bytes (per Connection):  [22191218 22115802 20424660 21689250 20324902 21981268 22508858 20968518 22710756 20491442 22006376 22274212 22165546 20877440 22333550]
Requests Number (per Connection):  [2651 2642 2440 2591 2428 2626 2689 2505 2713 2448 2629 2661 2648 2494 2668]
Requests/sec:  3750.195035807292 KB
Transfer/sec:  9040.946956380209 KB

2023-11-30 22:16:34.288195753 +0800 CST m=+2934.403063664
Running 1m0s myx-test @ https://192.168.12.127:6443/api/v1/namespaces
30 connections
Requests/bytes (per Connection):  [8905877 9279867 9179042 8846538 9161491 8834672 9529320 9107631 9392874 9274214 8917747 9398392 8988954 9374840 9090296 8911811 9499638 9220477 9333544 9404326 9410259 9392874 9137759 9054441 9226308 9107984 9339211 9487799 9024555 9131827]
Response/bytes (per Connection):  [12564258 13091990 12949772 12480540 12925158 12463800 13444064 12848902 13251580 13084180 12581006 13259120 12681468 13226000 12824720 12572630 13402180 13008170 13167880 13267492 13275862 13251580 12891678 12773986 13016336 12849608 13175718 13385494 12731694 12883310]
Requests Number (per Connection):  [1501 1564 1547 1491 1544 1489 1606 1535 1583 1563 1503 1584 1515 1580 1532 1502 1601 1554 1573 1585 1586 1583 1540 1526 1555 1535 1574 1599 1521 1539]
Requests/sec:  4491.610807291667 KB
Transfer/sec:  10828.364973958332 KB

2023-11-30 22:18:45.687323079 +0800 CST m=+3065.802190996
Running 1m0s myx-test @ https://192.168.12.127:6443/api/v1/namespaces
60 connections
Requests/bytes (per Connection):  [4621778 4954080 4823653 4888880 5007814 4954301 4734576 4883416 4609857 5114739 4663800 4646142 4663932 5037837 4883594 4853923 4645740 5001615 5055220 4782507 5001792 4977859 4592601 4984337 4782333 4793935 4853923 4888945 4640303 4978525 4877216 4865293 5019317 4645917 4888915 4770085 4990047 5054955 4764134 4770470 4675816 4847988 5025375 5037873 4924679 5007651 4830189 4918761 4895431 4888704 4883126 4966669 4960420 5019301 4835846 4746477 5067114 4883057 4882974 4823538]
Response/bytes (per Connection):  [6520172 6989000 6805058 6897056 7065004 6989442 6679344 6889624 6503322 7215926 6579744 6554916 6580008 7107570 6889980 6848118 6554112 7056102 7131848 6747238 7056456 7022574 6479298 7032034 6746890 6763102 6848118 6897186 6546734 7023906 6880720 6863866 7081018 6554466 6897126 6729386 7039958 7131318 6720980 6730156 6596784 6839744 7089638 7107642 6947678 7064678 6814634 6939338 6906662 6896704 6889044 7007186 6998184 7080986 6822452 6696154 7148644 6888906 6888740 6804828]
Requests Number (per Connection):  [779 835 813 824 844 835 798 823 777 862 786 783 786 849 823 818 783 843 852 806 843 839 774 840 806 808 818 824 782 839 822 820 846 783 824 804 841 852 803 804 788 817 847 849 830 844 814 829 825 824 823 837 836 846 815 800 854 823 823 813]
Requests/sec:  4754.057535807292 KB
Transfer/sec:  11461.048128255208 KB

2023-11-30 22:20:57.035550782 +0800 CST m=+3197.150418701
Running 1m0s myx-test @ https://192.168.12.127:6443/api/v1/namespaces
90 connections
Requests/bytes (per Connection):  [2314219 2296030 2379309 2414904 2248689 2302351 2355756 2361523 2266592 2290429 2349821 2385425 2438829 2438438 2402822 2260431 2332018 2332019 2332021 2254677 2307961 2343493 2337953 2391360 2266747 2320151 2373558 2367622 2409159 2444401 2390955 2474433 2557240 2355357 2432895 2480300 2213273 2296030 2319993 2367526 2320153 2349664 2444351 2510036 2420620 2332021 2343887 2504102 2379490 2213270 2498168 2373369 2326087 2308285 2438806 2397292 2420887 2444377 2343493 2432487 2497998 2432895 2391294 2456631 2332019 2391103 2379492 2171803 2343889 2337938 2390955 2296415 2409159 2527838 2373158 2302351 2385268 2373158 2219276 2385372 2373158 2426963 2260595 2385022 2313827 2314102 2415095 2402822 2397291 2444351]
Response/bytes (per Connection):  [3264998 3239108 3356722 3406936 3172394 3248254 3323600 3331638 3197712 3231402 3315226 3365458 3440802 3440020 3389764 3188886 3290108 3290110 3290114 3180874 3255978 3306066 3298482 3373832 3198022 3273366 3348716 3340340 3398942 3448450 3373022 3491034 3607704 3322802 3432430 3499272 3122538 3239108 3273050 3340148 3273370 3314912 3448350 3541264 3414872 3290114 3306854 3532892 3357084 3122532 3524520 3348338 3281742 3256626 3440756 3382200 3415406 3448402 3306066 3431614 3524180 3432430 3373700 3465918 3290110 3373318 3357088 3064070 3306858 3298452 3373022 3239878 3398942 3566380 3347916 3248254 3365144 3347916 3131048 3365352 3347916 3424062 3189214 3364652 3264214 3264764 3407318 3389764 3382198 3448350]
Requests Number (per Connection):  [390 387 401 407 379 388 397 398 382 386 396 402 411 411 405 381 393 393 393 380 389 395 394 403 382 391 400 399 406 412 403 417 431 397 410 418 373 387 391 399 391 396 412 423 408 393 395 422 401 373 421 400 392 389 411 404 408 412 395 410 421 410 403 414 393 403 401 366 395 394 403 387 406 426 400 388 402 400 374 402 400 409 381 402 390 390 407 405 404 412]
Requests/sec:  3469.055875651042 KB
Transfer/sec:  8363.225309244792 KB

2023-11-30 22:23:08.362058371 +0800 CST m=+3328.476926312
Running 1m0s myx-test @ https://192.168.12.127:6443/api/v1/namespaces
150 connections
Requests/bytes (per Connection):  [2515970 2569375 2574874 2664318 2438636 2563357 2545642 2426813 2604540 2492234 2491994 2581072 2676185 2616612 2510036 2497756 2592674 2486300 2527765 2486302 2592830 2397294 2456549 2539707 2622598 2444572 2539706 2408899 2468083 2498168 2462565 2379492 2421027 2426552 2557087 2663985 2533344 2438582 2545210 2456631 2587176 2480223 2414727 2485881 2622712 2628716 2468087 2474125 2468082 2545525 2444511 2450448 2408756 2409033 2432798 2361293 2485959 2551208 2563187 2415093 2492234 2551574 2414930 2491857 2599045 2444351 2492203 2408753 2515837 2491913 2711789 2426574 2325936 2462565 2539400 2456235 2355754 2480366 2349803 2539629 2486137 2397110 2515972 2545641 2462534 2456535 2616415 2616405 2479949 2367622 2474167 2420621 2474433 2474432 2420735 2492234 2616783 2432816 2551575 2479949 2569287 2408756 2527411 2408963 2545266 2622402 2355559 2504102 2622339 2480366 2485883 2521479 2509613 2462151 2486000 2515970 2403035 2462566 2504102 2545210 2438829 2474404 2325695 2610472 2539706 2474432 2326085 2426961 2616522 2462151 2510036 2586741 2385426 2492235 2592686 2498168 2515970 2456630 2616405 2450615 2462565 2491815 2498169 2480249 2533732 2539529 2486012 2569375 2468499 2634204]
Response/bytes (per Connection):  [3549636 3624982 3632484 3758932 3440416 3616442 3591500 3423762 3674336 3516148 3515668 3641384 3775674 3691488 3541264 3523696 3657596 3507776 3566234 3507780 3657908 3382204 3465754 3583126 3699964 3448792 3583124 3398422 3481830 3524520 3474290 3357088 3415686 3423240 3607398 3758266 3573896 3440308 3590636 3465918 3650096 3499118 3406582 3506938 3700192 3708704 3481838 3490418 3481828 3591266 3448670 3457048 3398136 3398690 3432236 3331178 3507094 3599136 3616102 3407314 3516148 3599868 3406988 3515394 3666842 3448350 3516086 3398130 3549370 3515506 3825906 3423284 3281440 3474290 3582512 3465126 3323596 3499404 3315190 3582970 3507450 3381836 3549640 3591498 3474228 3465726 3691094 3691074 3498570 3340340 3490502 3414874 3491034 3491032 3415102 3516148 3691830 3432272 3599870 3498570 3624806 3398136 3565526 3398550 3590748 3699572 3323206 3532892 3699446 3499404 3506942 3557158 3540418 3473462 3507176 3549636 3390190 3474292 3532892 3590636 3440802 3490976 3280958 3682704 3583124 3491032 3281738 3424058 3691308 3473462 3541264 3649226 3365460 3516150 3657620 3524520 3549636 3465916 3691074 3457382 3474290 3515310 3524522 3499170 3574672 3582770 3507200 3624982 3482662 3716184]
Requests Number (per Connection):  [424 433 434 449 411 432 429 409 439 420 420 435 451 441 423 421 437 419 426 419 437 404 414 428 442 412 428 406 416 421 415 401 408 409 431 449 427 411 429 414 436 418 407 419 442 443 416 417 416 429 412 413 406 406 410 398 419 430 432 407 420 430 407 420 438 412 420 406 424 420 457 409 392 415 428 414 397 418 396 428 419 404 424 429 415 414 441 441 418 399 417 408 417 417 408 420 441 410 430 418 433 406 426 406 429 442 397 422 442 418 419 425 423 415 419 424 405 415 422 429 411 417 392 440 428 417 392 409 441 415 423 436 402 420 437 421 424 414 441 413 415 420 421 418 427 428 419 433 416 444]
Requests/sec:  6097.826611328125 KB
Transfer/sec:  14700.634261067707 KB

2023-11-30 22:25:19.735410554 +0800 CST m=+3459.850278466
Running 1m0s myx-test @ https://192.168.12.127:6443/api/v1/namespaces
300 connections
Requests/bytes (per Connection):  [1335126 1394235 1465672 1364796 1530868 1394465 1524778 1335126 1429942 1370729 1346991 1525010 1429841 1465672 1584083 1364795 1501276 1477441 1483365 1412267 1477540 1406306 1430068 1323257 1471520 1388531 1631821 1447806 1412267 1340834 1637753 1382597 1477539 1328968 1358632 1418201 1441937 1536879 1376431 1341060 1506955 1370498 1382597 1578150 1507210 1412264 1388404 1382596 1406332 1530687 1400164 1435894 1447626 1400399 1412028 1483474 1388295 1453802 1406331 1429827 1346767 1394289 1489176 1501023 1471606 1459491 1436000 1394465 1459525 1364795 1406330 1340834 1542813 1418016 1501022 1394465 1400163 1530795 1394228 1281720 1305445 1459738 1584350 1388531 1453760 1382597 1536879 1418056 1340999 1412029 1388529 1542813 1501275 1459738 1358633 1400162 1406155 1352927 1281504 1370642 1376431 1477291 1352700 1447870 1370709 1477291 1352699 1246117 1441693 1406332 1453804 1418134 1548485 1453804 1465425 1418008 1388295 1335124 1305457 1358633 1394465 1418200 1376473 1441810 1323258 1388295 1477540 1323035 1423894 1412029 1305337 1394263 1394465 1441936 1441693 1424037 1335125 1649623 1418201 1495341 1447870 1394228 1465672 1459549 1483223 1495188 1287570 1423895 1495089 1507207 1495339 1424023 1352928 1429900 1430068 1382431 1311170 1406179 1418132 1471606 1328978 1352700 1465672 1495342 1441936 1512896 1530685 1584348 1459738 1400163 1382364 1423894 1507209 1459736 1328968 1453734 1441691 1281603 1275786 1228316 1459492 1459738 1406176 1352928 1382364 1423895 1423956 1501022 1530763 1489407 1453557 1447870 1435760 1400398 1275786 1323258 1412267 1328968 1489407 1341060 1406333 1423958 1459738 1483221 1441934 1334901 1335125 1394362 1364796 1447626 1376451 1382363 1382597 1418198 1518991 1358781 1394460 1560446 1495089 1417962 1382364 1412029 1471606 1376510 1548745 1471605 1358633 1370664 1447870 1465449 1370729 1334901 1346808 1412105 1352755 1400162 1299397 1430010 1435912 1406332 1317254 1477291 1435953 1382581 1406332 1459492 1340834 1364566 1423894 1465672 1376663 1512956 1590284 1423949 1376664 1465671 1376431 1459737 1418200 1376664 1590184 1418027 1430068 1512888 1364796 1459492 1447626 1465610 1417982 1506955 1299303 1329191 1471606 1489406 1400397 1364565 1477522 1536879 1358862 1560612 1453584 1578148 1441908 1447870 1352927 1423894 1423977 1489359 1352928 1417960 1441693 1423895 1382450 1328968 1465672 1459640 1394465 1465672 1501136 1524752]
Response/bytes (per Connection):  [1883652 1966910 2067832 1925512 2159768 1967370 2151084 1883652 2017348 1933882 1900390 2151548 2017146 2067832 2234734 1925510 2118064 2084378 2092730 1992486 2084576 1984060 2017600 1866906 2076032 1958998 2302242 2042588 1992486 1891572 2310610 1950626 2084574 1874832 1916680 2000858 2034346 2168294 1941790 1892024 2125926 1933420 1950626 2226364 2126436 1992480 1958744 1950624 1984112 2159406 1975272 2025756 2042228 1975742 1992008 2092948 1958526 2051084 1984110 2017118 1899942 1967018 2100856 2117558 2076204 2058966 2025968 1967370 2059034 1925510 1984108 1891572 2176666 2000488 2117556 1967370 1975270 2159622 1966896 1808304 1841770 2059460 2235268 1958998 2051000 1950626 2168294 2000568 1891902 1992010 1958994 2176666 2118062 2059460 1916682 1975268 1983758 1908766 1807872 1933708 1941790 2084078 1908312 2042716 1933842 2084078 1908310 1758074 2033858 1984112 2051088 2000724 2184514 2051088 2067338 2000472 1958526 1883648 1841794 1916682 1967370 2000856 1941874 2034092 1866908 1958526 2084576 1866462 2008748 1992010 1841554 1966966 1967370 2034344 2033858 2009034 1883650 2327358 2000858 2109690 2042716 1966896 2067832 2059082 2092446 2109384 1816508 2008750 2109186 2126430 2109686 2009006 1908768 2017264 2017600 1950294 1849724 1983806 2000720 2076204 1874852 1908312 2067832 2109692 2034344 2134312 2159402 2235264 2059460 1975270 1950160 2008748 2126434 2059456 1874832 2050948 2033854 1808070 1799932 1732960 2058968 2059460 1983800 1908768 1950160 2008750 2008872 2117556 2159558 2101318 2050594 2042716 2025488 1975740 1799932 1866908 1992486 1874832 2101318 1892024 1984114 2008876 2059460 2092442 2034340 1883202 1883650 1967164 1925512 2042228 1941830 1950158 1950626 2000852 2143006 1916978 1967360 2201444 2109186 2000380 1950160 1992010 2076204 1941948 2185034 2076202 1916682 1933752 2042716 2067386 1933882 1883202 1900024 1992162 1908422 1975268 1833170 2017484 2025792 1984112 1858396 2084078 2025874 1950594 1984112 2058968 1891572 1925052 2008748 2067832 1942254 2134432 2243640 2008858 1942256 2067830 1941790 2059458 2000856 1942256 2243440 2000510 2017600 2134296 1925512 2058968 2042228 2067708 2000420 2125926 1832982 1875278 2076204 2101316 1975738 1925050 2084540 2168294 1917140 2201776 2050648 2226360 2034288 2042716 1908766 2008748 2008914 2101222 1908768 2000376 2033858 2008750 1950332 1874832 2067832 2059264 1967370 2067832 2117784 2151032]
Requests Number (per Connection):  [225 235 247 230 258 235 257 225 241 231 227 257 241 247 267 230 253 249 250 238 249 237 241 223 248 234 275 244 238 226 276 233 249 224 229 239 243 259 232 226 254 231 233 266 254 238 234 233 237 258 236 242 244 236 238 250 234 245 237 241 227 235 251 253 248 246 242 235 246 230 237 226 260 239 253 235 236 258 235 216 220 246 267 234 245 233 259 239 226 238 234 260 253 246 229 236 237 228 216 231 232 249 228 244 231 249 228 210 243 237 245 239 261 245 247 239 234 225 220 229 235 239 232 243 223 234 249 223 240 238 220 235 235 243 243 240 225 278 239 252 244 235 247 246 250 252 217 240 252 254 252 240 228 241 241 233 221 237 239 248 224 228 247 252 243 255 258 267 246 236 233 240 254 246 224 245 243 216 215 207 246 246 237 228 233 240 240 253 258 251 245 244 242 236 215 223 238 224 251 226 237 240 246 250 243 225 225 235 230 244 232 233 233 239 256 229 235 263 252 239 233 238 248 232 261 248 229 231 244 247 231 225 227 238 228 236 219 241 242 237 222 249 242 233 237 246 226 230 240 247 232 255 268 240 232 247 232 246 239 232 268 239 241 255 230 246 244 247 239 254 219 224 248 251 236 230 249 259 229 263 245 266 243 244 228 240 240 251 228 239 243 240 233 224 247 246 235 247 253 257]
Requests/sec:  6953.55693359375 KB
Transfer/sec:  16763.62509765625 KB

