2023-12-01 12:42:42.582510407 +0800 CST m=+2407.706278705
Running 1m0s myx-test @ https://192.168.12.127:6443/api/v1/nodes
3 connections
Requests/bytes (per Connection):  [16252409 16933541 13954330]
Response/bytes (per Connection):  [29298620 30524258 25145017]
Requests Number (per Connection):  [2744 2859 2356]
Requests/sec:  767.2571614583334 KB
Transfer/sec:  2150.1981608072915 KB

2023-12-01 12:44:53.357794809 +0800 CST m=+2538.481563098
Running 1m0s myx-test @ https://192.168.12.127:6443/api/v1/nodes
6 connections
Requests/bytes (per Connection):  [26356858 25723113 24876138 25995564 24799140 26279863]
Response/bytes (per Connection):  [47516650 46357539 44833698 46847916 44695251 47365945]
Requests Number (per Connection):  [4450 4343 4200 4389 4187 4437]
Requests/sec:  2507.009700520833 KB
Transfer/sec:  7025.515543619792 KB

2023-12-01 12:47:04.170621918 +0800 CST m=+2669.294390196
Running 1m0s myx-test @ https://192.168.12.127:6443/api/v1/nodes
9 connections
Requests/bytes (per Connection):  [22418140 21914693 22222682 20765653 20937415 21766621 22234530 21819926 20747884]
Response/bytes (per Connection):  [40398172 39490529 40059518 37437652 37729393 39221278 40070901 39334721 37405723]
Requests Number (per Connection):  [3785 3700 3752 3506 3535 3675 3754 3684 3503]
Requests/sec:  3171.0212239583334 KB
Transfer/sec:  8886.318863932293 KB

2023-12-01 12:49:15.139841837 +0800 CST m=+2800.263610113
Running 1m0s myx-test @ https://192.168.12.127:6443/api/v1/nodes
15 connections
Requests/bytes (per Connection):  [16329407 16193184 16542632 15215903 16690702 15340285 16133951 16815084 16809162 15399514 16116183 15304748 16347175 16844698 15322514]
Response/bytes (per Connection):  [29428223 29177502 29817590 27433697 30087277 27657292 29081492 30295830 30300300 27745450 29053419 27593369 29453302 30350977 27625478]
Requests Number (per Connection):  [2757 2734 2793 2569 2818 2590 2724 2839 2838 2600 2721 2584 2760 2844 2587]
Requests/sec:  3929.120149739583 KB
Transfer/sec:  11010.845377604166 KB

2023-12-01 12:51:25.950412609 +0800 CST m=+2931.074180883
Running 1m0s myx-test @ https://192.168.12.127:6443/api/v1/nodes
30 connections
Requests/bytes (per Connection):  [8611883 8848799 8955408 9121253 9210093 9150866 8801412 9014639 8742187 8759956 8730339 8908025 9316705 8848798 9079791 8730338 8955412 9298938 9150866 8902103 8564497 9328551 9156790 8677033 8860645 9233785 8700725 8973179 8665189 9210095]
Response/bytes (per Connection):  [15513812 15940112 16150554 16430288 16608771 16494122 15859020 16238552 15748255 15780265 15727098 16065311 16800664 15940117 16355748 15745634 16131916 16750095 16483619 16036232 15447247 16810041 16494280 15649681 15961474 16651351 15682856 16182386 15609763 16590248]
Requests Number (per Connection):  [1454 1494 1512 1540 1555 1545 1486 1522 1476 1479 1474 1504 1573 1494 1533 1474 1512 1570 1545 1503 1446 1575 1546 1465 1496 1559 1469 1515 1463 1555]
Requests/sec:  4370.252278645833 KB
Transfer/sec:  12245.895377604167 KB

2023-12-01 12:53:36.751873245 +0800 CST m=+3061.875641522
Running 1m0s myx-test @ https://192.168.12.127:6443/api/v1/nodes
60 connections
Requests/bytes (per Connection):  [5265449 5176605 4892306 5117377 5016687 5235835 5141072 4933768 4874537 4874537 4933766 5004843 4915998 5170682 4945612 5158837 5022610 4963382 5229911 4904156 4927843 4945611 5028535 5152916 4945614 5206220 4981154 5111454 5182528 4987076 5253603 4951538 5123300 5093685 5200297 5206220 4862691 5087764 5360215 5117376 5105530 5295064 5129222 5058149 5058149 4916000 5312832 4957458 5105531 4939689 4998920 5034456 4910076 4969304 5170682 5028533 4827154 4708699 4939689 5117376]
Response/bytes (per Connection):  [9492644 9332847 8821277 9223201 9045066 9439336 9268526 8895832 8789342 8789354 8895914 9023655 8863914 9322235 8917204 9300790 9055765 8949140 9428804 8835995 8885311 8902452 9058936 9278936 8917083 9386072 8979671 9215547 9343492 8977313 9471384 8924282 9236837 9183612 9373582 9386072 8762886 9172807 9663208 9226275 9204985 9545911 9247610 9119582 9119582 8863367 9566601 8938494 9204863 8906559 9013010 9077001 8853270 8959784 9322202 9066356 8704066 8478001 8906559 9226311]
Requests Number (per Connection):  [889 874 826 864 847 884 868 833 823 823 833 845 830 873 835 871 848 838 883 828 832 835 849 870 835 879 841 863 875 842 887 836 865 860 878 879 821 859 905 864 862 894 866 854 854 830 897 837 862 834 844 850 829 839 873 849 815 795 834 864]
Requests/sec:  4933.042366536459 KB
Transfer/sec:  13825.632096354168 KB

2023-12-01 12:55:47.660754157 +0800 CST m=+3192.784522438
Running 1m0s myx-test @ https://192.168.12.127:6443/api/v1/nodes
90 connections
Requests/bytes (per Connection):  [3725496 3766957 3524121 3891338 3648501 3678113 3838032 3565582 3766959 3689961 3695884 3654423 3666267 3790650 3612963 3778805 3672190 3577424 3820263 3820265 3648502 3885415 3678115 3743269 3524121 3832109 3654423 3624807 3624807 3796575 3666267 3772880 3814342 3743265 3618886 3743267 3565582 3843955 3755111 3672193 3565580 3749192 3660344 3873569 3814342 3808417 3802494 3725496 3695882 3737346 3778803 3826188 3867646 3843957 3672190 3636657 3725496 3855802 3565578 3719574 3654421 3642576 3915030 3695884 3553734 3577423 3719576 3447123 3861725 3743267 3731419 3654421 3618884 3885416 3684040 3784726 3678113 3737342 3737346 3731419 3772879 3838032 3678117 3719576 3660347 3636655 3849878 3695883 3713653 3761033]
Response/bytes (per Connection):  [6721965 6796450 6340917 7004366 6583146 6636689 6924273 6416584 6790734 6639369 6649972 6593913 6609543 6820557 6511035 6799118 6625969 6455453 6892383 6873764 6564715 7009630 6627268 6735121 6340929 6913628 6593979 6540741 6536136 6837522 6614217 6807104 6878656 6753843 6511495 6735245 6415402 6934954 6775175 6607282 6434066 6745790 6602342 6987404 6881572 6871048 6857943 6719313 6668603 6741588 6813027 6884433 6977620 6916344 6626053 6543297 6721962 6937771 6434115 6711198 6594034 6572622 7062816 6649984 6394284 6455527 6700121 6202425 6948407 6749474 6732586 6594106 6530042 6991121 6646501 6828376 6636614 6740972 6724476 6732541 6791344 6924339 6617904 6711008 6604493 6550846 6945563 6668568 6681910 6785900]
Requests Number (per Connection):  [629 636 595 657 616 621 648 602 636 623 624 617 619 640 610 638 620 604 645 645 616 656 621 632 595 647 617 612 612 641 619 637 644 632 611 632 602 649 634 620 602 633 618 654 644 643 642 629 624 631 638 646 653 649 620 614 629 651 602 628 617 615 661 624 600 604 628 582 652 632 630 617 611 656 622 639 621 631 631 630 637 648 621 628 618 614 650 624 627 635]
Requests/sec:  5447.535416666667 KB
Transfer/sec:  15266.279475911459 KB

2023-12-01 12:57:58.488565902 +0800 CST m=+3323.612334181
Running 1m0s myx-test @ https://192.168.12.127:6443/api/v1/nodes
150 connections
Requests/bytes (per Connection):  [2410618 2410614 2404691 2529074 2540920 2457999 2440229 2534995 2392848 2268467 2446156 2452075 2552766 2440233 2238850 2546844 2517226 2469843 2446152 2505382 2386923 2540918 2333618 2469846 2475769 2345464 2410616 2452075 2647533 2434310 2517227 2487612 2463924 2487615 2558688 2481691 2487616 2428383 2529075 2540920 2475769 2606070 2404695 2268467 2446153 2446153 2534997 2440231 2576458 2511306 2469845 2440231 2481689 2505385 2422460 2552766 2286237 2452075 2404691 2386925 2517231 2446151 2410616 2327697 2463922 2688991 2511306 2440231 2665301 2357310 2292158 2315848 2457999 2517226 2529073 2404691 2351385 2369156 2369154 2540920 2511305 2404692 2422464 2564610 2552767 2671223 2546843 2523149 2546841 2529077 2493539 2635685 2463922 2457998 2523152 2333619 2517230 2404693 2523151 2505383 2529076 2422465 2345466 2641609 2641607 2582379 2588304 2434308 2357308 2469843 2309929 2511308 2475767 2600149 2428383 2309929 2529073 2381002 2416540 2274390 2452075 2304004 2268469 2671223 2386925 2511306 2416540 2416539 2363232 2392848 2446152 2534997 2416539 2647533 2523152 2434306 2398773 2517231 2309927 2546843 2511306 2416539 2446154 2588304 2375081 2422462 2523152 2392849 2392848 2345462]
Response/bytes (per Connection):  [4340344 4345350 4332065 4551149 4571947 4422729 4409333 4579825 4306686 4081601 4401256 4424758 4608231 4408131 4044874 4594464 4547941 4456569 4415343 4518151 4313334 4590506 4199621 4455465 4454596 4238743 4337474 4430590 4763637 4379918 4538042 4476177 4433238 4479711 4622277 4483825 4475818 4372365 4550460 4571878 4454569 4699188 4342221 4100123 4415299 4401505 4561236 4409188 4635769 4532034 4444007 4400932 4483763 4507750 4377380 4593237 4115202 4430578 4340213 4304159 4529070 4414850 4355960 4188240 4433422 4846273 4520814 4397749 4795736 4260006 4124369 4179064 4422753 4535404 4557652 4345460 4234698 4263983 4281471 4571947 4518680 4345341 4358682 4624059 4593043 4824827 4582526 4558547 4601151 4568648 4502618 4760924 4451854 4441223 4558337 4207248 4534412 4345282 4540012 4514966 4550536 4358479 4220100 4753087 4766501 4650099 4657056 4398543 4260178 4462668 4156135 4518479 4456925 4678435 4382547 4156111 4569058 4294000 4348036 4092255 4430569 4154095 4081546 4821941 4295918 4518552 4347973 4349634 4270668 4305456 4419939 4576656 4348158 4763679 4539830 4398610 4330734 4529070 4174730 4582556 4518537 4362672 4401383 4657107 4273388 4368151 4554164 4305403 4316010 4238852]
Requests Number (per Connection):  [407 407 406 427 429 415 412 428 404 383 413 414 431 412 378 430 425 417 413 423 403 429 394 417 418 396 407 414 447 411 425 420 416 420 432 419 420 410 427 429 418 440 406 383 413 413 428 412 435 424 417 412 419 423 409 431 386 414 406 403 425 413 407 393 416 454 424 412 450 398 387 391 415 425 427 406 397 400 400 429 424 406 409 433 431 451 430 426 430 427 421 445 416 415 426 394 425 406 426 423 427 409 396 446 446 436 437 411 398 417 390 424 418 439 410 390 427 402 408 384 414 389 383 451 403 424 408 408 399 404 413 428 408 447 426 411 405 425 390 430 424 408 413 437 401 409 426 404 404 396]
Requests/sec:  6011.193408203125 KB
Transfer/sec:  16846.69609375 KB

2023-12-01 13:00:09.395253297 +0800 CST m=+3454.519021588
Running 1m0s myx-test @ https://192.168.12.127:6443/api/v1/nodes
300 connections
Requests/bytes (per Connection):  [1320805 1374109 1427417 1279344 1338574 1433338 1208270 1226037 1380034 1374109 1374111 1202346 1457029 1391880 1267499 1297111 1338574 1291190 1462953 1439264 1344496 1415571 1314880 1279344 1332651 1350419 1303036 1303036 1320805 1326728 1421494 1297114 1332650 1285267 1249730 1439263 1498491 1267499 1326728 1356340 1397803 1249730 1356341 1249728 1332649 1474800 1415571 1344496 1397801 1255653 1160886 1214192 1403725 1297111 1397803 1314882 1297113 1314882 1314882 1314882 1297113 1427417 1303036 1308960 1291193 1303034 1397803 1267498 1356342 1415571 1350419 1231961 1267497 1303037 1338572 1303036 1279345 1350418 1356340 1255655 1320803 1368186 1391880 1326728 1433340 1285268 1421495 1344497 1439264 1285267 1385957 1226038 1344497 1374112 1462954 1374111 1332651 1356343 1397803 1326728 1308959 1344497 1261576 1279345 1350417 1308957 1291190 1362266 1391880 1308957 1261576 1160886 1297113 1433340 1421495 1374110 1510336 1285268 1285267 1498492 1338572 1314882 1468878 1172734 1397802 1243807 1291188 1385956 1320805 1427417 1391879 1362264 1433340 1237887 1391879 1439263 1320805 1285268 1326728 1409647 1350419 1445182 1326726 1332651 1397803 1368188 1391878 1427417 1409649 1356342 1403724 1291188 1267499 1332651 1356342 1356340 1297111 1362265 1308958 1320805 1243807 1344497 1320805 1184578 1362265 1273422 1261576 1297113 1397803 1362265 1380034 1397801 1332651 1320803 1368189 1237885 1338572 1297113 1308959 1415572 1332651 1362264 1380034 1492569 1350420 1403726 1303034 1445186 1255653 1291191 1391880 1433340 1314882 1267499 1338574 1350420 1314882 1261576 1403723 1368187 1332649 1380030 1356341 1362266 1255653 1421494 1303036 1314882 1314882 1196423 1374109 1214195 1362265 1308959 1326728 1226039 1326727 1297111 1427418 1338571 1261577 1285268 1285265 1409644 1368189 1291191 1391880 1415571 1368186 1214190 1326728 1255653 1273422 1338574 1338574 1368189 1397801 1326727 1350419 1362265 1350420 1385957 1403726 1391880 1291191 1279342 1350420 1421495 1397803 1356342 1338572 1385957 1451109 1391880 1237882 1344496 1273424 1291190 1451107 1332650 1385955 1344497 1297111 1344497 1403723 1326726 1338574 1303036 1255654 1409649 1403726 1391880 1279344 1214191 1226036 1291190 1291190 1403724 1504413 1320805 1314882 1350419 1344496 1368187 1415571 1208270 1326726 1243807 1291190 1397798 1338574 1356342 1314882 1403724 1374107 1249730 1291190 1237884 1273422 1231961]
Response/bytes (per Connection):  [2376511 2481529 2568332 2314956 2408452 2579137 2186972 2211555 2495083 2490283 2472444 2163432 2621839 2504301 2280542 2350300 2408392 2323292 2649585 2589539 2419219 2547081 2384467 2309874 2397807 2429858 2349256 2344546 2376511 2395649 2559325 2333815 2405555 2312641 2248613 2602855 2696232 2280551 2387162 2440630 2529898 2248655 2444054 2263047 2416402 2653608 2547051 2419144 2517239 2259300 2088858 2184785 2525743 2335438 2524858 2365872 2348331 2365872 2365866 2375946 2349411 2577719 2344576 2355048 2322983 2353187 2533378 2287354 2448750 2547081 2429864 2216720 2293749 2344460 2409707 2344582 2313154 2448337 2447518 2265329 2385974 2479269 2504379 2387162 2579016 2312525 2557526 2422664 2589539 2312647 2493734 2206039 2419097 2487196 2632363 2472399 2397789 2440387 2515024 2387162 2355227 2420081 2269945 2313754 2439567 2369493 2323256 2464706 2504379 2356122 2269939 2088858 2333937 2579016 2566091 2490917 2728204 2312525 2312647 2696233 2427038 2365872 2642886 2110015 2515146 2238010 2327085 2493856 2376517 2568371 2515775 2460366 2578935 2227122 2504501 2603575 2376517 2312471 2387162 2536417 2429810 2601916 2401305 2397762 2515024 2467211 2504500 2568371 2536314 2440479 2533308 2341875 2296664 2414601 2445921 2456746 2334472 2461708 2356366 2376487 2238010 2419034 2376517 2131438 2451148 2291235 2285179 2333865 2514985 2451106 2483077 2523986 2397807 2384879 2461677 2227183 2426786 2333937 2355227 2546905 2402850 2464434 2483089 2685540 2429670 2526653 2346083 2609408 2259270 2323170 2504307 2578941 2365872 2280590 2408452 2429736 2365827 2269873 2544371 2480260 2413552 2501805 2447186 2456075 2259234 2559325 2344582 2365872 2365797 2152814 2472565 2190446 2451076 2355215 2387090 2205887 2393680 2339413 2568237 2408695 2269934 2312474 2326544 2538046 2461923 2337924 2504379 2547051 2473473 2190987 2387114 2259300 2299722 2408404 2408452 2461611 2531261 2387284 2429810 2456320 2429742 2493734 2525669 2504298 2326860 2308201 2429697 2575838 2514946 2440509 2409107 2493734 2611443 2504379 2245954 2419171 2291114 2323238 2611048 2397929 2501493 2419028 2349313 2419097 2533067 2397852 2408452 2344582 2259301 2545785 2525669 2504379 2302002 2203252 2216153 2323217 2326490 2544258 2706999 2392111 2365842 2429840 2419219 2476066 2547006 2174018 2402046 2237974 2323292 2533862 2408452 2448750 2372145 2525790 2473094 2248655 2336486 2227365 2291169 2216681]
Requests Number (per Connection):  [223 232 241 216 226 242 204 207 233 232 232 203 246 235 214 219 226 218 247 243 227 239 222 216 225 228 220 220 223 224 240 219 225 217 211 243 253 214 224 229 236 211 229 211 225 249 239 227 236 212 196 205 237 219 236 222 219 222 222 222 219 241 220 221 218 220 236 214 229 239 228 208 214 220 226 220 216 228 229 212 223 231 235 224 242 217 240 227 243 217 234 207 227 232 247 232 225 229 236 224 221 227 213 216 228 221 218 230 235 221 213 196 219 242 240 232 255 217 217 253 226 222 248 198 236 210 218 234 223 241 235 230 242 209 235 243 223 217 224 238 228 244 224 225 236 231 235 241 238 229 237 218 214 225 229 229 219 230 221 223 210 227 223 200 230 215 213 219 236 230 233 236 225 223 231 209 226 219 221 239 225 230 233 252 228 237 220 244 212 218 235 242 222 214 226 228 222 213 237 231 225 233 229 230 212 240 220 222 222 202 232 205 230 221 224 207 224 219 241 226 213 217 217 238 231 218 235 239 231 205 224 212 215 226 226 231 236 224 228 230 228 234 237 235 218 216 228 240 236 229 226 234 245 235 209 227 215 218 245 225 234 227 219 227 237 224 226 220 212 238 237 235 216 205 207 218 218 237 254 223 222 228 227 231 239 204 224 210 218 236 226 229 222 237 232 211 218 209 215 208]
Requests/sec:  6532.049462890625 KB
Transfer/sec:  18304.4462890625 KB

