2023-12-01 23:31:01.561291326 +0800 CST m=+9386.277423748
Running 1m0s myx-test @ https://192.168.12.127:6443/api/v1/namespaces/myx-test/persistentvolumeclaims
3 connections
Requests/bytes (per Connection):  [27182401 24725953 27588783]
Response/bytes (per Connection):  [38913571 35397014 39496168]
Requests Number (per Connection):  [4548 4137 4616]
Requests/sec:  1293.8987141927084 KB
Transfer/sec:  3146.22216796875 KB

2023-12-01 23:33:11.95197216 +0800 CST m=+9516.668104589
Running 1m0s myx-test @ https://192.168.12.127:6443/api/v1/namespaces/myx-test/persistentvolumeclaims
6 connections
Requests/bytes (per Connection):  [25730072 26775972 25837601 26608618 27283955 27074818]
Response/bytes (per Connection):  [36833956 38332042 36988950 38092588 39060238 38759638]
Requests Number (per Connection):  [4305 4480 4323 4452 4565 4530]
Requests/sec:  2592.953059895833 KB
Transfer/sec:  6304.987760416667 KB

2023-12-01 23:35:22.396422717 +0800 CST m=+9647.112555139
Running 1m0s myx-test @ https://192.168.12.127:6443/api/v1/namespaces/myx-test/persistentvolumeclaims
9 connections
Requests/bytes (per Connection):  [19717375 18253049 19974437 19866798 19968406 18516075 19956452 18390503 19842948]
Response/bytes (per Connection):  [28227464 26131594 28594136 28441262 28586645 26507028 28569541 26328719 28405774]
Requests Number (per Connection):  [3299 3054 3342 3324 3341 3098 3339 3077 3320]
Requests/sec:  2839.942106119792 KB
Transfer/sec:  6905.569759114584 KB

2023-12-01 23:37:32.852936632 +0800 CST m=+9777.569069055
Running 1m0s myx-test @ https://192.168.12.127:6443/api/v1/namespaces/myx-test/persistentvolumeclaims
15 connections
Requests/bytes (per Connection):  [14320408 14421961 14529545 14433922 13405945 13585196 14374146 14308457 14356240 14445866 13376005 14111161 13411886 14350238 13441752]
Response/bytes (per Connection):  [20499920 20646363 20800297 20663251 19191036 19448875 20577948 20482596 20551871 20680791 19149336 20201663 19200221 20543740 19243408]
Requests Number (per Connection):  [2396 2413 2431 2415 2243 2273 2405 2394 2402 2417 2238 2361 2244 2401 2249]
Requests/sec:  3432.173307291667 KB
Transfer/sec:  8345.606184895832 KB

2023-12-01 23:39:43.859985384 +0800 CST m=+9908.576117805
Running 1m0s myx-test @ https://192.168.12.127:6443/api/v1/namespaces/myx-test/persistentvolumeclaims
30 connections
Requests/bytes (per Connection):  [7817607 8008923 7291639 7524796 7166133 7662262 7644303 7901341 7662208 7201985 7470947 7853525 7375316 7739908 7775824 7751861 7763815 7686115 7793700 7925189 7662208 7763815 7184112 7423169 7686172 7650303 7889385 7231927 7817605 7429110]
Response/bytes (per Connection):  [11191951 11464552 10439383 10771627 10259356 10968541 10943526 11310397 10969602 10311104 10695941 11241981 10559110 11080777 11131028 11097880 11114984 11003809 11157744 11346106 10969602 11114984 10284168 10626671 11002528 10951432 11293514 10352583 11192172 10635856]
Requests Number (per Connection):  [1308 1340 1220 1259 1199 1282 1279 1322 1282 1205 1250 1314 1234 1295 1301 1297 1299 1286 1304 1326 1282 1299 1202 1242 1286 1280 1320 1210 1308 1243]
Requests/sec:  3723.229215494792 KB
Transfer/sec:  9053.3546875 KB

2023-12-01 23:41:54.864112514 +0800 CST m=+10039.580244936
Running 1m0s myx-test @ https://192.168.12.127:6443/api/v1/namespaces/myx-test/persistentvolumeclaims
60 connections
Requests/bytes (per Connection):  [4608078 4542383 4703741 4596175 4542341 4446752 4572211 4548302 4327214 4602151 4673875 4524436 4703758 4351065 4434741 4392960 4584175 4476579 4781402 4500544 4608072 4452727 4524397 4661864 4661921 4440738 4321218 4482613 4572256 4536348 4458649 4626002 4339111 4452672 4572210 4470603 4524447 4703757 4649919 4524450 4649910 4667895 4560256 4488549 4584164 4524395 4482556 4530371 4488547 4410890 4673817 4494511 4530427 4476580 4787383 4584219 4458651 4512498 4386926 4410835]
Response/bytes (per Connection):  [6596971 6502059 6733611 6579026 6502909 6365228 6546100 6511891 6194190 6587577 6690201 6476833 6733182 6229679 6349405 6288261 6562991 6409268 6845416 6442195 6597411 6374001 6477463 6674378 6673097 6357531 6186065 6416539 6545253 6494787 6383613 6623066 6212575 6375061 6546099 6400717 6476844 6733181 6657283 6476624 6657274 6681869 6528995 6425719 6563203 6477684 6417820 6486235 6425940 6313916 6691481 6434925 6485176 6409269 6853749 6562143 6383392 6459299 6280990 6314976]
Requests Number (per Connection):  [771 760 787 769 760 744 765 761 724 770 782 757 787 728 742 735 767 749 800 753 771 745 757 780 780 743 723 750 765 759 746 774 726 745 765 748 757 787 778 757 778 781 763 751 767 757 750 758 751 738 782 752 758 749 801 767 746 755 734 738]
Requests/sec:  4430.342399088541 KB
Transfer/sec:  10772.833219401042 KB

2023-12-01 23:44:07.015264506 +0800 CST m=+10171.731396933
Running 1m0s myx-test @ https://192.168.12.127:6443/api/v1/namespaces/myx-test/persistentvolumeclaims
90 connections
Requests/bytes (per Connection):  [3000344 3125856 2940575 3095972 3161721 2970460 3000344 3179649 2970459 3233444 2922653 2958508 2898737 3095975 3066090 3060111 2934607 3084020 3173674 2952528 3179649 2904713 3101951 2934598 2958506 2928630 2994367 3185628 2976436 2940577 3125859 3066089 2880805 3036205 3042182 3060111 3173675 3060113 3084021 2916667 3161721 2731382 3215513 2886782 3006321 2970459 2928620 3084020 3018275 3107926 3173674 3042182 3024251 2988390 3054136 3024245 3054136 2934597 3131836 3006321 2940575 2874848 2892759 2982413 3185627 3173674 3125859 3012298 2898738 2988390 3095975 3179651 3089998 2922644 2946558 3113905 3024245 3054125 2994367 3012297 3078044 3173674 2934598 2988390 3048159 3012297 3275279 3131835 2922644 2850921]
Response/bytes (per Connection):  [4295224 4475034 4209705 4432275 4526126 4252465 4295224 4552002 4252464 4628749 4183612 4235140 4149842 4432055 4389295 4380964 4200939 4414950 4543229 4226808 4552002 4158393 4440606 4201153 4235361 4192164 4286672 4560333 4261016 4209484 4474814 4389294 4124185 4346535 4355087 4380964 4543230 4380743 4414951 4175497 4526126 3910387 4603093 4132737 4303776 4252464 4192600 4414950 4320880 4449379 4543229 4355087 4329431 4278120 4372191 4329648 4372191 4201152 4483366 4303776 4209705 4115207 4141289 4269568 4560555 4543229 4474814 4312328 4149620 4278120 4432055 4551781 4423503 4184049 4218263 4457710 4329871 4372403 4286672 4312327 4406399 4543229 4201153 4278120 4363639 4312327 4688832 4483365 4184049 4081426]
Requests Number (per Connection):  [502 523 492 518 529 497 502 532 497 541 489 495 485 518 513 512 491 516 531 494 532 486 519 491 495 490 501 533 498 492 523 513 482 508 509 512 531 512 516 488 529 457 538 483 503 497 490 516 505 520 531 509 506 500 511 506 511 491 524 503 492 481 484 499 533 531 523 504 485 500 518 532 517 489 493 521 506 511 501 504 515 531 491 500 510 504 548 524 489 477]
Requests/sec:  4440.854215494792 KB
Transfer/sec:  10798.256184895834 KB

2023-12-01 23:46:17.438997725 +0800 CST m=+10302.155130145
Running 1m0s myx-test @ https://192.168.12.127:6443/api/v1/namespaces/myx-test/persistentvolumeclaims
150 connections
Requests/bytes (per Connection):  [2121740 2235353 2211394 2115820 2127717 2169612 2044042 2289093 2073925 2050018 2103812 2097832 2163578 2318978 2145647 2073925 2163585 2145647 2283173 2139671 2217427 2241278 2211394 2145658 2026124 2109786 2187543 2151625 2109787 2175532 2062028 2002202 2133694 2175532 2295070 2181509 2229324 2175532 2229324 2145705 2151625 2061985 2241314 2187543 2085878 2038113 2133751 2175559 2205432 2169598 2199440 2193472 2247264 2103825 2265186 2223347 2008179 2157629 2229324 2163578 2115781 2205417 1996282 2157604 1930536 2133748 2223347 2169612 2271209 2121740 2091855 2151625 2091907 2145704 2079904 2151681 2121742 2109786 2151626 2193520 2103809 2139671 2187531 2127719 2061971 2181509 2157601 2199442 2259209 2067948 2235301 2145648 2103866 2223347 2223348 2079959 2091858 2061971 2145705 2163579 2103810 2175572 2157601 2044042 2079902 2223405 2085936 2032088 2061971 2181563 2127717 2253232 2133694 2073958 2133745 2079933 2151624 2151625 2163585 2079959 2295071 2193520 2055996 2139670 2079901 2241278 2205417 2211393 2038066 2313058 2259238 2067948 2211422 2301047 2061996 2247268 2139700 2103866 2050017 2259209 2151681 2073927 2253232 2342886 2038065 2313022 2175532 2199440 2145705 2079903]
Response/bytes (per Connection):  [3037872 3199518 3166151 3028039 3046424 3105006 2926476 3277325 2969457 2935250 3011996 3003664 3097735 3320085 3072079 2969457 3097296 3072079 3267492 3063528 3173421 3208910 3166151 3071644 2900610 3020768 3130662 3080632 3020769 3114839 2951072 2866834 3054976 3114839 3285877 3123391 3191806 3114839 3191806 3070799 3080632 2951921 3208277 3130662 2986560 2916857 3053695 3113974 3157168 3105438 3149047 3140058 3217025 3011563 3243118 3183254 2875386 3088765 3191806 3097735 3028892 3157599 2857001 3088963 2762930 3053915 3183254 3105006 3250824 3037872 2995112 3080632 2994049 3070798 2977788 3079350 3037651 3020768 3080410 3139214 3012216 3063528 3131096 3046203 2952353 3123391 3089183 3148826 3234566 2960905 3200358 3072080 3010935 3183254 3183255 2976728 2994892 2952353 3070799 3097736 3012217 3114210 3089183 2926476 2978009 3181974 2985280 2909372 2952353 3122330 3046424 3226014 3054976 2968598 3053912 2977371 3080631 3080632 3097296 2976728 3285878 3139214 2943580 3063527 2978008 3208910 3157599 3166150 2917925 3310252 3233926 2960905 3165733 3294429 2951709 3217029 3062665 3010935 2935249 3234566 3079350 2969236 3226014 3354293 2917924 3311108 3114839 3149047 3070799 2977787]
Requests Number (per Connection):  [355 374 370 354 356 363 342 383 347 343 352 351 362 388 359 347 362 359 382 358 371 375 370 359 339 353 366 360 353 364 345 335 357 364 384 365 373 364 373 359 360 345 375 366 349 341 357 364 369 363 368 367 376 352 379 372 336 361 373 362 354 369 334 361 323 357 372 363 380 355 350 360 350 359 348 360 355 353 360 367 352 358 366 356 345 365 361 368 378 346 374 359 352 372 372 348 350 345 359 362 352 364 361 342 348 372 349 340 345 365 356 377 357 347 357 348 360 360 362 348 384 367 344 358 348 375 369 370 341 387 378 346 370 385 345 376 358 352 343 378 360 347 377 392 341 387 364 368 359 348]
Requests/sec:  5254.585481770833 KB
Transfer/sec:  12776.945052083332 KB

2023-12-01 23:48:27.881990197 +0800 CST m=+10432.598122624
Running 1m0s myx-test @ https://192.168.12.127:6443/api/v1/namespaces/myx-test/persistentvolumeclaims
300 connections
Requests/bytes (per Connection):  [1135607 1404570 1243136 1183424 1320894 1380651 1261067 1249160 1338824 1285032 1273078 1291009 1368708 1332847 1356697 1392607 1380608 1362677 1356697 1273078 1308882 1344765 1302962 1195380 1308909 1296985 1368653 1207332 1290952 1225205 1273077 1398593 1374685 1273078 1338769 1213309 1231185 1362676 1350753 1284975 1207277 1290953 1326813 1362703 1446353 1404513 1291006 1273021 1314861 1255090 1374685 1374630 1290954 1255096 1279055 1255147 1368709 1332836 1231239 1362675 1243194 1320838 1225208 1237159 1213291 1105727 1320893 1279026 1374631 1296986 1285007 1237216 1225263 1261069 1308884 1326813 1356708 1273078 1302908 1243177 1207332 1344801 1267100 1267044 1291008 1273021 1219286 1332836 1314859 1285029 1428478 1326813 1332836 1207318 1183426 1237159 1255093 1296970 1302920 1374685 1326813 1308883 1338824 1296928 1332790 1207332 1338767 1308912 1237161 1356707 1285032 1243193 1338767 1291009 1195333 1356727 1261069 1368708 1488195 1296930 1314859 1314861 1326834 1255143 1213270 1302962 1147563 1183369 1350721 1302963 1279055 1350775 1213309 1302963 1314916 1201298 1249170 1195380 1255147 1279055 1207276 1386582 1344801 1249113 1362685 1296985 1171471 1243193 1255120 1368651 1219229 1356755 1291008 1267101 1261124 1326813 1302963 1159508 1237159 1267101 1219231 1219286 1302907 1308884 1440376 1284974 1261067 1338823 1422500 1273029 1314916 1380650 1320838 1380605 1273029 1273063 1273078 1255090 1386639 1273078 1308940 1356754 1308926 1219288 1249171 1332847 1308939 1279054 1368708 1201357 1219286 1404570 1273078 1368708 1296985 1201355 1261124 1279055 1279057 1374628 1189401 1296952 1285013 1237217 1344796 1374628 1374628 1338824 1380608 1237162 1332792 1279055 1314916 1422498 1320846 1267101 1326815 1273021 1273078 1344800 1368708 1261124 1273021 1296986 1159489 1296928 1302962 1302962 1368708 1326870 1273023 1338767 1302962 1273021 1308884 1261069 1249113 1332792 1237217 1344744 1380605 1446408 1338769 1320893 1249170 1368652 1237216 1344745 1362675 1267083 1368667 1273078 1326813 1350778 1201300 1314916 1374685 1267101 1332847 1356697 1362726 1213311 1255147 1314916 1249114 1213251 1308883 1225264 1273021 1261124 1332825 1398591 1296928 1249173 1332801 1249114 1237217 1261067 1237182 1243136 1213254 1123600 1350778 1314859 1344746 1225205 1302962 1320894 1225247 1332847 1255104 1302917 1356700 1296928 1219286 1404570 1428421 1219286 1344801 1314901]
Response/bytes (per Connection):  [1625303 2010141 1780520 1693720 1890415 1976145 1806176 1788004 1916070 1839103 1821999 1847655 1958829 1907518 1943006 1993474 1976994 1951338 1943006 1821999 1874591 1925255 1864758 1710603 1873949 1856206 1959889 1727928 1848936 1754864 1821998 2001589 1967381 1821999 1917130 1736480 1763196 1951337 1933818 1840384 1728988 1848714 1900247 1950918 2071064 2011422 1847875 1823280 1882922 1797624 1967381 1968441 1848715 1797184 1830551 1796343 1958830 1907730 1762135 1951559 1779240 1891474 1754644 1771968 1736685 1582325 1890414 1830968 1968442 1856207 1839524 1770687 1753584 1805955 1874370 1900247 1942794 1821999 1865819 1779669 1727928 1924622 1813446 1814728 1847654 1823280 1745032 1907730 1883143 1839100 2044349 1900247 1907730 1728360 1693499 1771968 1797404 1856414 1865608 1967381 1900247 1874592 1916070 1857487 1908799 1727928 1917351 1873952 1771747 1942570 1839103 1779239 1917351 1847655 1711671 1942367 1805955 1958829 2130708 1857266 1883143 1882922 1899822 1796562 1737110 1864758 1642409 1694780 1934455 1864759 1830551 1933394 1736480 1864759 1881862 1720657 1787791 1710603 1796343 1830551 1728987 1985766 1924622 1789072 1951123 1856206 1676617 1779239 1796985 1960110 1746313 1941726 1847654 1813447 1804895 1900247 1864759 1659727 1771968 1813447 1746092 1745032 1865818 1874370 2062512 1840383 1806176 1916069 2035796 1823065 1881862 1976144 1891474 1977214 1823065 1822430 1821999 1797624 1984485 1821999 1873311 1941725 1873743 1744811 1787792 1907518 1873310 1830550 1958829 1719155 1745032 2010141 1821999 1958829 1856206 1719376 1804895 1830551 1830330 1968662 1702272 1856842 1839530 1770688 1924840 1968662 1968662 1916070 1976994 1771748 1908578 1830551 1881862 2036017 1891259 1813447 1900026 1823280 1821999 1924621 1958829 1804895 1823280 1856207 1660154 1857487 1864758 1864758 1958829 1898966 1823059 1917351 1864758 1823280 1874370 1805955 1789072 1908578 1770688 1925903 1977214 2070004 1917130 1890414 1787791 1960111 1770687 1925681 1951559 1813875 1959457 1821999 1900247 1933174 1720436 1881862 1967381 1813447 1907518 1943006 1950272 1736259 1796343 1881862 1789073 1737760 1874592 1753362 1823280 1804895 1907942 2001810 1857487 1787571 1908587 1789073 1770688 1806176 1771322 1780520 1737540 1609261 1933174 1883143 1925682 1754864 1864758 1890415 1753791 1907518 1797192 1865605 1942786 1857487 1745032 2010141 2045630 1745032 1924622 1882293]
Requests Number (per Connection):  [190 235 208 198 221 231 211 209 224 215 213 216 229 223 227 233 231 228 227 213 219 225 218 200 219 217 229 202 216 205 213 234 230 213 224 203 206 228 226 215 202 216 222 228 242 235 216 213 220 210 230 230 216 210 214 210 229 223 206 228 208 221 205 207 203 185 221 214 230 217 215 207 205 211 219 222 227 213 218 208 202 225 212 212 216 213 204 223 220 215 239 222 223 202 198 207 210 217 218 230 222 219 224 217 223 202 224 219 207 227 215 208 224 216 200 227 211 229 249 217 220 220 222 210 203 218 192 198 226 218 214 226 203 218 220 201 209 200 210 214 202 232 225 209 228 217 196 208 210 229 204 227 216 212 211 222 218 194 207 212 204 204 218 219 241 215 211 224 238 213 220 231 221 231 213 213 213 210 232 213 219 227 219 204 209 223 219 214 229 201 204 235 213 229 217 201 211 214 214 230 199 217 215 207 225 230 230 224 231 207 223 214 220 238 221 212 222 213 213 225 229 211 213 217 194 217 218 218 229 222 213 224 218 213 219 211 209 223 207 225 231 242 224 221 209 229 207 225 228 212 229 213 222 226 201 220 230 212 223 227 228 203 210 220 209 203 219 205 213 211 223 234 217 209 223 209 207 211 207 208 203 188 226 220 225 205 218 221 205 223 210 218 227 217 204 235 239 204 225 220]
Requests/sec:  6328.33857421875 KB
Transfer/sec:  15388.024560546875 KB

