2023-12-01 14:53:54.377670555 +0800 CST m=+2406.679639107
Running 1m0s myx-test @ https://192.168.12.127:6443/api/v1/persistentvolumes
3 connections
Requests/bytes (per Connection):  [19107358 18804065 21379072]
Response/bytes (per Connection):  [28441801 27990455 31823127]
Requests Number (per Connection):  [3213 3162 3595]
Requests/sec:  965.0145670572916 KB
Transfer/sec:  2401.462858072917 KB

2023-12-01 14:56:05.104629762 +0800 CST m=+2537.406598317
Running 1m0s myx-test @ https://192.168.12.127:6443/api/v1/persistentvolumes
6 connections
Requests/bytes (per Connection):  [29591724 27593569 27522208 29454948 28229888 28247727]
Response/bytes (per Connection):  [44048152 41073923 40967504 43844385 42020863 42047633]
Requests Number (per Connection):  [4976 4640 4628 4953 4747 4750]
Requests/sec:  2777.344791666667 KB
Transfer/sec:  6911.4994140625 KB

2023-12-01 14:58:15.936755183 +0800 CST m=+2668.238723737
Running 1m0s myx-test @ https://192.168.12.127:6443/api/v1/persistentvolumes
9 connections
Requests/bytes (per Connection):  [24572550 24762851 24632017 23276128 24863947 24620122 23121509 23145296 24786637]
Response/bytes (per Connection):  [36576848 36860045 36665567 34647128 37010714 36648088 34417031 34452430 36895665]
Requests Number (per Connection):  [4132 4164 4142 3914 4181 4140 3888 3892 4168]
Requests/sec:  3544.613557942708 KB
Transfer/sec:  8820.875211588542 KB

2023-12-01 15:00:26.670094743 +0800 CST m=+2798.972063306
Running 1m0s myx-test @ https://192.168.12.127:6443/api/v1/persistentvolumes
15 connections
Requests/bytes (per Connection):  [16425311 16044709 14956427 15937665 14998057 15063475 16490726 16502619 15913879 15907930 15907932 16746440 15170518 16573982 15158623]
Response/bytes (per Connection):  [24449391 23882997 22263244 23723699 22324973 22422102 24546961 24564660 23688079 23679449 23679229 24927726 22581621 24670859 22563920]
Requests Number (per Connection):  [2762 2698 2515 2680 2522 2533 2773 2775 2676 2675 2675 2816 2551 2787 2549]
Requests/sec:  3870.4149251302083 KB
Transfer/sec:  9631.627652994792 KB

2023-12-01 15:02:37.455808361 +0800 CST m=+2929.757776919
Running 1m0s myx-test @ https://192.168.12.127:6443/api/v1/persistentvolumes
30 connections
Requests/bytes (per Connection):  [8985749 9116581 9033326 9497182 9741005 9378245 9336619 9342564 9568546 8979802 8932231 9544757 8938178 8956018 9146317 8872760 9455557 9473396 9431769 9134422 9503129 9419871 9532867 9378245 9402032 9372301 9711272 9467450 9289041 9360402]
Response/bytes (per Connection):  [13375734 13570432 13446313 14137047 14499893 13959828 13897659 13906729 14243025 13366884 13295645 14207846 13304495 13331044 13614461 13207366 14074657 14101427 14039257 13596982 14145897 14021997 14189706 13959828 13995227 13950759 14455423 14092356 13827079 13933498]
Requests Number (per Connection):  [1511 1533 1519 1597 1638 1577 1570 1571 1609 1510 1502 1605 1503 1506 1538 1492 1590 1593 1586 1536 1598 1584 1603 1577 1581 1576 1633 1592 1562 1574]
Requests/sec:  4545.925032552083 KB
Transfer/sec:  11312.66484375 KB

2023-12-01 15:04:48.231733539 +0800 CST m=+3060.533702099
Running 1m0s myx-test @ https://192.168.12.127:6443/api/v1/persistentvolumes
60 connections
Requests/bytes (per Connection):  [5530608 5506821 5607919 5697122 5637650 5792270 5399778 5726857 5685226 5661438 5447351 5649547 5839848 5857687 5524661 5613864 5477084 5548449 5738748 5762536 5560342 5768483 5447352 5596022 5643597 5548447 5661438 5720908 5310573 5875527 5714961 5798217 5625757 5697122 5524661 5483031 5637652 5726854 5560344 5643598 5839845 5619812 5542504 5500876 5709016 5703069 5512767 5762536 5732803 5744695 5673332 5786324 5494927 5358148 5810111 5488980 5720908 5732801 5631706 5512768]
Response/bytes (per Connection):  [8232396 8196997 8347446 8480194 8391914 8622012 8037478 8524444 8462714 8427314 8108497 8409395 8692592 8719362 8223546 8356516 8152967 8258946 8542363 8577763 8276645 8586613 8108498 8329965 8400764 8259166 8427314 8515814 7904950 8745911 8506964 8630862 8374215 8480194 8223546 8161817 8391694 8524663 8276425 8400765 8692811 8365145 8249876 8187927 8497894 8489044 8205846 8577763 8533293 8551213 8445014 8613163 8179297 7975749 8648562 8170447 8515814 8533513 8382845 8205847]
Requests Number (per Connection):  [930 926 943 958 948 974 908 963 956 952 916 950 982 985 929 944 921 933 965 969 935 970 916 941 949 933 952 962 893 988 961 975 946 958 929 922 948 963 935 949 982 945 932 925 960 959 927 969 964 966 954 973 924 901 977 923 962 964 947 927]
Requests/sec:  5503.38994140625 KB
Transfer/sec:  13695.328483072917 KB

2023-12-01 15:06:59.125005687 +0800 CST m=+3191.426974244
Running 1m0s myx-test @ https://192.168.12.127:6443/api/v1/persistentvolumes
90 connections
Requests/bytes (per Connection):  [4026044 3990365 4055780 3883320 3817907 4121197 4020097 3835747 3984415 3829796 3823849 3817906 4026044 3800063 3913053 3806008 3936841 4085513 3800066 4079568 3895212 4002259 3960628 4020097 4240133 3924947 4020099 3800065 3960628 3996311 3954681 3948734 4008204 4079569 3924947 4091462 3859533 3919001 3823851 4115248 3978471 3800062 3782220 4097409 4008203 3817905 4103354 3817902 3883320 3990362 3936841 3966575 4020097 3942789 3752486 3972524 3907106 3919000 4085513 3889267 4061728 3865479 3829796 3823851 4067672 4002256 3877373 3913053 3865477 4073619 3924949 4103355 3895212 3883318 3901159 4043887 4180664 4252027 3895214 4156874 3942789 4234184 3823852 4014152 3811957 4103354 4008206 3996309 3871427 3883320]
Response/bytes (per Connection):  [5992929 5939610 6036958 5780311 5682743 6134308 5984079 5709292 5930979 5700882 5692032 5682742 5992929 5656412 5824781 5665482 5860181 6081428 5656193 6072358 5798231 5957310 5895580 5984079 6311526 5842481 5983859 5656192 5895580 5948459 5886730 5877880 5966380 6072359 5842481 6090058 5744912 5833410 5691812 6125678 5921910 5656633 5630082 6098908 5966379 5682963 6107978 5683182 5780311 5939829 5860181 5904430 5984079 5868810 5585833 5913060 5815931 5833631 6081428 5789161 6045809 5753761 5700882 5691812 6054878 5957529 5771461 5824781 5753981 6063728 5842261 6107757 5798231 5780531 5807081 6019259 6223027 6329226 5798011 6187847 5868810 6302896 5691813 5975009 5674112 6107978 5966160 5948679 5762612 5780311]
Requests Number (per Connection):  [677 671 682 653 642 693 676 645 670 644 643 642 677 639 658 640 662 687 639 686 655 673 666 676 713 660 676 639 666 672 665 664 674 686 660 688 649 659 643 692 669 639 636 689 674 642 690 642 653 671 662 667 676 663 631 668 657 659 687 654 683 650 644 643 684 673 652 658 650 685 660 690 655 653 656 680 703 715 655 699 663 712 643 675 641 690 674 672 651 653]
Requests/sec:  5797.153434244791 KB
Transfer/sec:  14426.329508463541 KB

2023-12-01 15:09:53.44962511 +0800 CST m=+3365.751593668
Running 1m0s myx-test @ https://192.168.12.127:6443/api/v1/persistentvolumes
150 connections
Requests/bytes (per Connection):  [1974368 1897056 2027889 1992209 2010049 1855430 1986262 1891111 1891111 2075465 1920844 2004100 1855429 1843536 1956528 1801908 2033838 2087360 1998154 1867322 2010050 2015995 1861375 1962475 1992209 1849483 1843535 2057625 2069517 1867324 1986262 2057625 1867324 1974369 2021943 1944631 1790014 1849485 1962474 1986261 1950580 1926793 2063570 1891109 2075462 1992209 1980315 2081413 1974368 2004103 1897058 1784066 2093306 2081408 1801907 1914899 1992207 1950579 1998155 1986262 1992207 1980313 2010048 1920844 1819748 2057624 1950580 1879215 2045729 2063570 1897058 1897058 1926793 2164670 2051676 1849485 2039784 2123039 1891111 2010049 1926793 1950578 1962474 1855430 2051678 1938685 2128986 1831645 1962474 1873271 2057623 1974368 1986262 1944634 1962475 2051676 1968419 1992209 2057625 1998156 1968421 2075466 1962474 1903007 2033837 1903005 1968421 1754334 1998155 1944633 1938685 1944634 1891114 1903008 1944632 2063572 2111147 1897058 2015995 1903005 1885164 1950579 2021943 1950580 1944633 1968421 2063572 1914897 1908952 2015997 1825693 1897056 1932740 2021943 1944634 1867323 1950578 1855430 1986262 1730545 1873271 1998156 1962473 1908952 2081413 1992206 2134933 1998156 1992208 2057623]
Response/bytes (per Connection):  [2938830 2824001 3018700 2965380 2991929 2761832 2956530 2814931 2814931 3089278 2859401 2983299 2761831 2744132 2912281 2682183 3027330 3106979 2974450 2779752 2991930 3001000 2770902 2921131 2965380 2752982 2744353 3062729 3080649 2779532 2956530 3062729 2779532 2938831 3009629 2894800 2664483 2752762 2921130 2956529 2903430 2868031 3071799 2815151 3089719 2965380 2947680 3098129 2938830 2983080 2823781 2655854 3115828 3098568 2682182 2850331 2965600 2903651 2974229 2956530 2965600 2947900 2992150 2859401 2708732 3062728 2903430 2797451 3045249 3071799 2823781 2823781 2868031 3222028 3054099 2752762 3036179 3160298 2814931 2991929 2868031 2903650 2921130 2761832 3053879 2885951 3169148 2726213 2921130 2788382 3062949 2938830 2956530 2894581 2921131 3054099 2930200 2965380 3062729 2974230 2929980 3089279 2921130 2832411 3027329 2832631 2929980 2611163 2974229 2894580 2885951 2894581 2814712 2832412 2894801 3071579 3142378 2823781 3001000 2832631 2806081 2903651 3009629 2903430 2894580 2929980 3071579 2850551 2841481 3000780 2717802 2824001 2876881 3009629 2894581 2779531 2903650 2761832 2956530 2575984 2788382 2974230 2921351 2841481 3098129 2965599 3177998 2974230 2965379 3062949]
Requests Number (per Connection):  [332 319 341 335 338 312 334 318 318 349 323 337 312 310 329 303 342 351 336 314 338 339 313 330 335 311 310 346 348 314 334 346 314 332 340 327 301 311 330 334 328 324 347 318 349 335 333 350 332 337 319 300 352 350 303 322 335 328 336 334 335 333 338 323 306 346 328 316 344 347 319 319 324 364 345 311 343 357 318 338 324 328 330 312 345 326 358 308 330 315 346 332 334 327 330 345 331 335 346 336 331 349 330 320 342 320 331 295 336 327 326 327 318 320 327 347 355 319 339 320 317 328 340 328 327 331 347 322 321 339 307 319 325 340 327 314 328 312 334 291 315 336 330 321 350 335 359 336 335 346]
Requests/sec:  4788.195182291666 KB
Transfer/sec:  11915.538916015625 KB

2023-12-01 15:12:04.466323503 +0800 CST m=+3496.768292089
Running 1m0s myx-test @ https://192.168.12.127:6443/api/v1/persistentvolumes
300 connections
Requests/bytes (per Connection):  [362759 362762 374653 398441 380600 321133 327080 327080 428176 285451 333023 428175 362762 386545 362759 338972 321133 309239 333025 338974 333027 386547 362760 392496 368707 362762 333027 309239 386547 374655 428178 356813 356815 356815 344921 368706 315186 321131 374651 416284 386549 321133 416284 404388 368709 380600 386547 338972 327080 350868 380602 392492 356815 386547 392496 303292 350868 386549 374655 333027 368709 321131 386547 374655 344921 362759 386547 386546 338974 344919 356814 368706 362761 315184 368707 309237 303289 374655 327079 362762 338973 398441 333027 392496 362760 333025 344921 333027 338974 374655 440069 356810 350865 398443 321133 321133 362762 333025 309238 333027 350868 410335 380600 374655 362759 416282 398439 315184 356812 392494 344919 350864 440070 362760 350867 362761 380600 321129 350868 356812 327080 398443 350868 368708 350868 327078 338974 291399 285450 344919 338972 374653 386547 368706 386548 338972 374656 321133 344919 303290 386547 333027 338972 392494 344919 350868 398441 392496 362761 327080 267607 344919 368708 285450 338972 344920 344921 386549 368709 315184 362757 285452 279503 315184 350868 333025 344917 356813 362760 321131 297343 344921 297345 350867 386547 422229 368704 327080 344919 392494 368706 422231 362760 374653 321131 321133 446019 416282 386547 392496 327078 416284 386548 338972 338970 422228 380600 327078 297345 315186 333027 374654 267611 356814 303293 380602 333025 344919 356814 344918 344918 416280 350865 380602 392495 368708 374655 380602 333025 368709 338974 321133 350865 285448 362762 404387 416282 273556 374653 327078 392494 356812 362760 362759 416284 327079 368705 404389 404388 434124 362759 410335 428173 338972 386547 392496 386549 380602 350866 386545 386547 398441 404387 344921 380602 315185 386547 374654 350868 380600 333025 309239 315186 410337 380600 374655 404388 404388 344919 350865 362760 338974 350864 362761 315185 315186 356815 333025 338974 392494 368707 321131 309238 333023 333027 333026 374655 333027 380600 338974 374653 344918 350868 362762 362759 416281 380600 368706 356815 344919]
Response/bytes (per Connection):  [540064 539845 557764 593164 566614 477895 486745 486745 637414 424795 496035 637413 539845 575684 540064 504665 477895 460195 495815 504445 495595 575464 540065 584094 548915 539845 495595 460195 575464 557544 637194 531215 530995 530995 513295 548914 469045 478115 557984 619494 575244 477895 619494 602014 548695 566614 575464 504665 486745 522145 566394 584534 530995 575464 584094 451345 522145 575244 557544 495595 548695 478115 575464 557544 513295 540064 575464 575685 504445 513515 530994 548914 539844 469265 548915 460415 451786 557544 486966 539845 504444 593164 495595 584094 540065 495815 513295 495595 504445 557544 655113 531434 522364 592944 477895 477895 539845 495815 460416 495595 522145 610864 566614 557544 540064 619714 593384 469265 531214 584314 513515 522585 655114 540065 522144 539844 566614 478335 522145 531214 486745 592944 522145 548694 522145 486965 504445 433646 425016 513515 504665 557764 575464 548914 575465 504665 557545 477895 513515 451565 575464 495595 504665 584314 513515 522145 593164 584094 539844 486745 398686 513515 548694 425016 504665 513294 513295 575244 548695 469265 540284 424796 416166 469265 522145 495815 513735 531215 540065 478115 442715 513295 442495 522144 575464 628564 549134 486745 513515 584314 548914 628344 540065 557764 478115 477895 663744 619714 575464 584094 486965 619494 575465 504665 504885 628563 566614 486965 442495 469045 495595 557765 398246 530994 451346 566394 495815 513515 530994 513514 513514 619934 522364 566394 584315 548694 557544 566394 495815 548695 504445 477895 522364 425236 539845 602013 619714 407316 557764 486965 584314 531214 540065 540064 619494 486966 549135 601793 602014 646043 540064 610864 637633 504665 575464 584094 575244 566394 522365 575684 575464 593164 602013 513295 566394 469266 575464 557765 522145 566614 495815 460195 469045 610644 566614 557544 602014 602014 513515 522364 540065 504445 522585 539844 469266 469045 530995 495815 504445 584314 548915 478115 460416 496035 495595 495594 557544 495595 566614 504445 557764 513514 522145 539845 540064 619713 566614 548914 530995 513515]
Requests Number (per Connection):  [61 61 63 67 64 54 55 55 72 48 56 72 61 65 61 57 54 52 56 57 56 65 61 66 62 61 56 52 65 63 72 60 60 60 58 62 53 54 63 70 65 54 70 68 62 64 65 57 55 59 64 66 60 65 66 51 59 65 63 56 62 54 65 63 58 61 65 65 57 58 60 62 61 53 62 52 51 63 55 61 57 67 56 66 61 56 58 56 57 63 74 60 59 67 54 54 61 56 52 56 59 69 64 63 61 70 67 53 60 66 58 59 74 61 59 61 64 54 59 60 55 67 59 62 59 55 57 49 48 58 57 63 65 62 65 57 63 54 58 51 65 56 57 66 58 59 67 66 61 55 45 58 62 48 57 58 58 65 62 53 61 48 47 53 59 56 58 60 61 54 50 58 50 59 65 71 62 55 58 66 62 71 61 63 54 54 75 70 65 66 55 70 65 57 57 71 64 55 50 53 56 63 45 60 51 64 56 58 60 58 58 70 59 64 66 62 63 64 56 62 57 54 59 48 61 68 70 46 63 55 66 60 61 61 70 55 62 68 68 73 61 69 72 57 65 66 65 64 59 65 65 67 68 58 64 53 65 63 59 64 56 52 53 69 64 63 68 68 58 59 61 57 59 61 53 53 60 56 57 66 62 54 52 56 56 56 63 56 64 57 63 58 59 61 61 70 64 62 60 58]
Requests/sec:  1748.6408203125 KB
Transfer/sec:  4351.57490234375 KB

