2023-12-02 12:17:13.51278858 +0800 CST m=+916.701310412
Running 1m0s myx-test @ https://192.168.12.127:6443/api/v1/namespaces/myx-test/pods
3 connections
Requests/bytes (per Connection):  [25378394 25330878 27356613]
Response/bytes (per Connection):  [46358600 46272134 49982412]
Requests Number (per Connection):  [4272 4264 4605]
Requests/sec:  1270.6035970052083 KB
Transfer/sec:  3591.781103515625 KB

2023-12-02 12:18:48.807650721 +0800 CST m=+1011.996172554
Running 1m0s myx-test @ https://192.168.12.127:6443/api/v1/namespaces/myx-test/pods
6 connections
Requests/bytes (per Connection):  [26542740 26643737 24695201 24760551 25711050 25651645]
Response/bytes (per Connection):  [48504233 48684416 45129621 45247052 46982485 46872282]
Requests Number (per Connection):  [4468 4485 4157 4168 4328 4318]
Requests/sec:  2506.5905598958334 KB
Transfer/sec:  7086.995654296875 KB

2023-12-02 12:20:24.087452337 +0800 CST m=+1107.275974178
Running 1m0s myx-test @ https://192.168.12.127:6443/api/v1/namespaces/myx-test/pods
9 connections
Requests/bytes (per Connection):  [21035793 20928891 22782344 22259553 22128862 22598142 22586342 20661542 22140738]
Response/bytes (per Connection):  [38434721 38207723 41621566 40667817 40434623 41308167 41233063 37741711 40451627]
Requests Number (per Connection):  [3541 3523 3835 3747 3725 3804 3802 3478 3727]
Requests/sec:  3208.3692545572917 KB
Transfer/sec:  9069.388427734375 KB

2023-12-02 12:21:59.393821147 +0800 CST m=+1202.582342986
Running 1m0s myx-test @ https://192.168.12.127:6443/api/v1/namespaces/myx-test/pods
15 connections
Requests/bytes (per Connection):  [16051592 16360490 16027828 16134765 15065482 16033769 15029757 16330815 15873365 15041652 15059541 15837719 15962478 15023830 15938714]
Response/bytes (per Connection):  [29328249 29905496 29285853 29477477 27503121 29296452 27491750 29829770 29007753 27503688 27492522 28944159 29168422 27471049 29126026]
Requests Number (per Connection):  [2702 2754 2698 2716 2536 2699 2530 2749 2672 2532 2535 2666 2687 2529 2683]
Requests/sec:  3837.431591796875 KB
Transfer/sec:  10849.667708333332 KB

2023-12-02 12:23:34.709308954 +0800 CST m=+1297.897830799
Running 1m0s myx-test @ https://192.168.12.127:6443/api/v1/namespaces/myx-test/pods
30 connections
Requests/bytes (per Connection):  [9849585 9427807 9172350 9546625 8982241 9510980 9528723 8881250 9035710 9112941 9635739 9558431 8964409 9095118 8976289 9107000 9831710 9843623 9748570 9683247 9457512 9635717 9730793 9463394 9659503 9742607 9540606 9689134 9701010 9005988]
Response/bytes (per Connection):  [17980762 17211385 16751419 17425049 16409725 17360613 17445475 16224487 16505116 16644587 17584876 17496787 16384675 16612790 16407545 16633988 17989392 17987017 17823310 17677253 17264380 17601714 17756144 17320463 17627272 17821146 17465831 17731652 17754530 16464755]
Requests Number (per Connection):  [1658 1587 1544 1607 1512 1601 1604 1495 1521 1534 1622 1609 1509 1531 1511 1533 1655 1657 1641 1630 1592 1622 1638 1593 1626 1640 1606 1631 1633 1516]
Requests/sec:  4608.050325520833 KB
Transfer/sec:  13028.690592447916 KB

2023-12-02 12:25:09.981295037 +0800 CST m=+1393.169816868
Running 1m0s myx-test @ https://192.168.12.127:6443/api/v1/namespaces/myx-test/pods
60 connections
Requests/bytes (per Connection):  [5465389 5168343 5245577 5423802 5602029 5388156 5174286 5483188 5126756 5269351 5792136 5281220 5489128 5471330 5423789 5221832 5186192 5506970 5108933 5358452 5518856 5596088 5524798 5263398 5423802 5310925 5227753 5055467 5364390 5435684 5613911 5233693 5477248 5495093 5578266 5560407 5025763 5394090 5251515 5417861 5590144 5441624 5370334 5304990 5293102 5079248 5489150 5245591 5744564 5239636 5209929 5263397 5209952 5477270 5607968 5352511 5625783 5435683 5477270 5263397]
Response/bytes (per Connection):  [9981839 9448521 9586309 9907646 10228142 9844052 9458279 10032161 9374328 9625331 10570677 9651586 10043608 9992438 9917749 9531260 9460085 10059398 9342531 9790215 10078914 10217543 10088671 9618947 9907646 9704581 9555354 9245457 9800811 9928844 10249340 9565952 10020720 10035676 10184904 10180896 9191620 9860560 9598591 9897047 10208627 9940285 9811413 9694831 9672784 9282803 10025918 9578715 10519570 9575710 9523556 9619789 9505876 10003879 10239582 9779616 10278115 9929686 10003879 9619789]
Requests Number (per Connection):  [920 870 883 913 943 907 871 923 863 887 975 889 924 921 913 879 873 927 860 902 929 942 930 886 913 894 880 851 903 915 945 881 922 925 939 936 846 908 884 912 941 916 904 893 891 855 924 883 967 882 877 886 877 922 944 901 947 915 922 886]
Requests/sec:  5251.910970052083 KB
Transfer/sec:  14848.145540364583 KB

2023-12-02 12:26:45.293064999 +0800 CST m=+1488.481586830
Running 1m0s myx-test @ https://192.168.12.127:6443/api/v1/namespaces/myx-test/pods
90 connections
Requests/bytes (per Connection):  [4205978 3873306 3986184 4146587 4170351 4027760 3962413 4205996 4158469 4295063 4134703 3855484 4122826 3867354 3968353 3914892 4152449 3986183 4087143 4164410 4104994 3843603 3908951 3992074 4033710 4015889 4039653 3920832 4158469 3938657 4087130 4164365 4194114 3992125 3861424 4182154 4063389 4093121 4033710 3992125 3956477 3885190 4081162 4063371 4200040 3998051 3997994 4134705 3920826 4116883 4158469 4128758 3825753 4045581 4015888 3986181 3807957 3992123 3843598 4039651 3980204 3712882 3908944 4075299 3879249 4099060 4057448 4045591 3944538 3897069 4170291 4128764 3891075 4009948 4188153 4033702 3986183 3938657 4015878 3998064 3819833 4015834 3920822 4057476 4289133 4122823 3879248 4116884 3831721 4075296]
Response/bytes (per Connection):  [7680944 7068035 7271101 7559799 7602195 7346969 7233756 7666631 7580997 7862669 7540285 7036239 7515720 7058268 7240139 7143070 7622621 7271100 7471508 7591596 7485600 7014199 7132471 7312033 7356734 7324096 7366492 7154511 7580997 7185467 7481617 7626123 7645433 7281700 7046837 7675616 7429935 7462725 7356734 7281700 7218947 7088392 7492066 7443411 7659398 7294816 7338628 7538601 7159563 7505962 7580997 7527996 7002607 7386351 7324095 7272784 6950605 7282541 7016723 7367333 7289974 6786918 7133307 7430086 7077793 7474165 7410927 7378774 7233134 7111273 7640106 7528002 7136906 7313497 7642422 7363470 7271100 7185467 7325771 7293140 6973483 7357797 7154501 7398289 7835242 7517403 7078635 7505963 6993001 7431769]
Requests Number (per Connection):  [708 652 671 698 702 678 667 708 700 723 696 649 694 651 668 659 699 671 688 701 691 647 658 672 679 676 680 660 700 663 688 701 706 672 650 704 684 689 679 672 666 654 687 684 707 673 673 696 660 693 700 695 644 681 676 671 641 672 647 680 670 625 658 686 653 690 683 681 664 656 702 695 655 675 705 679 671 663 676 673 643 676 660 683 722 694 653 693 645 686]
Requests/sec:  5895.102864583333 KB
Transfer/sec:  16658.26681315104 KB

2023-12-02 12:28:20.633862411 +0800 CST m=+1583.822384254
Running 1m0s myx-test @ https://192.168.12.127:6443/api/v1/namespaces/myx-test/pods
150 connections
Requests/bytes (per Connection):  [2726750 2708970 2590152 2673324 2631719 2673325 2548519 2916823 2613837 2518782 2512841 2803946 2631738 2821832 2423727 2572289 2637622 2530743 2655423 2483215 2613915 2619778 2697088 2768379 2685143 2792142 2732731 2738674 2578219 2798041 2607898 2691147 2697009 2726714 2524738 2714832 2518861 2584132 2613846 2554468 2560447 2637679 2572316 2655468 2661377 2655474 2768336 2596058 2423732 2560441 2607962 2685128 2697088 2786202 2685206 2803969 2744616 2667305 2774257 2714850 2536605 2702992 2726714 2602034 2643595 2649481 2673324 2899038 2637600 2578270 2673300 2625766 2566389 2501029 2512920 2708970 2702996 2483147 2601996 2744550 2477275 2804025 2750492 2607901 2703017 2625733 2613915 2708891 2714901 2667329 2702950 2655502 2500959 2590090 2667305 2512864 2601979 2530706 2596014 2708937 2732655 2691113 2578251 2726720 2661364 2613913 2602020 2590128 2702979 2631714 2685127 2738596 2762439 2661415 2441604 2661364 2471295 2578269 2613915 2524798 2590100 2708920 2661402 2601955 2720823 2738653 2578270 2685206 2726779 2762390 2542586 2584210 2637659 2572315 2643541 2643584 2495078 2762374 2572288 2714834 2667383 2613836 2697010 2578247 2601981 2536678 2691068 2691138 2613915 2702963]
Response/bytes (per Connection):  [4987049 4922412 4708748 4858818 4798095 4857976 4661518 5348126 4803367 4632941 4622342 5145061 4783783 5127994 4462515 4708108 4829767 4601916 4878402 4517124 4751986 4813966 4901214 5029244 4920453 5072482 4966491 4976249 4718726 5106673 4791927 4890615 4953437 5006432 4641023 4985234 4580718 4750372 4802533 4666221 4655753 4794382 4678627 4843875 4887325 4847226 5062084 4746291 4459991 4659962 4742218 4931397 4901214 5061041 4880016 5127381 4986006 4899600 5080280 4971764 4664738 4939598 5006432 4729946 4823502 4868645 4858818 5295262 4846605 4687550 4868931 4789197 4665510 4550598 4570119 4922412 4928667 4567672 4751013 5028969 4505683 5092838 5038726 4791087 4912644 4814463 4751986 4974635 4934687 4881921 4964036 4826179 4601144 4756764 4899600 4605505 4772056 4630547 4771570 4939266 5017031 4908311 4693441 5004752 4889001 4752827 4732464 4718861 4942147 4793896 4932239 5027630 5017803 4849416 4461453 4889001 4516993 4688392 4751986 4593842 4749175 4961152 4860371 4782169 4957093 4992245 4687550 4880016 4956727 5046449 4645023 4698991 4809536 4687053 4857204 4824364 4553477 5068351 4708950 4984393 4848219 4804209 4952595 4705230 4762806 4616724 4942838 4897350 4751986 4962363]
Requests Number (per Connection):  [459 456 436 450 443 450 429 491 440 424 423 472 443 475 408 433 444 426 447 418 440 441 454 466 452 470 460 461 434 471 439 453 454 459 425 457 424 435 440 430 431 444 433 447 448 447 466 437 408 431 439 452 454 469 452 472 462 449 467 457 427 455 459 438 445 446 450 488 444 434 450 442 432 421 423 456 455 418 438 462 417 472 463 439 455 442 440 456 457 449 455 447 421 436 449 423 438 426 437 456 460 453 434 459 448 440 438 436 455 443 452 461 465 448 411 448 416 434 440 425 436 456 448 438 458 461 434 452 459 465 428 435 444 433 445 445 420 465 433 457 449 440 454 434 438 427 453 453 440 455]
Requests/sec:  6456.862125651041 KB
Transfer/sec:  18253.1529296875 KB

2023-12-02 12:29:55.997997499 +0800 CST m=+1679.186519340
Running 1m0s myx-test @ https://192.168.12.127:6443/api/v1/namespaces/myx-test/pods
300 connections
Requests/bytes (per Connection):  [1485146 1443587 1461381 1538614 1609905 1396032 1461386 1324740 1384202 1485146 1580230 1354446 1556435 1396031 1425771 1508911 1461403 1538619 1461382 1467322 1372276 1526733 1508909 1538613 1449499 1491085 1449501 1502983 1574277 1556448 1532714 1544554 1538620 1497026 1586140 1443611 1437632 1544585 1378210 1532714 1401972 1491087 1550494 1514851 1461381 1526752 1467321 1497028 1508941 1419847 1461403 1461421 1390092 1396031 1580199 1598053 1431678 1485145 1348567 1467362 1514851 1449524 1396031 1443586 1538648 1514849 1413854 1455450 1384184 1354445 1485145 1562376 1449499 1574260 1372286 1491130 1413854 1538613 1437675 1402026 1520829 1538614 1532711 1473308 1663372 1449499 1574265 1514894 1568349 1413856 1378234 1508933 1544578 1497027 1520790 1544593 1407912 1508910 1526771 1580233 1401998 1419796 1461381 1401993 1467340 1627752 1473265 1586140 1390117 1461381 1378218 1413854 1396047 1538613 1479249 1473311 1455440 1443560 1538654 1574258 1390090 1485195 1407915 1372304 1621813 1443558 1467322 1639609 1508910 1360421 1413916 1609903 1669312 1467356 1467322 1443573 1497068 1586140 1455496 1443558 1330683 1342615 1330721 1401972 1532714 1390092 1330702 1384149 1550494 1390124 1479205 1520790 1681203 1669313 1663372 1479204 1396063 1485146 1437628 1526731 1401972 1544554 1425768 1449512 1390090 1532696 1520792 1592113 1491087 1538613 1491087 1502968 1300979 1401972 1508943 1360451 1609903 1473263 1455494 1396031 1621785 1574289 1526770 1378210 1372334 1502970 1449543 1520790 1449529 1526760 1473314 1526774 1396031 1562414 1532672 1461381 1544553 1514886 1532676 1360387 1419829 1473307 1455453 1455440 1324785 1544593 1609903 1330711 1497028 1425774 1413892 1396031 1378270 1544553 1520834 1413853 1449506 1508950 1443615 1592081 1491091 1544553 1431676 1556435 1514859 1342563 1586140 1562413 1556438 1330695 1485145 1491085 1633692 1532674 1473263 1491085 1520816 1520792 1431735 1336624 1354447 1402018 1544556 1556467 1461407 1443615 1390090 1431678 1413856 1651505 1425735 1425735 1342565 1342564 1538613 1497027 1342562 1467324 1580199 1550496 1431676 1491134 1372286 1508908 1413853 1419797 1473315 1437675 1407912 1485184 1396032 1295044 1508908 1598022 1336622 1342564 1372316 1562382 1479203 1473262 1419795 1562414 1467327 1526731 1431677 1491101 1508948 1491135 1449514 1467374 1639609 1425736 1413912 1396033 1425756 1550496 1544557 1479212 1372267 1431676]
Response/bytes (per Connection):  [2722180 2626097 2679783 2818413 2946443 2562353 2676416 2434322 2509137 2722180 2869874 2487318 2851051 2562352 2589246 2763734 2671357 2816732 2679784 2690382 2518279 2796373 2764575 2818412 2658585 2733620 2657744 2743032 2868536 2841791 2776628 2829011 2813361 2744219 2904046 2607563 2626443 2813841 2529714 2775794 2572951 2732779 2840452 2775175 2679783 2781218 2691224 2743378 2748563 2565167 2671354 2657875 2550912 2562352 2893447 2901668 2625947 2722179 2428703 2668474 2775175 2640064 2562352 2626939 2799871 2776016 2594149 2661607 2515053 2487317 2722179 2861650 2658585 2882007 2505644 2707499 2594149 2818412 2592739 2540092 2757143 2818413 2786747 2674860 3042675 2658585 2881169 2741471 2856237 2593308 2519601 2746896 2818898 2743377 2786615 2799539 2584392 2764576 2775306 2867333 2561997 2604749 2679783 2565367 2676912 2958872 2700140 2904046 2531548 2679783 2522978 2594149 2558990 2818412 2685459 2673177 2669184 2647145 2788069 2882848 2551753 2684279 2582709 2492171 2947417 2647986 2690382 2999437 2764576 2479375 2550339 2947284 3054116 2665123 2690382 2637042 2712221 2904046 2634641 2647986 2444080 2426538 2414607 2572951 2779157 2550912 2437340 2541154 2840452 2534057 2711581 2786615 3073637 3053274 3042675 2711580 2537934 2722180 2628968 2797214 2572951 2829011 2590929 2649325 2551753 2790134 2785774 2896944 2732779 2818412 2732779 2753976 2390243 2572951 2746879 2456638 2947284 2700981 2636325 2562352 2968482 2859275 2776148 2529714 2476994 2753135 2624903 2786615 2635854 2783731 2667276 2764368 2562352 2833023 2807813 2679783 2829853 2756634 2805288 2497917 2579489 2675702 2659924 2669184 2408201 2798672 2947284 2422190 2743378 2595123 2565519 2562352 2483382 2829853 2752921 2594991 2656906 2733419 2604192 2914645 2729411 2829853 2626788 2851051 2768439 2466119 2904046 2838050 2849368 2434819 2722179 2733620 2970313 2806972 2700981 2733620 2767252 2785774 2588876 2454679 2486476 2538425 2828170 2826633 2668829 2604174 2551753 2625947 2593308 3010533 2616189 2616189 2465278 2466120 2818412 2743377 2466961 2689541 2893447 2839611 2626788 2696568 2505644 2765417 2594991 2603907 2661394 2601160 2584392 2692707 2562353 2374592 2765417 2925244 2455520 2466120 2491310 2859970 2712422 2701823 2604748 2840583 2688701 2797214 2625946 2721834 2743509 2695720 2647641 2649940 2999437 2615347 2550356 2561511 2608608 2839611 2827328 2710745 2519956 2626788]
Requests Number (per Connection):  [250 243 246 259 271 235 246 223 233 250 266 228 262 235 240 254 246 259 246 247 231 257 254 259 244 251 244 253 265 262 258 260 259 252 267 243 242 260 232 258 236 251 261 255 246 257 247 252 254 239 246 246 234 235 266 269 241 250 227 247 255 244 235 243 259 255 238 245 233 228 250 263 244 265 231 251 238 259 242 236 256 259 258 248 280 244 265 255 264 238 232 254 260 252 256 260 237 254 257 266 236 239 246 236 247 274 248 267 234 246 232 238 235 259 249 248 245 243 259 265 234 250 237 231 273 243 247 276 254 229 238 271 281 247 247 243 252 267 245 243 224 226 224 236 258 234 224 233 261 234 249 256 283 281 280 249 235 250 242 257 236 260 240 244 234 258 256 268 251 259 251 253 219 236 254 229 271 248 245 235 273 265 257 232 231 253 244 256 244 257 248 257 235 263 258 246 260 255 258 229 239 248 245 245 223 260 271 224 252 240 238 235 232 260 256 238 244 254 243 268 251 260 241 262 255 226 267 263 262 224 250 251 275 258 248 251 256 256 241 225 228 236 260 262 246 243 234 241 238 278 240 240 226 226 259 252 226 247 266 261 241 251 231 254 238 239 248 242 237 250 235 218 254 269 225 226 231 263 249 248 239 263 247 257 241 251 254 251 244 247 276 240 238 235 240 261 260 249 231 241]
Requests/sec:  7201.087874348958 KB
Transfer/sec:  20355.32763671875 KB

