2023-12-02 14:46:56.085654169 +0800 CST m=+60.287689476
Running 1m0s myx-test @ https://192.168.12.127:6443/api/v1/namespaces/myx-test/podtemplates
3 connections
Requests/bytes (per Connection):  [33660922 35549179 37890138]
Response/bytes (per Connection):  [50947331 53805291 57348437]
Requests Number (per Connection):  [5651 5968 6361]
Requests/sec:  1743.1679524739584 KB
Transfer/sec:  4381.53154296875 KB

2023-12-02 14:48:36.467621096 +0800 CST m=+160.669656404
Running 1m0s myx-test @ https://192.168.12.127:6443/api/v1/namespaces/myx-test/podtemplates
6 connections
Requests/bytes (per Connection):  [28961167 31558218 30218007 29658045 32654285 29574673]
Response/bytes (per Connection):  [43834025 47764800 45736314 44888806 49423723 44762608]
Requests Number (per Connection):  [4862 5298 5073 4979 5482 4965]
Requests/sec:  2972.4022623697915 KB
Transfer/sec:  7471.267431640625 KB

2023-12-02 14:50:16.792563186 +0800 CST m=+260.994598515
Running 1m0s myx-test @ https://192.168.12.127:6443/api/v1/namespaces/myx-test/podtemplates
9 connections
Requests/bytes (per Connection):  [22772215 21545147 22659055 22998551 21265173 21336656 21414095 21711941 21426009]
Response/bytes (per Connection):  [34466772 32609550 34295491 34809350 32185803 32293994 32411200 32861996 32429232]
Requests Number (per Connection):  [3823 3617 3804 3861 3570 3582 3595 3645 3597]
Requests/sec:  3208.47724609375 KB
Transfer/sec:  8064.652180989583 KB

2023-12-02 14:51:57.125931066 +0800 CST m=+361.327966373
Running 1m0s myx-test @ https://192.168.12.127:6443/api/v1/namespaces/myx-test/podtemplates
15 connections
Requests/bytes (per Connection):  [16225876 15558779 15296679 15338378 15665928 15582532 15558722 16261617 15576575 16225852 16291402 15302620 16303316 15052366 15397930]
Response/bytes (per Connection):  [24558592 23548887 23152191 23215303 23711098 23584876 23548830 24612687 23575860 24558568 24657767 23161191 24675799 22782459 23305445]
Requests Number (per Connection):  [2724 2612 2568 2575 2630 2616 2612 2730 2615 2724 2735 2569 2737 2527 2585]
Requests/sec:  3835.263216145833 KB
Transfer/sec:  9640.106201171875 KB

2023-12-02 14:53:37.476730151 +0800 CST m=+461.678765473
Running 1m0s myx-test @ https://192.168.12.127:6443/api/v1/namespaces/myx-test/podtemplates
30 connections
Requests/bytes (per Connection):  [8923037 8768157 8440529 8869424 8512039 8643067 8392911 8523923 8631147 8386938 8404794 8952821 8672846 8672846 8643061 8523969 8494140 8410744 9083847 8565648 8940907 8774113 8970692 8273792 8666906 8613277 8756243 9018333 8827726 8851568]
Response/bytes (per Connection):  [13505419 13271005 12775132 13424275 12883350 13081676 12703042 12901352 13063638 12694010 12721043 13550498 13126750 13126750 13081670 12901398 12856274 12730052 13748822 12964490 13532466 13280020 13577546 12522743 13117751 13036591 13252973 13649659 13361164 13397242]
Requests Number (per Connection):  [1498 1472 1417 1489 1429 1451 1409 1431 1449 1408 1411 1503 1456 1456 1451 1431 1426 1412 1525 1438 1501 1473 1506 1389 1455 1446 1470 1514 1482 1486]
Requests/sec:  4235.179768880208 KB
Transfer/sec:  10645.31650390625 KB

2023-12-02 14:55:19.274521336 +0800 CST m=+563.476556716
Running 1m0s myx-test @ https://192.168.12.127:6443/api/v1/namespaces/myx-test/podtemplates
60 connections
Requests/bytes (per Connection):  [3210650 3204653 3347657 3299963 3270229 3484626 3359531 3264221 3288049 3347655 3252307 3186781 3317833 3133171 3288095 3371449 3192788 3359531 3460799 3228481 3389316 3240416 3162993 3323790 3198715 3276134 3341661 3329746 3323790 3401258 3311876 3317833 3305919 3216571 3365491 3359531 3127243 3276135 3264241 3222562 3323789 3282091 3216612 3347655 3294018 3228481 3317855 3431038 3389316 3133169 3294005 3276185 3276137 3484626 3377435 3294005 3246350 3240393 3276135 3359533]
Response/bytes (per Connection):  [4859451 4850395 5066815 4994649 4949620 5274141 5084807 4940553 4976617 5066813 4922521 4823346 5021696 4742205 4976663 5102843 4832412 5084807 5238078 4886459 5129887 4904512 4787322 5030712 4841398 4958584 5057760 5039727 5030712 5147947 5012680 5021696 5003664 4868431 5093826 5084807 4733218 4958585 4940573 4877481 5030711 4967600 4868472 5066813 4985645 4886459 5021718 5193022 5129887 4742203 4985632 4958635 4958587 5274141 5111888 4985632 4913505 4904489 4958585 5084809]
Requests Number (per Connection):  [539 538 562 554 549 585 564 548 552 562 546 535 557 526 552 566 536 564 581 542 569 544 531 558 537 550 561 559 558 571 556 557 555 540 565 564 525 550 548 541 558 551 540 562 553 542 557 576 569 526 553 550 550 585 567 553 545 544 550 564]
Requests/sec:  3217.9771809895833 KB
Transfer/sec:  8088.531315104166 KB

2023-12-02 14:57:49.76354757 +0800 CST m=+713.965582904
Running 1m0s myx-test @ https://192.168.12.127:6443/api/v1/namespaces/myx-test/podtemplates
90 connections
Requests/bytes (per Connection):  [2072921 2233738 2120521 2174190 2061008 2138445 2156278 2025266 2102706 1959712 2001403 2078837 2197994 2203974 2138446 2072922 2257572 2156317 2114579 2090792 2102669 2120577 2203952 2013352 2007363 2186073 2120551 2126531 2102706 2055014 2114570 2126524 2132491 1989512 2186036 2198015 2078878 2013337 2102706 2031224 2168230 2186039 2096749 2084835 2061006 2031204 2013314 1977611 2084806 2120577 2138433 2156319 2031223 2144404 2108618 2227799 2043137 2186041 2197949 1977609 2108661 2174183 2066963 2132489 2061008 2120568 1989525 2150361 2215820 2013324 2031222 2126533 2043094 2144404 2150300 2060987 2066965 2197990 2043137 2031213 2078878 2215829 2102699 2203972 2049051 2126534 2221802 2162275 2090742 2126534]
Response/bytes (per Connection):  [3137453 3380863 3209525 3290725 3119422 3236626 3263636 3065326 3182533 2966123 3029227 3146428 3326765 3335804 3236627 3137454 3416933 3263675 3200524 3164501 3182496 3209581 3335782 3047294 3038246 3308726 3209555 3218594 3182533 3110369 3200515 3218587 3227613 3011218 3308689 3326786 3146469 3047279 3182533 3074343 3281706 3308692 3173517 3155485 3119420 3074323 3047256 2993199 3155456 3209581 3236614 3263677 3074342 3245644 3191504 3371865 3092374 3308694 3326720 2993197 3191547 3290718 3128436 3227611 3119422 3209572 3011231 3254660 3353768 3047266 3074341 3218596 3092331 3245644 3254599 3119401 3128438 3326761 3092374 3074332 3146469 3353777 3182526 3335802 3101347 3218597 3362809 3272692 3164451 3218597]
Requests Number (per Connection):  [348 375 356 365 346 359 362 340 353 329 336 349 369 370 359 348 379 362 355 351 353 356 370 338 337 367 356 357 353 345 355 357 358 334 367 369 349 338 353 341 364 367 352 350 346 341 338 332 350 356 359 362 341 360 354 374 343 367 369 332 354 365 347 358 346 356 334 361 372 338 341 357 343 360 361 346 347 369 343 341 349 372 353 370 344 357 373 363 351 357]
Requests/sec:  3087.7712890625 KB
Transfer/sec:  7761.253694661458 KB

2023-12-02 14:59:30.324712667 +0800 CST m=+814.526747972
Running 1m0s myx-test @ https://192.168.12.127:6443/api/v1/namespaces/myx-test/podtemplates
150 connections
Requests/bytes (per Connection):  [1495147 1602325 1465317 1507032 1548715 1536842 1560627 1530843 1364074 1507015 1584455 1512972 1387944 1435579 1381920 1423679 1566585 1477231 1584455 1578526 1435581 1423677 1524918 1465317 1471273 1578533 1536842 1477232 1548714 1524930 1572577 1501090 1483196 1376030 1512981 1530843 1542759 1554670 1560628 1411704 1554708 1524886 1620197 1512974 1542758 1602327 1590412 1578509 1644024 1429575 1441544 1542756 1423640 1435535 1518962 1471274 1465319 1501093 1554670 1572541 1453459 1536842 1626154 1471285 1507062 1364051 1572541 1507016 1584455 1572541 1352173 1399812 1632111 1548753 1507015 1578517 1596369 1584455 1530843 1644048 1554671 1495101 1477230 1441492 1471276 1542797 1644024 1441491 1536825 1548722 1512975 1524930 1626170 1477231 1578534 1471326 1644024 1489160 1411705 1584455 1465357 1584455 1495101 1387877 1495101 1471291 1334334 1620197 1471312 1358133 1495102 1393836 1471275 1411748 1548715 1507050 1483188 1471275 1507015 1584457 1423619 1441489 1501058 1441505 1644024 1441493 1489174 1536802 1542794 1477231 1453460 1447500 1566584 1560651 1632110 1554689 1501090 1459362 1572579 1471274 1417663 1501060 1584455 1501075 1542757 1429613 1501083 1489183 1477279 1518934]
Response/bytes (per Connection):  [2262956 2425196 2217831 2280959 2344055 2326064 2362085 2317006 2064585 2280942 2398149 2289958 2100691 2172798 2091608 2154780 2371102 2235863 2398149 2389161 2172800 2154778 2308022 2217831 2226846 2389168 2326064 2235864 2344054 2308034 2380153 2271958 2244887 2082659 2289967 2317006 2335040 2353069 2362086 2136687 2353107 2307990 2452245 2289960 2335039 2425198 2407165 2389144 2488308 2163735 2181822 2335037 2154741 2172754 2299007 2226847 2217833 2271961 2353069 2380117 2199855 2326064 2461261 2226858 2280989 2064562 2380117 2280943 2398149 2380117 2046566 2118677 2470277 2344093 2280942 2389152 2416181 2398149 2317006 2488332 2353070 2262910 2235862 2181770 2226849 2335078 2488308 2181769 2326047 2344062 2289961 2308034 2461277 2235863 2389169 2226899 2488308 2253910 2136688 2398149 2217871 2398149 2262910 2100624 2262910 2226864 2019550 2452245 2226885 2055585 2262911 2109642 2226848 2136731 2344055 2280977 2244879 2226848 2280942 2398151 2154720 2181767 2271926 2181783 2488308 2181771 2253924 2326024 2335075 2235863 2199856 2190837 2371101 2362109 2470276 2353088 2271958 2208817 2380155 2226847 2145705 2271928 2398149 2271943 2335038 2163773 2271951 2253933 2235911 2298979]
Requests Number (per Connection):  [251 269 246 253 260 258 262 257 229 253 266 254 233 241 232 239 263 248 266 265 241 239 256 246 247 265 258 248 260 256 264 252 249 231 254 257 259 261 262 237 261 256 272 254 259 269 267 265 276 240 242 259 239 241 255 247 246 252 261 264 244 258 273 247 253 229 264 253 266 264 227 235 274 260 253 265 268 266 257 276 261 251 248 242 247 259 276 242 258 260 254 256 273 248 265 247 276 250 237 266 246 266 251 233 251 247 224 272 247 228 251 234 247 237 260 253 249 247 253 266 239 242 252 242 276 242 250 258 259 248 244 243 263 262 274 261 252 245 264 247 238 252 266 252 259 240 252 250 248 255]
Requests/sec:  3683.8302734375 KB
Transfer/sec:  9259.470817057292 KB

2023-12-02 15:01:18.051126395 +0800 CST m=+922.253161703
Running 1m0s myx-test @ https://192.168.12.127:6443/api/v1/namespaces/myx-test/podtemplates
300 connections
Requests/bytes (per Connection):  [184664 148912 178698 166791 166765 154879 160831 160837 184664 148923 142961 154875 172721 166794 172731 142965 202535 220375 196561 172750 196578 166793 148922 166793 184664 154879 166766 172725 160836 131052 137009 238276 214413 166790 154880 160837 196576 166793 184633 178707 160837 178707 142953 172720 166765 125073 148898 166766 160809 184633 131052 148923 172750 148923 154880 125074 142966 160837 148910 202501 166765 196578 160837 172750 166766 202514 160810 172751 178707 148900 178677 154880 160810 196552 166794 184665 208492 154878 172722 166793 208457 190621 178707 184664 202501 190621 184664 154858 160836 220406 190589 190621 172750 142966 184664 190619 160835 119139 220404 184662 119118 172750 166765 172750 178707 190589 196545 220393 166765 238236 160836 184662 142964 154854 166793 196545 154856 172722 178707 154877 178707 166793 226362 137009 166793 172748 190598 166791 166793 166766 148903 178708 154880 178708 172750 160810 190596 172750 131052 172748 166794 178693 190622 154854 190621 166772 184664 166791 148923 208492 178677 208489 178677 196578 131030 190621 160809 160837 154879 154879 142966 172750 178695 160832 166772 166794 190621 202523 160810 148920 160836 148923 154879 166794 172749 196578 154880 142966 154879 172751 196578 226363 95311 148923 208491 166793 142942 196578 196578 160810 172750 154854 184664 131050 154879 160836 154880 137008 214421 214448 154880 148910 178707 178705 172750 166793 160819 208456 184633 184664 160810 172728 113181 160835 220406 172750 172722 166778 160837 160836 178677 160837 131045 119136 196550 137009 226358 196562 142942 166793 178677 172735 154857 148898 178707 178708 160837 166794 178707 178707 131052 184644 202533 166793 95295 160837 172750 154854 172750 142940 166794 208490 160810 154875 160835 166765 154864 148919 166766 148923 160835 166776 196545 166793 160828 208490 184656 178707 142941 172750 142942 160836 178707 202535 125095 184633 172751 190604 172721 208482 172750 113181 196548 178708 178708 178707 154854 178678 196545 184636 172721 142965 244233 178707 154880 142954 178708 196545 190621 184662]
Response/bytes (per Connection):  [279493 225387 270468 252443 252417 234413 243424 243430 279493 225398 216377 234409 261432 252446 261442 216381 306541 333558 297508 261461 297525 252445 225397 252445 279493 234413 252418 261436 243429 198350 207366 360636 324537 252442 234414 243430 297523 252445 279462 270477 243430 270477 216369 261431 252417 189312 225373 252418 243402 279462 198350 225398 261461 225398 234414 189313 216382 243430 225385 306507 252417 297525 243430 261461 252418 306520 243403 261462 270477 225375 270447 234414 243403 297499 252446 279494 315557 234412 261433 252445 315522 288509 270477 279493 306507 288509 279493 234392 243429 333589 288477 288509 261461 216382 279493 288507 243428 180319 333587 279491 180298 261461 252417 261461 270477 288477 297492 333576 252417 360596 243429 279491 216380 234388 252445 297492 234390 261433 270477 234411 270477 252445 342604 207366 252445 261459 288486 252443 252445 252418 225378 270478 234414 270478 261461 243403 288484 261461 198350 261459 252446 270463 288510 234388 288509 252424 279493 252443 225398 315557 270447 315554 270447 297525 198328 288509 243402 243430 234413 234413 216382 261461 270465 243425 252424 252446 288509 306529 243403 225395 243429 225398 234413 252446 261460 297525 234414 216382 234413 261462 297525 342605 144255 225398 315556 252445 216358 297525 297525 243403 261461 234388 279493 198348 234413 243429 234414 207365 324545 324572 234414 225385 270477 270475 261461 252445 243412 315521 279462 279493 243403 261439 171302 243428 333589 261461 261433 252430 243430 243429 270447 243430 198343 180316 297497 207366 342600 297509 216358 252445 270447 261446 234391 225373 270477 270478 243430 252446 270477 270477 198350 279473 306539 252445 144239 243430 261461 234388 261461 216356 252446 315555 243403 234409 243428 252417 234398 225394 252418 225398 243428 252428 297492 252445 243421 315555 279485 270477 216357 261461 216358 243429 270477 306541 189334 279462 261462 288492 261432 315547 261461 171302 297495 270478 270478 270477 234388 270448 297492 279465 261432 216381 369652 270477 234414 216370 270478 297492 288509 279491]
Requests Number (per Connection):  [31 25 30 28 28 26 27 27 31 25 24 26 29 28 29 24 34 37 33 29 33 28 25 28 31 26 28 29 27 22 23 40 36 28 26 27 33 28 31 30 27 30 24 29 28 21 25 28 27 31 22 25 29 25 26 21 24 27 25 34 28 33 27 29 28 34 27 29 30 25 30 26 27 33 28 31 35 26 29 28 35 32 30 31 34 32 31 26 27 37 32 32 29 24 31 32 27 20 37 31 20 29 28 29 30 32 33 37 28 40 27 31 24 26 28 33 26 29 30 26 30 28 38 23 28 29 32 28 28 28 25 30 26 30 29 27 32 29 22 29 28 30 32 26 32 28 31 28 25 35 30 35 30 33 22 32 27 27 26 26 24 29 30 27 28 28 32 34 27 25 27 25 26 28 29 33 26 24 26 29 33 38 16 25 35 28 24 33 33 27 29 26 31 22 26 27 26 23 36 36 26 25 30 30 29 28 27 35 31 31 27 29 19 27 37 29 29 28 27 27 30 27 22 20 33 23 38 33 24 28 30 29 26 25 30 30 27 28 30 30 22 31 34 28 16 27 29 26 29 24 28 35 27 26 27 28 26 25 28 25 27 28 33 28 27 35 31 30 24 29 24 27 30 34 21 31 29 32 29 35 29 19 33 30 30 30 26 30 33 31 29 24 41 30 26 24 30 33 32 31]
Requests/sec:  832.991455078125 KB
Transfer/sec:  2093.76494140625 KB

