2023-12-03 05:53:45.38430969 +0800 CST m=+37580.662245065
Running 1m0s myx-test @ https://192.168.12.127:6443/apis/apps/v1/namespaces/myx-test/replicasets
3 connections
Requests/bytes (per Connection):  [27061287 27734796 29934279]
Response/bytes (per Connection):  [42837787 43903971 47385729]
Requests Number (per Connection):  [4540 4653 5022]
Requests/sec:  1379.07490234375 KB
Transfer/sec:  3562.139469401042 KB

2023-12-03 05:55:25.645555524 +0800 CST m=+37680.923490899
Running 1m0s myx-test @ https://192.168.12.127:6443/apis/apps/v1/namespaces/myx-test/replicasets
6 connections
Requests/bytes (per Connection):  [24921407 23407396 25135979 23979660 23699492 23925973]
Response/bytes (per Connection):  [39450382 37053721 39790054 37959585 37516092 37874623]
Requests Number (per Connection):  [4181 3927 4217 4023 3976 4014]
Requests/sec:  2361.163850911458 KB
Transfer/sec:  6098.8666015625 KB

2023-12-03 05:57:05.876152154 +0800 CST m=+37781.154087529
Running 1m0s myx-test @ https://192.168.12.127:6443/apis/apps/v1/namespaces/myx-test/replicasets
9 connections
Requests/bytes (per Connection):  [19187256 18072649 19199181 19127663 19288653 18108382 19443578 19121688 18108412]
Response/bytes (per Connection):  [30373281 28608849 30392156 30278938 30533753 28665432 30779028 30269488 28665462]
Requests Number (per Connection):  [3219 3032 3221 3209 3236 3038 3262 3208 3038]
Requests/sec:  2761.3519205729167 KB
Transfer/sec:  7132.549625651041 KB

2023-12-03 05:58:46.172103794 +0800 CST m=+37881.450039168
Running 1m0s myx-test @ https://192.168.12.127:6443/apis/apps/v1/namespaces/myx-test/replicasets
15 connections
Requests/bytes (per Connection):  [12433891 12445799 12106065 11581472 11593452 11700687 12475604 12380252 11611274 12553096 12129912 11551744 12475603 12582893 12207414]
Response/bytes (per Connection):  [19682741 19701599 19163790 18333397 18352327 18522112 19748779 19597827 18380574 19871446 19201537 18286294 19748778 19918618 19324214]
Requests Number (per Connection):  [2086 2088 2031 1943 1945 1963 2093 2077 1948 2106 2035 1938 2093 2111 2048]
Requests/sec:  2959.458951822917 KB
Transfer/sec:  7644.257666015625 KB

2023-12-03 06:00:26.410207861 +0800 CST m=+37981.688143248
Running 1m0s myx-test @ https://192.168.12.127:6443/apis/apps/v1/namespaces/myx-test/replicasets
30 connections
Requests/bytes (per Connection):  [6717686 6783219 6932207 6842792 6962011 6556671 6872597 6687811 6914324 6866660 6646136 7075268 6902435 6979912 6550711 6842802 6956050 6812988 7003739 6896483 6896442 6669967 6944145 6556671 6836849 7081241 6509003 6914326 6586476 6610395]
Response/bytes (per Connection):  [10634011 10737769 10973632 10832092 11020811 10379171 10879272 10586761 10945324 10869860 10520761 11200093 10926485 11049137 10369736 10832102 11011375 10784913 11086864 10917058 10917017 10558492 10992520 10379171 10822674 11209541 10303703 10945326 10426351 10464170]
Requests Number (per Connection):  [1127 1138 1163 1148 1168 1100 1153 1122 1160 1152 1115 1187 1158 1171 1099 1148 1167 1143 1175 1157 1157 1119 1165 1100 1147 1188 1092 1160 1105 1109]
Requests/sec:  3326.953401692708 KB
Transfer/sec:  8593.492985026041 KB

2023-12-03 06:02:07.405946446 +0800 CST m=+38082.683881824
Running 1m0s myx-test @ https://192.168.12.127:6443/apis/apps/v1/namespaces/myx-test/replicasets
60 connections
Requests/bytes (per Connection):  [4232078 4214129 4071135 3993635 4279748 3838660 4178430 4077059 3975759 4088997 4124781 3993611 3963774 4154540 4214195 4029370 4017458 4106833 4226081 3910172 4166490 4089016 4094931 4172442 4124712 4106899 4041266 3868464 4160500 4214195 3880387 4232048 4059183 4184335 4178371 3969734 4017486 4136703 3838660 3922112 4297638 4053246 3969800 4130742 4154554 3981722 4166508 4160547 3957814 4148625 3856543 3999582 3868463 3951915 4041283 3880384 4208155 3874423 4094977 3904218]
Response/bytes (per Connection):  [6699328 6670954 6444560 6321885 6774798 6076560 6614405 6453959 6293584 6472847 6529481 6321861 6274649 6576615 6671020 6378470 6359608 6501108 6689856 6189772 6595515 6472866 6482256 6604942 6529412 6501174 6397316 6123739 6586050 6671020 6142612 6699298 6425658 6623785 6614346 6284084 6359636 6548353 6076560 6208662 6803113 6416246 6284150 6538917 6576629 6303022 6595533 6586097 6265214 6567225 6104868 6331307 6123738 6255840 6397333 6142609 6661505 6133173 6482302 6180343]
Requests Number (per Connection):  [710 707 683 670 718 644 701 684 667 686 692 670 665 697 707 676 674 689 709 656 699 686 687 700 692 689 678 649 698 707 651 710 681 702 701 666 674 694 644 658 721 680 666 693 697 668 699 698 664 696 647 671 649 663 678 651 706 650 687 655]
Requests/sec:  3968.9049153645833 KB
Transfer/sec:  10251.64853515625 KB

2023-12-03 06:03:47.70877156 +0800 CST m=+38182.986706949
Running 1m0s myx-test @ https://192.168.12.127:6443/apis/apps/v1/namespaces/myx-test/replicasets
90 connections
Requests/bytes (per Connection):  [2789552 2914747 2718030 2741934 2634575 2789542 2610777 2753853 2718018 2634576 2926640 2878970 2873051 2968370 2729949 2789542 2801525 2920681 2646482 2688276 2873074 2872995 2908839 2753824 2670353 2831296 2884916 2819389 2813385 2729997 2622715 2813386 2813385 2741934 2908760 2902878 2813442 2658481 2932683 2861148 2759809 2884955 2902800 2706168 2735918 2765778 2926721 2819365 2789621 2873013 2706104 2718011 2700155 2730009 2682251 2849176 2771739 2735894 2801497 2896886 2861073 2926642 2902824 2652510 2867083 2831268 2574949 2676285 2932677 2700128 2825316 2652520 2831317 2712112 2878994 2676363 2855125 2908781 2777630 2777620 2765730 2765698 2825308 2759737 2741913 2718062 2855112 2926722 2789564 2718082]
Response/bytes (per Connection):  [4415852 4614022 4302630 4340434 4170525 4415842 4132827 4359303 4302618 4170526 4632865 4557395 4548001 4698920 4321499 4415842 4434775 4623431 4189382 4255501 4548024 4547945 4604639 4359274 4227153 4481921 4566816 4463064 4453585 4321547 4151715 4453586 4453585 4340434 4604560 4595203 4453642 4208331 4642383 4529148 4368734 4566855 4595125 4283818 4330943 4378178 4632946 4463040 4415921 4547963 4283754 4302611 4274330 4321559 4246001 4510226 4387614 4330919 4434747 4585736 4529073 4632867 4595149 4198885 4538558 4481893 4076149 4236560 4642377 4274303 4472466 4198895 4481942 4293237 4557419 4236638 4519650 4604581 4396980 4396970 4378130 4378098 4472458 4368662 4340413 4302662 4519637 4632947 4415864 4302682]
Requests Number (per Connection):  [468 489 456 460 442 468 438 462 456 442 491 483 482 498 458 468 470 490 444 451 482 482 488 462 448 475 484 473 472 458 440 472 472 460 488 487 472 446 492 480 463 484 487 454 459 464 491 473 468 482 454 456 453 458 450 478 465 459 470 486 480 491 487 445 481 475 432 449 492 453 474 445 475 455 483 449 479 488 466 466 464 464 474 463 460 456 479 491 468 456]
Requests/sec:  4088.525146484375 KB
Transfer/sec:  10560.626546223959 KB

2023-12-03 06:05:28.01704723 +0800 CST m=+38283.294982627
Running 1m0s myx-test @ https://192.168.12.127:6443/apis/apps/v1/namespaces/myx-test/replicasets
150 connections
Requests/bytes (per Connection):  [1907408 1919330 1901428 1901441 1990827 1913369 1931251 2068353 1966987 1901447 1961027 1895486 2139884 1955096 1871633 1901428 2068353 1925291 2104118 1734542 1961056 1955095 2092175 2044468 1865682 2014705 2008717 2050470 1931252 1990859 1841829 2104116 2068305 1937188 2068314 2008744 2121999 1901447 2038546 1937194 1907409 1996808 2110079 1907408 1949108 1806073 1949124 2014703 1871629 1883565 1996822 1823956 1913369 1877601 1931252 1901428 1871643 1901447 1919328 2056431 2062347 2098156 2044509 2044483 2038548 2008707 1752425 1972959 2080263 2020651 1859721 2002747 1961056 1955093 1996822 2074270 1901443 1984900 1990835 1895468 2020666 2032587 1978939 1937187 1931228 1990833 1817989 1955096 1817989 1996820 1794151 1800112 1829917 1919308 1937188 1943174 1990826 1812030 1895479 2026611 1913370 2068353 2044466 1996820 2026627 2044507 1925291 1937202 1978939 2032548 1961027 2080253 1949135 1835877 1877601 1889526 1877604 2092177 1865680 1937186 1907408 1847789 1967017 1990852 1925291 1901433 1895468 1990830 1943174 2014703 2050433 1961057 1931228 1996814 1961057 2068353 2038548 2068306 1895469 1955096 1996822 1919330 2104118 1877589 2014705 2002779 2020626 1883549 2050470 2122001]
Response/bytes (per Connection):  [3019408 3038280 3009953 3009966 3151477 3028844 3057151 3274178 3113737 3009972 3104302 3000536 3387409 3094896 2962783 3009953 3274178 3047716 3330793 2745767 3104331 3094895 3311900 3236393 2953357 3189255 3179792 3245870 3057152 3151509 2915604 3330791 3274130 3066563 3274139 3179819 3359099 3009972 3226996 3066569 3019409 3160933 3340229 3019408 3085433 2858998 3085449 3189253 2962779 2981665 3160947 2887306 3028844 2972226 3057152 3009953 2962793 3009972 3038278 3255306 3264697 3321356 3236434 3236408 3226998 3179782 2774075 3123184 3293038 3198676 2943921 3170347 3104331 3094893 3160947 3283570 3009968 3142075 3151485 3000518 3198691 3217562 3132639 3066562 3057128 3151483 2877864 3094896 2877864 3160945 2840126 2849562 2896742 3038258 3066563 3076024 3151476 2868430 3000529 3208111 3028845 3274178 3236391 3160945 3208127 3236432 3047716 3066577 3132639 3217523 3104302 3293028 3085460 2906177 2972226 2991101 2972229 3311902 2953355 3066561 3019408 2925039 3113767 3151502 3047716 3009958 3000518 3151480 3076024 3189253 3245833 3104332 3057128 3160939 3104332 3274178 3226998 3274131 3000519 3094896 3160947 3038280 3330793 2972214 3189255 3170379 3198651 2981649 3245870 3359101]
Requests Number (per Connection):  [320 322 319 319 334 321 324 347 330 319 329 318 359 328 314 319 347 323 353 291 329 328 351 343 313 338 337 344 324 334 309 353 347 325 347 337 356 319 342 325 320 335 354 320 327 303 327 338 314 316 335 306 321 315 324 319 314 319 322 345 346 352 343 343 342 337 294 331 349 339 312 336 329 328 335 348 319 333 334 318 339 341 332 325 324 334 305 328 305 335 301 302 307 322 325 326 334 304 318 340 321 347 343 335 340 343 323 325 332 341 329 349 327 308 315 317 315 351 313 325 320 310 330 334 323 319 318 334 326 338 344 329 324 335 329 347 342 347 318 328 335 322 353 315 338 336 339 316 344 356]
Requests/sec:  4790.040364583333 KB
Transfer/sec:  12372.636881510416 KB

2023-12-03 06:07:08.35981463 +0800 CST m=+38383.637750017
Running 1m0s myx-test @ https://192.168.12.127:6443/apis/apps/v1/namespaces/myx-test/replicasets
300 connections
Requests/bytes (per Connection):  [1126581 1150374 1180258 1126531 1096726 1168257 1251749 1108688 1210013 1287474 1209984 1186178 1192101 1192108 1239837 1138495 1245805 1168255 1204023 1216008 1096734 1305395 1126593 1215968 1120605 1257674 1216023 1144414 1132492 1198062 1233868 1156414 1108648 1108649 1204067 1257739 1102751 1239788 1204023 1204102 1227866 1311318 1162296 1090765 1287473 1269591 1245788 1204097 1227902 1114609 1168257 1216007 1263667 1245782 1186140 1293463 1239816 1221904 1198062 1198062 1323241 1174248 1221906 1269593 1257682 1287473 1198062 1210024 1138453 1198141 1317280 1180245 1132533 1215945 1162297 1257677 1186170 1192164 1180179 1031156 1198141 1168255 1186141 1287474 1192174 1114609 1120649 1180258 1120572 1257671 1180179 1186140 1257701 1132492 1180179 1156415 1120570 1251785 1245768 1144474 1251747 1221905 1341186 1227880 1204023 1102687 1215995 1102688 1215967 1138515 1120570 1084834 1227864 1168255 1263631 1245787 1025268 1204023 1227882 1132571 1216011 1168336 1126532 1198062 1144493 1162360 1186140 1174290 1162297 1192101 1216011 1251776 1198062 1245749 1120579 1180220 1221905 1144446 1239858 1055048 1245749 1245770 1233840 1180179 1168258 1174262 1138531 1072958 1168336 1215944 1180212 1090765 1114609 1323241 1156344 1204023 1227867 1221917 1210043 1156335 1072883 1055000 1180238 1287508 1221912 1061040 1281513 1174218 1049118 1204066 1132500 1251789 1221906 1108673 1192099 1180215 1216024 1317278 1311319 1198062 1174217 1162315 1204021 1132517 1198141 1138483 1227937 1144414 1186167 1072891 1239810 1168266 1102687 1180179 1114620 1198141 1156351 1162346 1186140 1305374 1239791 1162376 1060961 1132492 1132492 1120642 1144414 1162348 1144483 1114628 1114610 1323243 1209988 1198066 1257671 1209984 1269597 1251710 1126535 1204023 1144414 1198060 1215961 1180249 1186154 1180177 1108648 1311319 1317279 1102687 1150375 1239786 1174298 1186141 1192101 1180179 1257717 1311319 1269591 1281558 1216015 1162321 1233886 1204023 1060961 1287493 1227866 1180220 1257717 1174274 1180258 1305435 1090766 1066932 1233825 1096727 1245749 1198119 1162294 1174268 1204085 1305359 1215945 1031228 1239786 1257669 1132528 1186140 1144414 1060961 1335228 1198061 1132545 1204023 1156335 1198109 1132519 1233906 1120600 1132543 1192140 1186142 1269593 1245816 1257671 1186140 1257733 1132563 1192167 1311317 1132540 1126543 1186140 1156415 1204075 1174218 1156368 1174295 1257699 1150375]
Response/bytes (per Connection):  [1783356 1821049 1868308 1783306 1736126 1849357 1981499 1755038 1915438 2038074 1915409 1877703 1887101 1887108 1962637 1802220 1972080 1849355 1905973 1924908 1736134 2066420 1783368 1924868 1773905 1990899 1924923 1811614 1792742 1896537 1953193 1830564 1754998 1754999 1906017 1990964 1745626 1962588 1905973 1906052 1943716 2075818 1839921 1726690 2038073 2009766 1972063 1906047 1943752 1764434 1849357 1924907 2000367 1972057 1877665 2047538 1962616 1934279 1896537 1896537 2094691 1858823 1934281 2009768 1990907 2038073 1896537 1915449 1802178 1896616 2085255 1868295 1792783 1924845 1839922 1990902 1877695 1887164 1868229 1632331 1896616 1849355 1877666 2038074 1887174 1764434 1773949 1868308 1773872 1990896 1868229 1877665 1990926 1792742 1868229 1830565 1773870 1981535 1972043 1811674 1981497 1934280 2123061 1943730 1905973 1745562 1924895 1745563 1924867 1802240 1773870 1717284 1943714 1849355 2000331 1972062 1622968 1905973 1943732 1792821 1924911 1849436 1783307 1896537 1811693 1839985 1877665 1858865 1839922 1887101 1924911 1981526 1896537 1972024 1773879 1868270 1934280 1811646 1962658 1670123 1972024 1972045 1953165 1868229 1849358 1858837 1802256 1698458 1849436 1924844 1868262 1726690 1764434 2094691 1830494 1905973 1943717 1934292 1915468 1830485 1698383 1670075 1868288 2038108 1934287 1679590 2028638 1858793 1660718 1906016 1792750 1981539 1934281 1755023 1887099 1868265 1924924 2085253 2075819 1896537 1858792 1839940 1905971 1792767 1896616 1802208 1943787 1811614 1877692 1698391 1962610 1849366 1745562 1868229 1764445 1896616 1830501 1839971 1877665 2066399 1962591 1840001 1679511 1792742 1792742 1773942 1811614 1839973 1811683 1764453 1764435 2094693 1915413 1896541 1990896 1915409 2009772 1981460 1783310 1905973 1811614 1896535 1924861 1868299 1877679 1868227 1754998 2075819 2085254 1745562 1821050 1962586 1858873 1877666 1887101 1868229 1990942 2075819 2009766 2028683 1924915 1839946 1953211 1905973 1679511 2038093 1943716 1868270 1990942 1858849 1868308 2066460 1726691 1688957 1953150 1736127 1972024 1896594 1839919 1858843 1906035 2066384 1924845 1632403 1962586 1990894 1792778 1877665 1811614 1679511 2113628 1896536 1792795 1905973 1830485 1896584 1792769 1953231 1773900 1792793 1887140 1877667 2009768 1972091 1990896 1877665 1990958 1792813 1887167 2075817 1792790 1783318 1877665 1830565 1906025 1858793 1830518 1858870 1990924 1821050]
Requests Number (per Connection):  [189 193 198 189 184 196 210 186 203 216 203 199 200 200 208 191 209 196 202 204 184 219 189 204 188 211 204 192 190 201 207 194 186 186 202 211 185 208 202 202 206 220 195 183 216 213 209 202 206 187 196 204 212 209 199 217 208 205 201 201 222 197 205 213 211 216 201 203 191 201 221 198 190 204 195 211 199 200 198 173 201 196 199 216 200 187 188 198 188 211 198 199 211 190 198 194 188 210 209 192 210 205 225 206 202 185 204 185 204 191 188 182 206 196 212 209 172 202 206 190 204 196 189 201 192 195 199 197 195 200 204 210 201 209 188 198 205 192 208 177 209 209 207 198 196 197 191 180 196 204 198 183 187 222 194 202 206 205 203 194 180 177 198 216 205 178 215 197 176 202 190 210 205 186 200 198 204 221 220 201 197 195 202 190 201 191 206 192 199 180 208 196 185 198 187 201 194 195 199 219 208 195 178 190 190 188 192 195 192 187 187 222 203 201 211 203 213 210 189 202 192 201 204 198 199 198 186 220 221 185 193 208 197 199 200 198 211 220 213 215 204 195 207 202 178 216 206 198 211 197 198 219 183 179 207 184 209 201 195 197 202 219 204 173 208 211 190 199 192 178 224 201 190 202 194 201 190 207 188 190 200 199 213 209 211 199 211 190 200 220 190 189 199 194 202 197 194 197 211 193]
Requests/sec:  5808.116861979167 KB
Transfer/sec:  15002.322591145834 KB

