2023-12-02 18:41:23.425159943 +0800 CST m=+961.694419019
Running 1m0s myx-test @ https://192.168.12.127:6443/api/v1/namespaces/myx-test/replicationcontrollers
3 connections
Requests/bytes (per Connection):  [31735900 29913023 29727789]
Response/bytes (per Connection):  [50336830 47445538 47151711]
Requests Number (per Connection):  [5310 5005 4974]
Requests/sec:  1487.251171875 KB
Transfer/sec:  3846.204280598958 KB

2023-12-02 18:43:03.656024108 +0800 CST m=+1061.925283165
Running 1m0s myx-test @ https://192.168.12.127:6443/api/v1/namespaces/myx-test/replicationcontrollers
6 connections
Requests/bytes (per Connection):  [26673741 26625932 28072275 28137966 27922816 28036422]
Response/bytes (per Connection):  [42307630 42231797 44525866 44630090 44288832 44468995]
Requests Number (per Connection):  [4463 4455 4697 4708 4672 4691]
Requests/sec:  2693.1828125 KB
Transfer/sec:  6964.882194010416 KB

2023-12-02 18:44:43.94234869 +0800 CST m=+1162.211607753
Running 1m0s myx-test @ https://192.168.12.127:6443/api/v1/namespaces/myx-test/replicationcontrollers
9 connections
Requests/bytes (per Connection):  [25203457 24934534 24976345 24408540 24061926 24026097 22687331 22543896 22543827]
Response/bytes (per Connection):  [39975608 39549050 39615382 38714792 38165004 38108157 35984719 35757212 35757143]
Requests Number (per Connection):  [4217 4172 4179 4084 4026 4020 3796 3772 3772]
Requests/sec:  3505.6307454427083 KB
Transfer/sec:  9065.967122395834 KB

2023-12-02 18:46:24.181787927 +0800 CST m=+1262.451046974
Running 1m0s myx-test @ https://192.168.12.127:6443/api/v1/namespaces/myx-test/replicationcontrollers
15 connections
Requests/bytes (per Connection):  [18115184 18168936 16997510 16860114 17876107 16752530 17947831 18252621 18061381 16644928 18067369 17093196 17864159 18049439 17929900]
Response/bytes (per Connection):  [28732777 28818056 26960042 26742077 28353580 26571439 28467340 28950783 28647447 26400783 28656938 27111776 28334626 28628499 28438900]
Requests Number (per Connection):  [3031 3040 2844 2821 2991 2803 3003 3054 3022 2785 3023 2860 2989 3020 3000]
Requests/sec:  4307.962320963542 KB
Transfer/sec:  11140.889778645833 KB

2023-12-02 18:48:04.472067147 +0800 CST m=+1362.741326220
Running 1m0s myx-test @ https://192.168.12.127:6443/api/v1/namespaces/myx-test/replicationcontrollers
30 connections
Requests/bytes (per Connection):  [10004857 9795703 9717969 9741941 9909254 9676201 9144257 9198050 9819598 9753900 9192072 9305617 9168163 9353449 9789762 9144257 9706085 9257818 9951059 9138280 9921254 9443100 9783736 9209962 9359424 9855508 9604471 9873359 9634312 9915223]
Response/bytes (per Connection):  [15868879 15537120 15413847 15451831 15717228 15347558 14503847 14589167 15575027 15470796 14579686 14759788 14541765 14835644 15527676 14503847 15394957 14683965 15783554 14494367 15736234 14977840 15518147 14608085 14845122 15631955 15233792 15660315 15281148 15726700]
Requests Number (per Connection):  [1674 1639 1626 1630 1658 1619 1530 1539 1643 1632 1538 1557 1534 1565 1638 1530 1624 1549 1665 1529 1660 1580 1637 1541 1566 1649 1607 1652 1612 1659]
Requests/sec:  4677.223974609375 KB
Transfer/sec:  12095.841927083333 KB

2023-12-02 18:49:44.721360213 +0800 CST m=+1462.990619296
Running 1m0s myx-test @ https://192.168.12.127:6443/api/v1/namespaces/myx-test/replicationcontrollers
60 connections
Requests/bytes (per Connection):  [5384947 5570231 5390922 5564223 5624023 5492512 5707658 5450681 5217594 5444716 5558278 5414831 5384946 5624019 5462646 5450691 5731605 5432753 5576195 5582183 5629959 5647899 5474601 5367016 5456657 5378970 5444716 5504465 5576208 5635977 5713677 5319201 5355062 5653905 5564254 5384947 5390924 5313224 5516439 5749539 5707698 5624024 5408855 5606091 5522408 5492532 5558278 5641941 5343108 5343108 5301270 5612031 5653891 5343109 5916854 5265409 5367016 5474601 5653906 5749493]
Response/bytes (per Connection):  [8541150 8835027 8550628 8825516 8920346 8711769 9053023 8645417 8275713 8635949 8816068 8588549 8541149 8920342 8664388 8645427 9090982 8616980 8844494 8853985 8929785 8958234 8683349 8512710 8654896 8531670 8635949 8730728 8844507 8939306 9062545 8436871 8493750 8967743 8825547 8541150 8550630 8427391 8749708 9119425 9053063 8920347 8579070 8891905 8759180 8711789 8816068 8948773 8474790 8474790 8408431 8901348 8967729 8474791 9384824 8351552 8512710 8683349 8967744 9119379]
Requests Number (per Connection):  [901 932 902 931 941 919 955 912 873 911 930 906 901 941 914 912 959 909 933 934 942 945 916 898 913 900 911 921 933 943 956 890 896 946 931 901 902 889 923 962 955 941 905 938 924 919 930 944 894 894 887 939 946 894 990 881 898 916 946 962]
Requests/sec:  5382.957633463541 KB
Transfer/sec:  13920.952880859375 KB

2023-12-02 18:51:24.987555049 +0800 CST m=+1563.256814118
Running 1m0s myx-test @ https://192.168.12.127:6443/api/v1/namespaces/myx-test/replicationcontrollers
90 connections
Requests/bytes (per Connection):  [4255379 3920650 3914701 4117914 3944595 4171716 4040223 4034246 4207533 3753332 4099946 3992408 4291180 4052177 4249343 4237442 3962464 4082064 4099994 4052177 4064133 4111946 4105925 3902756 3777241 4034174 3902756 4231484 3926607 4291224 4309157 3986387 3813064 4070055 3944594 3932641 4177660 3842985 4004361 4094007 3783218 3842986 4189648 4088040 3807094 4123871 3920687 4153713 3890802 3974479 3956508 3956548 4117924 4153787 4147790 4070100 4105908 4046152 3998385 4099957 3872872 4225507 4267340 3926664 3992342 3962525 4177649 3831025 3932603 3950572 4058154 4195544 4225507 4034249 4267346 4034207 4189648 4070056 4207577 4010341 4040182 3974479 4070071 4243438 4070110 3980456 3866895 4004361 3974477 4195556]
Response/bytes (per Connection):  [6749515 6218618 6209166 6531481 6256575 6616810 6408251 6398771 6673645 5953216 6503004 6332412 6806334 6427211 6739976 6721069 6284953 6474613 6503052 6427211 6446173 6522010 6512486 6190215 5991137 6398699 6190215 6711608 6228078 6806378 6834820 6322888 6047978 6455598 6256574 6237615 6626257 6095414 6351371 6493562 6000617 6095415 6645251 6484092 6038505 6540941 6218655 6588298 6171255 6303974 6275494 6275534 6531491 6588372 6578872 6455643 6512469 6417683 6341892 6503015 6142816 6702128 6768482 6228135 6332346 6285014 6626246 6076448 6237577 6266055 6436691 6654650 6702128 6398774 6768488 6398732 6645251 6455599 6673689 6360854 6408210 6303974 6455614 6730568 6455653 6313454 6133336 6351371 6303972 6654662]
Requests Number (per Connection):  [712 656 655 689 660 698 676 675 704 628 686 668 718 678 711 709 663 683 686 678 680 688 687 653 632 675 653 708 657 718 721 667 638 681 660 658 699 643 670 685 633 643 701 684 637 690 656 695 651 665 662 662 689 695 694 681 687 677 669 686 648 707 714 657 668 663 699 641 658 661 679 702 707 675 714 675 701 681 704 671 676 665 681 710 681 666 647 670 665 702]
Requests/sec:  5929.068863932292 KB
Transfer/sec:  15333.257405598959 KB

2023-12-02 18:53:05.280880844 +0800 CST m=+1663.550139908
Running 1m0s myx-test @ https://192.168.12.127:6443/api/v1/namespaces/myx-test/replicationcontrollers
150 connections
Requests/bytes (per Connection):  [2707376 2504176 2785076 2546031 2725337 2468379 2546079 2773155 2522092 2719369 2593837 2665538 2647662 2695469 2779106 2611755 2617741 2701462 2575964 2581861 2743314 2671514 2635729 2665538 2498215 2647608 2653584 2695475 2599871 2629677 2504202 2498232 2558032 2677571 2504216 2713353 2593823 2552056 2593855 2719330 2659594 2647686 2737293 2516120 2653633 2725307 2707389 2516194 2785155 2725321 2593856 2647607 2599792 2821001 2803026 2599851 2653596 2737340 2605809 2803086 2641640 2689458 2856878 2593866 2641656 2665538 2558026 2731314 2683508 2510217 2498192 2659608 2623738 2773201 2611824 2671514 2635675 2880707 2701437 2599871 2641630 2575884 2641630 2743316 2575923 2575897 2665617 2671517 2707413 2689465 2731284 2599853 2713353 2593881 2785126 2653584 2540102 2767145 2641630 2653586 2713412 2635653 2629738 2629755 2659561 2534046 2635699 2635667 2737266 2719409 2617753 2719330 2725353 2809062 2737339 2749215 2701466 2820992 2689503 2731363 2593894 2599871 2557966 2713367 2653654 2546065 2683532 2593894 2665610 2683469 2540038 2540102 2581940 2773201 2773170 2701448 2516183 2743287 2779099 2653663 2617773 2826951 2832892 2707401 2653628 2540102 2617789 2629755 2659640 2749215]
Response/bytes (per Connection):  [4294235 3971933 4417474 4038309 4322705 3915118 4038357 4398547 4000358 4313234 4114139 4227876 4199491 4275322 4408001 4142566 4152055 4284818 4085757 4095157 4351191 4237355 4180552 4227876 3962469 4199437 4208916 4275328 4123676 4170997 3971959 3962486 4057316 4246915 3971973 4303715 4114125 4047837 4114157 4313195 4218429 4199515 4341667 3990883 4208965 4322675 4294248 3990957 4417553 4322689 4114158 4199436 4123597 4474417 4445933 4123656 4208928 4341714 4133117 4445993 4189966 4265808 4531312 4114168 4189982 4227876 4057310 4332185 4256355 3981477 3962446 4218443 4161555 4398593 4142635 4237355 4180498 4569153 4284793 4123676 4189956 4085677 4189956 4351193 4085716 4085690 4227955 4237358 4294272 4265815 4332155 4123658 4303715 4114183 4417524 4208916 4028877 4389034 4189956 4208918 4303774 4180476 4171058 4171075 4218396 4019318 4180522 4180490 4341640 4313274 4152067 4313195 4322721 4455472 4341713 4360595 4284822 4474408 4265853 4332234 4114196 4123676 4057250 4303729 4208986 4038343 4256379 4114196 4227948 4256316 4028813 4028877 4095236 4398593 4398562 4284804 3990946 4351164 4407994 4208995 4152087 4483870 4493314 4294260 4208960 4028877 4152103 4171075 4218475 4360595]
Requests Number (per Connection):  [453 419 466 426 456 413 426 464 422 455 434 446 443 451 465 437 438 452 431 432 459 447 441 446 418 443 444 451 435 440 419 418 428 448 419 454 434 427 434 455 445 443 458 421 444 456 453 421 466 456 434 443 435 472 469 435 444 458 436 469 442 450 478 434 442 446 428 457 449 420 418 445 439 464 437 447 441 482 452 435 442 431 442 459 431 431 446 447 453 450 457 435 454 434 466 444 425 463 442 444 454 441 440 440 445 424 441 441 458 455 438 455 456 470 458 460 452 472 450 457 434 435 428 454 444 426 449 434 446 449 425 425 432 464 464 452 421 459 465 444 438 473 474 453 444 425 438 440 445 460]
Requests/sec:  6487.910172526042 KB
Transfer/sec:  16778.491048177082 KB

2023-12-02 18:54:45.615862022 +0800 CST m=+1763.885121099
Running 1m0s myx-test @ https://192.168.12.127:6443/api/v1/namespaces/myx-test/replicationcontrollers
300 connections
Requests/bytes (per Connection):  [1571845 1464315 1470271 1547937 1494144 1613683 1679448 1434436 1476240 1404490 1553923 1541971 1488181 1464260 1476214 1500131 1571881 1559890 1601761 1356675 1386582 1577821 1565868 1494144 1464260 1625636 1416471 1565898 1631614 1583825 1518084 1518063 1416444 1506099 1440354 1488195 1530006 1541997 1559890 1500135 1530050 1530027 1482243 1446387 1410470 1535985 1530043 1559890 1452308 1565906 1524042 1601742 1703351 1583798 1500123 1488189 1530006 1428399 1530010 1500124 1500123 1535983 1524029 1559929 1571844 1470291 1619662 1476236 1589775 1452308 1500148 1518094 1577823 1464260 1434375 1416445 1470246 1482199 1565869 1577854 1518052 1470239 1470237 1380585 1530050 1595752 1398514 1458283 1703336 1613683 1530047 1404512 1643568 1482191 1506146 1482193 1583798 1458291 1434378 1368632 1386560 1577821 1416446 1440352 1392537 1524046 1464260 1559890 1500171 1571844 1571855 1452327 1446387 1440352 1452308 1541998 1476214 1601749 1392539 1482211 1524029 1524029 1482190 1482242 1553913 1553914 1535983 1458322 1512075 1553914 1464312 1428398 1500142 1428418 1434377 1440352 1559929 1500122 1518052 1565867 1577823 1577833 1404490 1577821 1416465 1470239 1589800 1625637 1565905 1404493 1595752 1583818 1500121 1565869 1428401 1416444 1571844 1559930 1541960 1506129 1542002 1565867 1571845 1559891 1380621 1452313 1482242 1601729 1535985 1530010 1476214 1601735 1536025 1458339 1512075 1607735 1524045 1541962 1583834 1530040 1601735 1524066 1464260 1577821 1464260 1464308 1530006 1380585 1673472 1518085 1679429 1637592 1482191 1428402 1536002 1589777 1422449 1541961 1422461 1577821 1344762 1553914 1530006 1416501 1518099 1553915 1535983 1571881 1577824 1416447 1422422 1434378 1458285 1506099 1428455 1559893 1410470 1488168 1506147 1583833 1416509 1512075 1470237 1571844 1440409 1625639 1565875 1446329 1559890 1530050 1470239 1595752 1476214 1470237 1440405 1440396 1392537 1559919 1512081 1470292 1452306 1553913 1518054 1518052 1619660 1506106 1476213 1362654 1500121 1601729 1541998 1446335 1464291 1428398 1577821 1565868 1506146 1518068 1631613 1506125 1446329 1464305 1470239 1344722 1386606 1571845 1440357 1541961 1452309 1559890 1530008 1398514 1452313 1458283 1571877 1452306 1541974 1494146 1535985 1482242 1482242 1619688 1422483 1422424 1404491 1464300 1619689 1571846 1494147 1619660 1500130 1583799 1541975 1571881 1410468 1488169 1452307 1350745 1583833 1530012]
Response/bytes (per Connection):  [2493134 2322550 2332009 2455214 2369894 2559493 2663791 2275156 2341481 2227695 2464703 2445745 2360428 2322495 2341455 2379384 2493170 2474173 2540565 2151856 2199278 2502613 2483654 2369894 2322495 2578452 2246682 2483684 2587933 2512120 2407846 2407825 2246655 2388855 2284577 2360442 2426774 2445771 2474173 2379388 2426818 2426795 2350987 2294113 2237178 2436256 2426811 2474173 2303537 2483692 2417307 2540546 2701706 2512093 2379376 2360436 2426774 2265616 2426778 2379377 2379376 2436254 2417294 2474212 2493133 2332029 2568975 2341477 2521573 2303537 2379401 2407856 2502615 2322495 2275095 2246656 2331984 2350943 2483655 2502646 2407814 2331977 2331975 2189778 2426818 2531053 2218216 2313015 2701691 2559493 2426815 2227717 2606893 2350935 2388902 2350937 2512093 2313023 2275098 2170819 2199256 2502613 2246657 2284575 2208736 2417311 2322495 2474173 2379424 2493133 2493144 2303556 2294113 2284575 2303537 2445772 2341455 2540553 2208738 2350955 2417294 2417294 2350934 2350986 2464693 2464694 2436254 2313054 2398334 2464694 2322547 2265615 2379395 2265635 2275097 2284575 2474212 2379375 2407814 2483653 2502615 2502625 2227695 2502613 2246676 2331977 2521598 2578453 2483691 2227698 2531053 2512113 2379374 2483655 2265618 2246655 2493133 2474213 2445734 2388885 2445776 2483653 2493134 2474174 2189814 2303542 2350986 2540533 2436256 2426778 2341455 2540539 2436296 2313071 2398334 2550042 2417310 2445736 2512129 2426808 2540539 2417331 2322495 2502613 2322495 2322543 2426774 2189778 2654312 2407847 2663772 2597414 2350935 2265619 2436273 2521575 2256163 2445735 2256175 2502613 2132937 2464694 2426774 2246712 2407861 2464695 2436254 2493170 2502616 2246658 2256136 2275098 2313017 2388855 2265672 2474176 2237178 2360415 2388903 2512128 2246720 2398334 2331975 2493133 2284632 2578455 2483661 2294055 2474173 2426818 2331977 2531053 2341455 2331975 2284628 2284619 2208736 2474202 2398340 2332030 2303535 2464693 2407816 2407814 2568973 2388862 2341454 2161338 2379374 2540533 2445772 2294061 2322526 2265615 2502613 2483654 2388902 2407830 2587932 2388881 2294055 2322540 2331977 2132897 2199302 2493134 2284580 2445735 2303538 2474173 2426776 2218216 2303542 2313015 2493166 2303535 2445748 2369896 2436256 2350986 2350986 2569001 2256197 2256138 2227696 2322535 2569002 2493135 2369897 2568973 2379383 2512094 2445749 2493170 2237176 2360416 2303536 2142423 2512128 2426780]
Requests Number (per Connection):  [263 245 246 259 250 270 281 240 247 235 260 258 249 245 247 251 263 261 268 227 232 264 262 250 245 272 237 262 273 265 254 254 237 252 241 249 256 258 261 251 256 256 248 242 236 257 256 261 243 262 255 268 285 265 251 249 256 239 256 251 251 257 255 261 263 246 271 247 266 243 251 254 264 245 240 237 246 248 262 264 254 246 246 231 256 267 234 244 285 270 256 235 275 248 252 248 265 244 240 229 232 264 237 241 233 255 245 261 251 263 263 243 242 241 243 258 247 268 233 248 255 255 248 248 260 260 257 244 253 260 245 239 251 239 240 241 261 251 254 262 264 264 235 264 237 246 266 272 262 235 267 265 251 262 239 237 263 261 258 252 258 262 263 261 231 243 248 268 257 256 247 268 257 244 253 269 255 258 265 256 268 255 245 264 245 245 256 231 280 254 281 274 248 239 257 266 238 258 238 264 225 260 256 237 254 260 257 263 264 237 238 240 244 252 239 261 236 249 252 265 237 253 246 263 241 272 262 242 261 256 246 267 247 246 241 241 233 261 253 246 243 260 254 254 271 252 247 228 251 268 258 242 245 239 264 262 252 254 273 252 242 245 246 225 232 263 241 258 243 261 256 234 243 244 263 243 258 250 257 248 248 271 238 238 235 245 271 263 250 271 251 265 258 263 236 249 243 226 265 256]
Requests/sec:  7364.761555989583 KB
Transfer/sec:  19046.126790364582 KB

