2023-12-02 20:01:33.507424466 +0800 CST m=+2048.785359842
Running 1m0s myx-test @ https://192.168.12.127:6443/api/v1/namespaces/myx-test/resourcequotas
3 connections
Requests/bytes (per Connection):  [35042541 36097568 33379521]
Response/bytes (per Connection):  [48617152 50080872 46309921]
Requests Number (per Connection):  [5879 6056 5600]
Requests/sec:  1701.1658528645833 KB
Transfer/sec:  4061.3212076822915 KB

2023-12-02 20:03:13.743455038 +0800 CST m=+2149.021390415
Running 1m0s myx-test @ https://192.168.12.127:6443/api/v1/namespaces/myx-test/resourcequotas
6 connections
Requests/bytes (per Connection):  [30494604 30470761 31174147 31007240 32241068 32580834]
Response/bytes (per Connection):  [42307448 42274369 43250217 43018658 44730449 45201828]
Requests Number (per Connection):  [5116 5112 5230 5202 5409 5466]
Requests/sec:  3059.38564453125 KB
Transfer/sec:  7303.900113932292 KB

2023-12-02 20:04:53.941873062 +0800 CST m=+2249.219808437
Running 1m0s myx-test @ https://192.168.12.127:6443/api/v1/namespaces/myx-test/resourcequotas
9 connections
Requests/bytes (per Connection):  [25255213 27174544 25243292 26995717 27019527 25440001 27335486 27114935 27019537]
Response/bytes (per Connection):  [35038446 37701275 35021907 37453178 37486224 35294813 37924560 37618576 37486234]
Requests Number (per Connection):  [4237 4559 4235 4529 4533 4268 4586 4549 4533]
Requests/sec:  3883.435091145833 KB
Transfer/sec:  9271.215250651041 KB

2023-12-02 20:06:34.176678461 +0800 CST m=+2349.454613839
Running 1m0s myx-test @ https://192.168.12.127:6443/api/v1/namespaces/myx-test/resourcequotas
15 connections
Requests/bytes (per Connection):  [17589816 17691151 17881900 18460063 19026390 18990548 17756738 18555481 18561394 18781996 19294555 17810369 18704497 18603159 18627012]
Response/bytes (per Connection):  [24403675 24544263 24808900 25611036 26396718 26347022 24635249 25743398 25751620 26057655 26768788 24709661 25950139 25809548 25842637]
Requests Number (per Connection):  [2951 2968 3000 3097 3192 3186 2979 3113 3114 3151 3237 2988 3138 3121 3125]
Requests/sec:  4497.641097005208 KB
Transfer/sec:  10737.55498046875 KB

2023-12-02 20:08:14.41710942 +0800 CST m=+2449.695044808
Running 1m0s myx-test @ https://192.168.12.127:6443/api/v1/namespaces/myx-test/resourcequotas
30 connections
Requests/bytes (per Connection):  [10413212 10210622 10615882 9894615 10073442 10049601 10526469 10079467 10568196 10502633 9954223 10216502 10752984 10061599 10472834 10133051 10007902 10353605 10311876 10729140 10526469 10353604 10145018 10681460 10085393 10270155 10586078 10681452 10836419 9942302]
Response/bytes (per Connection):  [14447035 14165939 14728211 13727555 13975652 13942575 14604163 13983986 14662053 14571091 13810253 14174128 14918420 13959191 14529747 14058351 13884713 14364338 14306446 14885340 14604163 14364337 14074936 14819188 13992221 14248562 14686862 14819180 15034181 13793714]
Requests Number (per Connection):  [1747 1713 1781 1660 1690 1686 1766 1691 1773 1762 1670 1714 1804 1688 1757 1700 1679 1737 1730 1800 1766 1737 1702 1792 1692 1723 1776 1792 1818 1668]
Requests/sec:  5046.162190755208 KB
Transfer/sec:  12047.082291666668 KB

2023-12-02 20:09:54.702427644 +0800 CST m=+2549.980363014
Running 1m0s myx-test @ https://192.168.12.127:6443/api/v1/namespaces/myx-test/resourcequotas
60 connections
Requests/bytes (per Connection):  [5769910 5889130 5793698 5942776 5781833 6169212 5847402 5710255 5918866 6067904 5966571 5895089 6121571 5787726 5960627 6014228 6026158 6067904 5751978 5638772 6067933 5871174 5984454 5984503 5877206 5877173 5710290 5853365 5948728 5889128 6014305 5936771 6073903 6026229 5799653 5924893 5769850 5942776 5972581 5626829 5775871 6085838 6038121 5704320 5740095 5614928 6020269 6103642 5650646 5924893 5805653 6085759 5620846 5465898 5990463 6014263 5734147 5859324 5740098 5752029]
Response/bytes (per Connection):  [8005022 8170422 8038046 8244849 8021563 8559027 8112531 7922277 8211703 8418466 8277880 8178690 8492914 8029765 8269627 8344009 8360557 8418466 7980163 7823086 8418495 8145539 8302690 8302739 8153880 8153847 7922312 8120803 8253110 8170420 8344086 8236535 8426774 8360628 8046310 8220039 8004962 8244849 8286199 7806525 8013292 8443327 8377138 7914033 7963662 7790006 8352359 8468058 7839578 8220039 8054619 8443248 7798233 7583251 8311008 8344044 7955405 8129071 7963665 7980214]
Requests Number (per Connection):  [968 988 972 997 970 1035 981 958 993 1018 1001 989 1027 971 1000 1009 1011 1018 965 946 1018 985 1004 1004 986 986 958 982 998 988 1009 996 1019 1011 973 994 968 997 1002 944 969 1021 1013 957 963 942 1010 1024 948 994 974 1021 943 917 1005 1009 962 983 963 965]
Requests/sec:  5745.450146484375 KB
Transfer/sec:  13716.544791666667 KB

2023-12-02 20:11:34.944271503 +0800 CST m=+2650.222206891
Running 1m0s myx-test @ https://192.168.12.127:6443/api/v1/namespaces/myx-test/resourcequotas
90 connections
Requests/bytes (per Connection):  [3796918 3808855 3779051 3880336 3862503 3880386 4029359 3838658 3725403 3767097 3922055 3945943 3767127 3862504 3910159 3904228 3939969 3904230 3904228 3916152 3761168 3886347 3999602 3910191 3856503 4065103 3904204 3916151 3922111 3761168 3951918 3987683 4094906 3767130 3898238 3713479 4112803 4065093 3862502 3922110 3737298 3695598 4017417 3862502 4142664 3886295 3916098 4059186 4059168 4011527 3731364 3868464 4071134 3641950 4112860 4142664 4017426 3975733 4071134 4041297 3957878 4035369 4083055 3856542 3880336 3951890 3951893 3987683 3880386 3779051 3898215 3945955 3880384 3928025 3898216 4071100 4017466 3796933 3939977 3892308 3904197 3916152 3832699 3844614 3939991 3755197 4106847 4011524 4005565 3826738]
Response/bytes (per Connection):  [5267751 5284306 5242957 5383495 5358735 5383545 5590243 5325654 5168528 5226385 5441377 5474501 5226415 5358736 5424863 5416623 5466218 5416625 5416623 5433165 5218147 5391815 5548941 5424895 5350426 5639841 5416599 5433164 5441433 5218147 5482785 5532404 5681189 5226418 5408324 5151986 5706013 5639831 5358734 5441432 5185041 5127178 5573683 5358734 5747419 5391763 5433111 5631615 5631597 5565484 5176798 5367005 5648181 5052749 5706070 5747419 5573692 5515836 5648181 5606799 5491054 5598562 5664720 5350465 5383495 5482757 5482760 5532404 5383545 5242957 5408301 5474513 5383543 5449656 5408302 5648147 5573732 5267766 5466226 5400085 5416592 5433165 5317386 5333919 5466240 5209867 5697748 5565481 5557213 5309116]
Requests Number (per Connection):  [637 639 634 651 648 651 676 644 625 632 658 662 632 648 656 655 661 655 655 657 631 652 671 656 647 682 655 657 658 631 663 669 687 632 654 623 690 682 648 658 627 620 674 648 695 652 657 681 681 673 626 649 683 611 690 695 674 667 683 678 664 677 685 647 651 663 663 669 651 634 654 662 651 659 654 683 674 637 661 653 655 657 643 645 661 630 689 673 672 642]
Requests/sec:  5737.980729166667 KB
Transfer/sec:  13698.712190755208 KB

2023-12-02 20:13:15.327668852 +0800 CST m=+2750.605604229
Running 1m0s myx-test @ https://192.168.12.127:6443/api/v1/namespaces/myx-test/resourcequotas
150 connections
Requests/bytes (per Connection):  [2831285 2855191 2795503 2563028 2795525 2777621 2825307 2592836 2831269 2992278 2884943 2843194 2837308 2563027 2884916 2867059 2718037 2741934 2843269 2837253 2664391 2771659 2908767 2819383 2950544 2890892 2956447 2908816 2688273 2753802 2819357 2730012 2980335 2670402 2688285 2771688 2896838 2801516 2849152 2682305 2843262 2825373 2682324 2944526 2807424 2741910 2926643 2652441 2682245 2753818 2855170 2813386 2753776 2801463 2688275 2706089 2807503 2694237 2879011 2658402 2932608 2753777 2753776 2825368 2807485 2998174 2771659 2843248 2557076 2813386 2813385 2634637 2783581 2735933 2789542 2759737 2908760 2700128 2855181 2795517 2789565 2706168 2777693 2896872 2813421 2849158 2795543 2580910 2700135 2807425 2855112 2878964 2855117 2712086 2801529 2771680 2867034 2735973 2741855 2688286 2640529 2890893 2914741 2735931 2652449 2944526 2831278 2879034 2819417 2890922 2640598 2735894 2730012 2801512 2837267 2807425 2902799 2765723 2884963 2908787 2884917 2837229 2747822 2759816 2873074 2867113 2908760 2849151 2730008 2789621 2676284 2831333 2700188 2724050 2879016 2688285 2795503 2771659 2646485 2914729 2694215 2640581 2747833 2908760 2849176 2801463 2861072 2771676 2926643 2741907]
Response/bytes (per Connection):  [3928060 3961202 3878424 3555898 3878446 3853615 3919773 3597251 3928044 4151396 4002499 3944587 3936392 3555897 4002472 3977688 3770941 3804074 3944662 3936337 3696514 3845344 4035559 3911540 4093499 4010757 4101711 4035608 3729632 3820560 3911514 3787534 4134835 3704834 3729644 3845373 4019012 3886746 3952854 3721355 3944655 3919839 3721374 4085172 3894963 3804050 4060362 3679946 3721295 3820576 3961181 3903234 3820534 3886693 3729634 3754375 3895042 3737905 3994258 3688216 4068636 3820535 3820534 3919834 3895024 4159601 3845344 3944641 3547637 3903234 3903233 3655215 3861884 3795764 3870154 3828804 4035552 3746105 3961192 3878438 3870177 3754454 3853687 4019046 3903269 3952860 3878464 3580707 3746112 3894964 3961123 3994211 3961128 3762681 3886759 3845365 3977663 3795804 3803995 3729645 3663416 4010758 4043842 3795762 3679954 4085172 3928053 3994281 3911574 4010787 3663485 3795725 3787534 3886742 3936351 3894964 4027282 3837099 4002519 4035579 4002473 3936313 3812271 3828883 3986012 3977742 4035552 3952853 3787530 3870233 3713025 3928108 3746165 3779263 3994263 3729644 3878424 3845344 3671681 4043830 3737883 3663468 3812282 4035552 3952878 3886693 3969392 3845361 4060362 3804047]
Requests Number (per Connection):  [475 479 469 430 469 466 474 435 475 502 484 477 476 430 484 481 456 460 477 476 447 465 488 473 495 485 496 488 451 462 473 458 500 448 451 465 486 470 478 450 477 474 450 494 471 460 491 445 450 462 479 472 462 470 451 454 471 452 483 446 492 462 462 474 471 503 465 477 429 472 472 442 467 459 468 463 488 453 479 469 468 454 466 486 472 478 469 433 453 471 479 483 479 455 470 465 481 459 460 451 443 485 489 459 445 494 475 483 473 485 443 459 458 470 476 471 487 464 484 488 484 476 461 463 482 481 488 478 458 468 449 475 453 457 483 451 469 465 444 489 452 443 461 488 478 470 480 465 491 460]
Requests/sec:  6821.150358072917 KB
Transfer/sec:  16284.64755859375 KB

2023-12-02 20:14:55.658506588 +0800 CST m=+2850.936441982
Running 1m0s myx-test @ https://192.168.12.127:6443/api/v1/namespaces/myx-test/resourcequotas
300 connections
Requests/bytes (per Connection):  [1758386 1609362 1508059 1794151 1663010 1716660 1555715 1537831 1728586 1472261 1573617 1663011 1597447 1621312 1716671 1657055 1639193 1627245 1585520 1609363 1621308 1740503 1585519 1513988 1776268 1692816 1639167 1579561 1633206 1704738 1597447 1597441 1674933 1782229 1549753 1424575 1567668 1591480 1609362 1573597 1674933 1728581 1651112 1502067 1615325 1502067 1680894 1710698 1609363 1561678 1597473 1615323 1466341 1698779 1579558 1704737 1549756 1525954 1639186 1519950 1716659 1561676 1394770 1466301 1639167 1621287 1591480 1519951 1716659 1460395 1674933 1514006 1770307 1496106 1633207 1508027 1668972 1567636 1734551 1543795 1555716 1698776 1633206 1698776 1603402 1645128 1639167 1496140 1645128 1561714 1549755 1668974 1561678 1490146 1514009 1597441 1597460 1788190 1549777 1645128 1633209 1668972 1817995 1668972 1668985 1668973 1555714 1514009 1466303 1496105 1615344 1597441 1567673 1603402 1627252 1609363 1692815 1674932 1549773 1633206 1609362 1639167 1531871 1597441 1645140 1502066 1651112 1627262 1716659 1651089 1567674 1597473 1627263 1585519 1615324 1525954 1502068 1555714 1657052 1692815 1758386 1621285 1513990 1698792 1591513 1764350 1674933 1692816 1543833 1698776 1561676 1734541 1692825 1788190 1639193 1680906 1454435 1573597 1561675 1525954 1388876 1776268 1716672 1633206 1531873 1668979 1633211 1668992 1770307 1519949 1591501 1484183 1645131 1549784 1496113 1621298 1668971 1502066 1704752 1531877 1663011 1621312 1639168 1716659 1651089 1490145 1668972 1823955 1680912 1525910 1698778 1519993 1555752 1496105 1686854 1663011 1674951 1621285 1639167 1603423 1579558 1549754 1525922 1674933 1621287 1627257 1668992 1573597 1531900 1567636 1543792 1531893 1668972 1454379 1484183 1734541 1698776 1627245 1603432 1674952 1525910 1627245 1674933 1674933 1633206 1543793 1531870 1460340 1734542 1591513 1502115 1573633 1639188 1609362 1645129 1639168 1561676 1609392 1579558 1680893 1537863 1663011 1633222 1573597 1621286 1549763 1537832 1579560 1543792 1531891 1579558 1663011 1716661 1573606 1579558 1657072 1579561 1657050 1668972 1603431 1561678 1543831 1513990 1657050 1597454 1603404 1668971 1555714 1502102 1668992 1442457 1573598 1603433 1388809 1519949 1543834 1591502 1567673 1663011 1579558 1555714 1663011 1591480 1603402 1627272 1567637 1525910 1597441 1597441 1513988 1490146 1621285 1561676 1728581 1555753 1472262 1597466 1573597 1603401 1549792]
Response/bytes (per Connection):  [2439541 2232792 2092236 2489160 2307221 2381652 2158364 2133553 2398196 2042584 2183193 2307222 2216259 2249360 2381663 2298957 2274168 2257602 2199714 2232793 2249356 2414731 2199713 2100474 2464350 2348572 2274142 2191446 2265872 2365112 2216259 2216253 2323762 2472620 2150093 1976426 2174935 2207983 2232792 2183173 2323762 2398191 2290705 2083935 2241064 2083935 2332032 2373381 2232793 2166636 2216285 2241062 2034355 2356844 2191443 2365111 2150096 2117058 2274161 2108745 2381651 2166634 1935076 2034315 2274142 2249335 2207983 2108746 2381651 2026100 2323762 2100492 2456080 2075665 2265873 2092204 2315492 2174903 2406470 2141826 2158365 2356841 2265872 2356841 2224523 2282412 2274142 2075699 2282412 2166672 2150095 2315494 2166636 2067396 2100495 2216253 2216272 2480890 2150117 2282412 2265875 2315492 2522240 2315492 2315505 2315493 2158363 2100495 2034317 2075664 2241083 2216253 2174940 2224523 2257609 2232793 2348571 2323761 2150113 2265872 2232792 2274142 2125284 2216253 2282424 2083934 2290705 2257619 2381651 2290682 2174941 2216285 2257620 2199713 2241063 2117058 2083936 2158363 2298954 2348571 2439541 2249333 2100476 2356857 2208016 2447814 2323762 2348572 2141864 2356841 2166634 2406460 2348581 2480890 2274168 2332044 2017831 2183173 2166633 2117058 1926873 2464350 2381664 2265872 2125286 2315499 2265877 2315512 2456080 2108744 2208004 2059124 2282415 2150124 2075672 2249346 2315491 2083934 2365126 2125290 2307222 2249360 2274143 2381651 2290682 2067395 2315492 2530509 2332050 2117014 2356843 2108788 2158401 2075664 2340301 2307222 2323780 2249333 2274142 2224544 2191443 2150094 2117026 2323762 2249335 2257614 2315512 2183173 2125313 2174903 2141823 2125306 2315492 2017775 2059124 2406460 2356841 2257602 2224553 2323781 2117014 2257602 2323762 2323762 2265872 2141824 2125283 2026045 2406461 2208016 2083983 2183209 2274163 2232792 2282413 2274143 2166634 2232822 2191443 2332031 2133585 2307222 2265888 2183173 2249334 2150103 2133554 2191445 2141823 2125304 2191443 2307222 2381653 2183182 2191443 2298974 2191446 2298952 2315492 2224552 2166636 2141862 2100476 2298952 2216266 2224525 2315491 2158363 2083970 2315512 2001235 2183174 2224554 1926806 2108744 2141865 2208005 2174940 2307222 2191443 2158363 2307222 2207983 2224523 2257629 2174904 2117014 2216253 2216253 2100474 2067396 2249333 2166634 2398191 2158402 2042585 2216278 2183173 2224522 2150132]
Requests Number (per Connection):  [295 270 253 301 279 288 261 258 290 247 264 279 268 272 288 278 275 273 266 270 272 292 266 254 298 284 275 265 274 286 268 268 281 299 260 239 263 267 270 264 281 290 277 252 271 252 282 287 270 262 268 271 246 285 265 286 260 256 275 255 288 262 234 246 275 272 267 255 288 245 281 254 297 251 274 253 280 263 291 259 261 285 274 285 269 276 275 251 276 262 260 280 262 250 254 268 268 300 260 276 274 280 305 280 280 280 261 254 246 251 271 268 263 269 273 270 284 281 260 274 270 275 257 268 276 252 277 273 288 277 263 268 273 266 271 256 252 261 278 284 295 272 254 285 267 296 281 284 259 285 262 291 284 300 275 282 244 264 262 256 233 298 288 274 257 280 274 280 297 255 267 249 276 260 251 272 280 252 286 257 279 272 275 288 277 250 280 306 282 256 285 255 261 251 283 279 281 272 275 269 265 260 256 281 272 273 280 264 257 263 259 257 280 244 249 291 285 273 269 281 256 273 281 281 274 259 257 245 291 267 252 264 275 270 276 275 262 270 265 282 258 279 274 264 272 260 258 265 259 257 265 279 288 264 265 278 265 278 280 269 262 259 254 278 268 269 280 261 252 280 242 264 269 233 255 259 267 263 279 265 261 279 267 269 273 263 256 268 268 254 250 272 262 290 261 247 268 264 269 260]
Requests/sec:  7846.418245442708 KB
Transfer/sec:  18732.343359375 KB

