2023-12-02 21:25:57.275419062 +0800 CST m=+7112.553354438
Running 1m0s myx-test @ https://192.168.12.127:6443/api/v1/namespaces/myx-test/secrets
3 connections
Requests/bytes (per Connection):  [35519234 33324907 32427004]
Response/bytes (per Connection):  [49723028 46651219 45394238]
Requests Number (per Connection):  [5973 5604 5453]
Requests/sec:  1648.2933756510417 KB
Transfer/sec:  3955.72314453125 KB

2023-12-02 21:27:37.548203161 +0800 CST m=+7212.826138556
Running 1m0s myx-test @ https://192.168.12.127:6443/api/v1/namespaces/myx-test/secrets
6 connections
Requests/bytes (per Connection):  [27943216 30351618 28948161 28954174 30214838 28044300]
Response/bytes (per Connection):  [39117438 42488930 40524265 40532656 42297456 39258948]
Requests Number (per Connection):  [4699 5104 4868 4869 5081 4716]
Requests/sec:  2839.4581217447917 KB
Transfer/sec:  6814.388020833333 KB

2023-12-02 21:29:17.757121328 +0800 CST m=+7313.035056698
Running 1m0s myx-test @ https://192.168.12.127:6443/api/v1/namespaces/myx-test/secrets
9 connections
Requests/bytes (per Connection):  [22026324 22020410 22222525 21966887 20236420 22002510 20462366 22103613 20278048]
Response/bytes (per Connection):  [30834436 30826144 31109111 30751219 28328754 30801110 28645064 30942639 28387028]
Requests Number (per Connection):  [3704 3703 3737 3694 3403 3700 3441 3717 3410]
Requests/sec:  3146.469775390625 KB
Transfer/sec:  7551.181770833334 KB

2023-12-02 21:30:57.992044099 +0800 CST m=+7413.269979477
Running 1m0s myx-test @ https://192.168.12.127:6443/api/v1/namespaces/myx-test/secrets
15 connections
Requests/bytes (per Connection):  [16252129 17191689 17096538 17310627 17156007 17542559 17227448 17066803 16323521 17316602 17227370 16222396 16478112 17298733 16115379]
Response/bytes (per Connection):  [22751203 24066487 23933288 24232985 24016537 24557659 24116514 23891663 22851131 24241338 24116436 22709580 23067550 24216335 22559759]
Requests Number (per Connection):  [2733 2891 2875 2911 2885 2950 2897 2870 2745 2912 2897 2728 2771 2909 2710]
Requests/sec:  4131.281136067709 KB
Transfer/sec:  9914.622037760417 KB

2023-12-02 21:32:38.237732676 +0800 CST m=+7513.515668052
Running 1m0s myx-test @ https://192.168.12.127:6443/api/v1/namespaces/myx-test/secrets
30 connections
Requests/bytes (per Connection):  [9895241 9752515 9829825 9877357 9770278 9514623 9716755 9805985 9681074 9472931 9484877 9365968 9627551 9657365 9300552 9461117 9859520 9841719 9746490 9752437 9954710 9627551 9752515 9502699 9817899 9924976 9431382 9473013 9710849 9800012]
Response/bytes (per Connection):  [13852233 13652435 13760659 13827215 13677332 13319423 13602407 13727307 13552458 13261085 13277787 13111318 13477533 13519237 13019744 13244515 13802244 13777309 13644032 13652357 13935482 13477533 13652435 13302743 13743977 13893858 13202890 13261167 13594123 13718956]
Requests Number (per Connection):  [1664 1640 1653 1661 1643 1600 1634 1649 1628 1593 1595 1575 1619 1624 1564 1591 1658 1655 1639 1640 1674 1619 1640 1598 1651 1669 1586 1593 1633 1648]
Requests/sec:  4726.72177734375 KB
Transfer/sec:  11343.612955729166 KB

2023-12-02 21:34:18.457496996 +0800 CST m=+7613.735432383
Running 1m0s myx-test @ https://192.168.12.127:6443/api/v1/namespaces/myx-test/secrets
60 connections
Requests/bytes (per Connection):  [5952608 5899024 5928747 5625526 5786094 5803934 6000181 5690911 5589846 5797925 5887190 5708783 5857376 5869349 5803933 5928819 5803911 5619579 5875274 5780147 5554165 5690942 5411438 5655262 5560087 5673104 5714718 5631475 5649264 5607687 5839540 5476835 5690887 5637373 5726562 5637421 5851458 5792039 5774201 5827723 5702836 5726579 5464962 5857456 5988238 5690941 5560076 5845493 5512536 5958498 5554159 5476855 5702810 5839570 5756301 5904991 5857457 5494696 5964500 5750411]
Response/bytes (per Connection):  [8332986 8258000 8299613 7875114 8099888 8124862 8399583 7966657 7825166 8116475 8241410 7991663 8199706 8216435 8124861 8299685 8124839 7866789 8224738 8091563 7775217 7966688 7575418 7916740 7783517 7941716 7999976 7883441 7908364 7850141 8174736 7666973 7966633 7891717 8016576 7891765 8191410 8108211 8083239 8158163 7983338 8016593 7650344 8199786 8382884 7966687 7783506 8183067 7716942 8341254 7775211 7666993 7983312 8174766 8058205 8266345 8199787 7691968 8349634 8049937]
Requests Number (per Connection):  [1001 992 997 946 973 976 1009 957 940 975 990 960 985 987 976 997 976 945 988 972 934 957 910 951 935 954 961 947 950 943 982 921 957 948 963 948 984 974 971 980 959 963 919 985 1007 957 935 983 927 1002 934 921 959 982 968 993 985 924 1003 967]
Requests/sec:  5602.550504557292 KB
Transfer/sec:  13445.506770833334 KB

2023-12-02 21:35:58.709550827 +0800 CST m=+7713.987486205
Running 1m0s myx-test @ https://192.168.12.127:6443/api/v1/namespaces/myx-test/secrets
90 connections
Requests/bytes (per Connection):  [4132913 4132934 4156668 4239976 4168616 4233989 4239952 4228047 4103186 4126989 4388614 4281608 4174495 4150723 4067518 4269714 4186440 4245926 4079415 4174563 4358917 4305332 4174530 4364858 4513532 4097207 4228046 4103177 4121029 4317239 4091248 4293501 4465962 4340998 4448101 4269714 4400515 4097189 4174562 4281608 4174544 3948521 4263765 4293422 4049678 4067456 4198272 4382656 4210244 4073436 4198272 4394598 4204298 4352891 4103146 4251873 4305395 4150764 4352923 4162656 4317289 4347023 4222123 4251869 4299448 4233980 4049680 4323159 4168555 4156722 4192324 4287545 4269713 4067470 4388651 4002104 4483792 4311287 4138882 4418384 4311263 4216145 4287552 4115095 4121007 4311341 4519464 4275660 4186417 4126989]
Response/bytes (per Connection):  [5785623 5785644 5818890 5935490 5835594 5927125 5935466 5918805 5744006 5777321 6143578 5993768 5843851 5810567 5694070 5977118 5860552 5943818 5710723 5843919 6101991 6027004 5843886 6110310 6318434 5735649 5918804 5743997 5768983 6043667 5727312 6010417 6251840 6076938 6226845 5977118 6160235 5735631 5843918 5993768 5843900 5527513 5968791 6010338 5669096 5694008 5877140 6135242 5893868 5702366 5877140 6151940 5885544 6093587 5743966 5952143 6027067 5810608 6093619 5827256 6043717 6085341 5910503 5952139 6018742 5927116 5669098 6051965 5835533 5818944 5868814 6002083 5977117 5694022 6143615 5602498 6276804 6035337 5793970 6185238 6035313 5902147 6002090 5760671 5768961 6035391 6326744 5985442 5860529 5777321]
Requests Number (per Connection):  [695 695 699 713 701 712 713 711 690 694 738 720 702 698 684 718 704 714 686 702 733 724 702 734 759 689 711 690 693 726 688 722 751 730 748 718 740 689 702 720 702 664 717 722 681 684 706 737 708 685 706 739 707 732 690 715 724 698 732 700 726 731 710 715 723 712 681 727 701 699 705 721 718 684 738 673 754 725 696 743 725 709 721 692 693 725 760 719 704 694]
Requests/sec:  6197.41689453125 KB
Transfer/sec:  14873.116959635418 KB

2023-12-02 21:37:38.994553965 +0800 CST m=+7814.272489340
Running 1m0s myx-test @ https://192.168.12.127:6443/api/v1/namespaces/myx-test/secrets
150 connections
Requests/bytes (per Connection):  [2705759 2896039 2979268 2699772 2866265 2967344 2884098 2794893 2872244 2907930 2670077 2848411 2777070 2830565 2747388 2913822 2646290 2777120 2741372 2812751 2854372 2794952 2711690 2783038 2771131 2717627 3020936 2842538 2741380 2901928 2765195 2586762 2830587 2812797 2729467 2824641 2705714 2824681 2943556 2705759 2866246 2967409 2747316 2848406 2878178 2830574 2681972 2753255 2878207 2818718 2753335 2955520 2777043 2806778 2812724 2985232 2866247 2907875 2765163 2497607 2860307 2741430 2729498 2783069 2729487 2866309 2759202 2747320 2717617 2640314 2658184 2884087 2842484 2842515 2717580 2973291 2788995 2901984 2836545 2741362 2806778 2759217 2949522 2836512 2699812 2681906 2878140 3110070 2806788 2794950 2919769 2788944 2735457 2628449 2717595 2949503 2735494 2955529 2973291 2806831 2735448 2818672 2878184 2878180 2878141 2723599 2836554 2812775 2717574 2967355 2866259 2907928 2765149 2896060 2658134 2925716 2866254 2782994 2961422 2842525 2753272 2699766 2782997 2806794 2789016 2800830 2723595 2896016 2878182 2872193 2925795 2777089 2747387 2693865 2991152 2646280 2878198 2771151 2658137 2777079 2634359 2943628 2961397 2771175 2854353 2765202 2943557 2794900 2812759 2812803]
Response/bytes (per Connection):  [3787749 4054125 4170646 3779384 4012461 4153966 4037428 3912553 4020818 4070772 3737799 3987473 3887596 3962493 3846024 4079042 3704500 3887646 3837630 3937545 3995812 3912612 3796058 3895942 3879279 3804373 4228960 3979222 3837638 4062392 3870965 3621192 3962515 3937591 3820969 3954191 3787704 3954231 4120666 3787749 4012442 4154031 3845952 3987468 4029130 3962502 3754450 3854269 4029159 3945890 3854349 4137386 3887569 3929194 3937518 4178988 4012443 4070717 3870933 3496367 4004125 3837688 3821000 3895973 3820989 4012505 3862594 3845956 3804363 3696146 3721150 4037417 3979168 3979199 3804326 4162291 3904277 4062448 3970851 3837620 3929194 3862609 4129010 3970818 3779424 3754384 4029092 4353764 3929204 3912610 4087367 3904226 3829337 3679525 3804341 4128991 3829374 4137395 4162291 3929247 3829328 3945844 4029136 4029132 4029093 3812723 3970860 3937569 3804320 4153977 4012455 4070770 3870919 4054146 3721100 4095692 4012450 3895898 4145666 3979209 3854286 3779378 3895901 3929210 3904298 3920868 3812719 4054102 4029134 4020767 4095771 3887615 3846023 3771099 4187286 3704490 4029150 3879299 3721103 3887605 3687813 4120738 4145641 3879323 3995793 3870972 4120667 3912560 3937553 3937597]
Requests Number (per Connection):  [455 487 501 454 482 499 485 470 483 489 449 479 467 476 462 490 445 467 461 473 480 470 456 468 466 457 508 478 461 488 465 435 476 473 459 475 455 475 495 455 482 499 462 479 484 476 451 463 484 474 463 497 467 472 473 502 482 489 465 420 481 461 459 468 459 482 464 462 457 444 447 485 478 478 457 500 469 488 477 461 472 464 496 477 454 451 484 523 472 470 491 469 460 442 457 496 460 497 500 472 460 474 484 484 484 458 477 473 457 499 482 489 465 487 447 492 482 468 498 478 463 454 468 472 469 471 458 487 484 483 492 467 462 453 503 445 484 466 447 467 443 495 498 466 480 465 495 470 473 473]
Requests/sec:  6864.958024088542 KB
Transfer/sec:  16475.14365234375 KB

2023-12-02 21:39:19.265032056 +0800 CST m=+7914.542967434
Running 1m0s myx-test @ https://192.168.12.127:6443/api/v1/namespaces/myx-test/secrets
300 connections
Requests/bytes (per Connection):  [1528275 1653160 1623447 1569901 1623424 1653158 1611530 1552060 1558045 1581829 1676946 1623451 1682893 1599636 1546114 1587742 1587742 1546116 1641264 1635343 1748308 1486645 1617476 1522326 1599667 1623423 1605583 1617505 1552062 1569938 1659105 1510432 1665071 1694786 1558008 1474751 1617476 1599636 1558010 1563954 1581795 1540168 1671018 1605583 1688855 1617503 1563992 1617476 1528273 1700733 1700733 1718585 1736423 1676945 1706694 1480748 1682893 1558007 1694801 1617504 1498541 1486644 1445073 1623423 1605585 1676945 1641266 1635342 1641288 1605582 1682895 1813719 1611530 1528315 1563956 1623423 1522370 1510478 1635342 1676946 1563959 1587744 1611557 1558008 1498546 1647234 1617476 1688855 1700733 1581797 1587742 1694801 1647211 1569937 1546113 1558008 1623423 1480697 1706681 1558008 1688853 1605583 1730467 1552060 1581824 1670999 1593689 1552100 1647211 1563955 1462858 1682910 1682892 1546114 1552061 1486644 1552062 1682893 1558007 1563954 1587742 1540167 1581795 1522333 1676945 1575849 1480700 1635343 1623423 1587742 1534233 1647211 1569917 1587764 1641266 1486654 1587754 1516424 1688839 1546116 1534261 1647234 1659105 1569902 1599656 1641280 1552099 1510432 1587742 1671001 1629370 1611530 1480697 1575848 1611558 1528316 1456910 1563954 1688842 1617476 1611557 1546113 1575855 1617476 1480699 1439079 1587742 1385607 1593689 1510432 1593689 1522326 1653160 1593711 1510435 1629396 1712629 1540178 1563956 1563961 1647211 1611529 1671018 1605582 1558010 1504491 1510435 1492608 1581797 1427199 1558007 1581795 1593690 1670998 1623424 1587742 1605601 1742362 1522326 1558007 1670999 1641278 1629370 1516424 1629396 1599667 1569937 1569902 1552060 1629394 1558007 1563957 1736415 1504485 1623423 1623450 1552062 1688855 1558027 1617476 1706680 1665057 1492593 1534220 1569901 1724521 1688839 1546113 1617477 1617476 1778043 1688839 1670999 1748309 1599636 1623424 1706694 1510478 1623446 1593689 1653158 1492592 1676945 1611530 1694802 1706685 1558010 1510478 1688855 1730468 1462860 1587742 1558045 1546154 1676946 1670999 1617505 1558007 1486645 1629373 1647211 1671011 1682892 1587742 1676945 1647211 1629386 1676946 1587742 1558008 1510469 1445057 1795884 1587744 1659121 1659105 1528273 1486646 1659105 1563955 1665052 1552074 1558007 1623423 1498541 1593689 1587755 1641264 1498540 1569926 1563989 1688856 1587742 1552061 1647211 1575850 1439128 1575850 1712639 1659105]
Response/bytes (per Connection):  [2139421 2314244 2272641 2197693 2272618 2314242 2255968 2172718 2181081 2214377 2347542 2272645 2355867 2239318 2164394 2222668 2222668 2164396 2297592 2289293 2447440 2081145 2264292 2131094 2239349 2272617 2247643 2264321 2172720 2197730 2322567 2114444 2330911 2372516 2181044 2064495 2264292 2239318 2181046 2189368 2214343 2156070 2339236 2247643 2364207 2264319 2189406 2264292 2139419 2380841 2380841 2405827 2430799 2347541 2389180 2072870 2355867 2181043 2372531 2264320 2097797 2081144 2022927 2272617 2247645 2347541 2297594 2289292 2297616 2247642 2355869 2539009 2255968 2139461 2189370 2272617 2131138 2114490 2289292 2347542 2189373 2222670 2255995 2181044 2097802 2305940 2264292 2364207 2380841 2214345 2222668 2372531 2305917 2197729 2164393 2181044 2272617 2072819 2389167 2181044 2364205 2247643 2422465 2172718 2214372 2339217 2230993 2172758 2305917 2189369 2047846 2355884 2355866 2164394 2172719 2081144 2172720 2355867 2181043 2189368 2222668 2156069 2214343 2131101 2347541 2206019 2072822 2289293 2272617 2222668 2147757 2305917 2197709 2222690 2297594 2081154 2222680 2122814 2364191 2164396 2147785 2305940 2322567 2197694 2239338 2297608 2172757 2114444 2222668 2339219 2280942 2255968 2072819 2206018 2255996 2139462 2039520 2189368 2364194 2264292 2255995 2164393 2206025 2264292 2072821 2014555 2222668 1939681 2230993 2114444 2230993 2131094 2314244 2231015 2114447 2280968 2397493 2156080 2189370 2189375 2305917 2255967 2339236 2247642 2181046 2106125 2114447 2089486 2214345 1997919 2181043 2214343 2230994 2339216 2272618 2222668 2247661 2439116 2131094 2181043 2339217 2297606 2280942 2122814 2280968 2239349 2197729 2197694 2172718 2280966 2181043 2189371 2430791 2106119 2272617 2272644 2172720 2364207 2181063 2264292 2389166 2330897 2089471 2147744 2197693 2414141 2364191 2164393 2264293 2264292 2489065 2364191 2339217 2447441 2239318 2272618 2389180 2114490 2272640 2230993 2314242 2089470 2347541 2255968 2372532 2389171 2181046 2114490 2364207 2422466 2047848 2222668 2181081 2164434 2347542 2339217 2264321 2181043 2081145 2280945 2305917 2339229 2355866 2222668 2347541 2305917 2280958 2347542 2222668 2181044 2114481 2022911 2514040 2222670 2322583 2322567 2139419 2081146 2322567 2189369 2330892 2172732 2181043 2272617 2097797 2230993 2222681 2297592 2097796 2197718 2189403 2364208 2222668 2172719 2305917 2206020 2014604 2206020 2397503 2322567]
Requests Number (per Connection):  [257 278 273 264 273 278 271 261 262 266 282 273 283 269 260 267 267 260 276 275 294 250 272 256 269 273 270 272 261 264 279 254 280 285 262 248 272 269 262 263 266 259 281 270 284 272 263 272 257 286 286 289 292 282 287 249 283 262 285 272 252 250 243 273 270 282 276 275 276 270 283 305 271 257 263 273 256 254 275 282 263 267 271 262 252 277 272 284 286 266 267 285 277 264 260 262 273 249 287 262 284 270 291 261 266 281 268 261 277 263 246 283 283 260 261 250 261 283 262 263 267 259 266 256 282 265 249 275 273 267 258 277 264 267 276 250 267 255 284 260 258 277 279 264 269 276 261 254 267 281 274 271 249 265 271 257 245 263 284 272 271 260 265 272 249 242 267 233 268 254 268 256 278 268 254 274 288 259 263 263 277 271 281 270 262 253 254 251 266 240 262 266 268 281 273 267 270 293 256 262 281 276 274 255 274 269 264 264 261 274 262 263 292 253 273 273 261 284 262 272 287 280 251 258 264 290 284 260 272 272 299 284 281 294 269 273 287 254 273 268 278 251 282 271 285 287 262 254 284 291 246 267 262 260 282 281 272 262 250 274 277 281 283 267 282 277 274 282 267 262 254 243 302 267 279 279 257 250 279 263 280 261 262 273 252 268 267 276 252 264 263 284 267 261 277 265 242 265 288 279]
Requests/sec:  7808.9228515625 KB
Transfer/sec:  18740.557584635415 KB

