2023-12-02 22:50:23.877254103 +0800 CST m=+12179.155189481
Running 1m0s myx-test @ https://192.168.12.127:6443/api/v1/namespaces/myx-test/serviceaccounts
3 connections
Requests/bytes (per Connection):  [31578084 34183784 32818306]
Response/bytes (per Connection):  [43690036 47295155 45405954]
Requests Number (per Connection):  [5296 5733 5504]
Requests/sec:  1604.49501953125 KB
Transfer/sec:  3824.402978515625 KB

2023-12-02 22:52:04.101744699 +0800 CST m=+12279.379680073
Running 1m0s myx-test @ https://192.168.12.127:6443/api/v1/namespaces/myx-test/serviceaccounts
6 connections
Requests/bytes (per Connection):  [24512410 24488511 25836087 26760295 26909368 25651268]
Response/bytes (per Connection):  [33914267 33881220 35745658 37024351 37230599 35489942]
Requests Number (per Connection):  [4111 4107 4333 4488 4513 4302]
Requests/sec:  2509.0810384114584 KB
Transfer/sec:  5980.533463541667 KB

2023-12-02 22:53:44.334276896 +0800 CST m=+12379.612212275
Running 1m0s myx-test @ https://192.168.12.127:6443/api/v1/namespaces/myx-test/serviceaccounts
9 connections
Requests/bytes (per Connection):  [17905788 19014887 19181768 18979073 19318916 18823996 17870011 17768642 18973082]
Response/bytes (per Connection):  [24773649 26308130 26539047 26258594 26728796 26044055 24724150 24583902 26250316]
Requests Number (per Connection):  [3003 3189 3217 3183 3240 3157 2997 2980 3182]
Requests/sec:  2731.7083821614583 KB
Transfer/sec:  6511.17841796875 KB

2023-12-02 22:55:24.564480587 +0800 CST m=+12479.842415959
Running 1m0s myx-test @ https://192.168.12.127:6443/api/v1/namespaces/myx-test/serviceaccounts
15 connections
Requests/bytes (per Connection):  [11633138 12682529 11680771 12485752 12754082 12664620 11656989 12616936 12622899 11794134 12259162 11579410 12497682 12837564 12670602]
Response/bytes (per Connection):  [16095075 17546978 16161004 17274730 17645975 17522208 16128074 17456228 17464478 16317820 16961234 16020764 17291234 17761475 17530477]
Requests Number (per Connection):  [1951 2127 1959 2094 2139 2124 1955 2116 2117 1978 2056 1942 2096 2153 2125]
Requests/sec:  3001.8924153645835 KB
Transfer/sec:  7155.176171875 KB

2023-12-02 22:57:04.810872268 +0800 CST m=+12580.088807659
Running 1m0s myx-test @ https://192.168.12.127:6443/api/v1/namespaces/myx-test/serviceaccounts
30 connections
Requests/bytes (per Connection):  [6779496 6791422 7071679 6904719 6845089 7250566 6976273 6582755 7137272 6648314 7035901 6701981 6719869 7143234 6952421 7089568 7047828 7280360 6958384 7023998 6749723 7012050 7232665 7065732 7029939 6976272 6833216 7161123 7053790 6690068]
Response/bytes (per Connection):  [9379815 9396315 9784061 9553065 9470565 10031558 9652063 9107603 9874811 9198319 9734561 9272569 9297318 9883060 9619063 9808811 9751062 10072787 9627313 9718084 9338607 9701562 10006796 9775827 9726312 9652062 9454118 9907810 9759311 9256082]
Requests Number (per Connection):  [1137 1139 1186 1158 1148 1216 1170 1104 1197 1115 1180 1124 1127 1198 1166 1189 1182 1221 1167 1178 1132 1176 1213 1185 1179 1170 1146 1201 1183 1122]
Requests/sec:  3397.5538248697917 KB
Transfer/sec:  8098.258414713541 KB

2023-12-02 22:58:45.107403501 +0800 CST m=+12680.385338876
Running 1m0s myx-test @ https://192.168.12.127:6443/api/v1/namespaces/myx-test/serviceaccounts
60 connections
Requests/bytes (per Connection):  [3863800 4203646 4161900 4108277 4042685 3893612 3959196 3899575 4042661 4203683 3983056 4161893 3929363 4173796 4155977 4227479 3971066 4120203 3959199 4173869 3929334 4322942 4042672 4072459 4096340 4018825 4346793 3947278 4233470 4197701 4108270 3875726 4173869 4281122 4239444 4036723 4042685 4233500 3857789 3989021 4132129 4221506 4126131 4036676 3994984 4000895 4042637 4132131 3994913 3994984 3959170 4197721 4233498 3971132 4293048 4161935 4179772 4239383 4096351 3994963]
Response/bytes (per Connection):  [5345776 5815981 5758226 5684020 5593271 5387023 5477764 5395273 5593247 5816018 5510772 5758219 5436496 5774696 5750016 5848962 5494208 5700520 5477767 5774769 5436467 5981017 5593258 5634480 5667509 5560263 6014016 5461272 5857240 5807749 5684013 5362276 5774769 5923188 5865501 5585022 5593271 5857270 5337478 5519024 5717020 5840702 5708735 5584975 5527274 5535472 5593223 5717022 5527203 5527274 5477738 5807769 5857268 5494274 5939688 5758261 5782959 5865440 5667520 5527253]
Requests Number (per Connection):  [648 705 698 689 678 653 664 654 678 705 668 698 659 700 697 709 666 691 664 700 659 725 678 683 687 674 729 662 710 704 689 650 700 718 711 677 678 710 647 669 693 708 692 677 670 671 678 693 670 670 664 704 710 666 720 698 701 711 687 670]
Requests/sec:  3992.266569010417 KB
Transfer/sec:  9515.788330078125 KB

2023-12-02 23:00:25.854693151 +0800 CST m=+12781.132628539
Running 1m0s myx-test @ https://192.168.12.127:6443/api/v1/namespaces/myx-test/serviceaccounts
90 connections
Requests/bytes (per Connection):  [2987254 3046883 2987254 2808371 3005143 3052846 2862112 2927703 2879921 3034957 2987254 2999180 2933588 3017146 3017069 2921662 2879922 2957479 2951506 2862033 2844171 3017128 2909744 2945593 2933588 2951476 3046960 2909815 2915699 3052916 2879922 3100561 2993260 2897883 2963402 3028995 2975327 2975328 2987333 2820293 2957513 3082678 2844145 2897850 2897889 3201917 3023072 3052853 2832219 3046962 3029047 2951523 2826256 3040918 2862033 2993265 3058840 2975326 3005143 2915699 2873994 3023036 2897860 2975346 2969429 2963400 3058808 2987333 2915751 2969444 3011105 2844163 2850151 2921673 3100549 2867996 2945511 2951514 2909815 2903828 2999229 2915699 2963436 3040920 3011106 2868075 3034972 3011144 3034959 2897811]
Response/bytes (per Connection):  [4133041 4215540 4133041 3885548 4157791 4223790 3959872 4050620 3984542 4199040 4133041 4149541 4058792 4174368 4174291 4042292 3984543 4091831 4083571 3959793 3935070 4174350 4025800 4075371 4058792 4083541 4215617 4025871 4034042 4223860 3984543 4289801 4141334 4009365 4100041 4190791 4116540 4116541 4133120 3902044 4091865 4265057 3935044 4009332 4009371 4430036 4182581 4223797 3918544 4215619 4190843 4083588 3910294 4207288 3959793 4141339 4232071 4116539 4157791 4034042 3976328 4182545 4009342 4116559 4108355 4100039 4232039 4133120 4034094 4108370 4166040 3935062 3943337 4042303 4289789 3968043 4075289 4083579 4025871 4017597 4149590 4034042 4100075 4207290 4166041 3968122 4199055 4166079 4199042 4009293]
Requests Number (per Connection):  [501 511 501 471 504 512 480 491 483 509 501 503 492 506 506 490 483 496 495 480 477 506 488 494 492 495 511 488 489 512 483 520 502 486 497 508 499 499 501 473 496 517 477 486 486 537 507 512 475 511 508 495 474 510 480 502 513 499 504 489 482 507 486 499 498 497 513 501 489 498 505 477 478 490 520 481 494 495 488 487 503 489 497 510 505 481 509 505 509 486]
Requests/sec:  4337.27021484375 KB
Transfer/sec:  10338.124479166667 KB

2023-12-02 23:02:06.120948693 +0800 CST m=+12881.398884088
Running 1m0s myx-test @ https://192.168.12.127:6443/api/v1/namespaces/myx-test/serviceaccounts
150 connections
Requests/bytes (per Connection):  [2021343 1925914 1967677 1985566 1967677 2045195 1961685 1896122 2033270 1961714 2027307 2039231 1890160 1949762 1979603 1979603 2140602 1931900 2110733 2003447 1782827 1878234 1943800 1836494 1937863 1842456 2009381 2134602 1770901 1830523 1991495 2080972 1770904 2033269 2033227 2015379 2092898 1997489 2015379 2027306 2051156 1890143 2086935 1931887 1925936 1908048 1967678 1925937 1914007 1776864 1991500 1967654 1884196 1866308 2027266 2045193 2182340 1902083 1884183 1985538 2033269 2074970 1991529 1830530 1830531 2015380 1985566 1961686 1931899 1973640 1937863 2003419 1902085 1979603 1866295 1931897 1896123 1818604 1937858 1937838 1931898 2075008 1908028 1985566 1931876 2057121 1872270 1967647 1890159 2015381 1854371 1878219 1961686 1860333 2021344 1985566 2045152 1937838 2098862 2045174 1884180 1979603 1991495 1800714 1872268 1884197 1931876 1908048 1902083 1937838 1925936 1973608 1913990 1866301 1991529 2051158 1878220 1943826 1961692 2027307 1955746 1872271 1866295 1949789 1848419 1955724 1866295 1925937 2069037 2045195 2027304 1931900 1961715 1902067 1973640 2164451 2003455 1872257 2003434 1979604 1955751 1997492 1902066 2021304 2057076 2080940 1949788 1937838 1973609 1955732]
Response/bytes (per Connection):  [2796636 2664615 2722387 2747137 2722387 2829636 2714108 2623388 2813137 2714137 2804887 2821385 2615139 2697611 2738887 2738887 2961635 2672888 2920331 2771879 2466640 2598639 2689362 2540890 2681138 2549139 2780100 2953348 2450140 2532632 2755353 2879135 2450143 2813136 2813094 2788385 2895635 2763634 2788385 2804886 2837884 2615122 2887385 2672875 2664637 2639888 2722388 2664638 2648134 2458390 2755358 2722364 2606888 2582139 2804846 2829634 3019382 2631636 2606875 2747109 2813136 2870846 2755387 2532639 2532640 2788386 2747137 2714109 2672887 2730637 2681138 2771851 2631638 2738887 2582126 2672885 2623389 2516139 2681133 2681113 2672886 2870884 2639868 2747137 2672864 2846136 2590388 2722357 2615138 2788387 2565628 2598624 2714109 2573877 2796637 2747137 2829593 2681113 2903886 2829615 2606872 2738887 2755353 2491388 2590386 2606889 2672864 2639888 2631636 2681113 2664637 2730605 2648117 2582132 2755387 2837886 2598625 2689388 2714115 2804887 2705882 2590389 2582126 2697638 2557389 2705860 2582126 2664638 2862626 2829636 2804884 2672888 2714138 2631620 2730637 2994632 2771887 2590375 2771866 2738888 2705887 2763637 2631619 2796597 2846091 2879103 2697637 2681113 2730606 2705868]
Requests Number (per Connection):  [339 323 330 333 330 343 329 318 341 329 340 342 317 327 332 332 359 324 354 336 299 315 326 308 325 309 337 358 297 307 334 349 297 341 341 338 351 335 338 340 344 317 350 324 323 320 330 323 321 298 334 330 316 313 340 343 366 319 316 333 341 348 334 307 307 338 333 329 324 331 325 336 319 332 313 324 318 305 325 325 324 348 320 333 324 345 314 330 317 338 311 315 329 312 339 333 343 325 352 343 316 332 334 302 314 316 324 320 319 325 323 331 321 313 334 344 315 326 329 340 328 314 313 327 310 328 313 323 347 343 340 324 329 319 331 363 336 314 336 332 328 335 319 339 345 349 327 325 331 328]
Requests/sec:  4781.16611328125 KB
Transfer/sec:  11396.17568359375 KB

2023-12-02 23:03:46.405728125 +0800 CST m=+12981.683663518
Running 1m0s myx-test @ https://192.168.12.127:6443/api/v1/namespaces/myx-test/serviceaccounts
300 connections
Requests/bytes (per Connection):  [1174675 1126986 1264074 1120946 1210443 1168687 1198495 1174692 1120957 1252135 1270041 1198518 1204437 1234241 1275982 1132904 1114984 1198536 1234297 1162766 1264093 1258139 1192527 1174648 1186538 1162686 1085188 1222315 1168704 1168729 1222374 1138835 1156787 1162765 1204427 1180573 1353498 1264122 1228331 1258124 1085169 1150761 1240223 1228279 1275992 1246167 1204427 1132947 1132893 1246165 1323727 1156739 1234268 1138913 1109075 1210398 1156724 1168729 1162752 1073303 1246165 1103058 1305797 1264088 1144870 1192545 1228339 1192563 1144798 1162735 1186538 1168728 1121025 1120952 1180619 1192501 1270019 1216353 1311757 1293912 1210390 1132951 1150839 1281945 1109021 1180643 1234291 1180654 1138835 1198464 1186538 1240238 1180612 1228317 1311817 1085202 1234285 1222315 1162740 1162739 1198526 1210469 1174677 1270080 1222332 1222395 1258091 1162759 1180619 1168647 1180573 1091197 1204427 1144827 1222314 1138834 1198499 1228318 1162686 1132872 1168708 1186584 1216405 1120990 1180576 1174612 1156724 1055422 1216427 1287916 1192501 1162685 1174691 1216432 1132951 1103137 1234310 1109020 1192501 1162691 1067284 1168729 1186538 1228280 1174613 1287966 1210397 1174612 1097095 1186538 1138908 1126909 1115012 1264057 1144797 1323685 1180647 1120953 1115062 1097094 1132872 1168650 1341574 1162704 1228350 1234315 1174659 1210390 1097164 1097152 1246168 1228278 1132941 1180584 1126988 1115039 1132890 1204481 1192526 1252130 1192516 1162686 1234300 1186613 1216408 1186538 1180576 1186617 1341574 1204478 1216353 1204469 1246246 1162691 1097094 1317751 1031502 1186540 1198532 1073243 1103101 1216411 1144798 1138868 1210390 1109025 1234272 1258093 1073297 1216381 1186598 1258093 1192572 1198464 1168650 1073253 1299877 1192523 1162765 1234296 1049437 1186539 1180654 1150836 1210415 1126909 1120984 1168649 1156771 1144870 1180575 1210403 1156723 1234241 1198488 1234269 1258091 1246165 1109071 1162690 1216371 1216364 1264054 1109027 1180614 1246167 1270091 1317730 1174612 1192499 1281944 1204427 1222314 1222377 1198524 1192543 1210409 1126917 1156724 1186538 1085205 1115010 1126909 1210389 1264096 1115027 1276028 1222316 1323685 1168697 1162687 1252190 1353498 1126986 1240204 1144842 1246168 1132908 1156723 1109020 1174612 1270017 1252130 1252130 1252197 1192568 1258093 1162725 1186538 1109100 1174645 1252128 1120959 1246177 1186605 1162753 1162686 1162726 1234241 1174640]
Response/bytes (per Connection):  [1625214 1559229 1748918 1550902 1674704 1616939 1658182 1625231 1550913 1732405 1757172 1658205 1666411 1707650 1765400 1567434 1542653 1658223 1707706 1608731 1748937 1740696 1649927 1625187 1641651 1608651 1501422 1691150 1616956 1616981 1691209 1575652 1600465 1608730 1666401 1633399 1872647 1748966 1699453 1740681 1501403 1592152 1715919 1699401 1765410 1724150 1666401 1567477 1567423 1724148 1831441 1600417 1707677 1575730 1534457 1674659 1600402 1616981 1608717 1484963 1724148 1526153 1806650 1748932 1583974 1649945 1699461 1649963 1583902 1608700 1641651 1616980 1550981 1550908 1633445 1649901 1757150 1682901 1814897 1790191 1674651 1567481 1592230 1773650 1534403 1633469 1707700 1633480 1575652 1658151 1641651 1715934 1633438 1699439 1814957 1501436 1707694 1691150 1608705 1608704 1658213 1674730 1625216 1757211 1691167 1691230 1740648 1608724 1633445 1616899 1633399 1509718 1666401 1583931 1691149 1575651 1658186 1699440 1608651 1567402 1616960 1641697 1682953 1550946 1633402 1625151 1600402 1460221 1682975 1781908 1649901 1608650 1625230 1682980 1567481 1526232 1707719 1534402 1649901 1608656 1476657 1616981 1641651 1699402 1625152 1781958 1674658 1625151 1517903 1641651 1575725 1559152 1542681 1748901 1583901 1831399 1633473 1550909 1542731 1517902 1567402 1616902 1856149 1608669 1699472 1707724 1625198 1674651 1517972 1517960 1724151 1699400 1567471 1633410 1559231 1542708 1567420 1666455 1649926 1732400 1649916 1608651 1707709 1641726 1682956 1641651 1633402 1641730 1856149 1666452 1682901 1666443 1724229 1608656 1517902 1823178 1427153 1641653 1658219 1484903 1526196 1682959 1583902 1575685 1674651 1534407 1707681 1740650 1484957 1682929 1641711 1740650 1649972 1658151 1616902 1484913 1798443 1649923 1608730 1707705 1451949 1641652 1633480 1592227 1674676 1559152 1550940 1616901 1600449 1583974 1633401 1674664 1600401 1707650 1658175 1707678 1740648 1724148 1534453 1608655 1682919 1682912 1748898 1534409 1633440 1724150 1757222 1823157 1625151 1649899 1773649 1666401 1691149 1691212 1658211 1649943 1674670 1559160 1600402 1641651 1501439 1542679 1559152 1674650 1748940 1542696 1765446 1691151 1831399 1616949 1608652 1732460 1872647 1559229 1715900 1583946 1724151 1567438 1600401 1534402 1625151 1757148 1732400 1732400 1732467 1649968 1740650 1608690 1641651 1534482 1625184 1732398 1550915 1724160 1641718 1608718 1608651 1608691 1707650 1625179]
Requests Number (per Connection):  [197 189 212 188 203 196 201 197 188 210 213 201 202 207 214 190 187 201 207 195 212 211 200 197 199 195 182 205 196 196 205 191 194 195 202 198 227 212 206 211 182 193 208 206 214 209 202 190 190 209 222 194 207 191 186 203 194 196 195 180 209 185 219 212 192 200 206 200 192 195 199 196 188 188 198 200 213 204 220 217 203 190 193 215 186 198 207 198 191 201 199 208 198 206 220 182 207 205 195 195 201 203 197 213 205 205 211 195 198 196 198 183 202 192 205 191 201 206 195 190 196 199 204 188 198 197 194 177 204 216 200 195 197 204 190 185 207 186 200 195 179 196 199 206 197 216 203 197 184 199 191 189 187 212 192 222 198 188 187 184 190 196 225 195 206 207 197 203 184 184 209 206 190 198 189 187 190 202 200 210 200 195 207 199 204 199 198 199 225 202 204 202 209 195 184 221 173 199 201 180 185 204 192 191 203 186 207 211 180 204 199 211 200 201 196 180 218 200 195 207 176 199 198 193 203 189 188 196 194 192 198 203 194 207 201 207 211 209 186 195 204 204 212 186 198 209 213 221 197 200 215 202 205 205 201 200 203 189 194 199 182 187 189 203 212 187 214 205 222 196 195 210 227 189 208 192 209 190 194 186 197 213 210 210 210 200 211 195 199 186 197 210 188 209 199 195 195 195 207 197]
Requests/sec:  5806.205110677083 KB
Transfer/sec:  13839.40625 KB

