2023-12-03 00:15:05.650524917 +0800 CST m=+17260.928460294
Running 1m0s myx-test @ https://192.168.12.127:6443/api/v1/namespaces/myx-test/services
3 connections
Requests/bytes (per Connection):  [33241013 32390319 30433213]
Response/bytes (per Connection):  [48651629 47406585 44542145]
Requests Number (per Connection):  [5588 5445 5116]
Requests/sec:  1563.550537109375 KB
Transfer/sec:  3851.967838541667 KB

2023-12-03 00:16:46.074456608 +0800 CST m=+17361.352391996
Running 1m0s myx-test @ https://192.168.12.127:6443/api/v1/namespaces/myx-test/services
6 connections
Requests/bytes (per Connection):  [24984260 25870610 25876536 26465455 24906924 26780748]
Response/bytes (per Connection):  [36567048 37864334 37872976 38734945 36453844 39196394]
Requests Number (per Connection):  [4200 4349 4350 4449 4187 4502]
Requests/sec:  2520.9071126302083 KB
Transfer/sec:  6210.51552734375 KB

2023-12-03 00:18:26.288024863 +0800 CST m=+17461.565960244
Running 1m0s myx-test @ https://192.168.12.127:6443/api/v1/namespaces/myx-test/services
9 connections
Requests/bytes (per Connection):  [19023753 17590098 17536556 18571665 18958265 19333060 18732252 18666832 17899440]
Response/bytes (per Connection):  [27843217 25744924 25666556 27181539 27747393 28295954 27416566 27320832 26197682]
Requests Number (per Connection):  [3198 2957 2948 3122 3187 3250 3149 3138 3009]
Requests/sec:  2706.899755859375 KB
Transfer/sec:  6668.726953125 KB

2023-12-03 00:20:06.540695725 +0800 CST m=+17561.818631109
Running 1m0s myx-test @ https://192.168.12.127:6443/api/v1/namespaces/myx-test/services
15 connections
Requests/bytes (per Connection):  [11463026 12456436 10903854 11403486 11671183 11225093 11123934 12474283 11058477 11070390 11546272 11599842 12605160 12617036 12444547]
Response/bytes (per Connection):  [16777336 18231280 15958900 16690206 17081987 16429085 16281014 18257405 16185219 16202644 16899194 16977586 18448944 18466336 18213877]
Requests Number (per Connection):  [1927 2094 1833 1917 1962 1887 1870 2097 1859 1861 1941 1950 2119 2121 2092]
Requests/sec:  2859.0986165364584 KB
Transfer/sec:  7043.685416666666 KB

2023-12-03 00:21:47.408923725 +0800 CST m=+17662.686859112
Running 1m0s myx-test @ https://192.168.12.127:6443/api/v1/namespaces/myx-test/services
30 connections
Requests/bytes (per Connection):  [6882600 7215683 7013454 6680294 7227579 7096717 7156207 7316797 7037228 7394163 6775505 6930148 7138360 7120513 6840916 7168104 6787374 7162156 7209747 7251389 7061024 6799272 7132412 7364419 6781485 7197849 6989638 6995587 7180003 7150258]
Response/bytes (per Connection):  [10073368 10560911 10264920 9777300 10578319 10386779 10473849 10708909 10299722 10822113 9916665 10142984 10447728 10421607 10012386 10491256 9934042 10482554 10552209 10613167 10334544 9951432 10439020 10778581 9925375 10534793 10230046 10238777 10508679 10465144]
Requests Number (per Connection):  [1157 1213 1179 1123 1215 1193 1203 1230 1183 1243 1139 1165 1200 1197 1150 1205 1141 1204 1212 1219 1187 1143 1199 1238 1140 1210 1175 1176 1207 1202]
Requests/sec:  3451.446630859375 KB
Transfer/sec:  8502.995768229166 KB

2023-12-03 00:23:27.706749386 +0800 CST m=+17762.984684763
Running 1m0s myx-test @ https://192.168.12.127:6443/api/v1/namespaces/myx-test/services
60 connections
Requests/bytes (per Connection):  [3985550 3878514 3771442 3842830 3938012 4045027 4051042 3985604 3997501 3902319 3807136 4021297 3783341 3706005 3967757 3997501 3997502 3741698 3896369 3878523 3747617 3955857 3943959 3973706 3729774 3783340 4074837 3842828 3920166 3795213 4033195 4009399 3860635 3967757 4056991 4098598 3920166 3872571 4033193 3937993 4074792 3771441 4062939 4051040 3997429 4045011 3902299 3896338 3848779 3997499 3819019 3967755 3896315 3908263 3937950 3932063 3967700 3884419 3914199 3765494]
Response/bytes (per Connection):  [5833288 5676606 5519898 5624370 5763690 5920327 5929116 5833344 5850739 5711451 5572130 5885577 5537315 5424121 5807219 5850747 5850736 5476356 5702735 5676625 5485053 5789809 5772391 5815916 5458912 5537298 5963939 5624378 5737556 5554705 5902983 5868165 5650465 5807221 5937823 5998696 5737568 5667897 5902983 5763671 5963906 5519899 5946527 5929108 5850673 5920323 5711435 5702682 5633073 5850753 5589545 5807223 5702687 5720139 5763620 5754981 5807142 5685275 5728819 5511198]
Requests Number (per Connection):  [670 652 634 646 662 680 681 670 672 656 640 676 636 623 667 672 672 629 655 652 630 665 663 668 627 636 685 646 659 638 678 674 649 667 682 689 659 651 678 662 685 634 683 681 672 680 656 655 647 672 642 667 655 657 662 661 667 653 658 633]
Requests/sec:  3831.274560546875 KB
Transfer/sec:  9438.742447916668 KB

2023-12-03 00:25:07.980027331 +0800 CST m=+17863.257962722
Running 1m0s myx-test @ https://192.168.12.127:6443/api/v1/namespaces/myx-test/services
90 connections
Requests/bytes (per Connection):  [2772028 2891006 3134917 2980238 3158707 3075484 3009984 2908899 2962423 3140930 2783926 2956445 2926740 2920774 2980240 2908853 2896955 2968404 2861329 2867289 2819666 2843415 2867211 2849364 2992211 2962393 3134909 2944626 2944572 2867210 2908878 3021880 2932678 3170620 2950571 3009990 3105167 2956444 3111146 2968390 3009982 2914802 2867254 3039740 2914840 3093283 2843459 3021880 2766079 2897034 2813749 2986211 3170645 2986260 2867276 3051624 2813706 2891055 2932660 2938677 2849364 3016012 3111114 2962393 3004035 2986189 3170623 2938598 2974364 2968349 2956458 2962400 2944598 2897034 2980250 3021883 2795836 3004034 3004036 2861262 3021881 2944572 2831517 2944558 3134976 2992145 2950569 2926764 2920773 2896991]
Response/bytes (per Connection):  [4057154 4231280 4588273 4361890 4623091 4501284 4405424 4257495 4335785 4597042 4074566 4327079 4283606 4274844 4361900 4257419 4240001 4344534 4187835 4196565 4126848 4161645 4196471 4170344 4379401 4335785 4588271 4309750 4309706 4196478 4257462 4422838 4292300 4640532 4318453 4405452 4544743 4327076 4553500 4344528 4405432 4266130 4196544 4449002 4266188 4527363 4161723 4422846 4048449 4240082 4118185 4370653 4640535 4370670 4196552 4466382 4118126 4231379 4292274 4301027 4170344 4414224 4553438 4335785 4396727 4370595 4640557 4300958 4353260 4344493 4327108 4335786 4309742 4240082 4361926 4422845 4092016 4396720 4396726 4187758 4422841 4309706 4144233 4309688 4588344 4379321 4318425 4283616 4274843 4240069]
Requests Number (per Connection):  [466 486 527 501 531 517 506 489 498 528 468 497 492 491 501 489 487 499 481 482 474 478 482 479 503 498 527 495 495 482 489 508 493 533 496 506 522 497 523 499 506 490 482 511 490 520 478 508 465 487 473 502 533 502 482 513 473 486 493 494 479 507 523 498 505 502 533 494 500 499 497 498 495 487 501 508 470 505 505 481 508 495 476 495 527 503 496 492 491 487]
Requests/sec:  4333.670345052084 KB
Transfer/sec:  10676.449772135416 KB

2023-12-03 00:26:48.830326442 +0800 CST m=+17964.108261819
Running 1m0s myx-test @ https://192.168.12.127:6443/api/v1/namespaces/myx-test/services
150 connections
Requests/bytes (per Connection):  [1933288 1903549 1832181 1778642 1802437 1969006 1980904 1814330 1957104 1939262 1790538 1826225 1850028 1921415 1850028 1969006 1891653 1939261 1879772 1921415 1772694 1897619 1742947 1897619 1832178 1939262 1832174 1784590 1784590 1855965 1945210 1945208 1963057 1939235 1891668 1980904 1826232 1885721 1897620 1885704 1861913 1891670 1998751 1909517 1879772 1802434 1909499 1891671 1796488 1867874 1802437 1915444 1861926 1933313 1891652 1939262 1820284 1855977 1731058 1826232 1951160 1885704 1951136 1909510 1844077 1855965 1826231 1844078 2034402 2004700 1861924 1855977 1992802 1867874 2022538 1891668 1855977 1838130 1873809 1933311 1951160 2064142 1951159 1850028 1915466 1903569 1820284 1974955 1945211 2004697 1909515 1939260 1873824 1915466 1909517 1903568 1814335 1891670 1850028 1850016 1963058 1707267 1754845 1778641 1772692 1939262 1939256 1861913 1963027 1951159 1927364 1778642 1903548 1897619 1909496 1784590 1742950 1867874 1844080 1939251 1921415 1909496 1957079 1850028 1957106 1945211 1921415 2034444 1903566 1838130 1719152 1992784 1963057 1873823 1808386 1802437 1909517 1855975 1992802 1802437 1850028 1903568 1885721 1784590 1796486 1873809 1855977 1927364 1921415 1963057]
Response/bytes (per Connection):  [2829566 2786063 2681593 2603226 2638053 2881836 2899256 2655468 2864410 2838306 2620636 2672867 2707700 2812187 2707712 2881836 2768631 2838295 2751240 2812177 2594518 2777357 2550979 2777353 2681580 2838310 2681572 2611932 2611932 2716397 2847010 2847012 2873135 2838273 2768646 2899246 2672886 2759929 2777348 2759942 2725111 2768658 2925367 2794769 2751242 2638050 2794763 2768663 2629346 2733832 2638051 2803452 2725116 2829593 2768626 2838292 2664168 2716407 2533574 2672880 2855720 2759922 2855706 2794758 2698993 2716403 2672871 2698990 2977586 2934080 2725116 2716425 2916660 2733810 2960178 2768646 2716421 2690296 2742505 2829601 2855718 3021112 2855707 2707712 2803486 2786061 2664176 2890551 2847019 2934079 2794771 2838302 2742544 2803484 2794783 2786074 2655463 2768638 2707714 2707686 2873134 2498753 2568395 2603225 2594518 2838314 2838290 2725115 2873093 2855721 2820894 2603226 2786058 2777369 2794764 2611932 2550994 2733832 2699004 2838287 2812183 2794742 2864415 2707708 2864434 2847013 2812189 2977622 2786064 2690288 2516164 2916632 2873123 2742543 2646754 2638059 2794767 2716403 2916680 2638055 2707702 2786070 2759953 2611932 2629346 2742529 2716409 2820890 2812171 2873141]
Requests Number (per Connection):  [325 320 308 299 303 331 333 305 329 326 301 307 311 323 311 331 318 326 316 323 298 319 293 319 308 326 308 300 300 312 327 327 330 326 318 333 307 317 319 317 313 318 336 321 316 303 321 318 302 314 303 322 313 325 318 326 306 312 291 307 328 317 328 321 310 312 307 310 342 337 313 312 335 314 340 318 312 309 315 325 328 347 328 311 322 320 306 332 327 337 321 326 315 322 321 320 305 318 311 311 330 287 295 299 298 326 326 313 330 328 324 299 320 319 321 300 293 314 310 326 323 321 329 311 329 327 323 342 320 309 289 335 330 315 304 303 321 312 335 303 311 320 317 300 302 315 312 324 323 330]
Requests/sec:  4604.867626953125 KB
Transfer/sec:  11344.565559895833 KB

2023-12-03 00:28:29.391578786 +0800 CST m=+18064.669514160
Running 1m0s myx-test @ https://192.168.12.127:6443/api/v1/namespaces/myx-test/services
300 connections
Requests/bytes (per Connection):  [1195650 1159956 1237308 1088648 1112365 1058825 1207548 1213497 1165905 1094597 1225395 1100467 1136160 1272984 1124337 1118314 1201657 1201599 1171855 1058904 1148138 1195671 1130211 1195649 1106425 1130226 1177831 1064832 1261086 1171863 1100546 1154007 1136161 1082682 1160012 1177803 1094581 1154087 1094545 1171854 1219498 1201612 1118314 1052903 1213553 1136161 1124342 1118314 1100509 1076672 1213525 1148078 1213497 1207608 1112444 1041015 1177859 1023147 1154046 1159956 1195728 1124268 1112409 1136185 1142120 1142189 1100468 1160000 1201599 1154087 1112369 1082621 1106416 1154019 1189701 1076680 1130291 1100546 1183752 1154060 1267063 1154008 1165906 1171868 1136239 1136228 1064852 1183752 1159970 1225424 1082661 1165984 1124314 1130229 1130226 1130212 1112379 1177801 1261115 1136237 1171912 1195650 1142189 1035047 1189701 1237340 1159956 1237329 1076703 1213557 1142110 1124322 1213496 1159974 1136229 1154008 1130254 1118393 1064845 1124342 1201599 1088576 1082661 1201615 1064853 1118327 1225392 1100467 1124310 1124310 1088620 1171916 1207548 1136161 1177817 1106441 1112387 1165984 1171854 1261088 1142132 1213497 1130243 1189716 1064804 1136208 1154007 1118321 1165903 1082624 1064843 1076672 1142113 1100509 1136230 1142110 1225395 1165966 1136166 1118389 1094541 1046993 1160036 1195729 1064832 1130264 1070722 1148115 1154007 1171855 1165936 1124263 1237293 1046954 1100504 1201608 1160031 1142109 1290894 1136161 1165985 1231388 1201618 1219460 1201675 1106416 1142110 1148080 1201624 1136161 1148069 1249189 1112366 1249260 1183750 1136182 1165954 1142112 1171855 969594 1189699 1267064 1183755 1231343 1171854 1088643 1029081 1201599 1159956 1058904 1183811 1159957 1207546 1142118 1088646 1112444 1124319 1136161 1130212 1029159 1017224 1171854 1088569 1207608 1142151 1046950 1094568 1195650 1118327 1154007 1219445 1124271 1219443 1159956 1118393 1154008 1148070 1112365 1159997 1160004 1100468 1183796 1171855 1148056 1100467 1159954 1243284 1148056 1106469 1165906 1195650 1165964 1136160 1064836 1183796 1165930 1148059 1076683 1237290 1165969 1118314 1029146 1094551 1183752 1106417 1112409 1159956 1058891 1177876 1177871 1183799 1136161 1118367 1195671 1189728 1278935 1159954 1219451 1100467 1136205 1171872 1124263 1130212 1118354 1189701 1165945 1183750 1154082 1177803 1142110 1183771 1106417 1052949 1201598 1070755 1124263 1148058 1136240 1231369 1177849]
Response/bytes (per Connection):  [1749966 1697728 1810954 1593316 1628081 1549715 1767376 1776097 1706417 1602029 1793491 1610657 1662882 1863146 1645553 1636782 1758753 1758665 1715147 1549788 1680408 1749971 1654185 1749963 1619371 1654202 1723897 1558504 1845738 1715147 1610748 1689023 1662903 1584624 1697808 1723843 1602037 1689113 1601963 1715126 1784838 1758712 1636780 1541047 1776131 1662899 1645574 1636782 1610729 1575838 1776093 1680322 1776075 1767460 1628160 1523653 1723905 1497509 1689042 1697730 1750050 1645484 1628095 1662907 1671610 1671695 1610654 1697760 1758665 1689097 1628069 1584533 1619370 1689033 1741257 1575854 1654285 1610730 1732546 1689104 1854497 1689004 1706438 1715150 1662991 1662962 1558518 1732540 1697762 1793514 1584611 1706508 1645536 1654203 1654224 1654176 1628097 1723835 1845757 1662989 1715192 1749956 1671677 1514889 1741249 1810952 1697710 1810983 1575887 1776169 1671614 1645542 1776080 1697736 1662979 1689018 1654220 1636877 1558497 1645580 1758669 1593250 1584613 1758679 1558511 1636805 1793492 1610645 1645564 1645526 1593326 1715192 1767392 1662897 1723857 1619377 1628083 1706508 1715126 1845726 1671650 1776095 1654247 1741298 1558432 1662980 1689017 1636795 1706425 1584542 1558491 1575842 1671605 1610685 1662960 1671612 1793503 1706514 1662912 1636867 1601993 1532363 1697800 1750055 1558504 1654244 1567122 1680369 1689015 1715131 1706442 1645481 1810913 1532306 1610672 1758700 1697787 1671605 1889326 1662895 1706509 1802246 1758676 1784800 1758747 1619366 1671606 1680356 1758714 1662911 1680319 1828317 1628066 1828396 1732544 1662940 1706518 1671616 1715139 1419118 1741263 1854464 1732561 1802197 1715142 1593335 1506169 1758685 1697724 1549812 1732601 1697715 1767382 1671610 1593322 1628144 1645541 1662897 1654196 1506261 1488838 1715128 1593247 1767426 1671637 1532330 1601996 1749962 1636805 1689015 1784805 1645491 1784785 1697728 1636847 1689008 1680326 1628079 1697797 1697772 1610652 1732632 1715131 1680312 1610661 1697720 1819694 1680312 1619449 1706424 1749956 1706484 1662898 1558478 1732632 1706438 1680311 1575859 1810916 1706509 1636774 1506258 1602011 1732556 1619375 1628095 1697710 1549777 1723936 1723903 1732635 1662897 1636831 1750013 1741302 1871869 1697728 1784797 1610655 1662975 1715182 1645481 1654180 1636800 1741241 1706461 1732556 1689112 1723841 1671606 1732557 1619359 1541097 1758686 1567183 1645475 1680310 1662974 1802251 1723889]
Requests Number (per Connection):  [201 195 208 183 187 178 203 204 196 184 206 185 191 214 189 188 202 202 197 178 193 201 190 201 186 190 198 179 212 197 185 194 191 182 195 198 184 194 184 197 205 202 188 177 204 191 189 188 185 181 204 193 204 203 187 175 198 172 194 195 201 189 187 191 192 192 185 195 202 194 187 182 186 194 200 181 190 185 199 194 213 194 196 197 191 191 179 199 195 206 182 196 189 190 190 190 187 198 212 191 197 201 192 174 200 208 195 208 181 204 192 189 204 195 191 194 190 188 179 189 202 183 182 202 179 188 206 185 189 189 183 197 203 191 198 186 187 196 197 212 192 204 190 200 179 191 194 188 196 182 179 181 192 185 191 192 206 196 191 188 184 176 195 201 179 190 180 193 194 197 196 189 208 176 185 202 195 192 217 191 196 207 202 205 202 186 192 193 202 191 193 210 187 210 199 191 196 192 197 163 200 213 199 207 197 183 173 202 195 178 199 195 203 192 183 187 189 191 190 173 171 197 183 203 192 176 184 201 188 194 205 189 205 195 188 194 193 187 195 195 185 199 197 193 185 195 209 193 186 196 201 196 191 179 199 196 193 181 208 196 188 173 184 199 186 187 195 178 198 198 199 191 188 201 200 215 195 205 185 191 197 189 190 188 200 196 199 194 198 192 199 186 177 202 180 189 193 191 207 198]
Requests/sec:  5602.882438151041 KB
Transfer/sec:  13803.281184895834 KB

