2023-12-03 07:18:17.735358093 +0800 CST m=+42653.013293465
Running 1m0s myx-test @ https://192.168.12.127:6443/apis/apps/v1/namespaces/myx-test/statefulsets
3 connections
Requests/bytes (per Connection):  [29998016 28877045 31291901]
Response/bytes (per Connection):  [50867961 48967124 53062007]
Requests Number (per Connection):  [5031 4843 5248]
Requests/sec:  1467.56123046875 KB
Transfer/sec:  3956.120670572917 KB

2023-12-03 07:19:58.002261384 +0800 CST m=+42753.280196783
Running 1m0s myx-test @ https://192.168.12.127:6443/apis/apps/v1/namespaces/myx-test/statefulsets
6 connections
Requests/bytes (per Connection):  [24870136 24297698 24154658 23111160 23266195 24905932]
Response/bytes (per Connection):  [42172541 41201819 40959347 39189828 39452731 42233267]
Requests Number (per Connection):  [4171 4075 4051 3876 3902 4177]
Requests/sec:  2353.609684244792 KB
Transfer/sec:  6344.650260416666 KB

2023-12-03 07:21:38.24436663 +0800 CST m=+42853.522302008
Running 1m0s myx-test @ https://192.168.12.127:6443/apis/apps/v1/namespaces/myx-test/statefulsets
9 connections
Requests/bytes (per Connection):  [19181771 18066787 19342767 19080401 19223541 18186046 18782314 18323192 19414322]
Response/bytes (per Connection):  [32526704 30636051 32799713 32354803 32597575 30838288 31849392 31070855 32921054]
Requests Number (per Connection):  [3217 3030 3244 3200 3224 3050 3150 3073 3256]
Requests/sec:  2760.435237630208 KB
Transfer/sec:  7441.334244791667 KB

2023-12-03 07:23:18.522985964 +0800 CST m=+42953.800921345
Running 1m0s myx-test @ https://192.168.12.127:6443/apis/apps/v1/namespaces/myx-test/statefulsets
15 connections
Requests/bytes (per Connection):  [11889483 11454213 10965294 10756591 11424436 11728518 10977219 11811945 11776247 10786407 11424436 10893738 11770234 11460213 11835876]
Response/bytes (per Connection):  [20161111 19423022 18593979 18240065 19372576 19888195 18614200 20029598 19969166 18290628 19372576 18472635 19958904 19433245 20070283]
Requests Number (per Connection):  [1994 1921 1839 1804 1916 1967 1841 1981 1975 1809 1916 1827 1974 1922 1985]
Requests/sec:  2782.46826171875 KB
Transfer/sec:  7500.732958984375 KB

2023-12-03 07:24:58.767222542 +0800 CST m=+43054.045157920
Running 1m0s myx-test @ https://192.168.12.127:6443/apis/apps/v1/namespaces/myx-test/statefulsets
30 connections
Requests/bytes (per Connection):  [6385950 6403848 6833163 6493349 6833165 6815296 6707942 6374021 6666264 6499244 6320433 6791423 6684092 6481353 6743740 6385949 6779546 6743719 6815293 6791424 6266700 6546945 6815274 6737772 6660239 6391909 6618499 6779499 6862980 6863000]
Response/bytes (per Connection):  [10828683 10859046 11587047 11010894 11587053 11556777 11374701 10808450 11304106 11020802 10717679 11516266 11334259 10990460 11435433 10828680 11496189 11435370 11556768 11516269 10626473 11101689 11556711 11425306 11293808 10838783 11223027 11496048 11637613 11637673]
Requests Number (per Connection):  [1071 1074 1146 1089 1146 1143 1125 1069 1118 1090 1060 1139 1121 1087 1131 1071 1137 1131 1143 1139 1051 1098 1143 1130 1117 1072 1110 1137 1151 1151]
Requests/sec:  3240.4301920572916 KB
Transfer/sec:  8735.255436197916 KB

2023-12-03 07:26:39.476020666 +0800 CST m=+43154.753956048
Running 1m0s myx-test @ https://192.168.12.127:6443/apis/apps/v1/namespaces/myx-test/statefulsets
60 connections
Requests/bytes (per Connection):  [4012866 3756468 3762430 3804171 3726653 3798208 3601431 3786280 3631240 4054592 3953239 3553728 4030730 3941318 3857796 3768394 3923429 3762429 3833985 3732616 3661060 3869714 3887620 3899577 3941263 3643172 3762430 3804169 3798208 3613358 3678933 3947279 3810134 3887651 3744542 3887649 3881688 3708764 3649135 3875723 3631246 3929381 3833942 3726653 3672970 3696819 3613357 3905485 3899523 3714727 3869763 3833985 3845866 3595469 3869761 3959164 3684913 3631246 3905538 3667008]
Response/bytes (per Connection):  [6804677 6369894 6380003 6450787 6319334 6440675 6106985 6420445 6157527 6875416 6703566 6026092 6834938 6683357 6541669 6390118 6653021 6380000 6501344 6329446 6208102 6561869 6592256 6612573 6683192 6177769 6380003 6450781 6440675 6127212 6238390 6693463 6460899 6592349 6349670 6592343 6582237 6288998 6187881 6572119 6157545 6663100 6501215 6319334 6228278 6268717 6127209 6622520 6612411 6299110 6562016 6501344 6521433 6096876 6562010 6713564 6248553 6157545 6622679 6218169]
Requests Number (per Connection):  [673 630 631 638 625 637 604 635 609 680 663 596 676 661 647 632 658 631 643 626 614 649 652 654 661 611 631 638 637 606 617 662 639 652 628 652 651 622 612 650 609 659 643 625 616 620 606 655 654 623 649 643 645 603 649 664 618 609 655 615]
Requests/sec:  3706.557421875 KB
Transfer/sec:  9991.806494140625 KB

2023-12-03 07:28:20.193150369 +0800 CST m=+43255.471085744
Running 1m0s myx-test @ https://192.168.12.127:6443/apis/apps/v1/namespaces/myx-test/statefulsets
90 connections
Requests/bytes (per Connection):  [2826275 2844223 2814337 2951529 2873958 3094586 3088624 2796482 3011105 2796450 2921693 2862112 2903804 2712960 2927637 2814330 2885940 3011130 2945565 2885884 2844193 2838181 2754741 3005172 2999180 2963401 2915732 2802471 2772592 2897858 3023111 2969419 2832297 2981329 2873959 2879921 3005143 2766627 3011106 2814332 3029007 2951555 2909762 2873970 2939570 2969426 2850159 3035019 2850107 2838181 2867996 2975326 2718958 2814347 2957444 2981289 2963403 2879922 2808428 3160241 2999180 2903794 2880000 2927704 2993216 2915699 2766626 2885963 2981289 2921741 2957440 2969365 2879992 2987313 2969381 2945511 3052879 2868075 2999180 3064811 2939551 3034957 3011132 3011107 2879951 2903773 2945578 2957512 3005140 2873959]
Response/bytes (per Connection):  [4792527 4823040 4772267 5004972 4873360 5247495 5237386 4742033 5105930 4741937 4954349 4853376 4924013 4600345 4964404 4772246 4893752 5106005 4994857 4893584 4822950 4812691 4671249 5095908 5085709 5025034 4944243 4752223 4701471 4913952 5126394 5035311 4802816 5055487 4873363 4883472 5095821 4691353 5105933 4772252 5136305 5005050 4934110 4873396 4984649 5035332 4833071 5146564 4832915 4812691 4863251 5045255 4610562 4772297 5014940 5055367 5025040 4883475 4762317 5358913 5085709 4923983 4883709 4964605 5075594 4944144 4691350 4893821 5055367 4954493 5014928 5035149 4883685 5065662 5035197 4994695 5176813 4863488 5085709 5197055 4984592 5146378 5106011 5105936 4883562 4923920 4994896 5015144 5095812 4873363]
Requests Number (per Connection):  [474 477 472 495 482 519 518 469 505 469 490 480 487 455 491 472 484 505 494 484 477 476 462 504 503 497 489 470 465 486 507 498 475 500 482 483 504 464 505 472 508 495 488 482 493 498 478 509 478 476 481 499 456 472 496 500 497 483 471 530 503 487 483 491 502 489 464 484 500 490 496 498 483 501 498 494 512 481 503 514 493 509 505 505 483 487 494 496 504 482]
Requests/sec:  4276.12822265625 KB
Transfer/sec:  11527.198860677083 KB

2023-12-03 07:30:00.528376385 +0800 CST m=+43355.806311772
Running 1m0s myx-test @ https://192.168.12.127:6443/apis/apps/v1/namespaces/myx-test/statefulsets
150 connections
Requests/bytes (per Connection):  [1753012 2080970 1896104 1919974 1872271 1973640 1949762 1902085 1890159 1943799 1878219 1878234 1896106 1949789 1943826 2003438 1836494 2075010 1985549 1830530 1908048 1753012 2021344 1890160 2051114 1890159 1967677 1961714 1896122 1914011 1979603 1812642 1782827 1776865 1931897 1908048 1782827 2009418 1872270 2039232 1890159 2003421 1925937 1902083 2140601 1997492 1997457 1967664 1991529 1842456 1896104 2021336 1979603 1919974 1991529 1973638 1949788 1770901 2063084 1884197 2104797 1937863 1949788 1896122 1919974 1967677 1896123 1955749 1914009 1824562 1961714 1806679 1991529 1854382 1812638 1973640 1931900 1949761 2033270 1830531 1788790 1884181 2015381 1931900 2092847 1973609 1860345 1955724 1842456 2045194 1908027 1818604 1931900 1908048 1866308 1896122 2009418 1919974 1866307 1955752 1878219 1806679 1866295 1919974 1884196 1908048 1908040 1902085 1842456 1961685 1848420 1955751 1955752 2063084 2039232 1979601 1931900 1860345 1890159 1806675 1884197 1925937 1902084 1896105 2075010 1866295 1914011 1991527 2015380 1961707 1896122 1908048 1919962 1919974 1812642 2039231 2003455 1884195 1925937 1794752 1908043 1896123 1991527 1949789 2057075 1902066 1806676 1896123 2045195 1914011]
Response/bytes (per Connection):  [2972598 3528737 3215226 3255728 3174835 3346733 3306207 3225392 3205168 3296095 3184902 3184947 3215232 3306288 3296176 3397242 3114166 3518634 3366906 3104051 3235504 2972598 3427629 3205171 3478054 3205168 3336621 3326509 3215280 3245616 3356845 3073718 3023158 3013049 3275943 3235504 3023158 3407405 3174832 3457962 3205168 3397191 3265840 3225386 3629860 3387181 3387076 3336582 3377069 3124275 3215226 3427605 3356845 3255728 3377069 3346727 3306285 3002934 3498410 3195059 3569110 3286064 3306285 3215280 3255728 3336621 3215283 3316391 3245610 3093924 3326509 3063606 3377069 3144499 3073706 3346733 3275952 3306204 3447853 3104054 3033270 3195011 3417517 3275952 3548814 3346640 3154611 3316316 3124275 3468071 3235441 3083827 3275952 3235504 3164723 3215280 3407405 3255728 3164720 3316400 3184902 3063606 3164684 3255728 3195056 3235504 3235480 3225392 3124275 3326422 3134390 3316397 3316400 3498410 3457962 3356839 3275952 3154611 3205168 3063594 3195059 3265840 3225389 3215229 3518634 3164684 3245616 3377063 3417514 3326488 3215280 3235504 3255692 3255728 3073718 3457959 3397293 3195053 3265840 3043379 3235489 3215283 3377063 3306288 3488160 3225335 3063597 3215283 3468074 3245616]
Requests Number (per Connection):  [294 349 318 322 314 331 327 319 317 326 315 315 318 327 326 336 308 348 333 307 320 294 339 317 344 317 330 329 318 321 332 304 299 298 324 320 299 337 314 342 317 336 323 319 359 335 335 330 334 309 318 339 332 322 334 331 327 297 346 316 353 325 327 318 322 330 318 328 321 306 329 303 334 311 304 331 324 327 341 307 300 316 338 324 351 331 312 328 309 343 320 305 324 320 313 318 337 322 313 328 315 303 313 322 316 320 320 319 309 329 310 328 328 346 342 332 324 312 317 303 316 323 319 318 348 313 321 334 338 329 318 320 322 322 304 342 336 316 323 301 320 318 334 327 345 319 303 318 343 321]
Requests/sec:  4700.72109375 KB
Transfer/sec:  12671.788199869792 KB

2023-12-03 07:31:40.964272566 +0800 CST m=+43456.242207941
Running 1m0s myx-test @ https://192.168.12.127:6443/apis/apps/v1/namespaces/myx-test/statefulsets
300 connections
Requests/bytes (per Connection):  [1031581 1097173 1120946 1204442 1079256 1174616 1138834 1073243 1132872 1049467 1126923 1168692 1252170 1109069 1073313 1019656 1287908 1144798 1150761 1091195 1079223 1132951 1103093 1204484 1025539 1115033 1103057 1013693 1049454 1031503 1073243 1049391 1049405 1055397 1007651 1126909 1097095 1126909 1109021 1156803 1132872 1132884 1055404 1114984 1001767 1043429 1192504 1150790 1138912 1091131 1061317 1138914 1144822 1115050 1061329 1103058 1097094 1126982 1144798 1109021 1150768 1180654 1091131 1097094 1156783 1180573 1126909 1055354 1246180 1079213 1120946 1162687 1055354 1025606 1109021 1073253 1246166 1204457 1103057 1073243 1109054 989823 1037466 1061317 1097138 953984 1061317 1001767 1073295 1061317 1132871 1067280 1150833 1037538 1007651 1061357 977875 1037496 1013614 1144820 1085247 1204506 1091197 1103137 1061322 1114997 1132907 1174653 1049392 1114983 1192499 1061349 1252161 1121025 1115062 953985 1067291 1150760 1174612 1156771 1174626 1186538 1162692 1079206 1138835 1168728 1150790 1109091 1204427 1138847 1025567 1186617 965924 1085240 1115049 1150821 1150840 1210390 1186538 1025540 1013676 1061358 1055379 983871 1109020 1180578 1204443 1138904 1043455 1079206 1126937 1121025 1025540 1049470 1150760 1222394 1192501 1085213 1061395 1162714 1091132 1168649 1174612 1144855 1126909 1019656 1120985 1204426 1061317 1150761 1174612 1162724 1138835 1025540 1126909 1138906 1210440 1168683 1103057 1079282 1186536 1043504 1121025 1115042 1150761 1132951 1132935 1120946 1049417 1109020 1037539 1073243 1001722 1085247 1055360 1031547 1138894 1109025 1031581 1079285 1138893 1120953 1085247 1144832 1120946 1126983 1120946 1097141 1126981 1049392 1091184 1204425 1162766 1144798 1174691 1270019 1073243 1174612 1097101 1019614 1114983 1031530 1138914 1126909 1073321 1150798 1067286 1109084 1180584 1061387 1067296 1192556 1115044 1198491 1109099 1085215 1168649 1007660 1162698 1091210 1204506 1091206 1121025 1156721 1150761 1180608 1162688 1097094 1144798 1073322 1025540 1085219 1186573 1067359 1025588 1132900 1144877 1126926 1031582 1073266 954064 1126909 965943 1067324 1150839 1025539 1025618 1132945 1079252 1031582 1222315 1168690 1079229 1085169 1234272 1073273 1109072 1097099 1103062 1150818 1091192 1132950 1103058 1168728 1115062 1162765 1067318 1150760 1079284 1120983 1162745 1103058 1073248 1114983 1025540 1097156 995725 1162736 1073258 1144826]
Response/bytes (per Connection):  [1749322 1860551 1900762 2042372 1830131 1991779 1931095 1819869 1920986 1779649 1910916 1981784 2123340 1880685 1820079 1729101 2183892 1941210 1951322 1850394 1830032 1921223 1870534 2042498 1738973 1890800 1870426 1718989 1779610 1749088 1819869 1779421 1779463 1789662 1708640 1910874 1860317 1910874 1880541 1961671 1920986 1921022 1789683 1890653 1698765 1769312 2022112 1951409 1931329 1850202 1799645 1931335 1941282 1890851 1799681 1870429 1860314 1911093 1941210 1880541 1951343 2002116 1850202 1860314 1961611 2001873 1910874 1789533 2113147 1830002 1900762 1971546 1789533 1739174 1880541 1819899 2113105 2042417 1870426 1819869 1880640 1678487 1759200 1799645 1860446 1617632 1799645 1698765 1820025 1799645 1920983 1809757 1951538 1759416 1708640 1799765 1658197 1759290 1718752 1941276 1840327 2042564 1850400 1870666 1799660 1890692 1921091 1991890 1779424 1890650 2022097 1799741 2123313 1900999 1890887 1617635 1809790 1951319 1991767 1961575 1991809 2011991 1971561 1829981 1931098 1981892 1951409 1880751 2042327 1931134 1739057 2012228 1637898 1840306 1890848 1951502 1951559 2052439 2011991 1738976 1718938 1799768 1789608 1668408 1880538 2001888 2042375 1931305 1769390 1829981 1910958 1900999 1738976 1779658 1951319 2072897 2022103 1840225 1799879 1971627 1850205 1981655 1991767 1941381 1910874 1729101 1900879 2042324 1799645 1951322 1991767 1971657 1931098 1738976 1910874 1931311 2052589 1981757 1870426 1830209 2011985 1769537 1900999 1890827 1951322 1921223 1921175 1900762 1779499 1880538 1759419 1819869 1698630 1840327 1789551 1749220 1931275 1880553 1749322 1830218 1931272 1900783 1840327 1941312 1900762 1911096 1900762 1860455 1911090 1779424 1850361 2042321 1971783 1941210 1992004 2153556 1819869 1991767 1860335 1728975 1890650 1749169 1931335 1910874 1820103 1951433 1809775 1880730 2001906 1799855 1809805 2022268 1890833 2032296 1880775 1840231 1981655 1708667 1971579 1850439 2042564 1850427 1900999 1961425 1951322 2001978 1971549 1860314 1941210 1820106 1738976 1840243 2012096 1809994 1739120 1921070 1941447 1910925 1749325 1819938 1617872 1910874 1637955 1809889 1951556 1738973 1739210 1921205 1830119 1749325 2072660 1981778 1830050 1840093 2092977 1819959 1880694 1860329 1870441 1951493 1850385 1921220 1870429 1981892 1890887 1971780 1809871 1951319 1830215 1900873 1971720 1870429 1819884 1890650 1738976 1860500 1688416 1971693 1819914 1941294]
Requests Number (per Connection):  [173 184 188 202 181 197 191 180 190 176 189 196 210 186 180 171 216 192 193 183 181 190 185 202 172 187 185 170 176 173 180 176 176 177 169 189 184 189 186 194 190 190 177 187 168 175 200 193 191 183 178 191 192 187 178 185 184 189 192 186 193 198 183 184 194 198 189 177 209 181 188 195 177 172 186 180 209 202 185 180 186 166 174 178 184 160 178 168 180 178 190 179 193 174 169 178 164 174 170 192 182 202 183 185 178 187 190 197 176 187 200 178 210 188 187 160 179 193 197 194 197 199 195 181 191 196 193 186 202 191 172 199 162 182 187 193 193 203 199 172 170 178 177 165 186 198 202 191 175 181 189 188 172 176 193 205 200 182 178 195 183 196 197 192 189 171 188 202 178 193 197 195 191 172 189 191 203 196 185 181 199 175 188 187 193 190 190 188 176 186 174 180 168 182 177 173 191 186 173 181 191 188 182 192 188 189 188 184 189 176 183 202 195 192 197 213 180 197 184 171 187 173 191 189 180 193 179 186 198 178 179 200 187 201 186 182 196 169 195 183 202 183 188 194 193 198 195 184 192 180 172 182 199 179 172 190 192 189 173 180 160 189 162 179 193 172 172 190 181 173 205 196 181 182 207 180 186 184 185 193 183 190 185 196 187 195 179 193 181 188 195 185 180 187 172 184 167 195 180 192]
Requests/sec:  5413.059781901042 KB
Transfer/sec:  14592.054736328126 KB

