2023-12-04 16:18:44.320961069 +0800 CST m=+6225.164545238
Running 1m0s myx-test @ https://192.168.12.127:6443/api/v1/namespaces/myx-test/configmaps
3 connections
Requests/bytes (per Connection):  [28635299 29808672 32909483]
Response/bytes (per Connection):  [35800357 37267324 41143988]
Requests Number (per Connection):  [7785 8104 8947]
Requests/sec:  1486.8726236979167 KB
Transfer/sec:  3345.7865071614583 KB

2023-12-04 16:20:24.464103091 +0800 CST m=+6325.307687258
Running 1m0s myx-test @ https://192.168.12.127:6443/api/v1/namespaces/myx-test/configmaps
6 connections
Requests/bytes (per Connection):  [26906571 29977886 26347409 26071496 30114017 26957925]
Response/bytes (per Connection):  [33639028 37478868 32940003 32595084 37649035 33703338]
Requests Number (per Connection):  [7315 8150 7163 7088 8187 7329]
Requests/sec:  2707.9313802083334 KB
Transfer/sec:  6093.435221354167 KB

2023-12-04 16:22:04.602436085 +0800 CST m=+6425.446020252
Running 1m0s myx-test @ https://192.168.12.127:6443/api/v1/namespaces/myx-test/configmaps
9 connections
Requests/bytes (per Connection):  [22426403 21889337 21966598 25435223 22474266 22573595 25269736 25534550 22099032]
Response/bytes (per Connection):  [28037873 27366453 27463033 31799554 28097678 28221849 31592633 31923724 27628592]
Requests Number (per Connection):  [6097 5951 5972 6915 6110 6137 6870 6942 6008]
Requests/sec:  3412.5771484375 KB
Transfer/sec:  7679.038557942708 KB

2023-12-04 16:23:44.725040638 +0800 CST m=+6525.568624819
Running 1m0s myx-test @ https://192.168.12.127:6443/api/v1/namespaces/myx-test/configmaps
15 connections
Requests/bytes (per Connection):  [19877346 18751802 18957812 18891526 19814815 18865845 18884240 20749075 19884712 20785857 20855754 19814817 20800631 19825872 20899936]
Response/bytes (per Connection):  [24851011 23443832 23701369 23618555 24772834 23586398 23609393 25940877 24860213 25986863 26074242 24772835 26005288 24786641 26129447]
Requests Number (per Connection):  [5404 5098 5154 5136 5387 5129 5134 5641 5406 5651 5670 5387 5655 5390 5682]
Requests/sec:  4844.727213541667 KB
Transfer/sec:  10901.690071614583 KB

2023-12-04 16:25:24.864010631 +0800 CST m=+6625.707594805
Running 1m0s myx-test @ https://192.168.12.127:6443/api/v1/namespaces/myx-test/configmaps
30 connections
Requests/bytes (per Connection):  [11093650 11873408 11318069 12072074 12038953 11704322 11987449 12013268 11766723 11866048 11101018 11174592 11814680 12053667 11045831 11737451 11777816 11031121 11858694 11943301 11840295 10898759 11145166 11866068 11123044 11829358 12013204 12097829 11899167 11321610]
Response/bytes (per Connection):  [13869477 14844370 14150016 15092716 15051320 14632890 14986935 15019161 14711002 14835171 13878680 13970657 14770854 15069715 13809694 14674290 14724827 13791301 14825975 14931747 14802978 13625778 13933868 14835181 13906250 14789231 15019129 15124910 14876566 14154546]
Requests Number (per Connection):  [3016 3228 3077 3282 3273 3182 3259 3266 3199 3226 3018 3038 3212 3277 3003 3191 3202 2999 3224 3247 3219 2963 3030 3226 3024 3216 3266 3289 3235 3078]
Requests/sec:  5685.329345703125 KB
Transfer/sec:  12793.22705078125 KB

2023-12-04 16:27:05.009880793 +0800 CST m=+6725.853464981
Running 1m0s myx-test @ https://192.168.12.127:6443/api/v1/namespaces/myx-test/configmaps
60 connections
Requests/bytes (per Connection):  [7043783 6709170 6348732 6955649 6418549 6554698 6749637 6403949 6808501 6797458 6782660 7036459 6720209 6429582 6885612 6867359 6848968 6359711 6966606 6407512 6900328 6834252 6455423 6823215 7191045 6944518 6797460 6488516 6558375 6889403 6933565 6495804 6985015 7058625 6517930 6933479 7062334 6893100 6801143 6705493 6558341 6878396 7007009 6370724 6951970 6569406 6834252 6742277 6510518 6676063 6720209 6694458 6403845 6812178 6856248 6804808 6528937 6790050 6653989 6973940]
Response/bytes (per Connection):  [8806334 8387913 7937263 8696039 8024602 8194778 8438501 8006264 8512085 8498285 8479848 8797153 8401711 8038397 8608590 8585666 8562673 7951031 8709796 8010805 8626986 8544277 8070634 8530480 8990345 8682195 8498286 8112016 8199376 8613245 8668440 8121179 8732798 8824793 8148799 8668397 8829407 8617853 8502887 8383315 8199359 8599463 8760352 7964816 8691440 8213170 8544277 8429302 8139574 8346524 8401711 8369519 8006212 8516683 8571832 8507479 8162581 8489062 8318930 8718982]
Requests Number (per Connection):  [1915 1824 1726 1891 1745 1782 1835 1741 1851 1848 1844 1913 1827 1748 1872 1867 1862 1729 1894 1742 1876 1858 1755 1855 1955 1888 1848 1764 1783 1873 1885 1766 1899 1919 1772 1885 1920 1874 1849 1823 1783 1870 1905 1732 1890 1786 1858 1833 1770 1815 1827 1820 1741 1852 1864 1850 1775 1846 1809 1896]
Requests/sec:  6586.937581380208 KB
Transfer/sec:  14822.040283203125 KB

2023-12-04 16:28:45.241370454 +0800 CST m=+6826.084954623
Running 1m0s myx-test @ https://192.168.12.127:6443/api/v1/namespaces/myx-test/configmaps
90 connections
Requests/bytes (per Connection):  [5109131 5134926 5087081 5039296 5160563 4892046 5432833 5002528 5186306 5120152 5281960 5171680 5388645 5281958 4925273 5278407 5017084 4943616 5160559 5065067 5017242 5223112 5009726 5094423 5395999 5304032 5168057 5418073 5175337 4958224 4976635 5234131 5274608 5274598 5116569 5127444 5292993 4950956 5131271 5219527 5366579 5028165 5289414 5197469 5219513 5112754 5017096 5145963 5131127 4892004 5322423 5278343 5142164 5274644 5138483 5396033 5039156 5057585 5149656 5237866 5013459 5311390 5175377 5329781 5050351 5274730 5017242 5296672 5373927 5234135 5179038 5087023 4969417 5105492 4995020 4991395 5223148 5403397 5101791 5333558 4976723 5318748 5285651 5245172 5274700 4947345 5223098 5186306 5149544 5307707]
Response/bytes (per Connection):  [6387511 6419725 6359929 6300163 6451860 6116158 6792198 6254184 6484048 6401300 6603622 6465697 6736990 6603621 6157607 6599086 6272500 6180576 6451858 6332365 6272579 6530046 6263302 6369119 6746186 6631215 6461126 6773780 6470285 6198918 6221921 6543834 6594427 6594422 6396749 6410465 6617417 6189765 6415138 6525494 6709400 6286319 6612868 6497908 6525487 6392082 6272506 6433522 6415066 6116137 6654208 6599054 6428863 6594445 6424263 6746203 6300093 6323105 6438128 6548461 6267928 6640413 6470305 6663406 6313969 6594488 6272579 6622016 6718593 6543836 6474895 6359900 6212793 6382932 6244911 6240339 6530064 6755404 6378322 6668054 6221965 6649611 6608227 6557633 6594473 6185200 6530039 6484048 6438072 6635812]
Requests Number (per Connection):  [1389 1396 1383 1370 1403 1330 1477 1360 1410 1392 1436 1406 1465 1436 1339 1435 1364 1344 1403 1377 1364 1420 1362 1385 1467 1442 1405 1473 1407 1348 1353 1423 1434 1434 1391 1394 1439 1346 1395 1419 1459 1367 1438 1413 1419 1390 1364 1399 1395 1330 1447 1435 1398 1434 1397 1467 1370 1375 1400 1424 1363 1444 1407 1449 1373 1434 1364 1440 1461 1423 1408 1383 1351 1388 1358 1357 1420 1469 1387 1450 1353 1446 1437 1426 1434 1345 1420 1410 1400 1443]
Requests/sec:  7566.078157552083 KB
Transfer/sec:  17025.315315755208 KB

2023-12-04 16:30:25.392155715 +0800 CST m=+6926.235739895
Running 1m0s myx-test @ https://192.168.12.127:6443/api/v1/namespaces/myx-test/configmaps
150 connections
Requests/bytes (per Connection):  [3431841 3479616 3490701 3174357 3494380 3306761 3343531 3420806 3218483 3464888 3391374 3225827 3509058 3185360 3325146 3395053 3310440 3446557 3413448 3494350 3402411 3365623 3336193 3406086 3450232 3586351 3159609 3361914 3490703 3354560 3266314 3531152 3663588 3376660 3501738 3428162 3350907 3387695 3361916 3402411 3538402 3281010 3439199 3314119 3472308 3339870 3380309 3406090 3317794 3501662 3523762 3369302 3380299 3328835 3475987 3457592 3350903 3317798 3435516 3486928 3464868 3082354 3424483 3387695 3391374 3395017 3369302 3384016 3295724 3461271 3281008 3244242 3479610 3475983 3391340 3321475 3284687 3527491 3398710 3600931 3508988 3461271 3325156 3483341 3461197 3420804 3424421 3292047 3244222 3281014 3284689 3402411 3512775 3402411 3520133 3468629 3553234 3420800 3299405 3306763 3211167 3402411 3420802 3512685 3439193 3501722 3461267 3159609 3225857 3461267 3380337 3347228 3218469 3354586 3354586 3505313 3225873 3387697 3321477 3317798 3589894 3244256 3549559 3472308 3534843 3328835 3417127 3354586 3082378 3380337 3395053 3174323 3435518 3406090 3203813 3284703 3428158 3505417 3453837 3284703 3269973 3442804 3468615 3196397 3520019 3498059 3292047 3365621 3380301 3420804]
Response/bytes (per Connection):  [4290534 4350295 4364116 3968627 4368715 4134171 4180151 4276738 4023804 4331893 4239946 4032995 4387092 3982407 4157161 4244545 4138770 4308930 4267540 4368700 4253743 4207754 4170963 4258340 4313527 4483688 3950215 4203140 4364117 4193944 4083593 4414696 4580256 4221551 4377913 4285935 4189358 4235347 4203141 4253743 4423840 4101979 4299732 4143369 4341122 4175561 4226135 4258342 4147966 4377875 4405482 4212353 4226130 4161765 4345721 4322726 4189356 4147968 4295131 4359470 4331883 3853638 4281336 4235347 4239946 4244527 4212353 4230748 4120374 4327325 4101978 4056000 4350292 4345719 4239929 4152566 4106577 4410106 4249133 4502016 4387057 4327325 4157166 4354917 4327288 4276737 4281305 4115776 4055990 4101981 4106578 4253743 4391710 4253743 4400908 4336523 4442294 4276735 4124974 4134172 4014627 4253743 4276736 4391665 4299729 4377905 4327323 3950215 4033010 4327323 4226149 4184759 4023797 4193957 4193957 4382460 4033018 4235348 4152567 4147968 4488219 4056007 4437697 4341122 4419301 4161765 4272139 4193957 3853650 4226149 4244545 3968610 4295132 4258342 4005431 4106585 4285933 4382512 4318089 4106585 4088182 4304294 4336516 3996204 4400851 4373314 4115776 4207753 4226131 4276737]
Requests Number (per Connection):  [933 946 949 863 950 899 909 930 875 942 922 877 954 866 904 923 900 937 928 950 925 915 907 926 938 975 859 914 949 912 888 960 996 918 952 932 911 921 914 925 962 892 935 901 944 908 919 926 902 952 958 916 919 905 945 940 911 902 934 948 942 838 931 921 922 923 916 920 896 941 892 882 946 945 922 903 893 959 924 979 954 941 904 947 941 930 931 895 882 892 893 925 955 925 957 943 966 930 897 899 873 925 930 955 935 952 941 859 877 941 919 910 875 912 912 953 877 921 903 902 976 882 965 944 961 905 929 912 838 919 923 863 934 926 871 893 932 953 939 893 889 936 943 869 957 951 895 915 919 930]
Requests/sec:  8270.652685546875 KB
Transfer/sec:  18610.76687825521 KB

2023-12-04 16:32:05.588358534 +0800 CST m=+7026.431942716
Running 1m0s myx-test @ https://192.168.12.127:6443/api/v1/namespaces/myx-test/configmaps
300 connections
Requests/bytes (per Connection):  [1945763 1945767 2000946 2096654 1997267 1916359 1938525 1964206 1975193 2129747 1967853 2023018 1934802 1993704 1975321 1934730 1879549 2037734 1883224 2019341 1982567 1820781 1883228 2034131 1839082 1894303 1975319 2096596 2008304 1872191 1905302 2026699 2019341 1886907 1986232 2008304 2162814 1960583 1912658 1960479 1890586 1916429 2008304 1850259 1971518 2026703 1971558 1949534 2048823 1920060 1923789 2037734 2067168 1993592 1953183 1978954 2115039 1842761 1967871 2063521 1868586 1879549 2133424 1989911 2000946 1938497 1875870 2023020 1908975 1975207 1993618 2056161 2085627 2085563 1978928 1993592 1927508 1945765 1960483 1949492 1945763 1920012 1942232 2004707 1975197 2085559 1938491 1905458 1997267 2070843 1912664 1772872 1953121 2133384 1989915 2041503 1901619 1835561 1975255 1912708 1989909 1905302 1982585 1982555 1916337 2074524 1934732 1872333 2081880 1864865 2056197 2092977 2012089 1927374 1875986 1883224 1780264 2059808 1978874 1923777 2019341 1912712 1960571 2008308 1942204 1986230 1920086 1949452 1894361 1868512 1912658 1909083 2103954 1861190 1916337 2034137 2008308 1949446 1927452 1931085 2030472 1990027 1934728 1875878 2059808 1853902 2004691 1923819 2030432 1967839 1953121 2056131 1956916 2015660 1875966 1975197 1964290 2111310 1945765 1967841 1927370 1971556 1769341 2173851 2023118 1945871 2034143 1916431 2008304 1894261 1986350 2001054 2059806 1971514 2023120 2015666 1934730 1967837 2092917 1931049 2011987 1945765 2015664 1993592 2012003 1879681 2048857 1949536 1923843 1912784 1942088 2092917 2023018 1938411 1989915 1967837 2100273 1908979 2034057 2085625 1971520 2067164 1897940 2034105 1875870 1949444 1949442 1953121 1901721 1894265 2177530 1975235 1894299 1964178 2048797 1997267 1949446 1923731 2151779 2092917 1978872 1978874 1960553 2030378 2011983 2059868 1964236 2012003 1828047 1956804 2004647 1886927 1934728 1990019 1817156 2004629 1953225 1978972 1967841 1949450 1875896 2045116 1953123 1872223 1923791 1949448 2015662 1890664 1879545 2011987 1934732 1942084 1850197 2030440 2008320 1953219 2034113 1960479 1886907 2015762 2030376 2140742 1897960 2034057 1842771 1993590 1901623 1916435 2107687 1886915 1894421 2067206 1861196 1986234 1967967 1967909 2026791 2026733 1964158 2063527 1964206 2015666 1920016 1942204 1938411 2052450 1879549 2023022 1901677 1975195 2008392 2019413 1942084 2034059 1989909 1868604 2052448 1989909 1949444 1931049]
Response/bytes (per Connection):  [2432657 2432659 2501641 2621242 2497042 2395879 2423519 2455676 2469448 2662624 2460259 2529234 2418898 2492501 2469512 2418862 2349879 2547630 2354476 2524636 2478654 2276343 2354478 2543069 2299291 2368294 2469511 2621213 2510839 2340681 2382072 2533834 2524636 2359077 2483246 2510839 2703993 2451105 2391269 2451053 2363676 2395914 2510839 2313158 2464851 2533836 2464871 2437302 2561453 2400489 2405113 2547630 2584423 2492445 2441886 2474088 2644232 2303890 2460268 2579840 2336119 2349879 2667222 2487845 2501641 2423505 2345280 2529235 2386668 2469455 2492458 2570641 2607450 2607418 2474075 2492445 2409732 2432658 2451055 2437281 2432657 2400465 2428132 2506281 2469450 2607416 2423502 2382150 2497042 2589020 2391272 2216515 2441855 2667202 2487847 2552274 2377471 2294771 2469479 2391294 2487844 2382072 2478663 2478648 2395868 2593620 2418863 2340752 2602817 2331499 2570659 2616644 2515491 2409665 2345338 2354476 2225730 2575224 2474048 2405107 2524636 2391296 2451099 2510841 2428118 2483245 2400502 2437261 2368323 2336082 2391269 2386722 2630411 2326902 2395868 2543072 2510841 2437258 2409704 2414280 2538480 2487903 2418861 2345284 2575224 2317739 2506273 2405128 2538460 2460252 2441855 2570626 2446512 2520036 2345328 2469450 2455718 2639608 2432658 2460253 2409663 2464870 2211990 2717790 2529284 2432711 2543075 2395915 2510839 2368273 2483305 2501695 2575223 2464849 2529285 2520039 2418862 2460251 2616614 2414262 2515440 2432658 2520038 2492445 2515448 2349945 2561470 2437303 2405140 2391332 2428060 2616614 2529234 2423462 2487847 2460251 2625811 2386670 2543032 2607449 2464852 2584421 2372872 2543056 2345280 2437257 2437256 2441855 2377522 2368275 2722389 2469469 2368292 2455662 2561440 2497042 2437258 2405084 2690197 2616614 2474047 2474048 2451090 2538433 2515438 2575254 2455691 2515448 2285495 2446456 2506251 2359087 2418861 2487899 2271771 2506242 2441907 2474097 2460253 2437260 2345293 2556840 2441856 2340697 2405114 2437259 2520037 2363715 2349877 2515440 2418863 2428058 2313127 2538464 2510847 2441904 2543060 2451053 2359077 2520087 2538432 2676400 2372882 2543032 2303895 2492444 2377473 2395917 2635037 2359081 2368353 2584442 2326905 2483247 2460316 2460287 2533880 2533851 2455652 2579843 2455676 2520039 2400467 2428118 2423462 2566026 2349879 2529236 2377500 2469449 2510883 2524672 2428058 2543033 2487844 2336128 2566025 2487844 2437257 2414262]
Requests Number (per Connection):  [529 529 544 570 543 521 527 534 537 579 535 550 526 542 537 526 511 554 512 549 539 495 512 553 500 515 537 570 546 509 518 551 549 513 540 546 588 533 520 533 514 521 546 503 536 551 536 530 557 522 523 554 562 542 531 538 575 501 535 561 508 511 580 541 544 527 510 550 519 537 542 559 567 567 538 542 524 529 533 530 529 522 528 545 537 567 527 518 543 563 520 482 531 580 541 555 517 499 537 520 541 518 539 539 521 564 526 509 566 507 559 569 547 524 510 512 484 560 538 523 549 520 533 546 528 540 522 530 515 508 520 519 572 506 521 553 546 530 524 525 552 541 526 510 560 504 545 523 552 535 531 559 532 548 510 537 534 574 529 535 524 536 481 591 550 529 553 521 546 515 540 544 560 536 550 548 526 535 569 525 547 529 548 542 547 511 557 530 523 520 528 569 550 527 541 535 571 519 553 567 536 562 516 553 510 530 530 531 517 515 592 537 515 534 557 543 530 523 585 569 538 538 533 552 547 560 534 547 497 532 545 513 526 541 494 545 531 538 535 530 510 556 531 509 523 530 548 514 511 547 526 528 503 552 546 531 553 533 513 548 552 582 516 553 501 542 517 521 573 513 515 562 506 540 535 535 551 551 534 561 534 548 522 528 527 558 511 550 517 537 546 549 528 553 541 508 558 541 530 525]
Requests/sec:  9621.686067708333 KB
Transfer/sec:  21650.88525390625 KB

