2023-12-05 07:48:34.207601878 +0800 CST m=+62015.051186070
Running 1m0s myx-test @ https://192.168.12.127:6443/apis/apps/v1/namespaces/myx-test/controllerrevisions
3 connections
Requests/bytes (per Connection):  [30518094 30145492 34322597]
Response/bytes (per Connection):  [37695552 37235301 42394833]
Requests Number (per Connection):  [8190 8090 9211]
Requests/sec:  1545.999072265625 KB
Transfer/sec:  3455.596826171875 KB

2023-12-05 07:50:14.329964464 +0800 CST m=+62115.173548646
Running 1m0s myx-test @ https://192.168.12.127:6443/apis/apps/v1/namespaces/myx-test/controllerrevisions
6 connections
Requests/bytes (per Connection):  [29415110 32429693 28379306 32321624 28368125 29240041]
Response/bytes (per Connection):  [36333168 40056715 35053685 39923235 35039876 36116877]
Requests Number (per Connection):  [7894 8703 7616 8674 7613 7847]
Requests/sec:  2932.1923665364584 KB
Transfer/sec:  6553.995035807292 KB

2023-12-05 07:51:54.492802306 +0800 CST m=+62215.336386487
Running 1m0s myx-test @ https://192.168.12.127:6443/apis/apps/v1/namespaces/myx-test/controllerrevisions
9 connections
Requests/bytes (per Connection):  [24705106 26463896 24451754 26560848 23438232 26035473 23482934 24470375 23553701]
Response/bytes (per Connection):  [30515438 32687877 30202476 32807580 28950571 32158623 29005796 30225484 29093230]
Requests Number (per Connection):  [6630 7102 6562 7128 6290 6987 6302 6567 6321]
Requests/sec:  3632.1992024739584 KB
Transfer/sec:  8118.64248046875 KB

2023-12-05 07:53:34.641785956 +0800 CST m=+62315.485370147
Running 1m0s myx-test @ https://192.168.12.127:6443/apis/apps/v1/namespaces/myx-test/controllerrevisions
15 connections
Requests/bytes (per Connection):  [19279742 20218736 19957930 18091055 20054758 18161860 20233630 19406452 19320737 18124568 19980222 19346750 18102236 19492011 18050056]
Response/bytes (per Connection):  [23814044 24973895 24651727 22345800 24771368 22433253 24992300 23970542 23864676 22387212 24679310 23896859 22359609 24076330 22295166]
Requests Number (per Connection):  [5174 5426 5356 4855 5382 4874 5430 5208 5185 4864 5362 5192 4858 5231 4844]
Requests/sec:  4684.582405598959 KB
Transfer/sec:  10470.91201171875 KB

2023-12-05 07:55:14.782727737 +0800 CST m=+62415.626311917
Running 1m0s myx-test @ https://192.168.12.127:6443/apis/apps/v1/namespaces/myx-test/controllerrevisions
30 connections
Requests/bytes (per Connection):  [12024623 11946362 10809987 10996187 10850844 12032195 11994815 10996263 11890461 11946362 11838285 11737716 10944013 11823377 11786125 11875553 11924080 11055815 11734093 11793597 10813570 11879334 11842140 10988811 11886880 11752568 11972577 11014820 11953812 11040911]
Response/bytes (per Connection):  [14852678 14756018 13352283 13582358 13402846 14861943 14815858 13582396 14686975 14756018 14622534 14498283 13517918 14604122 14558101 14668563 14728440 13656004 14493732 14567316 13356814 14673193 14627201 13573191 14682445 14516667 14788302 13605372 14765222 13637594]
Requests Number (per Connection):  [3227 3206 2901 2951 2912 3229 3219 2951 3191 3206 3177 3150 2937 3173 3163 3187 3200 2967 3149 3165 2902 3188 3178 2949 3190 3154 3213 2956 3208 2963]
Requests/sec:  5650.165625 KB
Transfer/sec:  12629.175830078126 KB

2023-12-05 07:56:54.908218239 +0800 CST m=+62515.751802408
Running 1m0s myx-test @ https://192.168.12.127:6443/apis/apps/v1/namespaces/myx-test/controllerrevisions
60 connections
Requests/bytes (per Connection):  [6889893 7370502 7199152 7243818 7377946 7191762 7046415 6483674 6722188 6960704 6744550 7221420 7295960 7359457 7288630 6796724 7038963 6789226 7050026 7135767 6711007 6673757 7165619 7266238 7169402 6934591 7188033 6807903 6986679 7117226 7180425 6859997 6874897 7311022 7232757 6763151 7132134 7232685 6629017 7255117 7318316 7050138 7456221 7169390 7076083 6755727 6625308 7154472 7378008 7370616 6662570 7258846 7173027 7333224 7322057 6774362 7221568 7284907 7385530 7206512]
Response/bytes (per Connection):  [8510282 9103982 8892290 8947497 9113183 8883116 8703602 8008567 8303152 8597738 8330770 8919861 9011921 9090241 9002777 8395210 8694397 8385982 8708147 8814026 8289343 8243323 8850868 8975144 8855499 8565505 8878512 8409018 8629902 8791058 8869229 8473418 8491826 9030410 8933748 8353768 8809470 8933712 8188079 8961365 9039536 8708203 9209850 8855493 8740352 8344577 8183485 8837076 9113214 9104039 8229511 8965969 8860051 9057948 9044146 8367592 8919935 8998176 9122454 8901449]
Requests Number (per Connection):  [1849 1978 1932 1944 1980 1930 1891 1740 1804 1868 1810 1938 1958 1975 1956 1824 1889 1822 1892 1915 1801 1791 1923 1950 1924 1861 1929 1827 1875 1910 1927 1841 1845 1962 1941 1815 1914 1941 1779 1947 1964 1892 2001 1924 1899 1813 1778 1920 1980 1978 1788 1948 1925 1968 1965 1818 1938 1955 1982 1934]
Requests/sec:  6912.033138020834 KB
Transfer/sec:  15449.679524739584 KB

2023-12-05 07:58:35.050423461 +0800 CST m=+62615.894007650
Running 1m0s myx-test @ https://192.168.12.127:6443/apis/apps/v1/namespaces/myx-test/controllerrevisions
90 connections
Requests/bytes (per Connection):  [5287673 5205541 5224176 5011747 5376975 5209334 5067694 5116097 5425426 5410610 5101191 5432956 5298730 5373310 5447838 5458961 5552136 5123583 5376971 5339703 5391877 5365794 5384425 5503687 5425420 5060324 5496231 5198245 5384425 5242941 5339703 5246590 5380702 5179610 5522318 5138617 5119982 5037924 5302489 5324795 5250343 5172144 5444133 5444059 5354685 5485050 5097558 5127430 5362065 5179612 5134754 5596854 5485048 5444053 5336048 5037928 5280075 5328622 5105076 5172158 5358452 5391879 5417966 5358342 5365790 5302575 5507436 5093895 5365790 5373310 5250369 5425424 5231696 5335976 5123551 5354615 5362063 5488777 5470150 5257875 5458989 5406885 5142344 4996849 5138617 5492502 5384425 5291258 5432922 5108801]
Response/bytes (per Connection):  [6531187 6429852 6452867 6190501 6641586 6434488 6259567 6319382 6701425 6683059 6300971 6710669 6544934 6637014 6729068 6742848 6857923 6328604 6641584 6595555 6659995 6627777 6650790 6798085 6701422 6250403 6788878 6420725 6650790 6475947 6595555 6480511 6646189 6397710 6821098 6347079 6324064 6222766 6549553 6577143 6485127 6388498 6724476 6724439 6614004 6775069 6296415 6333267 6623173 6397711 6342408 6913156 6775068 6724436 6590988 6222768 6521909 6581796 6305653 6388505 6618627 6659996 6692216 6618572 6627775 6549596 6802699 6291844 6627775 6637014 6485140 6701424 6462106 6590952 6328588 6613969 6623172 6779672 6756661 6494372 6742862 6678457 6351682 6172094 6347079 6784274 6650790 6535719 6710652 6310255]
Requests Number (per Connection):  [1419 1397 1402 1345 1443 1398 1360 1373 1456 1452 1369 1458 1422 1442 1462 1465 1490 1375 1443 1433 1447 1440 1445 1477 1456 1358 1475 1395 1445 1407 1433 1408 1444 1390 1482 1379 1374 1352 1423 1429 1409 1388 1461 1461 1437 1472 1368 1376 1439 1390 1378 1502 1472 1461 1432 1352 1417 1430 1370 1388 1438 1447 1454 1438 1440 1423 1478 1367 1440 1442 1409 1456 1404 1432 1375 1437 1439 1473 1468 1411 1465 1451 1380 1341 1379 1474 1445 1420 1458 1371]
Requests/sec:  7770.409651692708 KB
Transfer/sec:  17368.301318359376 KB

2023-12-05 08:00:15.199282575 +0800 CST m=+62716.042866769
Running 1m0s myx-test @ https://192.168.12.127:6443/apis/apps/v1/namespaces/myx-test/controllerrevisions
150 connections
Requests/bytes (per Connection):  [3487806 3759761 3621828 3536255 3595879 3562342 3633019 3644328 3476621 3525070 3476625 3547432 3513891 3502634 3472898 3580917 3457988 3465440 3394635 3394633 3435586 3584698 3577248 3730043 3737353 3651778 3480284 3487800 3532528 3618201 3815664 3435586 3633151 3577248 3562338 3390908 3372269 3454227 3547338 3566069 3465440 3651730 3528751 3487780 3528797 3569792 3525074 3651642 3532430 3484077 3685297 3465446 3528789 3614514 3461717 3469173 3525068 3640567 3726318 3644328 3588307 3614518 3375996 3633147 3532528 3715067 3618239 3506439 3707587 3733614 3685323 3554780 3439357 3636874 3487734 3618245 3398342 3692619 3498985 3357367 3633065 3416997 3528801 3782221 3510162 3599606 3457990 3737349 3733630 3342459 3551119 3662963 3603333 3554884 3592116 3674056 3681470 3491495 3506357 3416963 3547434 3614498 3502712 3416963 3614378 3662891 3644332 3469111 3599610 3573463 3670283 3402089 3476625 3819479 3551159 3498985 3495258 3599526 3532452 3722519 3685323 3580977 3636736 3405816 3435630 3547378 3688930 3647965 3547434 3558531 3603337 3439353 3450518 3603333 3577190 3688946 3413238 3577246 3547434 3443038 3443070 3476567 3484077 3554826 3495182 3551109 3659234 3402069 3741086 3614462]
Response/bytes (per Connection):  [4308075 4644036 4473708 4367913 4441557 4400133 4487522 4501395 4294264 4354102 4294266 4381720 4340294 4326447 4289663 4423118 4271250 4280455 4193002 4193001 4243612 4427748 4418544 4607261 4616395 4510599 4298835 4308072 4363310 4469155 4713080 4243612 4487588 4418544 4400131 4188399 4165382 4266630 4381673 4404736 4280455 4510575 4358682 4308062 4358705 4409337 4354104 4510531 4363261 4303471 4552014 4280458 4358701 4464572 4275854 4285061 4354101 4496775 4602659 4501395 4432292 4464574 4169985 4487586 4363310 4588815 4469174 4331089 4579596 4611786 4552027 4390873 4248237 4492189 4308039 4469177 4197595 4561154 4321883 4146973 4487545 4220620 4358707 4671703 4335690 4446160 4271251 4616393 4611794 4128561 4386303 4524410 4450763 4390925 4436936 4538175 4547361 4312659 4331048 4220603 4381721 4464564 4326486 4220603 4464504 4524374 4501397 4285030 4446162 4413912 4533549 4202208 4294266 4717727 4386323 4321883 4317280 4446120 4363272 4598020 4552027 4423148 4492120 4206811 4243634 4381693 4556570 4505953 4381721 4395488 4450765 4248235 4262036 4450763 4418515 4556578 4216001 4418543 4381721 4252817 4252833 4294237 4303471 4390896 4317242 4386298 4519806 4202198 4621001 4464546]
Requests Number (per Connection):  [936 1009 972 949 965 956 975 978 933 946 933 952 943 940 932 961 928 930 911 911 922 962 960 1001 1003 980 934 936 948 971 1024 922 975 960 956 910 905 927 952 957 930 980 947 936 947 958 946 980 948 935 989 930 947 970 929 931 946 977 1000 978 963 970 906 975 948 997 971 941 995 1002 989 954 923 976 936 971 912 991 939 901 975 917 947 1015 942 966 928 1003 1002 897 953 983 967 954 964 986 988 937 941 917 952 970 940 917 970 983 978 931 966 959 985 913 933 1025 953 939 938 966 948 999 989 961 976 914 922 952 990 979 952 955 967 923 926 967 960 990 916 960 952 924 924 933 935 954 938 953 982 913 1004 970]
Requests/sec:  8688.361897786459 KB
Transfer/sec:  19420.116927083334 KB

2023-12-05 08:01:55.455521934 +0800 CST m=+62816.299106104
Running 1m0s myx-test @ https://192.168.12.127:6443/apis/apps/v1/namespaces/myx-test/controllerrevisions
300 connections
Requests/bytes (per Connection):  [2146316 2090415 2001067 2041966 2097871 2038347 2023335 2041970 2101598 2157539 1941345 2157497 2235760 2094142 2123956 1993521 1952520 2217125 2068057 1952526 2015981 2172403 2012150 2202237 1952564 2038281 2172403 2123960 2038241 2060627 2034614 1967532 1967432 2090493 2176130 2071868 1993565 2090493 2075527 1997248 1874263 2142613 2105331 1993573 2079318 2012154 1986185 2082997 1859355 2228306 1989794 2150043 1963707 2064326 2198492 2045771 2120291 2127681 2068053 2053151 2217125 2112841 2012154 2008437 2090413 2012166 1982394 2090479 2194765 2000975 1937620 2004698 1945160 2053239 2135139 2142595 2157497 2049514 2060677 2030785 2049418 1982390 2071784 1948799 2049518 2068055 2027058 2112775 2097943 1960080 2004702 2116502 2150043 2068053 2079234 1948841 2075505 2161228 2019720 2071780 1997262 2012150 2209673 1974888 2030785 2138868 2030895 2064326 1803610 2146316 2101598 2030785 2030865 2030785 1960008 2127741 2071796 2064326 2183586 2019708 2086688 1933985 2138914 2041966 2138864 1926543 2053145 2012150 2012272 1971159 1967430 2183614 2064392 2049418 2075593 2097867 2053145 2023335 2038271 1986067 2012150 2112775 2142589 2056874 2060693 1941341 2038281 2109048 2220854 1982340 2071780 1963785 2150089 2101666 1915384 2123960 1896719 2056968 2094140 2060655 1911667 2008505 2015881 1907800 1885440 1941393 2138862 2209671 1900452 2034516 2150089 2101632 2086688 2183584 2105321 2235760 1989794 2135139 1956253 2012150 2030789 2123956 2075507 2097871 2008427 2001091 1967430 2038237 2101594 2075537 2194765 2086766 1919121 1982398 1918981 2105321 2202237 2097867 2034512 2045697 2101594 2086688 1997262 2041964 2049432 2097901 1971155 2053151 1978609 2090419 1952552 2101620 2194765 2112775 2027170 1986063 1971155 1937614 2008527 2038265 1993583 2131466 1997244 1948799 2056878 1930280 1911527 2164951 1952526 2157497 2090417 2023335 1934039 2027124 2302844 1866965 2090493 1915254 2213400 2045693 2068053 2056910 2120255 2090415 2086692 2030785 2056876 2075593 2001011 1971159 1933951 1989794 2123956 2146316 2041970 1963701 2116522 1941485 2209671 2123956 1915374 2015953 2127683 2045691 1974886 1978619 2045691 2027062 2161224 1989792 1967530 1956251 1889169 2023331 2105321 2056968 2027088 2086688 1859355 2138864 2034594 2038239 1911531 2015997 2068053 2075507 2049420 2105385 2064326 1993575 2224585 2127681 2082965 2030895 2038239 1896705 1825810 2179887 2071784 2056874]
Response/bytes (per Connection):  [2651110 2582067 2471645 2522229 2591274 2517680 2499216 2522231 2595877 2664940 2397952 2664919 2761580 2586670 2623493 2462393 2411758 2738565 2554451 2411761 2490060 2683330 2485405 2720163 2411780 2517647 2683330 2623495 2517627 2545257 2513074 2430222 2430172 2582106 2687933 2559096 2462415 2582106 2563665 2466996 2315100 2646519 2600483 2462419 2568300 2485407 2453246 2572879 2296688 2752374 2457790 2655713 2425570 2549846 2715551 2526871 2618921 2628095 2554449 2536040 2738565 2609717 2485407 2480809 2582066 2485413 2448611 2582099 2710948 2471599 2393350 2476200 2402599 2536084 2637303 2646510 2664919 2531482 2545282 2508420 2531434 2448609 2559054 2407158 2531484 2554450 2503817 2609684 2591310 2421017 2476202 2614287 2655713 2554449 2568258 2407179 2563654 2669524 2494669 2559052 2467003 2485405 2729360 2439379 2508420 2641907 2508475 2549846 2227723 2651110 2595877 2508420 2508460 2508420 2420981 2628125 2559060 2549846 2697140 2494663 2577464 2388793 2641930 2522229 2641905 2379593 2536037 2485405 2485466 2434775 2430171 2697154 2549879 2531434 2563698 2591272 2536037 2499216 2517642 2453187 2485405 2609684 2646507 2540641 2545290 2397950 2517647 2605081 2743169 2448584 2559052 2425609 2655736 2595911 2365795 2623495 2342765 2540688 2586669 2545271 2361197 2480843 2490010 2356524 2328907 2397976 2641904 2729359 2347371 2513025 2655736 2595894 2577464 2697139 2600478 2761580 2457790 2637303 2416364 2485405 2508422 2623493 2563655 2591274 2480804 2471657 2430171 2517625 2595875 2563670 2710948 2577503 2370403 2448613 2370333 2600478 2720163 2591272 2513023 2526834 2595875 2577464 2467003 2522228 2531441 2591289 2434773 2536040 2443979 2582069 2411774 2595888 2710948 2609684 2503873 2453185 2434773 2393347 2480854 2517639 2462424 2632727 2466994 2407158 2540643 2384201 2361127 2674125 2411761 2664919 2582068 2499216 2388820 2503850 2844433 2305972 2582106 2365730 2733963 2526832 2554449 2540659 2618903 2582067 2577466 2508420 2540642 2563698 2471617 2434775 2388776 2457790 2623493 2651110 2522231 2425567 2614297 2398022 2729359 2623493 2365790 2490046 2628096 2526831 2439378 2443984 2526831 2503819 2669522 2457789 2430221 2416363 2333511 2499214 2600478 2540688 2503832 2577464 2296688 2641905 2513064 2517626 2361129 2490068 2554449 2563655 2531435 2600510 2549846 2462420 2747774 2628095 2572863 2508475 2517626 2342758 2255260 2692551 2559054 2540641]
Requests Number (per Connection):  [576 561 537 548 563 547 543 548 564 579 521 579 600 562 570 535 524 595 555 524 541 583 540 591 524 547 583 570 547 553 546 528 528 561 584 556 535 561 557 536 503 575 565 535 558 540 533 559 499 598 534 577 527 554 590 549 569 571 555 551 595 567 540 539 561 540 532 561 589 537 520 538 522 551 573 575 579 550 553 545 550 532 556 523 550 555 544 567 563 526 538 568 577 555 558 523 557 580 542 556 536 540 593 530 545 574 545 554 484 576 564 545 545 545 526 571 556 554 586 542 560 519 574 548 574 517 551 540 540 529 528 586 554 550 557 563 551 543 547 533 540 567 575 552 553 521 547 566 596 532 556 527 577 564 514 570 509 552 562 553 513 539 541 512 506 521 574 593 510 546 577 564 560 586 565 600 534 573 525 540 545 570 557 563 539 537 528 547 564 557 589 560 515 532 515 565 591 563 546 549 564 560 536 548 550 563 529 551 531 561 524 564 589 567 544 533 529 520 539 547 535 572 536 523 552 518 513 581 524 579 561 543 519 544 618 501 561 514 594 549 555 552 569 561 560 545 552 557 537 529 519 534 570 576 548 527 568 521 593 570 514 541 571 549 530 531 549 544 580 534 528 525 507 543 565 552 544 560 499 574 546 547 513 541 555 557 550 565 554 535 597 571 559 545 547 509 490 585 556 552]
Requests/sec:  10012.701285807292 KB
Transfer/sec:  22380.254296875 KB

