2023-12-05 16:53:20.044078025 +0800 CST m=+16350.551385883
Running 1m0s myx-test @ https://192.168.12.127:6443/apis/batch/v1/namespaces/myx-test/cronjobs
3 connections
Requests/bytes (per Connection):  [27268431 31506621 28228846]
Response/bytes (per Connection):  [39929459 46135509 41335793]
Requests Number (per Connection):  [7013 8103 7260]
Requests/sec:  1416.0790690104166 KB
Transfer/sec:  3489.6591634114584 KB

2023-12-05 16:55:00.233465975 +0800 CST m=+16450.740773845
Running 1m0s myx-test @ https://192.168.12.127:6443/apis/batch/v1/namespaces/myx-test/cronjobs
6 connections
Requests/bytes (per Connection):  [29791916 28053849 28442573 27264530 27237363 30056262]
Response/bytes (per Connection):  [43624627 41079567 41648879 39923759 39883929 44011766]
Requests Number (per Connection):  [7662 7215 7315 7012 7005 7730]
Requests/sec:  2780.704638671875 KB
Transfer/sec:  6852.523111979167 KB

2023-12-05 16:56:40.373285895 +0800 CST m=+16550.880593781
Running 1m0s myx-test @ https://192.168.12.127:6443/apis/batch/v1/namespaces/myx-test/cronjobs
9 connections
Requests/bytes (per Connection):  [24398859 27112923 25425343 24266643 25266054 25495341 24523301 27182919 27276251]
Response/bytes (per Connection):  [35727542 39701725 37230652 35533951 36997278 37333142 35909747 39804214 39940868]
Requests Number (per Connection):  [6275 6973 6539 6241 6498 6557 6307 6991 7015]
Requests/sec:  3758.9133138020834 KB
Transfer/sec:  9263.130745442708 KB

2023-12-05 16:58:20.51116627 +0800 CST m=+16651.018474119
Running 1m0s myx-test @ https://192.168.12.127:6443/apis/batch/v1/namespaces/myx-test/cronjobs
15 connections
Requests/bytes (per Connection):  [21124905 21568191 19312951 20662336 21537051 20778894 19281841 19192404 20638872 20782759 21575925 19258661 21089924 19161292 20615538]
Response/bytes (per Connection):  [30933486 31582572 28280242 30256011 31537006 30426775 28234691 28103734 30221782 30432457 31593938 28200604 30882250 28058182 30187618]
Requests Number (per Connection):  [5433 5547 4967 5314 5539 5344 4959 4936 5308 5345 5549 4953 5424 4928 5302]
Requests/sec:  4989.933984375 KB
Transfer/sec:  12296.759309895833 KB

2023-12-05 17:00:00.656020428 +0800 CST m=+16751.163328295
Running 1m0s myx-test @ https://192.168.12.127:6443/apis/batch/v1/namespaces/myx-test/cronjobs
30 connections
Requests/bytes (per Connection):  [11800907 11629799 10731644 11909793 11975760 11629801 11723131 11602578 10735539 10890981 11703688 10906643 11594836 11797020 11824237 10677140 11641468 11789242 11645355 11917573 10770532 11715325 11727020 10898869 11765908 10684954 10661652 10556629 11944796 11618134]
Response/bytes (per Connection):  [17280186 17029654 15714442 17439615 17536340 17029655 17166308 16989797 15720139 15947840 17137839 15970669 16978427 17274493 17314348 15634697 17046737 17263105 17052430 17451004 15771381 17154906 17172002 15959283 17228941 15646103 15611955 15458207 17490862 17012573]
Requests Number (per Connection):  [3035 2991 2760 3063 3080 2991 3015 2984 2761 2801 3010 2805 2982 3034 3041 2746 2994 3032 2995 3065 2770 3013 3016 2803 3026 2748 2742 2715 3072 2988]
Requests/sec:  5574.071516927083 KB
Transfer/sec:  13736.244986979167 KB

2023-12-05 17:01:40.803432021 +0800 CST m=+16851.310739878
Running 1m0s myx-test @ https://192.168.12.127:6443/apis/batch/v1/namespaces/myx-test/cronjobs
60 connections
Requests/bytes (per Connection):  [6808425 6684023 6715115 6913370 6769443 6318389 6578892 6893885 6882216 6668335 6749996 6734444 6485670 6400006 6567225 7076652 6893881 6400098 6730551 6827772 6322388 6843326 6225169 6820002 6645079 6707261 6532226 6917215 6998880 6703330 6442839 6341679 6466273 6415720 6287377 6757882 6847251 6866684 7010541 6403953 6225171 6765552 6909483 6283342 6819994 6975548 6310721 6808333 6497383 7022212 6392266 6847217 6376702 6707337 6788988 6956125 7010547 6707223 6835550 6893939]
Response/bytes (per Connection):  [9969587 9787402 9832944 10123296 9912601 9252132 9633600 10094806 10077723 9764560 9884130 9861356 9497001 9371680 9616518 10362416 10094804 9371726 9855660 9998008 9257881 10020783 9115534 9986624 9730435 9821518 9565273 10128968 10248540 9815803 9434341 9286274 9468555 9394535 9206630 9895572 10026495 10054959 10265619 9377403 9115535 9906906 10117603 9200863 9986620 10214377 9240799 9969541 9514106 10282703 9360311 10026478 9337531 9821556 9941121 10185918 10265622 9821499 10009396 10094833]
Requests Number (per Connection):  [1751 1719 1727 1778 1741 1625 1692 1773 1770 1715 1736 1732 1668 1646 1689 1820 1773 1646 1731 1756 1626 1760 1601 1754 1709 1725 1680 1779 1800 1724 1657 1631 1663 1650 1617 1738 1761 1766 1803 1647 1601 1740 1777 1616 1754 1794 1623 1751 1671 1806 1644 1761 1640 1725 1746 1789 1803 1725 1758 1773]
Requests/sec:  6523.227473958334 KB
Transfer/sec:  16075.262141927084 KB

2023-12-05 17:03:20.992321999 +0800 CST m=+16951.499629857
Running 1m0s myx-test @ https://192.168.12.127:6443/apis/batch/v1/namespaces/myx-test/cronjobs
90 connections
Requests/bytes (per Connection):  [4735920 4654259 4790362 5008124 4996471 4840849 4895267 5089743 5155780 4805918 4852582 4996467 4770919 4957581 4689254 4918691 4856471 4895357 4872029 4860298 4813696 4794251 4778695 5035353 4887483 5015898 4961470 5151967 4697030 4875916 4977026 4708697 4763139 4844806 4837028 4708675 4599825 4689240 4580366 4996321 4984798 4903107 4821470 4700915 4988643 5039088 5070354 4887473 4627032 4747585 4961470 4630921 4615365 4665920 4782584 5000296 5011919 4712586 4942025 4864147 4906952 5085792 4654259 4790364 4914716 4673698 4957577 4786475 5132548 5023670 4732029 4891418 4774802 4848663 4852584 4712584 4868064 4689252 5046912 4918641 4872027 5027559 4821474 4938134 4875916 4774752 4739807 4852578 4802013 4980779]
Response/bytes (per Connection):  [6934851 6815281 7014565 7333418 7316343 7088552 7168254 7452967 7549727 7037341 7105667 7316341 6986096 7259403 6866524 7202463 7111361 7168299 7134138 7117024 7048729 7020259 6997483 7373279 7156863 7344804 7265097 7544071 6877911 7139831 7287873 6894993 6974707 7094280 7082892 6894982 6735571 6866517 6707094 7316268 7299258 7179673 7060115 6883603 7304930 7378896 7424525 7156858 6775421 6951932 7265097 6781115 6758339 6832360 7003177 7322005 7339065 6900687 7236627 7122698 7185345 7447242 6815281 7014566 7196726 6843748 7259401 7008872 7515614 7356189 6929156 7162580 6991787 7099958 7105668 6900686 7128406 6866523 7390307 7202438 7134137 7361883 7060117 7230932 7139831 6991762 6940544 7105665 7031639 7293499]
Requests Number (per Connection):  [1218 1197 1232 1288 1285 1245 1259 1309 1326 1236 1248 1285 1227 1275 1206 1265 1249 1259 1253 1250 1238 1233 1229 1295 1257 1290 1276 1325 1208 1254 1280 1211 1225 1246 1244 1211 1183 1206 1178 1285 1282 1261 1240 1209 1283 1296 1304 1257 1190 1221 1276 1191 1187 1200 1230 1286 1289 1212 1271 1251 1262 1308 1197 1232 1264 1202 1275 1231 1320 1292 1217 1258 1228 1247 1248 1212 1252 1206 1298 1265 1253 1293 1240 1270 1254 1228 1219 1248 1235 1281]
Requests/sec:  7116.910172526042 KB
Transfer/sec:  17538.280647786458 KB

2023-12-05 17:05:01.214722286 +0800 CST m=+17051.722030146
Running 1m0s myx-test @ https://192.168.12.127:6443/apis/batch/v1/namespaces/myx-test/cronjobs
150 connections
Requests/bytes (per Connection):  [3332239 3270041 3359474 3336110 3382776 3355603 3351664 3359462 3441107 3635549 3658829 3301117 3464441 3417775 3126118 3211666 3305096 3235004 3507218 3274006 3647140 3468330 3277839 3495551 3235032 3417775 3340003 3402269 3297220 3285557 3472219 3421662 3188334 3448885 3052313 3476108 3316691 3476106 3320620 3464439 3305002 3378887 3242900 3301113 3324443 3141748 3441123 3273962 3425553 3386663 3262223 3285555 3235004 3308887 3285555 3402223 3304998 3297260 3472225 3211672 3402223 3161147 3262227 3413886 3406110 3409997 3332221 3254571 3339999 3277815 3468330 3413886 3390566 3441109 3402219 3452774 3289444 3592730 3281768 3374998 3409997 3394443 3277777 3588883 3340079 3320646 3246671 3511107 3514996 3355553 3444998 3204004 3371109 3413930 3409997 3320558 3157264 3448885 3204002 3441107 3281764 3242898 3460570 3332237 3425591 3402221 3456667 3087388 3511107 3483886 3347855 3305012 3437220 3437220 3390558 3305098 3406110 3378887 3192241 3359444 3448889 3460552 3246733 3301147 3273922 3464457 3231121 3165006 3184567 3332221 3324443 3172942 3371175 3277859 3425553 3273888 3196116 3238889 3479997 3114451 3316665 3254555 3355629 3425591 3487773 3149450 3281666 3312854 3266114 3421664]
Response/bytes (per Connection):  [4879441 4788350 4919305 4885126 4953453 4913620 4907901 4919299 5038861 5323557 5357694 4833884 5073025 5004698 4577657 4702920 4839623 4737086 5135658 4794082 5340601 5078719 4799748 5118576 4737100 5004698 4890822 4981947 4828186 4811106 5084413 5010391 4668757 5050249 4469514 5090107 4856669 5090106 4862383 5073024 4839576 4947759 4748533 4833882 4868044 4600470 5038869 4794060 5016086 4959146 4776942 4811105 4737086 4845268 4811105 4981924 4839574 4828206 5084416 4702923 4981924 4628917 4776944 4999004 4987617 4993310 4879432 4765617 4890820 4799736 5078719 4999004 4964847 5038862 4981922 5055943 4816799 5260903 4805462 4942065 4993310 4970535 4799717 5255230 4890860 4862396 4754168 5141352 5147046 4913595 5044556 4691590 4936371 4999026 4993310 4862352 4623226 5050249 4691589 5038861 4805460 4748532 5067340 4879440 5016105 4981923 5061639 4520797 5141352 5101495 4902247 4839581 5033168 5033168 4964843 4839624 4987617 4947759 4674460 4919290 5050251 5067331 4754199 4833899 4794040 5073033 4731395 4634596 4663124 4879432 4868044 4646063 4936404 4799758 5016086 4794023 4680147 4742778 5095801 4560575 4856656 4765609 4913633 5016105 5107188 4611820 4805411 4851001 4782637 5010392]
Requests Number (per Connection):  [857 841 864 858 870 863 862 864 885 935 941 849 891 879 804 826 850 832 902 842 938 892 843 899 832 879 859 875 848 845 893 880 820 887 785 894 853 894 854 891 850 869 834 849 855 808 885 842 881 871 839 845 832 851 845 875 850 848 893 826 875 813 839 878 876 877 857 837 859 843 892 878 872 885 875 888 846 924 844 868 877 873 843 923 859 854 835 903 904 863 886 824 867 878 877 854 812 887 824 885 844 834 890 857 881 875 889 794 903 896 861 850 884 884 872 850 876 869 821 864 887 890 835 849 842 891 831 814 819 857 855 816 867 843 881 842 822 833 895 801 853 837 863 881 897 810 844 852 840 880]
Requests/sec:  8176.436735026042 KB
Transfer/sec:  20149.284830729168 KB

2023-12-05 17:06:41.390162142 +0800 CST m=+17151.897470070
Running 1m0s myx-test @ https://192.168.12.127:6443/apis/batch/v1/namespaces/myx-test/cronjobs
300 connections
Requests/bytes (per Connection):  [1668117 1520241 1578690 1520363 1520287 1601940 1609802 1520361 1675753 1559113 1574701 1640808 1664130 1582579 1481343 1512467 1543587 1403611 1508692 1598135 1586468 1664246 1609802 1726312 1722577 1524252 1539808 1442487 1586456 1582579 1640754 1664086 1465917 1714799 1617422 1664100 1695356 1527995 1524216 1520359 1586312 1520355 1563026 1563136 1598135 1524248 1531878 1652421 1629165 1465915 1629245 1465817 1640898 1567025 1516474 1714651 1594104 1695198 1528059 1574801 1551469 1590325 1761367 1516474 1543691 1671864 1520201 1632976 1582581 1574803 1578572 1617580 1574755 1497025 1415252 1504685 1633134 1644727 1590237 1535915 1590269 1551451 1613691 1532026 1555306 1454112 1543691 1559247 1609746 1458119 1675761 1574801 1567029 1566867 1508626 1559171 1559247 1528075 1672022 1613547 1465843 1691463 1675755 1578692 1555234 1547448 1609782 1637023 1555292 1504771 1516402 1415364 1671864 1640824 1559213 1528141 1609790 1489249 1578624 1675891 1570914 1590357 1629151 1703112 1625358 1648596 1364811 1625358 1563136 1742022 1551403 1625356 1574723 1473697 1543543 1652431 1531904 1578690 1563136 1535755 1551311 1667975 1508696 1691321 1640772 1415364 1621433 1524246 1415360 1652467 1496885 1613589 1516428 1672022 1601866 1640912 1637005 1489211 1555352 1567025 1512461 1753561 1664150 1683531 1434671 1640912 1473657 1493094 1567025 1504713 1516418 1668031 1675803 1594246 1520357 1512581 1543641 1605913 1609726 1539804 1613691 1672022 1566887 1559247 1621469 1528137 1543575 1524248 1578680 1555260 1419237 1528013 1691419 1640844 1582579 1644775 1551469 1446470 1629115 1547462 1481471 1559089 1481389 1380351 1605755 1520363 1524196 1675909 1664246 1559173 1636963 1563136 1493032 1621337 1395921 1516468 1504807 1594228 1559247 1566877 1477528 1512545 1520247 1679716 1660357 1574645 1578690 1598069 1617580 1551345 1609684 1590325 1442587 1598111 1547424 1555358 1656468 1648664 1535767 1528021 1675913 1656468 1605913 1442581 1504761 1524220 1446426 1543693 1594146 1555230 1539802 1590357 1578532 1528133 1788528 1605913 1605911 1450261 1609642 1683689 1594218 1617422 1559247 1636985 1535883 1582579 1469704 1539738 1477582 1586468 1586380 1512585 1516402 1563136 1563136 1469804 1578692 1706973 1827418 1563012 1594188 1636915 1582579 1632978 1605775 1683531 1563106 1438658 1512585 1671896 1508692 1539644 1586346 1594246 1609748 1601866 1570770 1508596 1621335 1551405]
Response/bytes (per Connection):  [2442594 2226175 2311642 2226236 2226198 2345764 2357194 2226235 2453911 2283106 2305898 2402693 2436851 2317336 2169231 2214789 2260345 2055375 2209152 2340112 2323030 2436909 2357194 2527934 2522317 2231930 2254706 2112308 2323024 2317336 2402666 2436829 2146520 2510929 2368503 2436836 2482460 2237551 2231912 2226234 2322952 2226232 2288812 2288867 2340112 2231928 2243242 2419748 2385623 2146519 2385663 2146470 2402738 2294561 2220542 2510855 2334347 2482381 2237583 2305948 2271785 2328708 2579207 2220542 2260397 2448217 2226155 2391278 2317337 2305949 2311583 2368582 2305925 2192070 2072444 2203399 2391357 2408402 2328664 2249010 2328680 2271776 2362888 2243316 2277453 2129369 2260397 2283173 2357166 2135122 2453915 2305948 2294563 2294482 2209119 2283135 2283173 2237591 2448296 2362816 2146483 2476764 2453912 2311643 2277417 2266025 2357184 2397051 2277446 2203442 2220506 2072500 2448217 2402701 2283156 2237624 2357188 2180683 2311609 2453980 2300255 2328724 2385616 2493837 2379970 2414086 1998480 2379970 2288867 2550787 2271752 2379969 2305909 2157909 2260323 2419753 2243255 2311642 2288867 2248930 2271706 2442523 2209154 2476693 2402675 2072500 2374258 2231927 2072498 2419771 2192000 2362837 2220519 2448296 2345727 2402745 2397042 2180664 2277476 2294561 2214786 2567805 2436861 2465299 2100901 2402745 2157889 2186355 2294561 2203413 2220514 2442551 2453936 2334418 2226233 2214846 2260372 2351500 2357156 2254704 2362888 2448296 2294492 2283173 2374276 2237622 2260339 2231928 2311637 2277430 2078186 2237560 2476742 2402711 2317336 2408426 2271785 2118049 2385598 2266032 2169295 2283094 2169254 2021248 2351421 2226236 2231902 2453989 2436909 2283136 2397021 2288867 2186324 2374210 2044031 2220539 2203460 2334409 2283173 2294487 2163574 2214828 2226178 2459642 2431215 2305870 2311642 2340079 2368582 2271723 2357135 2328708 2112358 2340100 2266013 2277479 2425521 2414120 2248936 2237564 2453991 2425521 2351500 2112355 2203437 2231914 2118027 2260398 2334368 2277415 2254703 2328724 2311563 2237620 2619034 2351500 2351499 2123694 2357114 2465378 2334404 2368503 2283173 2397032 2248994 2317336 2152163 2254671 2163601 2323030 2322986 2214848 2220506 2288867 2288867 2152213 2311643 2499517 2675974 2288805 2334389 2396997 2317336 2391279 2351431 2465299 2288852 2106644 2214848 2448233 2209152 2254624 2322969 2334418 2357167 2345727 2300183 2209104 2374209 2271753]
Requests Number (per Connection):  [429 391 406 391 391 412 414 391 431 401 405 422 428 407 381 389 397 361 388 411 408 428 414 444 443 392 396 371 408 407 422 428 377 441 416 428 436 393 392 391 408 391 402 402 411 392 394 425 419 377 419 377 422 403 390 441 410 436 393 405 399 409 453 390 397 430 391 420 407 405 406 416 405 385 364 387 420 423 409 395 409 399 415 394 400 374 397 401 414 375 431 405 403 403 388 401 401 393 430 415 377 435 431 406 400 398 414 421 400 387 390 364 430 422 401 393 414 383 406 431 404 409 419 438 418 424 351 418 402 448 399 418 405 379 397 425 394 406 402 395 399 429 388 435 422 364 417 392 364 425 385 415 390 430 412 422 421 383 400 403 389 451 428 433 369 422 379 384 403 387 390 429 431 410 391 389 397 413 414 396 415 430 403 401 417 393 397 392 406 400 365 393 435 422 407 423 399 372 419 398 381 401 381 355 413 391 392 431 428 401 421 402 384 417 359 390 387 410 401 403 380 389 391 432 427 405 406 411 416 399 414 409 371 411 398 400 426 424 395 393 431 426 413 371 387 392 372 397 410 400 396 409 406 393 460 413 413 373 414 433 410 416 401 421 395 407 378 396 380 408 408 389 390 402 402 378 406 439 470 402 410 421 407 420 413 433 402 370 389 430 388 396 408 410 414 412 404 388 417 399]
Requests/sec:  7688.048404947916 KB
Transfer/sec:  18945.7568359375 KB

