2023-12-05 09:53:22.577379226 +0800 CST m=+60.268670465
Running 1m0s myx-test @ https://192.168.12.127:6443/apis/apps/v1/namespaces/myx-test/daemonsets
3 connections
Requests/bytes (per Connection):  [4389536 2453240 3922806]
Response/bytes (per Connection):  [7161280 4002034 6399876]
Requests Number (per Connection):  [1138 636 1017]
Requests/sec:  175.22106119791667 KB
Transfer/sec:  461.0802734375 KB

2023-12-05 09:55:02.859462211 +0800 CST m=+160.550753441
Running 1m0s myx-test @ https://192.168.12.127:6443/apis/apps/v1/namespaces/myx-test/daemonsets
6 connections
Requests/bytes (per Connection):  [3390548 2048256 3830318 3834170 2017308 3409846]
Response/bytes (per Connection):  [5531200 3341112 6248311 6254626 3291336 5562584]
Requests Number (per Connection):  [879 531 993 994 523 884]
Requests/sec:  301.60231119791666 KB
Transfer/sec:  793.613525390625 KB

2023-12-05 09:56:43.122289916 +0800 CST m=+260.813581151
Running 1m0s myx-test @ https://192.168.12.127:6443/apis/apps/v1/namespaces/myx-test/daemonsets
9 connections
Requests/bytes (per Connection):  [3108958 3629710 1955584 3714582 1951836 3621986 3132116 1932438 3116624]
Response/bytes (per Connection):  [5071898 5921279 3190700 6059643 3183717 5908744 5109556 3152973 5084794]
Requests Number (per Connection):  [806 941 507 963 506 939 812 501 808]
Requests/sec:  425.84365234375 KB
Transfer/sec:  1120.55888671875 KB

2023-12-05 09:58:23.302276158 +0800 CST m=+360.993567395
Running 1m0s myx-test @ https://192.168.12.127:6443/apis/apps/v1/namespaces/myx-test/daemonsets
15 connections
Requests/bytes (per Connection):  [3039604 3274790 1839852 1797574 2970186 1832162 2977742 1797448 2900596 3313370 2958454 2927714 1847682 3151454 3220842]
Response/bytes (per Connection):  [4958144 5342671 3002019 2931851 4844793 2989276 4858384 2932643 4732541 5405551 4826930 4775833 3013872 5140705 5254236]
Requests Number (per Connection):  [788 849 477 466 770 475 772 466 752 859 767 759 479 817 835]
Requests/sec:  648.5916341145834 KB
Transfer/sec:  1706.688134765625 KB

2023-12-05 10:00:03.729526687 +0800 CST m=+461.420817919
Running 1m0s myx-test @ https://192.168.12.127:6443/apis/apps/v1/namespaces/myx-test/daemonsets
30 connections
Requests/bytes (per Connection):  [2673100 1589252 2314360 1608542 2661402 2329784 1596966 2310504 2275782 2731002 1554532 2746340 1619990 2626838 2352938 1569962 2653692 2241100 1585394 2734710 2364512 1585336 2557398 2476388 1608382 2703996 2379944 1562246 2445526 2696280]
Response/bytes (per Connection):  [4360742 2592214 3775610 2623654 4342656 3800818 2604804 3769308 3712716 4454853 2535608 4480603 2643325 4285063 3838504 2560774 4330053 3655874 2585926 4462101 3857368 2586302 4171851 4039762 2624669 4410837 3882520 2548198 3989444 4398261]
Requests Number (per Connection):  [693 412 600 417 690 604 414 599 590 708 403 712 420 681 610 407 688 581 411 709 613 411 663 642 417 701 617 405 634 699]
Requests/sec:  1076.76103515625 KB
Transfer/sec:  2833.343359375 KB

2023-12-05 10:01:44.035669243 +0800 CST m=+561.726960483
Running 1m0s myx-test @ https://192.168.12.127:6443/apis/apps/v1/namespaces/myx-test/daemonsets
60 connections
Requests/bytes (per Connection):  [1758886 1920900 1693412 1731990 1099344 1685586 1812846 2005792 1828362 1701128 1639286 1049162 1076166 1168752 1697166 1747264 1843758 1932440 1805234 1056918 1681754 1720260 1874574 1107054 1874582 1184184 1909292 1157180 1971094 1118602 2009638 1697270 1072308 1824566 1639404 1762728 1080024 1134032 1847568 1658584 1681682 1072308 1990308 1072330 1839958 1604646 1643236 1893862 1095458 1137892 1724196 1751122 1797416 1126326 1562250 1126322 1049162 1064640 1867006 1743564]
Response/bytes (per Connection):  [2869652 3133872 2762032 2824926 1793277 2750166 2958003 3272111 2982612 2774608 2674723 1711699 1755729 1906683 2768988 2851079 3008001 3152959 2944759 1724025 2743711 2807049 3058611 1805880 3058570 1931835 3115231 1887805 3215366 1824911 3278468 2768320 1749426 2975935 2673972 2876037 1762017 1850077 3014595 2706122 2744155 1749441 3247293 1749302 3001337 2617617 2680427 3090065 1787170 1856351 2812851 2857367 2932837 1837446 2548200 1837474 1711699 1736559 3045089 2843790]
Requests Number (per Connection):  [456 498 439 449 285 437 470 520 474 441 425 272 279 303 440 453 478 501 468 274 436 446 486 287 486 307 495 300 511 290 521 440 278 473 425 457 280 294 479 430 436 278 516 278 477 416 426 491 284 295 447 454 466 292 405 292 272 276 484 452]
Requests/sec:  1520.5529622395834 KB
Transfer/sec:  4001.18955078125 KB

2023-12-05 10:03:24.328335883 +0800 CST m=+662.019627122
Running 1m0s myx-test @ https://192.168.12.127:6443/apis/apps/v1/namespaces/myx-test/daemonsets
90 connections
Requests/bytes (per Connection):  [1315272 2376084 1365498 1350068 2418520 2082892 1361640 2333650 2225662 2325934 2125326 2329782 2406946 2356774 2129184 2302786 2044312 1280586 2044312 1303738 2399216 2387658 1299886 2090608 2391490 2025062 1353924 2079056 1365448 2036598 1276710 2160126 2125424 2063602 1377076 2329792 1299920 1380934 2314360 2345222 1284488 2048170 2364510 2086750 2163910 1357786 2160128 1361644 2163910 2399232 2075188 1350070 1288278 2403090 1288278 2044312 1323066 2322072 2190910 1369346 1361580 2410804 2279640 1338498 2341364 2183198 1392470 2356796 2318218 1326924 2368342 1307558 1303776 2160050 2148560 2171650 2133054 2337508 2048216 2341352 2391516 2175550 2179400 1342332 1295988 1334548 2364512 2187118 2376076 2406948]
Response/bytes (per Connection):  [2146155 3876246 2227440 2202274 3945428 3398246 2221152 3807050 3630764 3794474 3467442 3800817 3926564 3844931 3473730 3756746 3335366 2089341 3335366 2127041 3914071 3895110 2120711 3410822 3901565 3303676 2208576 3391819 2227760 3322776 2083164 3523533 3466816 3366806 2246291 3800762 2120503 2252579 3775610 3825928 2095351 3341654 3857382 3404519 3530309 2214851 3523534 2221139 3530309 3913974 3385601 2202275 2102070 3920262 2102070 3335366 2158245 3788214 3574352 2233798 2221542 3932852 3719004 2183397 3819640 3561763 2271679 3844792 3781898 2164533 3863837 2133580 2126805 3524035 3504628 3542732 3479949 3813338 3341362 3819724 3901398 3548741 3555085 2189838 2114673 2177693 3857368 3567647 3876287 3926550]
Requests Number (per Connection):  [341 616 354 350 627 540 353 605 577 603 551 604 624 611 552 597 530 332 530 338 622 619 337 542 620 525 351 539 354 528 331 560 551 535 357 604 337 358 600 608 333 531 613 541 561 352 560 353 561 622 538 350 334 623 334 530 343 602 568 355 353 625 591 347 607 566 361 611 601 344 614 339 338 560 557 563 553 606 531 607 620 564 565 348 336 346 613 567 616 624]
Requests/sec:  2837.07294921875 KB
Transfer/sec:  7465.44365234375 KB

2023-12-05 10:05:04.66868754 +0800 CST m=+762.359978778
Running 1m0s myx-test @ https://192.168.12.127:6443/apis/apps/v1/namespaces/myx-test/daemonsets
150 connections
Requests/bytes (per Connection):  [2040500 2202482 2009678 2152332 2025024 2156188 1492806 1450330 2248778 1982680 1581380 2190910 1469646 2268090 2241062 2013450 2271924 1461812 1492718 1542958 2036598 2063694 2005792 1438692 2063654 2113754 2133042 1508156 2144616 1550560 1515794 1469630 2036744 1481238 2106042 1982588 1535244 2055890 1994162 1485096 2194770 2048188 2017308 2160052 2163904 2190914 1504380 1411796 1488952 1519812 2163904 1500450 2032844 1481234 2032740 1438802 2187118 1492690 2121526 2013454 2090630 2082908 2082890 2183194 1427228 1492806 1461936 1434944 1488948 2144616 2206396 2198630 1473522 2009592 1519704 2067558 1508238 2171622 2233388 1442558 2167764 2129184 1974876 1469648 2001904 2167824 1457976 2036636 2044394 2190910 2032862 1427088 2025162 2187118 2179346 1488952 2028882 2109968 1481234 2160048 1419376 2171624 1519812 2063602 2036742 2214056 1519794 1473518 2225630 2021230 2009754 2028886 1504296 2217918 2214056 2121474 1978728 2221772 2009642 1508180 2013454 1465698 2179336 2079032 2171624 2260354 2198652 2117610 2013454 2279638 1990358 1461944 2136900 2217942 1427134 2221774 2002002 2071320 1442578 1465802 2214056 1465806 1473520 2129188 2171620 2052164 2167834 2109894 2248776 2144616]
Response/bytes (per Connection):  [3328786 3593230 3278218 3511458 3303912 3517760 2434986 2366069 3668686 3234146 2580625 3574352 2397342 3699987 3656110 3285048 3706428 2385517 2435542 2516744 3322776 3366237 3272111 2347608 3366487 3448564 3480018 2460667 3498882 2530043 2473729 2397439 3321874 2416095 3435975 3234730 2504154 3354217 3253594 2422383 3580641 3341543 3291336 3524006 3530336 3574339 2453850 2302897 2428685 2479002 3530336 2448021 3315835 2416108 3316488 2346913 3567647 2435723 3460793 3285020 3410683 3398149 3398260 3561776 2328049 2434986 2384724 2340625 2428698 3498882 3599156 3586915 2403519 3278760 2479698 3372483 2460138 3542898 3643270 2353840 3536610 3473730 3222141 2397328 3266018 3536235 2379090 3322540 3334852 3574352 3315724 2328939 3303051 3567647 3555433 2428685 3310200 3441832 2416108 3524034 2316335 3542899 2479002 3366806 3321873 3612094 2479128 2403532 3630958 3297221 3277761 3310187 2454393 3618369 3612094 3461127 3228456 3624670 3278440 2460514 3285035 2391624 3555488 3391972 3542899 3687551 3586776 3454866 3285035 3719018 3246973 2384668 3486306 3618201 2328632 3624656 3265392 3379383 2353715 2390956 3612094 2390943 2403533 3473717 3542912 3347080 3536180 3442290 3668700 3498882]
Requests Number (per Connection):  [529 571 521 558 525 559 387 376 583 514 410 568 381 588 581 522 589 379 387 400 528 535 520 373 535 548 553 391 556 402 393 381 528 384 546 514 398 533 517 385 569 531 523 560 561 568 390 366 386 394 561 389 527 384 527 373 567 387 550 522 542 540 540 566 370 387 379 372 386 556 572 570 382 521 394 536 391 563 579 374 562 552 512 381 519 562 378 528 530 568 527 370 525 567 565 386 526 547 384 560 368 563 394 535 528 574 394 382 577 524 521 526 390 575 574 550 513 576 521 391 522 380 565 539 563 586 570 549 522 591 516 379 554 575 370 576 519 537 374 380 574 380 382 552 563 532 562 547 583 556]
Requests/sec:  4647.425553385417 KB
Transfer/sec:  12229.1873046875 KB

2023-12-05 10:06:44.986523438 +0800 CST m=+862.677814669
Running 1m0s myx-test @ https://192.168.12.127:6443/apis/apps/v1/namespaces/myx-test/daemonsets
300 connections
Requests/bytes (per Connection):  [1500488 1438800 1126316 1461948 1068450 1114744 1427104 1411718 1469658 1407936 1064640 1161038 1419376 1415652 1411760 1485090 1361540 1110886 1083918 1107028 1377010 1068450 1465732 1442650 1377072 1415534 1388548 1446512 1118622 1434892 1423300 1107028 1457932 1481154 1080024 1427092 1450280 1431026 1461806 1407938 1465760 1369250 1431082 1415614 1431080 1411796 1388634 1114744 1465678 1107028 1504384 1083884 1434944 1118622 1442654 1419512 1376966 1365442 1107056 1099314 1107028 1384786 1427108 1469658 1434868 1431082 1415642 1064606 1388632 1087752 1137890 1153324 1103170 1427222 1481236 1373214 1450254 1438740 1461946 1419394 1392466 1157180 1373218 1087776 1446514 1419508 1107028 1404080 1508236 1434906 1438798 1080064 1392504 1434942 1419512 1353828 1477368 1091596 1095454 1134032 1404080 1384708 1145612 1396248 1080022 1126332 1442620 1446512 1446464 1388538 1361644 1446516 1427222 1095456 1458056 1083920 1380910 1407824 1388542 1130190 1056902 1392448 1126318 1068450 1365420 1458086 1419484 1407934 1346212 1376962 1107054 1442632 1369360 1423370 1384704 1107028 1450366 1188042 1404080 1107028 1404038 1450350 1465802 1465772 1203474 1458086 1134032 1126318 1434938 1461944 1454176 1434938 1168754 1107042 1450266 1465774 1060738 1477380 1095454 1423276 1145606 1396366 1450242 1369304 1446366 1083882 1126334 1130190 1091596 1110886 1427228 1419512 1454232 1457982 1095464 1438724 1388650 1396364 1134038 1461892 1107030 1423370 1404036 1469658 1103198 1176470 1469616 1500522 1126318 1434910 1396362 1350072 1153322 1110908 1384790 1164892 1126334 1130174 1473518 1411796 1141756 1357754 1122460 1384780 1392506 1407934 1469582 1430982 1107028 1419512 1496622 1434942 1427228 1157180 1423370 1469512 1388650 1091598 1141748 1434880 1446500 1342356 1392416 1110886 1438798 1326894 1083882 1465806 1407934 1423368 1087738 1338498 1380934 1103170 1103170 1099340 1411796 1400222 1365458 1403986 1384714 1454078 1149468 1400224 1365428 1434944 1446516 1068496 1095456 1423240 1446516 1369292 1407934 1423300 1087776 1496556 1496664 1118600 1053024 1411702 1469664 1404040 1515882 1149468 1446512 1126316 1161038 1504384 1427226 1083880 1465716 1411766 1438670 1373106 1134038 1380880 1087744 1126316 1496668 1114744 1458036 1438698 1149470 1099312 1477380 1446516 1411792 1091596 1446512 1400148 1458090 1392502 1130176 1126318 1477216 1049172 1342354 1496664 1438678 1338496]
Response/bytes (per Connection):  [2447785 2346927 1837501 2384655 1743153 1818623 2328827 2303383 2397258 2296608 1736559 1894093 2316335 2309199 2303119 2422410 2221807 1812335 1768083 1806047 2246708 1743153 2391401 2353256 2246304 2309935 2265794 2359516 1824786 2340944 2322191 1806047 2379353 2416623 1762017 2328896 2366374 2334712 2385544 2296609 2391235 2234410 2334350 2309435 2334379 2302897 2265252 1818623 2391749 1806047 2453837 1768306 2340625 1824786 2353228 2315473 2246986 2227802 1805881 1793457 1806047 2258894 2328799 2397258 2341097 2334350 2309254 1736782 2265266 1774524 1856365 1881503 1799759 2328076 2416109 2240016 2366541 2347302 2384669 2316209 2271707 1887805 2240003 1774371 2359502 2315486 1806047 2290321 2460152 2340861 2346926 1761767 2271456 2340639 2315473 2209203 2409876 1780895 1787183 1850077 2290321 2259395 1868899 2278467 1762031 1837389 2353451 2359516 2359822 2265864 2221139 2359503 2328091 1787169 2378575 1768069 2252732 2297332 2265836 1843692 1724122 2271818 1837487 1743153 2227941 2378380 2315639 2296622 2195987 2247014 1805880 2353382 2233715 2321761 2259423 1806047 2365832 1938123 2290321 1806047 2290585 2365944 2390956 2391151 1963275 2378380 1850077 1837487 2340652 2384668 2372426 2340652 1906669 1805964 2366472 2391137 1730564 2409807 1787183 2322344 1868941 2277731 2366625 2234062 2360448 1768305 1837390 1843692 1780895 1812335 2328049 2315473 2372079 2379048 1787128 2347399 2265155 2277745 1850050 2385002 1806033 2321761 2290599 2397258 1799578 1919245 2397522 2447562 1837487 2340833 2277744 2202261 1881517 1812196 2258881 1900409 1837390 1843789 2403532 2302897 1862597 2215045 1831199 2258936 2271457 2296622 2397745 2334990 1806047 2315473 2441553 2340654 2328049 1887805 2321761 2398190 2265155 1780881 1862653 2341028 2359600 2189685 2272012 1812335 2346926 2164713 1768305 2390943 2296622 2321775 1774607 2183397 2252579 1799759 1799759 1793305 2302897 2284033 2227705 2290904 2259353 2373052 1875201 2284019 2227885 2340625 2359503 1742861 1787169 2322581 2359503 2234146 2296622 2322206 1774371 2441970 2441274 1824925 1717959 2303480 2397231 2290571 2473173 1875201 2359516 1837501 1894093 2453837 2328063 1768319 2391513 2303077 2347747 2240712 1850050 2252912 1774580 1837501 2441261 1818623 2378700 2347566 1875202 1793471 2409807 2359503 2302910 1780895 2359516 2284491 2378367 2271470 1843775 1837487 2410835 1711644 2189699 2441274 2347691 2183411]
Requests Number (per Connection):  [389 373 292 379 277 289 370 366 381 365 276 301 368 367 366 385 353 288 281 287 357 277 380 374 357 367 360 375 290 372 369 287 378 384 280 370 376 371 379 365 380 355 371 367 371 366 360 289 380 287 390 281 372 290 374 368 357 354 287 285 287 359 370 381 372 371 367 276 360 282 295 299 286 370 384 356 376 373 379 368 361 300 356 282 375 368 287 364 391 372 373 280 361 372 368 351 383 283 284 294 364 359 297 362 280 292 374 375 375 360 353 375 370 284 378 281 358 365 360 293 274 361 292 277 354 378 368 365 349 357 287 374 355 369 359 287 376 308 364 287 364 376 380 380 312 378 294 292 372 379 377 372 303 287 376 380 275 383 284 369 297 362 376 355 375 281 292 293 283 288 370 368 377 378 284 373 360 362 294 379 287 369 364 381 286 305 381 389 292 372 362 350 299 288 359 302 292 293 382 366 296 352 291 359 361 365 381 371 287 368 388 372 370 300 369 381 360 283 296 372 375 348 361 288 373 344 281 380 365 369 282 347 358 286 286 285 366 363 354 364 359 377 298 363 354 372 375 277 284 369 375 355 365 369 282 388 388 290 273 366 381 364 393 298 375 292 301 390 370 281 380 366 373 356 294 358 282 292 388 289 378 373 298 285 383 375 366 283 375 363 378 361 293 292 383 272 348 388 373 347]
Requests/sec:  6449.430143229167 KB
Transfer/sec:  16970.950732421876 KB

