2023-12-05 12:39:58.678139378 +0800 CST m=+1149.185447236
Running 1m0s myx-test @ https://192.168.12.127:6443/apis/apps/v1/namespaces/myx-test/deployments
3 connections
Requests/bytes (per Connection):  [17608563 17426452 14594353]
Response/bytes (per Connection):  [31025403 30704548 25714537]
Requests Number (per Connection):  [4545 4498 3767]
Requests/sec:  807.7696614583333 KB
Transfer/sec:  2231.0197916666666 KB

2023-12-05 12:41:38.941446493 +0800 CST m=+1249.448754370
Running 1m0s myx-test @ https://192.168.12.127:6443/apis/apps/v1/namespaces/myx-test/deployments
6 connections
Requests/bytes (per Connection):  [12990445 13079508 12990391 10135036 12924572 9995546]
Response/bytes (per Connection):  [22888501 23045460 22888447 17857468 22772444 17611706]
Requests Number (per Connection):  [3353 3376 3353 2616 3336 2580]
Requests/sec:  1173.7548502604166 KB
Transfer/sec:  3241.8542317708334 KB

2023-12-05 12:43:19.125867012 +0800 CST m=+1349.633174877
Running 1m0s myx-test @ https://192.168.12.127:6443/apis/apps/v1/namespaces/myx-test/deployments
9 connections
Requests/bytes (per Connection):  [9030877 11622800 11483380 11591802 9131627 11525929 11246947 9220784 11390434]
Response/bytes (per Connection):  [15911989 20478800 20233108 20424186 16089491 20308129 19816603 16246544 20069314]
Requests Number (per Connection):  [2331 3000 2964 2992 2357 2975 2903 2380 2940]
Requests/sec:  1566.4807942708333 KB
Transfer/sec:  4326.542057291666 KB

2023-12-05 12:44:59.357489727 +0800 CST m=+1449.864797584
Running 1m0s myx-test @ https://192.168.12.127:6443/apis/apps/v1/namespaces/myx-test/deployments
15 connections
Requests/bytes (per Connection):  [9813429 9778714 7469514 9759295 9732078 9952999 7504399 9821177 7593488 9639224 7461874 7512119 9712725 9867677 9848352]
Response/bytes (per Connection):  [17290845 17229562 13160970 17195383 17147502 17536687 13222423 17304497 13379408 16983800 13147426 13236047 17113389 17386421 17352336]
Requests Number (per Connection):  [2533 2524 1928 2519 2512 2569 1937 2535 1960 2488 1926 1939 2507 2547 2542]
Requests/sec:  2204.867578125 KB
Transfer/sec:  6089.7421875 KB

2023-12-05 12:46:39.602430911 +0800 CST m=+1550.109738770
Running 1m0s myx-test @ https://192.168.12.127:6443/apis/apps/v1/namespaces/myx-test/deployments
30 connections
Requests/bytes (per Connection):  [7248793 5621533 7221664 7171289 7244864 5656488 5679724 7372645 7241043 7097666 7186791 7213850 5726198 7357283 5695156 7066676 7167394 5687406 7078253 5644781 7198420 7179045 7171291 5668107 7178967 5710656 7202175 7086051 5652595 7132549]
Response/bytes (per Connection):  [12771985 9904885 12724192 12635441 12765104 9966408 10007356 12990301 12758331 12505730 12662751 12710474 10089254 12963131 10034596 12451124 12628594 10020942 12471557 9945845 12683236 12649101 12635443 9986883 12649023 10061904 12689943 12485259 9959563 12567181]
Requests Number (per Connection):  [1871 1451 1864 1851 1870 1460 1466 1903 1869 1832 1855 1862 1478 1899 1470 1824 1850 1468 1827 1457 1858 1853 1851 1463 1853 1474 1859 1829 1459 1841]
Requests/sec:  3264.3123860677083 KB
Transfer/sec:  9015.867350260416 KB

2023-12-05 12:48:19.829281019 +0800 CST m=+1650.336588877
Running 1m0s myx-test @ https://192.168.12.127:6443/apis/apps/v1/namespaces/myx-test/deployments
60 connections
Requests/bytes (per Connection):  [4064145 3967156 5044278 5059700 5141061 4974500 5005440 5052102 4083402 4939597 5013224 4203519 5052096 4083558 4997780 5106346 5102341 5024973 5164365 4006000 4091282 5079183 5001725 3936158 3916941 5036598 5090846 5044244 5017223 5040473 5086921 4122150 4013654 4087275 4036904 5075346 4002187 5110221 4060248 3963437 5086893 5017223 5024925 4164771 5152844 4962977 4075782 5063723 4955227 5110169 5075188 5005550 5017211 5191552 5082964 5067470 4013812 3975032 5110221 5055973]
Response/bytes (per Connection):  [7160793 6990004 8887782 8915012 9058365 8764868 8819424 8901510 7194810 8703397 8833112 7406439 8901504 7194966 8805860 8997082 8990125 8853717 9099381 7058368 7208594 8949255 8812757 6935390 6901413 8874198 8969774 8887748 8840063 8881025 8962897 7263078 7071926 7201635 7112888 8942466 7051603 9003909 7153944 6983333 8962869 8840063 8853669 7338171 9079004 8744489 7181286 8921987 8730835 9003857 8942308 8819534 8840051 9147232 8955988 8928686 7072084 7003784 9003909 8908333]
Requests Number (per Connection):  [1049 1024 1302 1306 1327 1284 1292 1304 1054 1275 1294 1085 1304 1054 1290 1318 1317 1297 1333 1034 1056 1311 1291 1016 1011 1300 1314 1302 1295 1301 1313 1064 1036 1055 1042 1310 1033 1319 1048 1023 1313 1295 1297 1075 1330 1281 1052 1307 1279 1319 1310 1292 1295 1340 1312 1308 1036 1026 1319 1305]
Requests/sec:  4607.879329427084 KB
Transfer/sec:  12726.736002604166 KB

2023-12-05 12:50:00.146401692 +0800 CST m=+1750.653709568
Running 1m0s myx-test @ https://192.168.12.127:6443/apis/apps/v1/namespaces/myx-test/deployments
90 connections
Requests/bytes (per Connection):  [4145446 3331846 3393848 3296973 4118275 4145406 4118297 4017557 3316348 3262198 4184148 4075738 3289225 3320227 3331928 4118423 4036980 4079603 3331852 4036924 4211271 4075808 3378362 4191894 4164771 3339598 4044652 4102933 3389969 4114518 4118275 3366723 3405469 4060308 4079525 3498465 3347352 4095025 3328053 4157131 3370594 4141521 4164929 3289327 4126181 4149271 4037020 4087433 4242269 4048615 4087327 4230704 3994373 3188481 3351221 4126107 3320275 4095025 4130056 3978779 3424842 4102775 4095025 4145396 3281475 4048623 4114524 4087433 4025279 3281479 4145556 4129898 4203519 4149431 4052544 3413219 4149273 4160896 4164797 4056435 4164771 4110613 3296973 4044796 4017529 4102923 3293098 3389969 4079569 3308658]
Response/bytes (per Connection):  [7304086 5870566 5979800 5809125 7256251 7304046 7256273 7078781 5843260 5747782 7372308 7181242 5795473 5850091 5870648 7256399 7112964 7188059 5870572 7112908 7420095 7181312 5952506 7385958 7338171 5884222 7126540 7229101 5972969 7249542 7256251 5932011 6000277 7154004 7187981 6164121 5897880 7215289 5863821 7324627 5938834 7297209 7338329 5795575 7270061 7310863 7113004 7201793 7474709 7133455 7201687 7454288 7037885 5617977 5904701 7269987 5850139 7215289 7276888 7010483 6034410 7228943 7215289 7304036 5781819 7133463 7249548 7201793 7092407 5781823 7304196 7276730 7406439 7311023 7140336 6013931 7310865 7331344 7338197 7147179 7338171 7242685 5809125 7126684 7078753 7229091 5802298 5972969 7188025 5829666]
Requests Number (per Connection):  [1070 860 876 851 1063 1070 1063 1037 856 842 1080 1052 849 857 860 1063 1042 1053 860 1042 1087 1052 872 1082 1075 862 1044 1059 875 1062 1063 869 879 1048 1053 903 864 1057 859 1073 870 1069 1075 849 1065 1071 1042 1055 1095 1045 1055 1092 1031 823 865 1065 857 1057 1066 1027 884 1059 1057 1070 847 1045 1062 1055 1039 847 1070 1066 1085 1071 1046 881 1071 1074 1075 1047 1075 1061 851 1044 1037 1059 850 875 1053 854]
Requests/sec:  5641.636881510417 KB
Transfer/sec:  15581.931575520834 KB

2023-12-05 12:51:40.345810991 +0800 CST m=+1850.853118862
Running 1m0s myx-test @ https://192.168.12.127:6443/apis/apps/v1/namespaces/myx-test/deployments
150 connections
Requests/bytes (per Connection):  [3002567 2948321 2537675 3076130 2940597 3002505 3068428 3107112 3052916 2549296 2529923 2944528 3118825 2467927 2890138 2553171 3029614 3103337 3010251 2553057 2998628 3060716 2979305 2603544 2479512 2870905 2483429 3014132 3029774 3060614 2998698 2952164 3141985 3048989 2533796 2917287 2890280 2576423 3064629 2948345 2514369 2433056 3017991 2491173 2963819 2936672 2963743 2553175 3037448 2510552 2909551 3041239 3060614 3060614 3084016 2959868 3037524 2502802 3064489 2936778 2448490 3006368 3002649 3122676 2990868 2917249 2564740 3022024 3099358 2553075 2975368 2502798 2932901 2557048 2990960 2913448 3014274 2541506 3010265 2518202 3045114 2522075 3083862 2913402 2491177 2979379 3072239 2568589 2921194 2506585 2897994 2979243 2413681 2890280 2541550 3029626 2564788 3053022 3087733 2998616 2890280 2553081 2518300 2944526 2460179 2959868 2541532 2549296 2564800 2506677 3056739 2522127 2529925 2518298 2901849 3153610 2568673 2948245 2975416 2932851 2983228 3068504 2886295 2498927 3006366 3029616 2928918 2890186 2975368 2506677 2456236 3107142 2971515 2851510 3021866 3126609 2464052 3021942 3018099 2525978 2963903 3021866 2944476 2471802 3060614 2944380 2514421 3037520 2529925 3010399]
Response/bytes (per Connection):  [5290367 5194793 4471235 5420018 5181165 5290305 5406412 5474616 5379092 4491712 4457579 5188048 5495185 4348351 5092330 4498539 5338078 5467889 5303955 4498425 5283476 5392796 5249393 4587288 4368792 5058337 4375661 5310788 5338238 5392694 5283546 5201588 5536057 5372213 4464404 5140143 5092472 4539503 5399661 5194817 4430217 4286912 5317599 4389309 5222099 5174288 5222023 4498543 5351816 4423448 5126503 5358559 5392694 5392694 5433808 5215196 5351892 4409794 5399521 5174394 4314154 5297120 5290449 5501988 5269812 5140105 4518964 5324584 5460958 4498443 5242504 4409790 5167565 4505368 5269904 5133352 5310930 4478018 5303969 4437002 5365386 4443827 5433654 5133306 4389313 5249467 5413175 4525765 5147002 4416529 5106090 5249331 4252777 5092472 4478062 5338090 4519012 5379198 5440477 5283464 5092472 4498449 4437100 5188046 4334699 5215196 4478044 4491712 4519024 4416621 5385867 4443879 4457581 4437098 5112897 5556538 4525849 5194717 5242552 5167515 5256268 5406488 5085535 4402967 5297118 5338080 5160630 5092378 5242504 4416621 4327804 5474646 5235699 5024182 5324426 5508873 4341524 5324502 5317707 4450682 5222183 5324426 5187996 4355178 5392694 5187900 4430269 5351888 4457581 5304103]
Requests Number (per Connection):  [775 761 655 794 759 775 792 802 788 658 653 760 805 637 746 659 782 801 777 659 774 790 769 672 640 741 641 778 782 790 774 762 811 787 654 753 746 665 791 761 649 628 779 643 765 758 765 659 784 648 751 785 790 790 796 764 784 646 791 758 632 776 775 806 772 753 662 780 800 659 768 646 757 660 772 752 778 656 777 650 786 651 796 752 643 769 793 663 754 647 748 769 623 746 656 782 662 788 797 774 746 659 650 760 635 764 656 658 662 647 789 651 653 650 749 814 663 761 768 757 770 792 745 645 776 782 756 746 768 647 634 802 767 736 780 807 636 780 779 652 765 780 760 638 790 760 649 784 653 777]
Requests/sec:  6931.93349609375 KB
Transfer/sec:  19145.6599609375 KB

2023-12-05 12:53:20.571346229 +0800 CST m=+1951.078654095
Running 1m0s myx-test @ https://192.168.12.127:6443/apis/apps/v1/namespaces/myx-test/deployments
300 connections
Requests/bytes (per Connection):  [1774496 1933241 1813088 1708529 1820996 1503264 1731771 1503264 1778287 1813118 1813192 1809311 1809283 1766600 1526366 1491621 1588408 1673594 1882836 1445137 1538065 1720118 1665868 1937098 1696964 1855843 1855821 1751104 1394730 1689250 1770623 1859712 1545883 1487712 1778371 1836336 1886807 1778213 1572980 1739625 1654377 1708521 1964279 1786123 1824781 1844086 1673594 1518760 1538137 1766590 1805496 1720178 1549758 1572914 1708479 1743500 1510996 1805472 1522515 1607723 1704724 1844100 1879117 1499249 1514889 1824869 1510926 1518602 1824869 1468237 1805350 1600129 1673752 1476129 1693127 1495484 1836406 1785985 1669793 1863471 1499385 1584633 1786123 1848119 1511014 1553633 1778213 1824713 1751090 1832607 1882836 1867342 1747349 1565120 1851930 1735592 1476137 1534258 1685257 1697002 1487766 1816969 1902347 1801591 1747365 1507135 1906084 1542010 1739625 1534246 1716375 1530383 1801463 1867400 1851986 1743342 1797588 1534224 1499239 1530385 1863461 1526436 1824713 1499265 1735618 1848031 1762823 1530389 1770497 1530241 1782090 1882984 1677585 1770623 1526514 1503260 1731875 1789998 1735748 1809239 1778353 1495362 1468275 1658110 1848077 1805390 1844106 1921584 1514883 1813088 1727896 1677549 1890628 1766748 1526352 1751162 1844098 1511010 1526510 1789840 1712344 1766748 1697002 1724125 1844158 1774338 1584635 1545769 1518762 1534198 1452891 1514873 1882994 1514883 1572972 1704614 1553631 1754965 1522633 1460641 1716347 1816963 1464516 1809279 1789840 1797746 1727908 1758924 1584631 1456700 1723989 1747265 1518730 1468391 1778373 1545815 1716375 1754965 1828746 1824713 1898432 1541852 1530351 1793847 1851836 1727904 1696842 1782088 1522575 1793733 1863527 1816963 1751248 1499227 1747217 1507135 1809219 1735614 1495388 1836376 1731791 1545883 1805402 1638879 1805458 1743466 1859626 1499385 1836392 1882928 1836338 1503222 1758980 1685377 1867494 1576869 1735604 1479924 1867492 1809357 1681480 1708545 1755061 1755037 1797746 1731875 1754987 1507139 1793749 1704622 1507135 1793723 1487764 1731733 1774340 1452765 1828642 1793797 1538113 1778373 1507053 1704594 1472226 1755039 1805466 1704750 1766590 1627242 1797746 1700877 1545733 1754967 1816963 1681404 1526428 1545813 1480012 1545887 1549762 1925615 1789898 1685377 1797670 1801621 1634848 1665992 1441268 1859586 1708587 1855863 1445143 1882922 1576881 1789988 1723979 1557378 1778215 1716261 1491635 1499369]
Response/bytes (per Connection):  [3126512 3406289 3194624 3010361 3208436 2648640 3051315 2648640 3133255 3194654 3194728 3187895 3187867 3112712 2689454 2628141 2798728 2948858 3317508 2546233 2710009 3030806 2935228 3413098 2989940 3269851 3269829 3085408 2457450 2976322 3119687 3276672 2723731 2621280 3133339 3235584 3324431 3133181 2771492 3065073 2914881 3010353 3460943 3146995 3215173 3249238 2948858 2675944 2710081 3112702 3181128 3030866 2730558 2771426 3010311 3071900 2662276 3181104 2682651 2832803 3003604 3249252 3310837 2641673 2669121 3215261 2662206 2675786 3215261 2587045 3180982 2819305 2949016 2600841 2983151 2634956 3235654 3146857 2942105 3283383 2641809 2792001 3146995 3256223 2662294 2737385 3133181 3215105 3085394 3228903 3317508 3290206 3078701 2757728 3262986 3058088 2600849 2703250 2969377 2989978 2621334 3201457 3351779 3174271 3078717 2655463 3358468 2716906 3065073 2703238 3024111 2696423 3174143 3290264 3263042 3071742 3167316 2703216 2641663 2696425 3283373 2689524 3215105 2641689 3058114 3256135 3105983 2696429 3119561 2696281 3140010 3317656 2955801 3119687 2689602 2648636 3051419 3153822 3058244 3187823 3133321 2634834 2587083 2921566 3256181 3181022 3249258 3385776 2669115 3194624 3044488 2955765 3331204 3112860 2689440 3085466 3249250 2662290 2689598 3153664 3017128 3112860 2989978 3037765 3249310 3126354 2792003 2723617 2675946 2703190 2559891 2669105 3317666 2669115 2771484 3003494 2737383 3092221 2682769 2573545 3024083 3201451 2580372 3187863 3153664 3167474 3044500 3099132 2791999 2566652 3037629 3078617 2675914 2587199 3133341 2723663 3024111 3092221 3222090 3215105 3344912 2716748 2696391 3160623 3262892 3044496 2989818 3140008 2682711 3160509 3283439 3201451 3085552 2641651 3078569 2655463 3187803 3058110 2634860 3235624 3051335 2723731 3181034 2887575 3181090 3071866 3276586 2641809 3235640 3317600 3235586 2648598 3099188 2969497 3290358 2778333 3058100 2607588 3290356 3187941 2962648 3010377 3092317 3092293 3167474 3051419 3092243 2655467 3160525 3003502 2655463 3160499 2621332 3051277 3126356 2559765 3221986 3160573 2710057 3133341 2655381 3003474 2593986 3092295 3181098 3003630 3112702 2867082 3167474 2996805 2723581 3092223 3201451 2962572 2689516 2723661 2607676 2723735 2730562 3392759 3153722 2969497 3167398 3174301 2880592 2935352 2539412 3276546 3010419 3269871 2546239 3317594 2778345 3153812 3037619 2744082 3133183 3023997 2628155 2641793]
Requests Number (per Connection):  [458 499 468 441 470 388 447 388 459 468 468 467 467 456 394 385 410 432 486 373 397 444 430 500 438 479 479 452 360 436 457 480 399 384 459 474 487 459 406 449 427 441 507 461 471 476 432 392 397 456 466 444 400 406 441 450 390 466 393 415 440 476 485 387 391 471 390 392 471 379 466 413 432 381 437 386 474 461 431 481 387 409 461 477 390 401 459 471 452 473 486 482 451 404 478 448 381 396 435 438 384 469 491 465 451 389 492 398 449 396 443 395 465 482 478 450 464 396 387 395 481 394 471 387 448 477 455 395 457 395 460 486 433 457 394 388 447 462 448 467 459 386 379 428 477 466 476 496 391 468 446 433 488 456 394 452 476 390 394 462 442 456 438 445 476 458 409 399 392 396 375 391 486 391 406 440 401 453 393 377 443 469 378 467 462 464 446 454 409 376 445 451 392 379 459 399 443 453 472 471 490 398 395 463 478 446 438 460 393 463 481 469 452 387 451 389 467 448 386 474 447 399 466 423 466 450 480 387 474 486 474 388 454 435 482 407 448 382 482 467 434 441 453 453 464 447 453 389 463 440 389 463 384 447 458 375 472 463 397 459 389 440 380 453 466 440 456 420 464 439 399 453 469 434 394 399 382 399 400 497 462 435 464 465 422 430 372 480 441 479 373 486 407 462 445 402 459 443 385 387]
Requests/sec:  8267.01181640625 KB
Transfer/sec:  22833.0650390625 KB

