2023-12-04 17:43:07.629735499 +0800 CST m=+11288.473319668
Running 1m0s myx-test @ https://192.168.12.127:6443/api/v1/namespaces/myx-test/endpoints
3 connections
Requests/bytes (per Connection):  [29874706 33273894 28812190]
Response/bytes (per Connection):  [37143301 41369629 35822269]
Requests Number (per Connection):  [8182 9113 7891]
Requests/sec:  1496.7576497395833 KB
Transfer/sec:  3357.6821126302084 KB

2023-12-04 17:44:47.76247688 +0800 CST m=+11388.606061049
Running 1m0s myx-test @ https://192.168.12.127:6443/api/v1/namespaces/myx-test/endpoints
6 connections
Requests/bytes (per Connection):  [32123834 29966000 28461632 32306342 29892966 28625954]
Response/bytes (per Connection):  [39939689 37256798 35386446 40166643 37166001 35590737]
Requests Number (per Connection):  [8798 8207 7795 8848 8187 7840]
Requests/sec:  2952.095182291667 KB
Transfer/sec:  6622.445345052083 KB

2023-12-04 17:46:27.883833392 +0800 CST m=+11488.727417570
Running 1m0s myx-test @ https://192.168.12.127:6443/api/v1/namespaces/myx-test/endpoints
9 connections
Requests/bytes (per Connection):  [25379984 28958266 25544158 28527352 26362156 28925398 26241656 25398132 26489868]
Response/bytes (per Connection):  [31555006 36003867 31759223 35468158 32776158 35963007 32626346 31577650 32935004]
Requests Number (per Connection):  [6951 7931 6996 7813 7220 7922 7187 6956 7255]
Requests/sec:  3935.98583984375 KB
Transfer/sec:  8829.612451171875 KB

2023-12-04 17:48:08.005571331 +0800 CST m=+11588.849155498
Running 1m0s myx-test @ https://192.168.12.127:6443/api/v1/namespaces/myx-test/endpoints
15 connections
Requests/bytes (per Connection):  [19432052 21403652 20330342 20319236 20465356 19271480 21436518 19274990 19457562 21283300 20385120 19300558 21476842 21418338 20487298]
Response/bytes (per Connection):  [24159934 26611294 25276723 25263028 25444648 23960232 26652153 23964701 24191687 26461556 25344822 23996483 26702169 26629493 25471903]
Requests Number (per Connection):  [5322 5862 5568 5565 5605 5278 5871 5279 5329 5829 5583 5286 5882 5866 5611]
Requests/sec:  4976.280013020833 KB
Transfer/sec:  11163.30517578125 KB

2023-12-04 17:49:48.140089023 +0800 CST m=+11688.983673212
Running 1m0s myx-test @ https://192.168.12.127:6443/api/v1/namespaces/myx-test/endpoints
30 connections
Requests/bytes (per Connection):  [10807784 10862504 12038230 12239070 12063778 11048702 11877544 10884442 11819118 11859288 10990298 11910414 10826054 12012662 11961536 12293848 11694958 11837378 12019982 10829706 12071080 12005358 11848330 12023632 10906332 12012662 11735182 11636608 10997620 11015866]
Response/bytes (per Connection):  [13437332 13505402 14967173 15216863 14998945 13736915 14767414 13532655 14694777 14744716 13664289 14808275 13460037 14935391 14871832 15284962 14540421 14717477 14944479 13464577 15008024 14926311 14731095 14949018 13559884 14935391 14590387 14467822 13673378 13696071]
Requests Number (per Connection):  [2960 2975 3297 3352 3304 3026 3253 2981 3237 3248 3010 3262 2965 3290 3276 3367 3203 3242 3292 2966 3306 3288 3245 3293 2987 3290 3214 3187 3012 3017]
Requests/sec:  5666.17783203125 KB
Transfer/sec:  12710.958317057291 KB

2023-12-04 17:51:28.303713822 +0800 CST m=+11789.147298016
Running 1m0s myx-test @ https://192.168.12.127:6443/api/v1/namespaces/myx-test/endpoints
60 connections
Requests/bytes (per Connection):  [7065234 7006844 6568628 6860770 6940984 6995850 6805890 6893640 6557672 6831554 6681836 6725652 6784082 6886316 6597844 6955716 6835208 6502896 6941110 6973966 6579580 6930050 6911834 6999538 6795002 6995824 6462786 7043280 7024990 6510200 6948412 6645276 6506582 6805932 6948412 6977628 6568630 6926502 6499284 6502914 6864424 6860748 6827906 7050666 6448118 6747470 6564976 6853436 7185622 6648964 7211274 6933806 6919100 6510232 6860770 6378840 7076228 6386042 7185624 6824182]
Response/bytes (per Connection):  [8784207 8711588 8166800 8529991 8629806 8697949 8461841 8570852 8153180 8493671 8307538 8362014 8434653 8561762 8203120 8648028 8498212 8085082 8629869 8670723 8180418 8616197 8593519 8702507 8448255 8697936 8035173 8756946 8734231 8094162 8638948 8262118 8089639 8461862 8638948 8675268 8166801 8611709 8080562 8085091 8534532 8529980 8489133 8766067 8016983 8389207 8162260 8520896 8933963 8266676 8965787 8620789 8602580 8094178 8529991 7930778 8797846 7939807 8933964 8484557]
Requests Number (per Connection):  [1935 1919 1799 1879 1901 1916 1864 1888 1796 1871 1830 1842 1858 1886 1807 1905 1872 1781 1901 1910 1802 1898 1893 1917 1861 1916 1770 1929 1924 1783 1903 1820 1782 1864 1903 1911 1799 1897 1780 1781 1880 1879 1870 1931 1766 1848 1798 1877 1968 1821 1975 1899 1895 1783 1879 1747 1938 1749 1968 1869]
Requests/sec:  6646.041276041667 KB
Transfer/sec:  14909.080826822918 KB

2023-12-04 17:53:08.438030427 +0800 CST m=+11889.281614584
Running 1m0s myx-test @ https://192.168.12.127:6443/api/v1/namespaces/myx-test/endpoints
90 connections
Requests/bytes (per Connection):  [5045988 5162844 5064248 5057006 5057078 5056944 5265096 4903642 4969302 4889080 5144588 5027830 4808778 5206666 5089958 5060596 4929290 5203094 5155688 5162930 4848944 5075274 5210404 5192058 4907220 4885466 5155560 5119184 5162918 4852602 4870822 5031382 4815924 5086160 4980334 5009514 5155544 4896264 4984066 5009542 5144588 5283424 5097132 4958440 5144728 4794090 4991212 5232228 4878092 5206754 5119060 5082590 4867208 5053336 5239532 4940198 5137304 4841646 5122676 4859748 5108186 4819734 5265098 5060744 5075246 5243184 5133632 4925492 5027730 5020456 5042428 5049798 5075204 4885310 5097110 4903568 5181108 5155540 4900074 5287006 5042352 4995022 4911030 5082508 4943882 5126488 5140936 5035190 5082508 5024236]
Response/bytes (per Connection):  [6273742 6419018 6296442 6287393 6287429 6287362 6546136 6096723 6178405 6078586 6396320 6251093 5978727 6473497 6328295 6291902 6128545 6468997 6410012 6419061 6028664 6310097 6478080 6455337 6101226 6074065 6409948 6364620 6419055 6033207 6055887 6255583 5987728 6323682 6192063 6228365 6409940 6087606 6196643 6228379 6396320 6568870 6337310 6164832 6396390 5960527 6205644 6505276 6064950 6473541 6364558 6319183 6051366 6282844 6514356 6142141 6387250 6019587 6369080 6042208 6350979 5992347 6546137 6291976 6310083 6518896 6382700 6123932 6251043 6241978 6269248 6278361 6310062 6073987 6337299 6096686 6441720 6409938 6092225 6573375 6269210 6210263 6105845 6319142 6146697 6373700 6391780 6260201 6319142 6246582]
Requests Number (per Connection):  [1382 1414 1387 1385 1385 1385 1442 1343 1361 1339 1409 1377 1317 1426 1394 1386 1350 1425 1412 1414 1328 1390 1427 1422 1344 1338 1412 1402 1414 1329 1334 1378 1319 1393 1364 1372 1412 1341 1365 1372 1409 1447 1396 1358 1409 1313 1367 1433 1336 1426 1402 1392 1333 1384 1435 1353 1407 1326 1403 1331 1399 1320 1442 1386 1390 1436 1406 1349 1377 1375 1381 1383 1390 1338 1396 1343 1419 1412 1342 1448 1381 1368 1345 1392 1354 1404 1408 1379 1392 1376]
Requests/sec:  7391.67666015625 KB
Transfer/sec:  16581.774755859376 KB

2023-12-04 17:54:48.591245793 +0800 CST m=+11989.434829967
Running 1m0s myx-test @ https://192.168.12.127:6443/api/v1/namespaces/myx-test/endpoints
150 connections
Requests/bytes (per Connection):  [3381086 3567212 3227726 3625700 3644014 3490642 3673070 3439516 3355526 3534368 3567326 3556370 3428544 3490616 3454124 3530808 3505250 3450472 3461428 3519852 3450472 3622102 3600196 3505248 3413954 3399344 3640238 3570874 3337238 3501492 3421258 3457714 3384686 3242318 3362786 3607392 3381088 3563676 3716914 3581938 3684140 3468732 3585584 3640364 3570878 3406650 3457776 3486986 3388392 3297094 3534348 3603798 3340916 3337266 3538112 3512500 3625602 3461428 3508778 3432210 3432214 3355486 3534346 3505178 3512554 3457776 3516098 3319006 3417604 3245970 3348220 3581818 3435852 3523462 3611152 3381086 3461378 3556370 3457700 3545278 3377384 3413952 3475974 3479682 3570958 3410298 3413950 3355486 3472352 3465074 3585458 3344570 3472378 3501556 3570978 3457776 3523504 3505250 3308052 3381088 3483304 3370128 3483334 3519852 3450472 3319008 3293442 3476008 3424908 3578242 3326310 3632916 3523508 3673122 3348222 3512548 3621950 3373784 3563678 3585590 3687816 3592890 3205800 3578280 3443136 3297088 3297088 3644018 3370132 3450382 3578286 3395694 3468728 3552636 3618452 3548952 3527142 3271540 3501588 3512476 3370132 3315356 3424868 3523504 3534410 3548956 3486990 3402998 3359158 3450380]
Response/bytes (per Connection):  [4203707 4435184 4013039 4507852 4530579 4339905 4566819 4276346 4171929 4394336 4435241 4421621 4262718 4339892 4294506 4389842 4358065 4289966 4303586 4376222 4289966 4503339 4476102 4358064 4244567 4226406 4525977 4439729 4149215 4353472 4253647 4299015 4208221 4031191 4180987 4485128 4203708 4430702 4621309 4453403 4580496 4312666 4457940 4526040 4439731 4235487 4299046 4335363 4212788 4099289 4394326 4480617 4153768 4149229 4398922 4367118 4507803 4303586 4362543 4267265 4267267 4171909 4394325 4358029 4367145 4299046 4371631 4126529 4249106 4035731 4162848 4453343 4271800 4380741 4489722 4203707 4303561 4421621 4299008 4407933 4199142 4244566 4321715 4326283 4439771 4240025 4244565 4171909 4317190 4308123 4457877 4158309 4317203 4353504 4439781 4299046 4380762 4358065 4112910 4203708 4330808 4190086 4330823 4376222 4289966 4126530 4094749 4321732 4258186 4448841 4135609 4516888 4380764 4566845 4162849 4367142 4503263 4194628 4430703 4457943 4585048 4467021 3985792 4448860 4280870 4099286 4099286 4530581 4190088 4289921 4448863 4221867 4312664 4417040 4498800 4412484 4385295 4067514 4353520 4367106 4190088 4121990 4258166 4380762 4394357 4412486 4335365 4230947 4176459 4289920]
Requests Number (per Connection):  [926 977 884 993 998 956 1006 942 919 968 977 974 939 956 946 967 960 945 948 964 945 992 986 960 935 931 997 978 914 959 937 947 927 888 921 988 926 976 1018 981 1009 950 982 997 978 933 947 955 928 903 968 987 915 914 969 962 993 948 961 940 940 919 968 960 962 947 963 909 936 889 917 981 941 965 989 926 948 974 947 971 925 935 952 953 978 934 935 919 951 949 982 916 951 959 978 947 965 960 906 926 954 923 954 964 945 909 902 952 938 980 911 995 965 1006 917 962 992 924 976 982 1010 984 878 980 943 903 903 998 923 945 980 930 950 973 991 972 966 896 959 962 923 908 938 965 968 972 955 932 920 945]
Requests/sec:  8485.507845052083 KB
Transfer/sec:  19035.57303059896 KB

2023-12-04 17:56:28.77981703 +0800 CST m=+12089.623401212
Running 1m0s myx-test @ https://192.168.12.127:6443/api/v1/namespaces/myx-test/endpoints
300 connections
Requests/bytes (per Connection):  [1978956 1913296 2121414 1953476 1971650 1953392 1851198 2015474 1884094 2019124 2000870 1909570 2019164 2033818 1873122 2070250 1865752 2052030 2084858 2070290 1836608 2011822 1920528 1960720 2004620 2055644 2030100 1916976 2044768 1949770 1887686 1975306 1975306 1975346 2000970 1851294 1913248 1847636 1905922 2099502 1989972 1978958 1920524 1916874 1993670 1968014 2019128 1997320 2070278 1854796 1898662 2044714 1884042 2022776 2052066 2008258 2084856 1967998 2037410 1851146 2117764 1942514 2041036 2008266 2026444 1920526 1938788 1854796 2015516 1953424 1949740 2048338 1789134 1935136 1949740 2004520 2015474 1924198 2070310 1975306 2099504 2041036 2052068 2052054 1887756 2022814 1982698 1909574 2019184 2044694 2157894 1880474 1975306 2052040 1938834 1978954 1920630 2125066 2052050 1873052 1953494 2015522 1843840 1989910 1836590 1949748 1931602 1953470 2059294 1997214 2000936 2139634 1993562 1847586 2121414 1891312 1832958 2048378 1935218 1898614 2055716 1957048 2059294 2008168 1946092 2019124 2070316 1909704 1924322 2019124 1938846 2132362 2037432 1942440 2000868 2110420 1993566 2044688 2095812 2092160 1902306 2114072 2037388 2190760 1887702 2051996 1902400 1978984 1931486 1909574 1971652 2073902 2055652 1909632 1986346 1862096 1884006 2022776 2106780 1957044 1876702 1957172 1887696 2015482 2081206 1968002 1986262 1902418 1810974 1887660 1975362 1942436 1873050 1942440 1905922 1865822 1971714 1946088 1964348 1913220 2037402 1854912 2048340 1971770 1975404 1916920 2000896 1964348 1953394 1971684 1946092 1960778 1971772 2004518 1818278 2019124 2059300 1887664 1960700 1891462 2037468 1931482 2041034 1997256 1796368 1953414 2063016 1979018 1953390 1905926 1884024 2037416 2066602 1847588 1975302 1953392 1957048 1975308 1960716 1975302 1938786 2154242 2019142 2088510 1990012 1986262 2022776 1935276 2062946 1986262 2066598 1924180 1986262 1931580 1869542 2015472 1957146 1854796 1884012 1909574 1800106 1997214 1978958 1997218 1920526 2106814 2132332 1949744 1916872 1894962 2084858 1913224 1905918 1960738 1946092 1942562 2041116 1968120 2000882 1873208 2161544 2055684 1997212 1975334 1986258 1971650 1968004 1964466 2011868 2000866 2084860 1986258 2015474 2059366 2110464 1964444 2157894 1902428 2041036 1927832 1979066 2114072 1982650 2015496 2117722 1942436 2037382 2000968 1884046 1986260 2132344 1884148 2055644 1953394 1993562 1935264 1876706 2019128 2019132 2062946]
Response/bytes (per Connection):  [2460466 2378784 2637541 2428728 2451385 2428686 2301597 2505865 2342471 2510404 2487707 2374207 2510424 2528607 2328843 2573963 2319730 2551283 2592123 2573983 2283446 2501325 2387828 2437778 2492296 2555804 2524034 2383338 2542224 2424161 2346981 2455927 2455927 2455947 2487757 2301645 2378760 2297102 2369669 2610301 2474116 2460467 2387826 2383287 2478679 2446853 2510406 2483218 2573977 2306110 2360611 2542197 2342445 2514944 2551301 2496829 2592122 2446845 2533117 2301571 2633002 2415105 2537644 2496833 2519492 2387827 2410528 2306110 2505886 2428702 2424146 2546723 2224427 2405988 2424146 2492246 2505865 2392377 2573993 2455927 2610302 2537644 2551302 2551295 2347016 2514963 2465051 2374209 2510434 2542187 2682921 2337947 2455927 2551288 2410551 2460465 2387879 2642081 2551293 2328808 2428737 2505889 2292490 2474085 2283437 2424150 2401507 2428725 2560343 2483165 2487740 2660221 2478625 2297077 2637541 2351508 2278907 2546743 2406029 2360587 2555840 2433228 2560343 2496784 2419608 2510404 2573996 2374274 2392439 2510404 2410557 2651157 2533128 2415068 2487706 2623902 2478627 2542184 2605742 2601202 2365147 2628442 2533106 2723780 2346989 2551266 2365194 2460480 2401449 2374209 2451386 2578503 2555808 2374238 2469589 2315188 2342427 2514944 2619368 2433226 2333347 2433290 2346986 2505869 2587583 2446847 2469547 2365203 2251631 2346968 2455955 2415066 2328807 2415068 2369669 2319765 2451417 2419606 2442306 2378746 2533113 2306168 2546724 2451445 2455976 2383310 2487720 2442306 2428687 2451402 2419608 2437807 2451446 2492245 2260711 2510404 2560346 2346970 2437768 2351583 2533146 2401447 2537643 2483186 2233472 2428697 2564918 2460497 2428685 2369671 2342436 2533120 2569425 2297078 2455925 2428686 2433228 2455928 2437776 2455925 2410527 2678381 2510413 2596663 2474136 2469547 2514944 2406058 2564883 2469547 2569423 2392368 2469547 2401496 2324339 2505864 2433277 2306110 2342430 2374209 2238055 2483165 2460467 2483167 2387827 2619385 2651142 2424148 2383286 2356047 2592123 2378748 2369667 2437787 2419608 2415129 2537684 2446906 2487713 2328886 2687460 2555824 2483164 2455941 2469545 2451385 2446848 2442365 2501348 2487705 2592124 2469545 2505865 2560379 2623924 2442354 2682921 2365208 2537644 2396908 2460521 2628442 2465027 2505876 2632981 2415066 2533103 2487756 2342447 2469546 2651148 2342498 2555804 2428687 2478625 2406052 2333349 2510406 2510408 2564883]
Requests Number (per Connection):  [542 524 581 535 540 535 507 552 516 553 548 523 553 557 513 567 511 562 571 567 503 551 526 537 549 563 556 525 560 534 517 541 541 541 548 507 524 506 522 575 545 542 526 525 546 539 553 547 567 508 520 560 516 554 562 550 571 539 558 507 580 532 559 550 555 526 531 508 552 535 534 561 490 530 534 549 552 527 567 541 575 559 562 562 517 554 543 523 553 560 591 515 541 562 531 542 526 582 562 513 535 552 505 545 503 534 529 535 564 547 548 586 546 506 581 518 502 561 530 520 563 536 564 550 533 553 567 523 527 553 531 584 558 532 548 578 546 560 574 573 521 579 558 600 517 562 521 542 529 523 540 568 563 523 544 510 516 554 577 536 514 536 517 552 570 539 544 521 496 517 541 532 513 532 522 511 540 533 538 524 558 508 561 540 541 525 548 538 535 540 533 537 540 549 498 553 564 517 537 518 558 529 559 547 492 535 565 542 535 522 516 558 566 506 541 535 536 541 537 541 531 590 553 572 545 544 554 530 565 544 566 527 544 529 512 552 536 508 516 523 493 547 542 547 526 577 584 534 525 519 571 524 522 537 533 532 559 539 548 513 592 563 547 541 544 540 539 538 551 548 571 544 552 564 578 538 591 521 559 528 542 579 543 552 580 532 558 548 516 544 584 516 563 535 546 530 514 553 553 565]
Requests/sec:  9662.727669270833 KB
Transfer/sec:  21676.429231770835 KB

