2023-12-05 18:17:49.964064018 +0800 CST m=+21420.471371874
Running 1m0s myx-test @ https://192.168.12.127:6443/apis/batch/v1/namespaces/myx-test/jobs
3 connections
Requests/bytes (per Connection):  [36670846 39867678 36594754]
Response/bytes (per Connection):  [63692093 69244566 63559981]
Requests Number (per Connection):  [9647 10488 9627]
Requests/sec:  1841.3619466145833 KB
Transfer/sec:  5039.549446614584 KB

2023-12-05 18:19:30.035752532 +0800 CST m=+21520.543060398
Running 1m0s myx-test @ https://192.168.12.127:6443/apis/batch/v1/namespaces/myx-test/jobs
6 connections
Requests/bytes (per Connection):  [29011274 28931370 29266058 32162536 29171014 32052262]
Response/bytes (per Connection):  [50388506 50249781 50830957 55861797 50665888 55670294]
Requests Number (per Connection):  [7632 7611 7699 8461 7674 8432]
Requests/sec:  2939.363834635417 KB
Transfer/sec:  8044.624625651041 KB

2023-12-05 18:21:10.103819123 +0800 CST m=+21620.611127000
Running 1m0s myx-test @ https://192.168.12.127:6443/apis/batch/v1/namespaces/myx-test/jobs
9 connections
Requests/bytes (per Connection):  [25548278 27593366 25487548 25590178 24221710 27505912 27418518 24453518 24293942]
Response/bytes (per Connection):  [44373799 47925825 44268253 44446510 42069682 47773948 47622131 42472351 42195133]
Requests Number (per Connection):  [6721 7259 6705 6732 6372 7236 7213 6433 6391]
Requests/sec:  3777.88037109375 KB
Transfer/sec:  10339.52802734375 KB

2023-12-05 18:22:50.178884991 +0800 CST m=+21720.686192855
Running 1m0s myx-test @ https://192.168.12.127:6443/apis/batch/v1/namespaces/myx-test/jobs
15 connections
Requests/bytes (per Connection):  [20971490 20918424 20177072 20055540 18686940 18789578 21066568 18899876 20021318 20158182 21062822 18770728 21081828 19952770 18968422]
Response/bytes (per Connection):  [36424607 36332327 35044780 34833616 32456656 32634921 36589710 32826448 34774185 35011885 36583163 32602066 36616174 34655219 32945412]
Requests Number (per Connection):  [5517 5503 5308 5276 4916 4943 5542 4972 5267 5303 5541 4938 5546 5249 4990]
Requests/sec:  4876.001920572917 KB
Transfer/sec:  13344.933707682292 KB

2023-12-05 18:24:30.252260029 +0800 CST m=+21820.759567900
Running 1m0s myx-test @ https://192.168.12.127:6443/apis/batch/v1/namespaces/myx-test/jobs
30 connections
Requests/bytes (per Connection):  [12513766 12490982 11514048 11521658 12483382 12426324 11498846 12532774 12597384 12445332 12426324 12255306 11533052 12540378 11434216 12605004 11514054 11631826 12494756 12350288 11544468 12403514 12627776 12711460 11472198 12521368 12650632 12460540 11434198 12517568]
Response/bytes (per Connection):  [21734658 21695068 19998277 20011489 21681866 21582793 19971871 21767671 21879898 21615806 21582793 21285730 20031286 21780877 19859624 21893120 19998283 20202886 21701643 21450737 20051105 21543177 21932698 22078004 19925616 21747862 21972360 21642218 19859606 21741261]
Requests Number (per Connection):  [3292 3286 3029 3031 3284 3269 3025 3297 3314 3274 3269 3224 3034 3299 3008 3316 3029 3060 3287 3249 3037 3263 3322 3344 3018 3294 3328 3278 3008 3293]
Requests/sec:  5943.252311197916 KB
Transfer/sec:  16265.848063151041 KB

2023-12-05 18:26:10.321859952 +0800 CST m=+21920.829167831
Running 1m0s myx-test @ https://192.168.12.127:6443/apis/batch/v1/namespaces/myx-test/jobs
60 connections
Requests/bytes (per Connection):  [6625580 6766242 6272168 7001890 6861290 7081688 6697810 6408876 6439290 6473502 6777682 6910712 6523062 6530554 7032312 6724424 6405080 6880280 6770074 6891704 6868892 6823270 6545782 6792856 6541940 6420378 6925916 6827072 6713072 6967678 6823270 6218942 6876496 6636980 6644686 6770044 6686406 6777648 6876478 6610370 6378620 6906910 6701614 6481110 6462232 6808080 6306228 6792856 6804262 6857480 6906912 6709254 6481112 6667400 6678806 6469706 6876496 6906910 6899308 6891704]
Response/bytes (per Connection):  [11507723 11752022 10893818 12161332 11917095 12299951 11633172 11131362 11184184 11243605 11771865 12002930 11329578 11342672 12214162 11679393 11124765 11950090 11758655 11969917 11930299 11851065 11369104 11798243 11362461 11151267 12029338 11857668 11659638 12101911 11851065 10801378 11943505 11527526 11540834 11758625 11613365 11771831 11943487 11481309 11078698 11996327 11639777 11256815 11223932 11824671 10953087 11798243 11818052 11910484 11996329 11653019 11256817 11580354 11600163 11237008 11943505 11996327 11983123 11969917]
Requests Number (per Connection):  [1743 1780 1650 1842 1805 1863 1762 1686 1694 1703 1783 1818 1716 1718 1850 1769 1685 1810 1781 1813 1807 1795 1722 1787 1721 1689 1822 1796 1766 1833 1795 1636 1809 1746 1748 1781 1759 1783 1809 1739 1678 1817 1763 1705 1700 1791 1659 1787 1790 1804 1817 1765 1705 1754 1757 1702 1809 1817 1815 1813]
Requests/sec:  6549.632096354167 KB
Transfer/sec:  17925.427311197916 KB

2023-12-05 18:27:50.407545973 +0800 CST m=+22020.914853844
Running 1m0s myx-test @ https://192.168.12.127:6443/apis/batch/v1/namespaces/myx-test/jobs
90 connections
Requests/bytes (per Connection):  [5185014 4987190 4922624 5013916 5165986 4987162 4880764 4949296 4975920 4877034 5055752 4899860 5188808 5021536 4888472 4850354 5261050 4998568 5169788 4956852 5105176 4975920 4873236 4801036 4956906 4960708 4854260 4865666 4945422 4918788 4721134 4755412 4945500 4926458 4934040 4846570 5036744 4922616 4580530 4732510 4903678 5146838 4941698 4990970 4888340 5116424 5234328 4820044 4865662 4664170 5127988 4763016 4994924 4975756 4671772 4857904 5025336 5093772 4884674 5173490 5291466 5002512 4975914 4865550 5162204 4937896 4747806 4899882 4968282 5192460 5112780 4873256 4820022 4930212 4793426 4831342 5188816 5139392 5200064 5158402 5101348 5044190 4827600 4797228 4877052 4941540 5059396 5108978 4804832 5070802]
Response/bytes (per Connection):  [9005578 8662102 8549919 8708435 8972545 8662074 8477248 8596198 8642429 8470717 8781082 8510349 9012173 8721657 8490558 8424430 9137634 8681883 8979148 8609356 8866919 8642429 8464118 8338699 8609410 8616013 8431137 8450946 8589523 8543282 8199976 8259463 8589601 8556554 8569738 8417845 8748069 8549911 7955735 8219755 8516968 8939392 8582998 8668683 8490426 8886570 9091305 8371712 8450942 8100997 8906537 8272669 8675438 8642265 8114201 8437582 8728258 8847112 8483959 8985651 9190458 8688628 8642423 8450830 8965962 8576395 8246255 8510371 8629189 9018626 8880125 8464138 8371690 8563109 8325487 8391413 9012181 8926344 9031832 8959359 8860290 8761117 8384870 8332090 8470735 8582840 8787527 8873522 8345296 8807336]
Requests Number (per Connection):  [1364 1312 1295 1319 1359 1312 1284 1302 1309 1283 1330 1289 1365 1321 1286 1276 1384 1315 1360 1304 1343 1309 1282 1263 1304 1305 1277 1280 1301 1294 1242 1251 1301 1296 1298 1275 1325 1295 1205 1245 1290 1354 1300 1313 1286 1346 1377 1268 1280 1227 1349 1253 1314 1309 1229 1278 1322 1340 1285 1361 1392 1316 1309 1280 1358 1299 1249 1289 1307 1366 1345 1282 1268 1297 1261 1271 1365 1352 1368 1357 1342 1327 1270 1262 1283 1300 1331 1344 1264 1334]
Requests/sec:  7271.4845703125 KB
Transfer/sec:  19901.021370442708 KB

2023-12-05 18:29:30.494998456 +0800 CST m=+22121.002306333
Running 1m0s myx-test @ https://192.168.12.127:6443/apis/batch/v1/namespaces/myx-test/jobs
150 connections
Requests/bytes (per Connection):  [3421140 3162616 3139832 3109394 3253936 3333698 3318490 3272870 3314690 3356510 3295682 3253860 3231066 3558002 3128498 3223446 3113276 3208240 3257748 3345102 3303284 3455356 3280492 3117094 3272872 3155016 3193030 3288076 3166422 3250138 3318544 3155022 3212102 3284274 3303296 3356544 3219642 3261468 3284280 3212088 3231048 3295680 3269070 3143612 3227252 3413540 3329896 3052364 3075174 3158826 3181752 3242530 3318492 3219726 3257748 3443940 3200682 3326146 3227252 3276746 3303288 3299522 3299486 3333698 3189342 3352708 3329896 3204436 3132202 3261546 3356510 3424940 3307086 3185432 3265290 3276672 3189264 3212058 3147422 3398330 3364112 3231150 3162616 3329908 3345104 3124646 3181626 3367918 3417338 3352708 3326094 3428744 3291878 3128414 3120800 3212084 3413536 3196834 3291884 3151342 3360310 3147414 3333698 3242470 3383144 3272868 3250128 3250070 3527590 3337504 3322294 3348906 3120796 3394526 3367916 3379320 3227246 3124646 3303284 3143622 3356544 3151260 3162658 3147454 3402132 3364112 3318490 3196928 3063808 3360310 3200714 3307086 3136066 3307084 3246256 3193072 3223444 3333730 3234852 3117062 3204478 3193104 3052366 3291896 3189234 2953672 3314690 3193032 3204518 3143612]
Response/bytes (per Connection):  [5942040 5493048 5453458 5400612 5651592 5790175 5763763 5684531 5757162 5829793 5724149 5651516 5611916 6179738 5433721 5598694 5407295 5572284 5658205 5809982 5737353 6001465 5697755 5413914 5684533 5479846 5545870 5710941 5499655 5644993 5763817 5479852 5578947 5704338 5737365 5829827 5592089 5664726 5704344 5578933 5611898 5724147 5677930 5460039 5605301 5928838 5783572 5301567 5341183 5486457 5526189 5631783 5763765 5592173 5658205 5981646 5559124 5777021 5605301 5691208 5737357 5730790 5730754 5790175 5539381 5823190 5783572 5565679 5440226 5664804 5829793 5948641 5743956 5532670 5671349 5691134 5539303 5578903 5466650 5902424 5842997 5612000 5493048 5783584 5809984 5427068 5526063 5849604 5935437 5823190 5776969 5955246 5717544 5433637 5420421 5578929 5928834 5552475 5717550 5473371 5836394 5466642 5790175 5631723 5876034 5684529 5644983 5644925 6126918 5796782 5770368 5816587 5420417 5895819 5849602 5869409 5605295 5427068 5737353 5460049 5829827 5473289 5493090 5466682 5909027 5842997 5763763 5552569 5321414 5836394 5559156 5743956 5446891 5743954 5638310 5545912 5598692 5790207 5618503 5413882 5565721 5545944 5301569 5717562 5539273 5130049 5757162 5545872 5565761 5460039]
Requests Number (per Connection):  [900 832 826 818 856 877 873 861 872 883 867 856 850 936 823 848 819 844 857 880 869 909 863 820 861 830 840 865 833 855 873 830 845 864 869 883 847 858 864 845 850 867 860 827 849 898 876 803 809 831 837 853 873 847 857 906 842 875 849 862 869 868 868 877 839 882 876 843 824 858 883 901 870 838 859 862 839 845 828 894 885 850 832 876 880 822 837 886 899 882 875 902 866 823 821 845 898 841 866 829 884 828 877 853 890 861 855 855 928 878 874 881 821 893 886 889 849 822 869 827 883 829 832 828 895 885 873 841 806 884 842 870 825 870 854 840 848 877 851 820 843 840 803 866 839 777 872 840 843 827]
Requests/sec:  7952.276888020833 KB
Transfer/sec:  21764.269482421874 KB

2023-12-05 18:31:10.59439124 +0800 CST m=+22221.101699088
Running 1m0s myx-test @ https://192.168.12.127:6443/apis/batch/v1/namespaces/myx-test/jobs
300 connections
Requests/bytes (per Connection):  [1885498 1999552 2071770 2079264 1851170 1942528 1870286 1893092 1938748 1885426 1801736 1896780 1881732 1980416 1866524 1885454 2007030 1896924 2037550 1969012 1893056 1961406 1942488 1961422 1957700 1934794 1858882 1965244 1965208 2045142 1877892 1889206 1851316 1980498 1969068 1931150 1870168 1965230 1889176 1858822 2014730 1911988 1881572 1969114 1817030 1851160 1950164 1858762 2056452 1748508 1999576 1866366 2045066 1847402 1866524 1775122 1854960 1805610 1759946 2083066 1950120 1911988 2022340 1919586 1854992 1915946 1854974 1892974 2014638 1775186 1915914 1923426 1931046 1923550 1889220 2026040 1820902 2033756 2010868 1969010 2048850 1824546 1855100 2048864 1938612 1927228 1942402 1870168 1919710 1885374 1820886 1836062 1961412 1893130 1957622 1912014 1877908 1915784 2060256 1995650 1889174 1965208 1858894 2048850 1877892 1744866 2026080 2018438 2003288 1931138 1729548 1942504 2041250 2003276 1938598 1980552 2014636 1862564 1782768 1866490 1904396 1813252 1760048 1881644 1911984 2029874 2010834 1923388 1984218 1851158 1870196 1934794 1900674 1995776 1820846 1999480 1892996 1889228 1896780 1820818 1980420 2079264 1999556 1919714 1934798 1885448 1847514 2018528 1900578 1942412 1927282 1824614 1919732 1832264 1938694 1953820 1957710 1976744 1828428 1885376 1953808 1839818 1877792 1900654 1873976 1953802 1828506 1847362 1889324 1809338 1889334 1969010 1946284 1976690 1881716 2029844 1801864 1763742 1870326 1911988 1923530 1927296 1855112 1915838 1980578 2037444 1866382 1752424 1908230 2010880 1999426 1980420 1832150 1961412 1870254 1923394 1957638 1915852 1786542 1828506 1877770 1976620 1763864 1927340 1919722 1900582 1737200 1900582 1816996 1847514 1946200 1855118 1927196 1889176 1843554 1885374 1980518 1817098 1896780 1953966 2048918 1927196 1984266 1915846 1839912 1790430 1931030 1965228 1934800 1851176 1957638 1881654 1855094 1893038 1957760 1877860 1889182 1934876 2056552 1881652 2003232 1740926 1934844 1873970 1866366 1889316 1828492 1961412 1843680 2041372 1835952 1809442 1919592 1934794 2007034 1991822 1900706 1934798 2026058 1938600 1995720 1870324 1965222 1668794 1984218 2014642 1980416 1969010 1938758 1794180 1961466 1881574 1881604 1760048 1980554 2003228 1942402 1828504 1980458 1889176 1912064 1976694 1950014 1915786 1729658 1892978 1896938 2064060 2022372 1874112 1786588 1779076 1832148 1912016 1896780 1953866 1798092 1900610 1832300 1748510]
Response/bytes (per Connection):  [3274794 3472878 3598315 3611411 3215257 3373839 3248378 3287990 3367258 3274722 3129410 3294479 3268227 3439737 3241815 3274750 3485958 3294623 3538886 3419930 3287954 3406722 3373799 3406738 3400215 3360503 3228571 3413361 3413325 3552080 3261586 3281303 3215403 3439819 3419986 3354058 3248260 3413347 3281273 3228511 3499260 3320891 3268067 3420032 3155908 3215247 3387077 3228451 3571793 3036968 3472902 3241657 3552004 3208688 3241815 3083189 3221848 3136085 3056809 3618014 3387033 3320891 3512472 3334091 3221880 3327650 3221862 3287872 3499168 3083253 3327618 3340732 3353954 3340856 3281317 3518973 3162581 3532291 3492597 3419928 3558589 3169026 3221988 3558603 3367122 3347335 3373713 3248260 3334215 3274670 3162565 3188945 3406728 3288028 3400137 3320917 3261602 3327488 3578398 3466175 3281271 3413325 3228583 3558589 3261586 3030525 3519013 3505769 3479415 3354046 3004003 3373815 3545387 3479403 3367108 3439873 3499166 3235054 3096437 3241781 3307697 3149329 3056911 3268139 3320887 3525608 3492563 3340694 3446340 3215245 3248288 3360503 3301174 3466301 3162525 3472806 3287894 3281325 3294479 3162497 3439741 3611411 3472882 3334219 3360507 3274744 3208800 3505859 3301078 3373723 3347389 3169094 3334237 3182346 3367204 3393534 3400225 3433264 3175709 3274672 3393522 3195502 3261486 3301154 3254869 3393516 3175787 3208648 3281421 3142614 3281431 3419928 3380396 3433210 3268211 3525578 3129538 3063406 3248418 3320891 3340836 3347403 3222000 3327542 3439899 3538780 3241673 3043685 3314332 3492609 3472752 3439741 3182232 3406728 3248346 3340700 3400153 3327556 3103012 3175787 3261464 3433140 3063528 3347447 3334227 3301082 3017257 3301082 3155874 3208800 3380312 3222006 3347303 3281273 3202039 3274670 3439839 3155976 3294479 3393680 3558657 3347303 3446388 3327550 3195596 3109701 3353938 3413345 3360509 3215263 3400153 3268149 3221982 3287936 3400275 3261554 3281279 3360585 3571893 3268147 3479359 3023784 3360553 3254863 3241657 3281413 3175773 3406728 3202165 3545509 3188835 3142718 3334097 3360503 3485962 3459546 3301206 3360507 3518991 3367110 3466245 3248416 3413339 2898433 3446340 3499172 3439737 3419928 3367268 3116252 3406782 3268069 3268099 3056911 3439875 3479355 3373713 3175785 3439779 3281273 3320967 3433214 3386927 3327490 3004113 3287876 3294637 3585003 3512504 3255005 3103058 3089944 3182230 3320919 3294479 3393580 3122965 3301110 3182382 3036970]
Requests Number (per Connection):  [496 526 545 547 487 511 492 498 510 496 474 499 495 521 491 496 528 499 536 518 498 516 511 516 515 509 489 517 517 538 494 497 487 521 518 508 492 517 497 489 530 503 495 518 478 487 513 489 541 460 526 491 538 486 491 467 488 475 463 548 513 503 532 505 488 504 488 498 530 467 504 506 508 506 497 533 479 535 529 518 539 480 488 539 510 507 511 492 505 496 479 483 516 498 515 503 494 504 542 525 497 517 489 539 494 459 533 531 527 508 455 511 537 527 510 521 530 490 469 491 501 477 463 495 503 534 529 506 522 487 492 509 500 525 479 526 498 497 499 479 521 547 526 505 509 496 486 531 500 511 507 480 505 482 510 514 515 520 481 496 514 484 494 500 493 514 481 486 497 476 497 518 512 520 495 534 474 464 492 503 506 507 488 504 521 536 491 461 502 529 526 521 482 516 492 506 515 504 470 481 494 520 464 507 505 500 457 500 478 486 512 488 507 497 485 496 521 478 499 514 539 507 522 504 484 471 508 517 509 487 515 495 488 498 515 494 497 509 541 495 527 458 509 493 491 497 481 516 485 537 483 476 505 509 528 524 500 509 533 510 525 492 517 439 522 530 521 518 510 472 516 495 495 463 521 527 511 481 521 497 503 520 513 504 455 498 499 543 532 493 470 468 482 503 499 514 473 500 482 460]
Requests/sec:  9337.955045572917 KB
Transfer/sec:  25556.641357421875 KB

