2023-12-04 19:07:30.843807024 +0800 CST m=+16351.687391193
Running 1m0s myx-test @ https://192.168.12.127:6443/api/v1/namespaces/myx-test/limitranges
3 connections
Requests/bytes (per Connection):  [33309802 32588179 36281065]
Response/bytes (per Connection):  [41477916 40579392 45177820]
Requests Number (per Connection):  [9002 8807 9805]
Requests/sec:  1663.07041015625 KB
Transfer/sec:  3733.954654947917 KB

2023-12-04 19:09:10.984422248 +0800 CST m=+16451.828006428
Running 1m0s myx-test @ https://192.168.12.127:6443/api/v1/namespaces/myx-test/limitranges
6 connections
Requests/bytes (per Connection):  [28825072 27411646 28910191 31278379 31111846 27171119]
Response/bytes (per Connection):  [35893461 34133383 35999443 38948337 38740983 33833882]
Requests Number (per Connection):  [7790 7408 7813 8453 8408 7343]
Requests/sec:  2843.558805338542 KB
Transfer/sec:  6384.403352864583 KB

2023-12-04 19:10:51.117602897 +0800 CST m=+16551.961187085
Running 1m0s myx-test @ https://192.168.12.127:6443/api/v1/namespaces/myx-test/limitranges
9 connections
Requests/bytes (per Connection):  [21517111 22534670 22930509 24440265 21480005 22926798 24510580 24588297 21709443]
Response/bytes (per Connection):  [26793418 28060510 28553482 30433420 26747290 28548869 30520970 30617736 27032974]
Requests Number (per Connection):  [5815 6090 6197 6605 5805 6196 6624 6645 5867]
Requests/sec:  3363.24345703125 KB
Transfer/sec:  7551.210074869791 KB

2023-12-04 19:12:31.248813864 +0800 CST m=+16652.092398046
Running 1m0s myx-test @ https://192.168.12.127:6443/api/v1/namespaces/myx-test/limitranges
15 connections
Requests/bytes (per Connection):  [19011914 16699291 18020252 17750177 16895450 17820492 16884353 16980433 18775138 16562380 18908368 18875061 17694696 18982324 17809391]
Response/bytes (per Connection):  [23673992 20794243 22439151 22102816 21038470 22190366 21024649 21144384 23379124 20623760 23545009 23503538 22033713 23637137 22176543]
Requests Number (per Connection):  [5138 4513 4870 4797 4566 4816 4563 4589 5074 4476 5110 5101 4782 5130 4813]
Requests/sec:  4356.603515625 KB
Transfer/sec:  9781.520426432291 KB

2023-12-04 19:14:11.380117571 +0800 CST m=+16752.223701764
Running 1m0s myx-test @ https://192.168.12.127:6443/api/v1/namespaces/myx-test/limitranges
30 connections
Requests/bytes (per Connection):  [10120201 10986111 10205262 10963945 11078594 10123878 10989776 10168358 9938908 10986137 11189620 11256150 10834432 11015727 10849282 11015681 10101744 11048988 10926887 11215525 11060091 10149855 11271038 11019382 10949139 11097101 10960168 10105445 10094288 10075839]
Response/bytes (per Connection):  [12601863 13680073 12707816 13652445 13795252 12606459 13684663 12661789 12376099 13680086 13933490 14016390 13491176 13716941 13509631 13716918 12578847 13758389 13606341 13965745 13772213 12638750 14034864 13721526 13634012 13818293 13647799 12583455 12569604 12546592]
Requests Number (per Connection):  [2735 2969 2758 2963 2994 2736 2970 2748 2686 2969 3024 3042 2928 2977 2932 2977 2730 2986 2953 3031 2989 2743 3046 2978 2959 2999 2962 2731 2728 2723]
Requests/sec:  5237.590364583333 KB
Transfer/sec:  11759.522672526042 KB

2023-12-04 19:15:51.519459964 +0800 CST m=+16852.363044152
Running 1m0s myx-test @ https://192.168.12.127:6443/api/v1/namespaces/myx-test/limitranges
60 connections
Requests/bytes (per Connection):  [5953679 5890756 5568903 5975903 5979690 5839064 5924153 5520794 5646570 5624416 6068510 5872293 5535606 5535604 5901943 5672527 5968587 5761313 6101817 5979646 5528196 5901975 5920362 5772448 5816854 5931581 5957486 5931585 5924179 5772448 5565202 5890872 6020317 5439398 5872369 5542998 5639170 6001896 5905520 6138813 5901975 5879747 5654018 5938883 5550400 5905678 5994438 5961047 5650323 6031348 5924179 5472687 5968589 5987012 5735340 5972132 5624416 5887051 5705834 5472691]
Response/bytes (per Connection):  [7413657 7335318 6934489 7441314 7445965 7270867 7376834 6874587 7031230 7003608 7556555 7312299 6893023 6893022 7349184 7063511 7432141 7174084 7598026 7445943 6883803 7349200 7372181 7187924 7243217 7386063 7418318 7386065 7376847 7187924 6929881 7335376 7496611 6773224 7312337 6902234 7022015 7473613 7353730 7644099 7349200 7321541 7040469 7395229 6911450 7353809 7464369 7422856 7035864 7510399 7376847 6814686 7432142 7455141 7141795 7436671 7003608 7330708 7104982 6814688]
Requests Number (per Connection):  [1609 1592 1505 1615 1616 1578 1601 1492 1526 1520 1640 1587 1496 1496 1595 1533 1613 1557 1649 1616 1494 1595 1600 1560 1572 1603 1610 1603 1601 1560 1504 1592 1627 1470 1587 1498 1524 1622 1596 1659 1595 1589 1528 1605 1500 1596 1620 1611 1527 1630 1601 1479 1613 1618 1550 1614 1520 1591 1542 1479]
Requests/sec:  5680.553889973959 KB
Transfer/sec:  12754.069075520832 KB

2023-12-04 19:17:31.678276163 +0800 CST m=+16952.521860341
Running 1m0s myx-test @ https://192.168.12.127:6443/api/v1/namespaces/myx-test/limitranges
90 connections
Requests/bytes (per Connection):  [4070400 4122078 4147955 3959262 4199883 4192411 4173860 4003768 4062864 4166460 4122054 4018430 4077638 3929670 3963075 4107268 4062954 4137010 3988926 4218272 3996348 3955609 4159062 4062862 4148025 4155443 4292288 4266381 4266381 4092548 3911187 4192369 4166530 4136856 4118361 4088823 3970319 4188668 4236779 4159060 4125825 3977825 4155437 3974064 4233078 4188692 4085134 4003626 4011030 4066541 4240476 3929638 4029557 4022147 4118359 4025834 4214569 4066593 3974120 4096147 3833476 4173864 4170159 4203590 4321894 4111021 4014729 4077642 3999979 4148019 3988824 4140599 4159186 4129578 3859437 4148053 3929660 4025832 3974022 3851971 4166460 3929610 3944514 4011144 4125769 4159060 4233098 4247972 4199767 4018446]
Response/bytes (per Connection):  [5068450 5132894 5165135 4930156 5229704 5220453 5197390 4985499 5059167 5188175 5132882 5003860 5077584 4893300 4934820 5114459 5059212 5151390 4967048 5252686 4976274 4925572 5178961 5059166 5165170 5174394 5344844 5312588 5312588 5096069 4870271 5220432 5188210 5151313 5128278 5091449 4943957 5215824 5275727 5178960 5137525 4953225 5174391 4948587 5271119 5215836 5086847 4985428 4994645 5063763 5280333 4893284 5017696 5008476 5128277 5013077 5248077 5063789 4948615 5100626 4773508 5197392 5192782 5234315 5381707 5119093 4999252 5077586 4980847 5165167 4966997 5155942 5179023 5142159 4805791 5165184 4893295 5013076 4948566 4796543 5188175 4893270 4911752 4994702 5137497 5178960 5271129 5289596 5229646 5003868]
Requests Number (per Connection):  [1100 1114 1121 1070 1135 1133 1128 1082 1098 1126 1114 1086 1102 1062 1071 1110 1098 1118 1078 1140 1080 1069 1124 1098 1121 1123 1160 1153 1153 1106 1057 1133 1126 1118 1113 1105 1073 1132 1145 1124 1115 1075 1123 1074 1144 1132 1104 1082 1084 1099 1146 1062 1089 1087 1113 1088 1139 1099 1074 1107 1036 1128 1127 1136 1168 1111 1085 1102 1081 1121 1078 1119 1124 1116 1043 1121 1062 1088 1074 1041 1126 1062 1066 1084 1115 1124 1144 1148 1135 1086]
Requests/sec:  5991.6048828125 KB
Transfer/sec:  13452.456884765625 KB

2023-12-04 19:19:11.903206105 +0800 CST m=+17052.746790297
Running 1m0s myx-test @ https://192.168.12.127:6443/api/v1/namespaces/myx-test/limitranges
150 connections
Requests/bytes (per Connection):  [3544782 3104569 3156305 3226672 3504179 3326539 3160036 3374650 3411658 3345044 3389454 3304349 3259925 3296933 3300650 3256222 3237759 3252523 3256224 3300632 3311735 3474571 3289531 3300650 3341343 3415357 3278428 3422761 3163703 3352434 3526383 3215515 3341337 3404258 3122996 3193311 3352444 3252523 3404252 3459765 3308040 3219216 3322838 3341337 3326541 3400555 3289531 3374650 3189680 3452301 3263624 3271028 3400555 3256264 3115710 3463470 3174806 3245121 3282129 3511541 3200715 3234018 3204416 3326541 3370927 3126695 3426410 3237773 3163707 3515278 3404252 3374650 3189612 3263628 3300646 3097127 3308034 3296931 3222969 3433864 3415359 3278430 3315444 3296951 3152600 3570789 3367248 3271026 3504175 3226616 3248826 3370949 3467169 3326539 3259923 3104491 3193385 3296941 3315438 3097097 3348745 3248866 3319143 3341341 3319137 3411658 3185909 3411658 3415359 3396854 3274733 3330240 3326539 3211814 3152600 3441266 3352432 3256264 3415359 3293230 3322838 3289531 3241420 3300634 3211814 3197012 3171105 3248822 3215577 3426462 3267325 3308040 3382022 3337642 3437565 3263624 3211878 3370949 3315436 3356147 3341343 3330240 3174844 3322840 3518933 3315438 3359846 3315436 3319139 3197014]
Response/bytes (per Connection):  [4414076 3865827 3930300 4017876 4363442 4142262 3934923 4202165 4248244 4165302 4220597 4114622 4059320 4105399 4110015 4054711 4031692 4050104 4054712 4110006 4123830 4326578 4096183 4110015 4160694 4252851 4082359 4262068 3939514 4174512 4391089 4004025 4160691 4239029 3888828 3976378 4174517 4050104 4239026 4308145 4119225 4008633 4137654 4160691 4142263 4234420 4096183 4202165 3971805 4298898 4063927 4073144 4234420 4054732 3879670 4312755 3953338 4040888 4086967 4372638 3985595 4027064 3990203 4142263 4197546 3893435 4266650 4031699 3939516 4377264 4239026 4202165 3971771 4063929 4110013 3856591 4119222 4105398 4013267 4275892 4252852 4082360 4128442 4105408 3925690 4446382 4192949 4073143 4363440 4017848 4045498 4197557 4317362 4142262 4059319 3865788 3976415 4105403 4128439 3856576 4169910 4045518 4133049 4160693 4133046 4248244 3967162 4248244 4252852 4229812 4077754 4146870 4142262 3999417 3925690 4285108 4174511 4054732 4252852 4100790 4137654 4096183 4036280 4110007 3999417 3980986 3948730 4045496 4004056 4266676 4068535 4119225 4211366 4156086 4280500 4063927 3999449 4197557 4128438 4179126 4160694 4146870 3953357 4137655 4381849 4128439 4183733 4128438 4133047 3980987]
Requests Number (per Connection):  [958 839 853 872 947 899 854 912 922 904 916 893 881 891 892 880 875 879 880 892 895 939 889 892 903 923 886 925 855 906 953 869 903 920 844 863 906 879 920 935 894 870 898 903 899 919 889 912 862 933 882 884 919 880 842 936 858 877 887 949 865 874 866 899 911 845 926 875 855 950 920 912 862 882 892 837 894 891 871 928 923 886 896 891 852 965 910 884 947 872 878 911 937 899 881 839 863 891 896 837 905 878 897 903 897 922 861 922 923 918 885 900 899 868 852 930 906 880 923 890 898 889 876 892 868 864 857 878 869 926 883 894 914 902 929 882 868 911 896 907 903 900 858 898 951 896 908 896 897 864]
Requests/sec:  8075.243994140625 KB
Transfer/sec:  18130.66990559896 KB

2023-12-04 19:20:52.132077505 +0800 CST m=+17152.975661695
Running 1m0s myx-test @ https://192.168.12.127:6443/api/v1/namespaces/myx-test/limitranges
300 connections
Requests/bytes (per Connection):  [1813232 1879690 1868587 1720709 1831579 1776066 1805698 1753860 1868713 1765121 1772487 1809373 1746464 1642920 1724324 1698349 1713309 1813074 1868743 1828034 1820552 1790922 1790906 1850082 1816775 1735369 1753964 1779765 1794579 1735515 1591178 1676219 1816775 1753860 1876083 1779837 1820490 1672570 1883389 1857522 1768666 1761344 1946428 1790942 1650238 1702158 1750297 1820492 1909292 1757561 1861343 1805686 1839081 1776120 1624433 1853833 1801971 1761420 1838979 1702102 1694804 1642838 1901894 1683703 1853783 1831577 1757721 1702048 1850082 1705853 1850082 1802113 1724254 1898205 1872298 1794657 1661341 1757721 1790868 1816775 1916698 1864886 1761262 1672600 1676215 1813232 1683703 1735357 1835276 1761276 1753950 1676143 1798430 1827992 1850082 1746590 1787269 1835302 1809373 1957403 1790944 1768684 1820476 1876041 1694802 1924122 1868621 1935249 1779767 1990712 1783478 1839045 1757561 1761390 1905589 1935197 1768822 1691013 1761288 1761360 1735357 1805672 1805830 1909296 1816853 1801977 1757583 1787327 1716998 1846539 1809395 1857484 1905629 1820534 1835274 1853783 1864886 1764963 1912995 1683565 1783626 1861185 1894492 1739216 1750319 1783624 1776182 1776080 1861185 1779849 1776210 1617077 1702048 1713239 1742837 1798390 1816877 1879688 1761420 1764965 1735453 1639255 1820476 1857484 1794569 1739090 1787299 1898301 1709594 1809435 1746618 1705749 1801971 1846381 1809373 1805672 1816775 1816773 1879738 1905591 1787227 1887090 1805772 1717010 1724254 1754018 1809373 1779925 1987135 1853779 1820634 1727957 1690947 1735355 1838981 1827902 1801973 1831577 1798272 1872282 1764963 1805672 1791026 1868723 1694806 1861249 1694804 1883483 1883389 1757563 1642836 1853809 1824245 1813172 1776134 1794569 1816775 1750307 1768820 1838975 1765053 1794569 1783626 1831573 1824177 1772523 1798270 1772403 1635592 1876085 1776066 1757709 1654097 1709570 1709486 1846493 1813232 1772365 1790980 1924098 1668881 1916740 1757651 1709608 1961106 1846449 1753896 1868729 1839073 1768822 1705749 1809523 1831737 1861185 1816775 1809439 1805754 1987135 1754000 1728111 1813074 1805672 1754008 1794585 1850178 1846441 1687362 1764963 1783466 1790868 1739216 1742903 1831719 1709450 1720697 1887144 1846419 1716854 1698349 1850078 1709452 1887124 1820476 1757561 1868585 1772365 1761262 1827876 1839085 1883389 1779779 1698349 1794697 1757719 1879846 1909362 1842746 1913155 1824175 1790972]
Response/bytes (per Connection):  [2257791 2340655 2326831 2142592 2280752 2211633 2248509 2183985 2326894 2197888 2207086 2253104 2174772 2045790 2147157 2114867 2133377 2257712 2326909 2276222 2266966 2230091 2230083 2303791 2262320 2160952 2184037 2216240 2234677 2161025 1981314 2087257 2262320 2183985 2336094 2216276 2266935 2082675 2345262 2313026 2202418 2193242 2423659 2230101 2054964 2119529 2179446 2266936 2377516 2188593 2317694 2248503 2290018 2211660 2022759 2308424 2243888 2193280 2289967 2119501 2110337 2045749 2368302 2096514 2308399 2280751 2188673 2119474 2303791 2124134 2303791 2243959 2147122 2363700 2331444 2234716 2068788 2188673 2230064 2262320 2386734 2322223 2193201 2082690 2087255 2257791 2096514 2160946 2285358 2193208 2184030 2087219 2239360 2276201 2303791 2174835 2225507 2285371 2253104 2437419 2230102 2202427 2266928 2336073 2110336 2395961 2326848 2409797 2216241 2478891 2220854 2290000 2188593 2193265 2372907 2409771 2202496 2105684 2193214 2193250 2160946 2248496 2248575 2377518 2262359 2243891 2188604 2225536 2137979 2299262 2253115 2313007 2372927 2266957 2285357 2308399 2322223 2197809 2382125 2096445 2220928 2317615 2359086 2165633 2179457 2220927 2211691 2211640 2317615 2216282 2211705 2013566 2119474 2133342 2170201 2239340 2262371 2340654 2193280 2197810 2160994 2041200 2266928 2313007 2234672 2165570 2225522 2363748 2128762 2253135 2174849 2124082 2243888 2299183 2253104 2248496 2262320 2262319 2340679 2372908 2225486 2349870 2248546 2137985 2147122 2184064 2253104 2216320 2474345 2308397 2267007 2151731 2105651 2160945 2289968 2276156 2243889 2280751 2239281 2331436 2197809 2248496 2230143 2326899 2110338 2317647 2110337 2345309 2345262 2188594 2045748 2308412 2271570 2257761 2211667 2234672 2262320 2179451 2202495 2289965 2197854 2234672 2220928 2280749 2271536 2207104 2239280 2207044 2036611 2336095 2211633 2188667 2059651 2128750 2128708 2299239 2257791 2207025 2230120 2395949 2078073 2386755 2188638 2128769 2442028 2299217 2184003 2326902 2290014 2202496 2124082 2253179 2280831 2317615 2262320 2253137 2248537 2474345 2184055 2151808 2257712 2248496 2184059 2234680 2303839 2299213 2101101 2197809 2220848 2230064 2165633 2170234 2280822 2128690 2142586 2349897 2299202 2137907 2114867 2303789 2128691 2349887 2266928 2188593 2326830 2207025 2193201 2276143 2290020 2345262 2216247 2114867 2234736 2188672 2340733 2377551 2294608 2382205 2271535 2230116]
Requests Number (per Connection):  [490 508 505 465 495 480 488 474 505 477 479 489 472 444 466 459 463 490 505 494 492 484 484 500 491 469 474 481 485 469 430 453 491 474 507 481 492 452 509 502 478 476 526 484 446 460 473 492 516 475 503 488 497 480 439 501 487 476 497 460 458 444 514 455 501 495 475 460 500 461 500 487 466 513 506 485 449 475 484 491 518 504 476 452 453 490 455 469 496 476 474 453 486 494 500 472 483 496 489 529 484 478 492 507 458 520 505 523 481 538 482 497 475 476 515 523 478 457 476 476 469 488 488 516 491 487 475 483 464 499 489 502 515 492 496 501 504 477 517 455 482 503 512 470 473 482 480 480 503 481 480 437 460 463 471 486 491 508 476 477 469 443 492 502 485 470 483 513 462 489 472 461 487 499 489 488 491 491 508 515 483 510 488 464 466 474 489 481 537 501 492 467 457 469 497 494 487 495 486 506 477 488 484 505 458 503 458 509 509 475 444 501 493 490 480 485 491 473 478 497 477 485 482 495 493 479 486 479 442 507 480 475 447 462 462 499 490 479 484 520 451 518 475 462 530 499 474 505 497 478 461 489 495 503 491 489 488 537 474 467 490 488 474 485 500 499 456 477 482 484 470 471 495 462 465 510 499 464 459 500 462 510 492 475 505 479 476 494 497 509 481 459 485 475 508 516 498 517 493 484]
Requests/sec:  8761.091585286458 KB
Transfer/sec:  19670.548225911458 KB

