2023-12-04 10:38:08.863910389 +0800 CST m=+962.543215239
Running 1m0s myx-test @ https://192.168.12.127:6443/api/v1/namespaces
3 connections
Requests/bytes (per Connection):  [29352350 32270580 26812780]
Response/bytes (per Connection):  [37993844 41771232 34706626]
Requests Number (per Connection):  [8137 8946 7433]
Requests/sec:  1439.38330078125 KB
Transfer/sec:  3302.5294921875 KB

2023-12-04 10:39:48.987341791 +0800 CST m=+1062.666646642
Running 1m0s myx-test @ https://192.168.12.127:6443/api/v1/namespaces
6 connections
Requests/bytes (per Connection):  [29074552 25092134 28933842 25965104 26181572 24828808]
Response/bytes (per Connection):  [37634272 32479406 37452144 33609380 33889568 32138554]
Requests Number (per Connection):  [8060 6956 8021 7198 7258 6883]
Requests/sec:  2605.403841145833 KB
Transfer/sec:  5977.853776041667 KB

2023-12-04 10:41:29.607220571 +0800 CST m=+1163.286525431
Running 1m0s myx-test @ https://192.168.12.127:6443/api/v1/namespaces
9 connections
Requests/bytes (per Connection):  [22992648 20348558 20767064 23660044 20824720 20435150 20940238 20207854 23425692]
Response/bytes (per Connection):  [29761836 26339300 26880998 30625702 26955646 26451380 27105148 26157178 30322320]
Requests Number (per Connection):  [6374 5641 5757 6559 5773 5665 5805 5602 6494]
Requests/sec:  3151.073697916667 KB
Transfer/sec:  7229.841731770834 KB

2023-12-04 10:43:09.76414107 +0800 CST m=+1263.443445942
Running 1m0s myx-test @ https://192.168.12.127:6443/api/v1/namespaces
15 connections
Requests/bytes (per Connection):  [19717352 17837918 18837210 19951860 17758638 17661184 17560198 18981476 20077976 19151042 18617138 18988738 20020268 17982166 19886814]
Response/bytes (per Connection):  [25522244 23089508 24382974 25825782 22986864 22860736 22730014 24569720 25989068 24789200 24098120 24579106 25914368 23276236 25741620]
Requests Number (per Connection):  [5466 4945 5222 5531 4923 4896 4868 5262 5566 5309 5161 5264 5550 4985 5513]
Requests/sec:  4606.60771484375 KB
Transfer/sec:  10569.42607421875 KB

2023-12-04 10:44:49.892492483 +0800 CST m=+1363.571797344
Running 1m0s myx-test @ https://192.168.12.127:6443/api/v1/namespaces
30 connections
Requests/bytes (per Connection):  [11236696 11171596 11341174 11077956 10223062 11323192 10071418 11063520 10399780 11398982 10205026 11337556 11370124 11290654 11171622 11290696 11247372 10262592 11406246 11269122 11095990 10205016 10215698 10370826 10093050 11110422 11196852 11337588 10273526 11337576]
Response/bytes (per Connection):  [14544826 14460610 14680102 14339358 13232770 14656810 13036522 14320674 13461526 14754902 13209424 14675422 14717548 14614714 14460636 14614756 14558688 13283982 14764290 14586810 14362702 13209414 13223282 13424076 13064526 14381382 14493300 14675454 13298102 14675442]
Requests Number (per Connection):  [3115 3097 3144 3071 2834 3139 2792 3067 2883 3160 2829 3143 3152 3130 3097 3130 3118 2845 3162 3124 3076 2829 2832 2875 2798 3080 3104 3143 2848 3143]
Requests/sec:  5328.693522135417 KB
Transfer/sec:  12226.187825520834 KB

2023-12-04 10:46:30.99652299 +0800 CST m=+1464.675827848
Running 1m0s myx-test @ https://192.168.12.127:6443/api/v1/namespaces
60 connections
Requests/bytes (per Connection):  [6633708 6597704 6803290 6034944 6705828 6139534 6229710 6745564 6630178 6792378 6402938 6752844 6511120 6554378 6161270 6514728 6568844 6536350 6031360 6240656 6713078 6543580 6716650 6594098 6190052 6204456 6554402 6651820 6500296 6734718 6882722 6666254 6327212 6287522 6558016 6294724 6507512 6323512 6446178 6092616 6590438 6659040 6128828 6190176 6291154 6788918 6594100 6255028 6550804 6676996 6615746 6612072 6583276 6244166 6460628 6182812 6475050 6258572 6359664 6518334]
Response/bytes (per Connection):  [8586726 8540102 8806222 7811670 8680086 7947058 8063784 8731504 8582134 8792124 8287988 8740908 8428030 8484032 7975166 8432700 8502746 8460694 7807024 8077916 8689460 8470048 8694094 8535434 8012444 8031096 8484056 8610148 8414020 8717472 8909018 8628830 8189960 8138588 8488732 8147914 8423360 8185198 8343972 7886334 8530712 8619492 7933166 8012568 8143282 8787602 8535436 8096536 8479396 8642758 8563454 8558718 8521426 8082488 8362670 8003080 8381340 8101142 8231970 8437368]
Requests Number (per Connection):  [1839 1829 1886 1673 1859 1702 1727 1870 1838 1883 1775 1872 1805 1817 1708 1806 1821 1812 1672 1730 1861 1814 1862 1828 1716 1720 1817 1844 1802 1867 1908 1848 1754 1743 1818 1745 1804 1753 1787 1689 1827 1846 1699 1716 1744 1882 1828 1734 1816 1851 1834 1833 1825 1731 1791 1714 1795 1735 1763 1807]
Requests/sec:  6321.818782552084 KB
Transfer/sec:  14504.816764322917 KB

2023-12-04 10:48:11.149212703 +0800 CST m=+1564.828517581
Running 1m0s myx-test @ https://192.168.12.127:6443/api/v1/namespaces
90 connections
Requests/bytes (per Connection):  [5014162 4736296 4671424 5046616 5089868 4970798 5035692 5003314 4696712 4941888 4891436 4869742 4985284 4996106 5057490 5039314 4988808 4916634 4754320 4988788 5003232 4891378 4848100 4729184 4732790 4862516 4905810 4977964 4833652 4826436 4967144 4898594 4671458 4671460 4841000 4988922 4977966 4956320 4996004 4938386 4920240 4736284 4970774 4855458 5032192 4844482 4776030 5032180 4880556 4592086 4844476 5010528 4790518 4920240 4851786 4956476 4721968 4732700 4631774 4873372 4884288 4927614 4977992 4931162 5104240 4786750 5140312 4977966 5017652 4887770 4642504 4786890 4945652 4710986 4732634 4967286 4754280 5118680 4934690 4563200 4693050 4595694 5133106 4649812 5003220 4685894 4718360 4934824 4794124 4747092]
Response/bytes (per Connection):  [6490342 6130702 6046714 6532354 6588350 6434234 6518244 6476308 6079436 6396828 6331508 6303442 6452968 6466976 6546414 6522928 6457554 6364140 6154036 6457534 6476226 6331450 6275428 6121466 6126134 6294092 6350130 6443524 6256732 6247392 6429518 6340790 6046748 6046750 6266204 6457668 6443526 6415508 6466874 6392264 6368808 6130690 6434210 6284910 6513682 6270748 6182118 6513670 6317442 5944012 6270742 6485646 6200854 6368808 6280176 6415664 6112126 6126044 5995382 6308134 6322236 6378306 6443552 6382916 6606970 6196024 6653662 6443526 6494894 6326780 6009298 6196164 6401654 6097958 6125978 6429660 6153996 6625658 6387506 5906630 6074712 5948682 6644332 6018730 6476214 6065432 6107456 6387640 6205522 6144684]
Requests Number (per Connection):  [1390 1313 1295 1399 1411 1378 1396 1387 1302 1370 1356 1350 1382 1385 1402 1397 1383 1363 1318 1383 1387 1356 1344 1311 1312 1348 1360 1380 1340 1338 1377 1358 1295 1295 1342 1383 1380 1374 1385 1369 1364 1313 1378 1346 1395 1343 1324 1395 1353 1273 1343 1389 1328 1364 1345 1374 1309 1312 1284 1351 1354 1366 1380 1367 1415 1327 1425 1380 1391 1355 1287 1327 1371 1306 1312 1377 1318 1419 1368 1265 1301 1274 1423 1289 1387 1299 1308 1368 1329 1316]
Requests/sec:  7144.121940104166 KB
Transfer/sec:  16391.518977864584 KB

2023-12-04 10:49:51.295682091 +0800 CST m=+1664.974986945
Running 1m0s myx-test @ https://192.168.12.127:6443/api/v1/namespaces
150 connections
Requests/bytes (per Connection):  [3293442 3008478 3170776 3390852 3361926 3102268 3390854 3365548 3286220 3264580 3246540 3361948 3188818 3109482 3123878 3116658 3242932 3376348 3131156 3376416 3264578 3416108 3120268 3159952 3174384 3141912 3282618 3293442 3156344 3058958 3271796 3062540 3120270 3221284 3051826 3325908 3463006 3250148 3264578 3098668 3141918 3149130 3257364 3131090 3203246 3329490 3347558 3149184 3293416 3214074 3105876 3224904 3113124 3405196 3307872 3268188 3376418 3282618 3271792 3297050 3084278 3141912 3372814 3354734 3293440 3051720 3322288 3141970 3279010 3004820 3196060 3192422 3300658 3181598 3113088 3145520 3217694 3264578 3199664 3224892 3365532 3307840 3325874 3192454 3178030 3185212 3095074 3257364 3257364 3311480 3214070 3289812 3174384 3102228 3340340 3185208 3286226 3141972 3351166 3293442 3268186 3318696 3181636 3185206 3250146 3300658 3354774 3329472 3286226 3167168 3188814 3116716 3235718 3185208 3210482 3398068 3206854 3160000 3224904 3401676 3340338 3452098 3228500 3001344 3181604 3224892 3080580 3214070 3300658 3152792 3419620 3257364 3279010 3138306 3138314 3008486 3318656 3304264 3152788 3087884 3185208 3282618 3058934 3257364 3113126 3293416 3134706 3279010 3232108 3105836]
Response/bytes (per Connection):  [4263048 3894186 4104274 4389132 4351710 4015588 4389134 4356394 4253702 4225690 4202340 4351732 4127626 4024926 4043570 4034226 4197670 4370380 4052972 4370448 4225688 4421822 4038898 4090264 4108944 4066914 4249038 4263048 4085594 3959534 4235030 3964178 4038900 4169650 3950278 4305072 4482526 4207010 4225688 4010926 4066920 4076256 4216350 4052906 4146302 4309716 4333094 4076310 4263022 4160316 4020258 4174332 4029630 4407724 4281726 4230360 4370450 4249038 4235026 4267718 3992288 4066914 4365784 4342394 4263046 3950172 4300390 4066972 4244368 3889466 4136992 4132292 4272388 4118282 4029594 4071584 4164998 4225688 4141658 4174320 4356378 4281694 4305038 4132324 4113652 4122958 4006270 4216350 4216350 4286396 4160312 4258356 4108944 4015548 4323752 4122954 4253708 4066974 4337764 4263048 4230358 4295736 4118320 4122952 4207008 4272388 4342434 4309698 4253708 4099604 4127622 4034284 4188332 4122954 4155662 4398472 4150972 4090312 4174332 4403142 4323750 4468432 4178990 3884928 4118288 4174320 3987528 4160312 4272388 4080980 4426396 4216350 4244368 4062246 4062254 3894194 4295696 4277056 4080976 3996956 4122954 4249038 3959510 4216350 4029632 4263022 4057584 4244368 4183660 4020218]
Requests Number (per Connection):  [913 834 879 940 932 860 940 933 911 905 900 932 884 862 866 864 899 936 868 936 905 947 865 876 880 871 910 913 875 848 907 849 865 893 846 922 960 901 905 859 871 873 903 868 888 923 928 873 913 891 861 894 863 944 917 906 936 910 907 914 855 871 935 930 913 846 921 871 909 833 886 885 915 882 863 872 892 905 887 894 933 917 922 885 881 883 858 903 903 918 891 912 880 860 926 883 911 871 929 913 906 920 882 883 901 915 930 923 911 878 884 864 897 883 890 942 889 876 894 943 926 957 895 832 882 894 854 891 915 874 948 903 909 870 870 834 920 916 874 856 883 910 848 903 863 913 869 909 896 861]
Requests/sec:  7879.393717447917 KB
Transfer/sec:  18078.524544270833 KB

2023-12-04 10:51:31.464952584 +0800 CST m=+1765.144257432
Running 1m0s myx-test @ https://192.168.12.127:6443/api/v1/namespaces
300 connections
Requests/bytes (per Connection):  [1933460 1821622 1864916 1836100 1778326 1832528 1792906 1940674 2002022 1890202 1901048 1782088 1933460 1872126 1944282 1727892 1919028 1764052 1872196 1919110 1940794 1998404 1879344 1735192 1865018 1886558 1911954 1879480 2038098 1893774 1911812 1965930 1872126 1955114 1836132 1803638 1861304 1850484 1886558 1800062 1911876 1937168 1908206 1911852 1789150 1828958 1958714 1872134 1865014 1904600 1940756 1900994 2009240 1900994 1854092 1857694 1800018 1828836 1857774 1882950 1890168 1771116 1763928 1818014 1789152 1850480 1926248 1854092 1836048 1944284 1893774 1854092 1872180 2020048 1937068 1879368 1929854 1987578 1843326 1861394 1857800 1865060 1854196 1828836 1922636 1915420 1807302 1857700 1821616 1868522 2012856 1796438 1749464 1807348 1929852 1915420 1792758 1904596 2005620 1922766 1850572 1799974 1825230 1991184 1857700 1958830 1778352 1893866 1821620 1864926 1962322 1857752 1951548 1882954 1955108 1951612 1828838 1861342 1850484 1882954 1800114 1818060 1998492 1904684 1983968 1771110 1818092 1872130 1958714 1886652 1781934 1861304 1818130 1915512 1771134 1947892 1868524 1904598 1850588 1857696 1890166 1933574 1836048 1904602 1807292 1821752 1944370 1980366 1879346 1868646 1839656 1900990 1904596 1958714 1875790 1998406 1933458 1929916 1976856 1796402 1792896 1879414 1857696 1904596 2020048 1861302 1839680 1901094 1879452 1944404 1947890 2038156 1900998 1904640 1886586 1854176 1879348 1846978 1796366 1857778 1854168 1763900 1872132 1792760 1904676 1810956 1973190 1857812 1893778 1882954 1749546 1969542 1691738 1763896 1846902 1926292 1998402 2023672 1901136 1937068 1828956 1926244 1821622 1839726 1900990 1944282 1861308 1821620 1868532 1850484 1875852 1778328 1872274 1973146 1857746 1965930 1854140 1875738 1753102 1937066 1875740 2002008 1947892 1886558 1807190 1904602 1821620 1940698 1836146 1929852 1922640 1843264 1955212 1973252 1807190 1825240 1861416 1933460 1919028 1810934 1915420 1976856 1814552 1753076 1929920 1890166 1904598 1908254 1929984 1818122 1814534 1854092 1854250 1843412 1857698 1854088 2121066 1984048 1900988 1821648 2023654 1785692 1991184 2048910 1843326 1847024 1846876 1868524 1872202 1944286 1926244 1810848 1908210 1962326 1839656 2012830 1908326 1792788 1919080 1951552 1864912 1908210 1897386 1814422 1782094 1958716 2041694 1882954 1922636 1799990 1872130 1857696 1922664 1958718 1897434 1958758 1951498 1904718 1861306 1922696]
Response/bytes (per Connection):  [2502692 2357932 2413970 2376658 2301892 2372024 2320720 2512030 2591432 2446690 2460722 2306716 2502692 2423304 2516700 2236590 2484012 2283370 2423374 2484094 2512150 2586752 2432646 2246014 2414072 2441984 2474814 2432782 2638128 2451324 2474672 2544720 2423304 2530718 2376690 2334638 2409296 2395290 2441984 2330000 2474736 2507462 2470004 2474712 2315902 2367392 2535380 2423312 2414068 2465336 2512112 2460668 2600774 2460668 2399960 2404624 2329956 2367270 2404704 2437314 2446656 2292558 2283246 2353262 2315904 2395286 2493356 2399960 2376606 2516702 2451324 2399960 2423358 2614768 2507362 2432670 2498024 2572740 2386008 2409386 2404730 2414114 2400064 2367270 2488682 2479342 2339364 2404630 2357926 2418638 2605452 2325314 2264534 2339410 2498022 2479342 2320572 2465332 2596092 2488812 2395378 2329912 2362602 2577408 2404630 2535496 2301918 2451416 2357930 2413980 2540050 2404682 2526090 2437318 2530712 2526154 2367272 2409334 2395290 2437318 2330052 2353308 2586840 2465420 2568068 2292552 2353340 2423308 2535380 2442078 2306562 2409296 2353378 2479434 2292576 2521372 2418640 2465334 2395394 2404626 2446654 2502806 2376606 2465338 2339354 2358062 2516788 2563404 2432648 2418762 2381276 2460664 2465332 2535380 2428030 2586754 2502690 2498086 2558832 2325278 2320710 2432716 2404626 2465332 2614768 2409294 2381300 2460768 2432754 2516822 2521370 2638186 2460672 2465376 2442012 2400044 2432650 2390722 2325242 2404708 2400036 2283218 2423310 2320574 2465412 2344080 2554104 2404742 2451328 2437318 2264616 2549394 2189816 2283214 2390646 2493400 2586750 2619454 2460810 2507362 2367390 2493352 2357932 2381346 2460664 2516700 2409300 2357930 2418648 2395290 2428092 2301894 2423452 2554060 2404676 2544720 2400008 2427978 2269234 2507360 2427980 2591418 2521372 2441984 2339252 2465338 2357930 2512054 2376704 2498022 2488686 2385946 2530816 2554166 2339252 2362612 2409408 2502692 2484012 2344058 2479342 2558832 2348738 2269208 2498090 2446654 2465334 2470052 2498154 2353370 2348720 2399960 2400118 2386094 2404628 2399956 2745522 2568148 2460662 2357958 2619436 2311382 2577408 2652126 2386008 2390768 2390620 2418640 2423380 2516704 2493352 2343972 2470008 2540054 2381276 2605426 2470124 2320602 2484064 2526094 2413966 2470008 2455998 2348608 2306722 2535382 2642786 2437318 2488682 2329928 2423308 2404626 2488710 2535384 2456046 2535424 2526040 2465454 2409298 2488742]
Requests Number (per Connection):  [536 505 517 509 493 508 497 538 555 524 527 494 536 519 539 479 532 489 519 532 538 554 521 481 517 523 530 521 565 525 530 545 519 542 509 500 516 513 523 499 530 537 529 530 496 507 543 519 517 528 538 527 557 527 514 515 499 507 515 522 524 491 489 504 496 513 534 514 509 539 525 514 519 560 537 521 535 551 511 516 515 517 514 507 533 531 501 515 505 518 558 498 485 501 535 531 497 528 556 533 513 499 506 552 515 543 493 525 505 517 544 515 541 522 542 541 507 516 513 522 499 504 554 528 550 491 504 519 543 523 494 516 504 531 491 540 518 528 513 515 524 536 509 528 501 505 539 549 521 518 510 527 528 543 520 554 536 535 548 498 497 521 515 528 560 516 510 527 521 539 540 565 527 528 523 514 521 512 498 515 514 489 519 497 528 502 547 515 525 522 485 546 469 489 512 534 554 561 527 537 507 534 505 510 527 539 516 505 518 513 520 493 519 547 515 545 514 520 486 537 520 555 540 523 501 528 505 538 509 535 533 511 542 547 501 506 516 536 532 502 531 548 503 486 535 524 528 529 535 504 503 514 514 511 515 514 588 550 527 505 561 495 552 568 511 512 512 518 519 539 534 502 529 544 510 558 529 497 532 541 517 529 526 503 494 543 566 522 533 499 519 515 533 543 526 543 541 528 516 533]
Requests/sec:  9196.397819010417 KB
Transfer/sec:  21100.273372395834 KB

