2023-12-04 12:34:32.500735381 +0800 CST m=+1156.055041849
Running 1m0s myx-test @ https://192.168.12.127:6443/api/v1/nodes
3 connections
Requests/bytes (per Connection):  [5567990 7758255 8710364]
Response/bytes (per Connection):  [2618828 3862719 4146734]
Requests Number (per Connection):  [1538 2143 2406]
Requests/sec:  358.66876627604165 KB
Transfer/sec:  531.6551106770834 KB

2023-12-04 12:36:12.626693005 +0800 CST m=+1256.180999478
Running 1m0s myx-test @ https://192.168.12.127:6443/api/v1/nodes
6 connections
Requests/bytes (per Connection):  [2784043 4930850 4858314 5169844 2783917 5267463]
Response/bytes (per Connection):  [1169278 2199224 2434431 2531872 1449520 2447970]
Requests Number (per Connection):  [769 1362 1342 1428 769 1455]
Requests/sec:  419.83123372395835 KB
Transfer/sec:  618.9245768229167 KB

2023-12-04 12:37:52.729115127 +0800 CST m=+1356.283421596
Running 1m0s myx-test @ https://192.168.12.127:6443/api/v1/nodes
9 connections
Requests/bytes (per Connection):  [4376907 4362415 2635464 2657326 4210407 4268283 2653567 4308112 4257420]
Response/bytes (per Connection):  [2078118 2074942 1183416 1421944 2041752 2054364 1152328 2063074 2051988]
Requests Number (per Connection):  [1209 1205 728 734 1163 1179 733 1190 1176]
Requests/sec:  548.9892740885417 KB
Transfer/sec:  811.3904134114583 KB

2023-12-04 12:39:32.852445601 +0800 CST m=+1456.406752056
Running 1m0s myx-test @ https://192.168.12.127:6443/api/v1/nodes
15 connections
Requests/bytes (per Connection):  [1799219 1831864 1744908 3395820 3432040 1828307 3004786 3055520 2914387 3055474 3319759 1791977 3265482 3243764 3019398]
Response/bytes (per Connection):  [755348 961126 743472 1758552 1591252 960398 1486138 1508948 1478146 1432969 1566670 952358 1554828 1550084 1501116]
Requests Number (per Connection):  [497 506 482 938 948 505 830 844 805 844 917 495 902 896 834]
Requests/sec:  662.4789225260416 KB
Transfer/sec:  984.7674153645834 KB

2023-12-04 12:41:12.995159363 +0800 CST m=+1556.549465837
Running 1m0s myx-test @ https://192.168.12.127:6443/api/v1/nodes
30 connections
Requests/bytes (per Connection):  [3040994 2856345 2885389 1556742 1571266 3030127 1567521 1556734 1589339 1538679 2896318 3073629 1596549 2983158 2983058 1611069 2946854 2936091 2867200 3008447 2928813 2896194 3051857 3015683 3012024 3080823 2852766 1618263 2914409 1607450]
Response/bytes (per Connection):  [1505738 1465368 1471780 620640 664735 1468312 622932 620632 627776 640086 1415812 1372728 629328 1493166 1493066 632532 1485152 1284282 1187368 1247489 1481256 1193730 1508114 1500230 1411785 1514448 1184250 634068 1478168 912110]
Requests Number (per Connection):  [840 789 797 430 434 837 433 430 439 425 800 849 441 824 824 445 814 811 792 831 809 800 843 833 832 851 788 447 805 444]
Requests/sec:  1221.904150390625 KB
Transfer/sec:  1787.774609375 KB

2023-12-04 12:42:53.227482439 +0800 CST m=+1656.781788912
Running 1m0s myx-test @ https://192.168.12.127:6443/api/v1/nodes
60 connections
Requests/bytes (per Connection):  [2527000 1459019 2718899 1419190 1495229 2552333 2780410 2526958 2541480 2751372 1448000 2747867 2545043 2498008 2769591 2736946 2559497 1419086 1451621 2798399 1422761 2501635 2722440 1440894 1444379 2744172 1448158 1448158 2791299 2740553 2773212 1462560 1419140 2566751 2747765 2505276 2733383 2530473 2574041 2624757 2501649 2809262 2523375 2769459 2512516 1422805 2581309 2526998 1480635 2773212 2552343 2526954 1415463 2802166 2718811 2820125 1451779 1440758 1429929 1440898]
Response/bytes (per Connection):  [1364257 879668 1330286 695728 607220 1398992 1448842 1113052 1116258 1162068 614291 1161392 1116992 1387102 1358895 1439326 1120130 590486 597560 1452686 871700 1387900 1436136 875688 642704 1440894 596926 596926 1170876 1440104 1394733 880380 870908 1402094 1441658 1377030 1327613 1113738 1403726 1181196 1276935 1361606 1112298 1446378 1109926 871744 1124968 1113092 884310 1213662 1118634 1393416 589692 1453624 1435336 1445756 732061 688640 592842 595324]
Requests Number (per Connection):  [698 403 751 392 413 705 768 698 702 760 400 759 703 690 765 756 707 392 401 773 393 691 752 398 399 758 400 400 771 757 766 404 392 709 759 692 755 699 711 725 691 776 697 765 694 393 713 698 409 766 705 698 391 774 751 779 401 398 395 398]
Requests/sec:  2195.445979817708 KB
Transfer/sec:  3275.6609049479166 KB

2023-12-04 12:44:33.489984552 +0800 CST m=+1757.044291010
Running 1m0s myx-test @ https://192.168.12.127:6443/api/v1/nodes
90 connections
Requests/bytes (per Connection):  [2204729 1238154 1238112 2201126 2240955 2371305 2172160 1267024 2251818 1241775 2324180 2179400 2208368 2349575 2367680 2345960 2360444 2338718 2345956 2172160 2175781 1259880 2349579 2193884 2374922 2356757 2233713 1256259 2338624 1234533 1270641 1256259 2382052 2168539 2204747 2353100 1259798 2320613 2288026 2345864 1252634 2320613 1216398 1252634 2342339 1238070 2190255 1219975 2360424 2378439 2197505 1274358 1241775 2371305 2211967 2367666 1245334 2183023 2353102 2331476 2193884 1256259 1245308 2197505 1256241 1245394 2374856 1270661 2219231 1230862 2349581 1256259 2193874 2219231 1234535 2154057 2208364 1238150 2150434 2291647 2342261 1263499 2190265 1252636 2222822 2367686 1249017 2190263 2175777 2353196]
Response/bytes (per Connection):  [1042604 551004 550962 1041830 1120632 1079046 1035496 568924 1052916 551796 1150472 1037078 1043414 1074290 1078250 1073504 1351199 1153694 1073500 1035496 1036288 637530 1302093 1040246 1079834 1075814 1048956 806127 1071826 550212 558030 566646 1081306 1034704 1042622 1074986 555674 1067960 1230223 1073408 554168 1067960 546222 554168 1096076 550920 1039446 546970 1076652 1098045 1041038 558918 756231 1079046 1044184 1317717 552526 1037872 1074988 1070336 1040246 554964 552500 1041038 554946 552586 1196588 616460 1045790 631144 1074296 554964 1040236 1074995 550214 1031538 1043410 551000 1030744 1061626 1119362 556546 1039456 781969 1046552 1078256 553380 1039454 1036284 1075082]
Requests Number (per Connection):  [609 342 342 608 619 655 600 350 622 343 642 602 610 649 654 648 652 646 648 600 601 348 649 606 656 651 617 347 646 341 351 347 658 599 609 650 348 641 632 648 346 641 336 346 647 342 605 337 652 657 607 352 343 655 611 654 344 603 650 644 606 347 344 607 347 344 656 351 613 340 649 347 606 613 341 595 610 342 594 633 647 349 605 346 614 654 345 605 601 650]
Requests/sec:  2831.806917317708 KB
Transfer/sec:  4172.785123697917 KB

2023-12-04 12:46:13.793190873 +0800 CST m=+1857.347497353
Running 1m0s myx-test @ https://192.168.12.127:6443/api/v1/nodes
150 connections
Requests/bytes (per Connection):  [2219231 2226473 1252546 2219229 1274322 2230094 1277979 1267120 2233715 1994751 2034644 2215610 1270661 1987537 1976744 1987503 1259878 1288734 2237336 2219205 2215608 1998430 2248197 1274362 1296012 2255439 1973015 1980257 1994837 2248155 1274362 1281604 2266302 1277943 1969430 2237334 1991118 2280784 1998458 1274362 1976636 2248197 2255435 1980257 1252634 1277879 1277979 2023759 2222852 2193884 1256259 1281600 1998364 1965825 2237334 2251774 1274272 1994809 2219231 1987499 1270715 1274344 2248155 2201126 2251814 2002001 2208348 1277981 2208368 2237336 2222852 1256233 2001987 2259040 2259060 2237334 1256217 2255439 1259860 1288842 1281606 1263421 1267028 2001981 1285117 1267122 1980345 1281604 1285211 2204729 1263497 1259878 2005662 1983882 1267022 1998364 2248167 1281604 2240957 1994745 1267116 1267020 2215606 2023707 1991124 1994837 2016469 2204729 1998366 2259056 2211989 2005602 2233715 1965777 1994743 1983882 1256255 1245392 1991120 1274364 1983956 2233679 2240955 2230092 1991182 1252638 1987545 1288772 1274358 2201126 1270741 1245396 2237334 2001985 1994819 2240923 2193884 2005690 2005616 1256255 1274328 1980261 1976740 2266300 1983878 1994739 2240955 2009223 1954914 1259788]
Response/bytes (per Connection):  [1045790 1047374 554080 1045788 558882 1048166 559710 732568 1142414 996708 1005482 1109249 616460 995152 992846 995118 555754 561978 1049750 1045764 1044996 921625 1052124 558922 674577 1053708 991946 730685 996794 1052082 558922 560506 1056084 559674 991190 1049748 995904 1059250 997586 558922 992738 1052124 1053704 765731 554168 559610 559710 1003084 1046582 1040246 554964 560502 997492 821025 1143204 1052872 558832 996766 1115882 930863 762539 558904 1052082 1041830 1052912 998300 1043394 559712 1043414 1049750 1046582 741850 998286 1130413 1054500 1061430 554922 1141323 555736 562086 560508 556468 580610 998280 561190 557340 993618 560506 818288 1042604 556544 789394 911517 994326 557240 997492 1087140 578029 1050542 996702 557334 557238 1044994 874530 995910 996794 1001452 1042604 997494 1054496 1044206 893934 1048958 990366 996700 994326 554960 552584 773948 558924 924308 1048922 1056381 1048164 896671 554172 995160 667154 558918 1041830 558130 686931 1049748 998284 996776 1050508 1040246 987478 999086 554960 558888 993534 981160 1056082 994322 733851 1050540 999864 987990 573187]
Requests Number (per Connection):  [613 615 346 613 352 616 353 350 617 551 562 612 351 549 546 549 348 356 618 613 612 552 621 352 358 623 545 547 551 621 352 354 626 353 544 618 550 630 552 352 546 621 623 547 346 353 353 559 614 606 347 354 552 543 618 622 352 551 613 549 351 352 621 608 622 553 610 353 610 618 614 347 553 624 624 618 347 623 348 356 354 349 350 553 355 350 547 354 355 609 349 348 554 548 350 552 621 354 619 551 350 350 612 559 550 551 557 609 552 624 611 554 617 543 551 548 347 344 550 352 548 617 619 616 550 346 549 356 352 608 351 344 618 553 551 619 606 554 554 347 352 547 546 626 548 551 619 555 540 348]
Requests/sec:  4472.717041015625 KB
Transfer/sec:  6595.4005859375 KB

2023-12-04 12:47:54.110438559 +0800 CST m=+1957.664745015
Running 1m0s myx-test @ https://192.168.12.127:6443/api/v1/nodes
300 connections
Requests/bytes (per Connection):  [1071596 1610937 1629082 1053491 1658128 1658076 1067975 1795682 1806457 1752308 1770253 1810192 1071606 1632661 1067977 1049872 1082459 1770349 1632663 1763027 1082459 1676269 1632663 1075223 1770277 1759392 1654407 1842687 1071596 1676179 1643682 1679732 1075217 1813703 1636440 1658100 1614566 1614556 1621958 1792125 1067985 1071606 1726807 1810112 1745026 1060735 1650924 1636284 1064356 1777645 1064354 1632819 1770259 1654397 1781116 1071604 1770301 1057112 1100554 1071604 1774010 1071598 1795756 1618317 1093322 1075217 1643524 1658106 1650774 1658094 1067977 1676217 1643576 1802840 1082459 1795598 1650850 1777637 1643524 1075217 1078838 1817450 1763159 1766632 1817348 1071596 1658008 1078838 1075217 1618335 1661787 1071604 1060733 1792137 1810082 1795598 1774032 1759484 1089699 1755927 1640061 1795744 1799227 1654387 1795694 1806461 1621800 1788368 1647291 1064356 1064354 1067975 1799221 1075219 1071596 1766632 1759392 1618305 1629180 1078838 1683511 1078838 1075217 1759392 1770281 1658132 1082459 1632819 1799377 1766632 1071596 1766722 1071604 1650798 1071606 1064354 1668869 1647145 1795676 1592992 1639903 1610937 1082459 1795756 1647303 1755909 1654387 1639943 1067975 1064366 1075223 1715940 1639903 1053511 1658008 1071606 1802902 1082459 1766632 1067987 1810210 1632819 1679748 1668953 1795594 1636284 1053491 1654387 1089701 1777529 1629042 1781186 1064366 1774032 1064368 1075217 1610961 1053493 1668869 1632685 1614576 1784843 1082459 1831802 1650766 1075223 1788356 1636282 1744952 1777495 1071606 1788440 1650898 1603725 1071598 1075217 1650766 1647303 1632663 1687062 1647303 1075225 1067975 1654395 1650924 1632821 1647191 1067985 1643672 1049882 1820945 1687020 1639905 1636440 1082459 1057114 1082459 1086080 1618337 1057124 1748527 1625461 1071596 1086080 1075217 1759530 1057130 1759398 1781116 1075225 1770253 1071596 1802840 1788424 1075219 1795604 1650922 1661769 1071596 1071606 1089699 1795670 1777619 1629074 1741433 1799267 1763037 1647213 1784893 1592834 1071596 1792135 1640043 1643642 1792079 1802840 1668871 1636418 1067987 1071604 1618323 1752150 1082459 1057114 1799313 1788358 1650924 1632821 1071596 1676155 1665394 1039035 1770253 1078842 1075223 1784735 1071596 1781142 1792075 1654543 1770337 1067977 1082459 1752148 1806461 1748527 1766632 1773938 1064356 1658008 1773874 1741287 1629198 1078838 1067977 1640041 1791979 1071596 1777553 1763051]
Response/bytes (per Connection):  [514580 649923 636400 510620 923182 642762 513788 953234 680995 751055 947608 956428 514590 888313 513790 509830 516956 947704 789018 946040 511115 816199 917520 515378 667264 898506 641922 963462 514580 927088 639684 927812 515372 957110 743238 642786 913568 633190 740072 952506 513798 514590 657742 956348 661816 512206 781452 865743 512998 949342 477950 806697 947614 641912 879892 514588 947656 476366 520906 514588 732419 514582 906580 914490 531014 497849 721300 642792 921486 642780 513790 927126 639578 954734 516956 912263 921562 756581 651208 497849 504482 782798 747578 946816 677558 514580 923062 516164 497849 634140 655326 514588 512204 818175 792770 953150 855102 664958 518538 827778 638892 795589 953950 793768 672878 955526 909303 951578 640464 512998 512996 513788 953944 515374 491216 835837 945234 634110 636498 504482 841147 516164 497849 945234 947636 923186 511115 637308 936577 946816 514580 666538 514588 641142 514590 477950 902072 844753 672860 628600 708826 842676 516956 818965 704727 710940 840496 638774 513788 513008 515378 935730 878215 510640 660217 514590 954796 516956 824155 513800 956446 719082 927828 925520 696142 918312 510620 805450 518540 949226 916728 669686 513008 878466 513010 515372 912792 498940 726842 917542 913578 950882 516956 961064 921478 515378 916520 789808 942110 698029 514590 671282 641242 911214 514582 515372 921478 856593 812382 929484 821547 515380 484583 922278 734724 637310 920732 513798 920042 480635 958694 649074 697146 638100 516956 511414 511115 517748 634142 493901 726739 635608 514580 517748 515372 717573 511430 664872 745549 515380 673081 491216 954734 951634 515374 672788 746404 923994 514580 514590 518538 672854 709835 916760 707780 673622 665682 920754 799066 897128 514580 894106 638874 639644 952460 954734 691798 638078 513800 514588 634128 710010 511115 511414 673668 823066 670473 678197 514580 927064 644422 507480 848311 516168 515378 740498 491216 669642 672088 747196 667324 513790 516956 943648 955526 685852 900088 668096 512998 741991 889990 882864 870156 516164 513790 638872 712879 514580 668882 665696]
Requests Number (per Connection):  [296 445 450 291 458 458 295 496 499 484 489 500 296 451 295 290 299 489 451 487 299 463 451 297 489 486 457 509 296 463 454 464 297 501 452 458 446 446 448 495 295 296 477 500 482 293 456 452 294 491 294 451 489 457 492 296 489 292 304 296 490 296 496 447 302 297 454 458 456 458 295 463 454 498 299 496 456 491 454 297 298 502 487 488 502 296 458 298 297 447 459 296 293 495 500 496 490 486 301 485 453 496 497 457 496 499 448 494 455 294 294 295 497 297 296 488 486 447 450 298 465 298 297 486 489 458 299 451 497 488 296 488 296 456 296 294 461 455 496 440 453 445 299 496 455 485 457 453 295 294 297 474 453 291 458 296 498 299 488 295 500 451 464 461 496 452 291 457 301 491 450 492 294 490 294 297 445 291 461 451 446 493 299 506 456 297 494 452 482 491 296 494 456 443 296 297 456 455 451 466 455 297 295 457 456 451 455 295 454 290 503 466 453 452 299 292 299 300 447 292 483 449 296 300 297 486 292 486 492 297 489 296 498 494 297 496 456 459 296 296 301 496 491 450 481 497 487 455 493 440 296 495 453 454 495 498 461 452 295 296 447 484 299 292 497 494 456 451 296 463 460 287 489 298 297 493 296 492 495 457 489 295 299 484 499 483 488 490 294 458 490 481 450 298 295 453 495 296 491 487]
Requests/sec:  7318.482145182292 KB
Transfer/sec:  10755.718245442707 KB

