2023-12-04 14:54:07.12189445 +0800 CST m=+1147.965478627
Running 1m0s myx-test @ https://192.168.12.127:6443/api/v1/persistentvolumes
3 connections
Requests/bytes (per Connection):  [4172914 2380800 4195384]
Response/bytes (per Connection):  [5681447 3241450 5712062]
Requests Number (per Connection):  [1113 635 1119]
Requests/sec:  174.95276692708333 KB
Transfer/sec:  413.15196940104164 KB

2023-12-04 14:55:47.320264537 +0800 CST m=+1248.163848719
Running 1m0s myx-test @ https://192.168.12.127:6443/api/v1/persistentvolumes
6 connections
Requests/bytes (per Connection):  [2215810 3569332 3880490 3843062 2287058 3561748]
Response/bytes (per Connection):  [3016835 4859626 5283295 5232281 3113829 4849374]
Requests Number (per Connection):  [591 952 1035 1025 610 950]
Requests/sec:  315.0634765625 KB
Transfer/sec:  744.0224609375 KB

2023-12-04 14:57:27.479809644 +0800 CST m=+1348.323393826
Running 1m0s myx-test @ https://192.168.12.127:6443/api/v1/persistentvolumes
9 connections
Requests/bytes (per Connection):  [3674170 3685538 2313274 3756790 3677984 2373304 2279542 3730568 3940500]
Response/bytes (per Connection):  [5002485 5017859 3149547 5114855 5007622 3231242 3103611 5079134 5364980]
Requests Number (per Connection):  [980 983 617 1002 981 633 608 995 1051]
Requests/sec:  479.0310872395833 KB
Transfer/sec:  1131.2338053385417 KB

2023-12-04 14:59:07.79643548 +0800 CST m=+1448.640019654
Running 1m0s myx-test @ https://192.168.12.127:6443/api/v1/persistentvolumes
15 connections
Requests/bytes (per Connection):  [3153164 3340592 1889632 3145710 1904728 3228098 1874648 3141850 1859740 3243102 3254350 3224346 3183202 1874670 3100694]
Response/bytes (per Connection):  [4293012 4548226 2572736 4282825 2593204 4395079 2552324 4277665 2531950 4415501 4430815 4389973 4333871 2552335 4221557]
Requests Number (per Connection):  [841 891 504 839 508 861 500 838 496 865 868 860 849 500 827]
Requests/sec:  674.1296549479167 KB
Transfer/sec:  1591.9531087239584 KB

2023-12-04 15:00:47.984912467 +0800 CST m=+1548.828496643
Running 1m0s myx-test @ https://192.168.12.127:6443/api/v1/persistentvolumes
30 connections
Requests/bytes (per Connection):  [3246862 1837084 3231848 3205650 1840974 3250596 3321846 1837146 1848334 3258096 3235672 1855950 3205688 3265594 1870832 3321842 3239350 1799744 3348092 3355602 3243096 1859622 3235596 1829686 3239408 3265654 3224346 3265596 1840990 3348092]
Response/bytes (per Connection):  [4420611 2501242 4400184 4364475 2506417 4425708 4522703 2501273 2516557 4435918 4405326 2526825 4364494 4446127 2547186 4522701 4410395 2450272 4558436 4568651 4415498 2531891 4405288 2491083 4410424 4446157 4389973 4446128 2506425 4558436]
Requests Number (per Connection):  [866 490 862 855 491 867 886 490 493 869 863 495 855 871 499 886 864 480 893 895 865 496 863 488 864 871 860 871 491 893]
Requests/sec:  1362.7748697916666 KB
Transfer/sec:  3218.1916015625 KB

2023-12-04 15:02:28.200675845 +0800 CST m=+1649.044260013
Running 1m0s myx-test @ https://192.168.12.127:6443/api/v1/persistentvolumes
60 connections
Requests/bytes (per Connection):  [1765996 3063104 1792126 3036928 3044360 3070642 1788456 1769600 3044498 3070686 3010660 3025610 3033162 3044360 3014380 1754674 1795932 1769690 1773480 3044366 1795836 1758338 1807244 2999372 3100692 3010734 1792244 3048210 3025610 1807100 1810892 3063104 1792086 3014358 3033110 2984362 1810874 2999362 3040748 3089354 3048110 3018124 1777144 3021926 1777088 1784620 3025612 3123208 3021964 3025612 3074358 3021860 1754692 3134470 3014360 3048106 3048110 3044356 3063118 3093106]
Response/bytes (per Connection):  [2404328 4170462 2440003 4134764 4144940 4180691 2434938 2409360 4145009 4180713 4099020 4119415 4129651 4144940 4104110 2388977 2445136 2409405 2414530 4144943 2445088 2394039 2460482 4083686 4221556 4099057 2440062 4150095 4119415 2460410 2465536 4170462 2439983 4104099 4129625 4063261 2465527 4083681 4139904 4206197 4150045 4109212 2419592 4114343 2419564 2429790 4119416 4252194 4114362 4119416 4185779 4114310 2388986 4267515 4104100 4150043 4150045 4144938 4170469 4211303]
Requests Number (per Connection):  [471 817 478 810 812 819 477 472 812 819 803 807 809 812 804 468 479 472 473 812 479 469 482 800 827 803 478 813 807 482 483 817 478 804 809 796 483 800 811 824 813 805 474 806 474 476 807 833 806 807 820 806 468 836 804 813 813 812 817 825]
Requests/sec:  2562.1139973958334 KB
Transfer/sec:  6050.442805989584 KB

2023-12-04 15:04:08.47733006 +0800 CST m=+1749.320914228
Running 1m0s myx-test @ https://192.168.12.127:6443/api/v1/persistentvolumes
90 connections
Requests/bytes (per Connection):  [2857018 1690894 2853144 2808280 2815634 1713470 2748282 1720838 1720922 1762168 2766974 2842016 2826942 1743496 1735996 1720840 2748150 1709604 2879514 2849370 2909378 1728498 2845658 2842026 1735992 2830620 1717246 2901962 2778122 2819406 2815778 1720856 2864528 1713496 2793280 2920616 2856870 2834374 2894368 1739706 2778216 1720998 2826998 1702090 2774402 2725642 2789380 2770704 1702248 2864408 2871930 1717248 1709692 2755754 2830778 2864526 1750966 2808120 2811896 2763124 1762242 1739736 1728376 1724590 1683460 2875696 2808146 2785624 1683400 2796872 2811952 2845620 2950672 2830778 1739746 2883178 2838120 2886866 2932022 2868194 2815690 2815728 2860708 2804466 2879518 1713340 2811936 1743474 2785636 2815620]
Response/bytes (per Connection):  [3889769 2302177 3884602 3823410 3833547 2332845 3741731 2342989 2343031 2399184 3767227 3869348 3848891 2373698 2363488 2342990 3741665 2327682 3920397 3879485 3961169 2353279 3874399 3869353 2363486 3853960 2337963 3951001 3782491 3838663 3833619 2342998 3899984 2332858 3802990 3976478 3889695 3859067 3940744 2368573 3782538 2343069 3848919 2317465 3777401 3711031 3797810 3772322 2317544 3899924 3910145 2337964 2327726 3751927 3854039 3899983 2383893 3823330 3828448 3762072 2399221 2368588 2353218 2348095 2292000 3915258 3823343 3792702 2291970 3808016 3828476 3874380 4017346 3854039 2368593 3925459 3864170 3930533 3991871 3905047 3833575 3833594 3894844 3818273 3920399 2332780 3828468 2373687 3792708 3833540]
Requests Number (per Connection):  [762 451 761 749 751 457 733 459 459 470 738 758 754 465 463 459 733 456 768 760 776 461 759 758 463 755 458 774 741 752 751 459 764 457 745 779 762 756 772 464 741 459 754 454 740 727 744 739 454 764 766 458 456 735 755 764 467 749 750 737 470 464 461 460 449 767 749 743 449 746 750 759 787 755 464 769 757 770 782 765 751 751 763 748 768 457 750 465 743 751]
Requests/sec:  3605.743131510417 KB
Transfer/sec:  8514.966259765624 KB

2023-12-04 15:05:48.700517246 +0800 CST m=+1849.544101436
Running 1m0s myx-test @ https://192.168.12.127:6443/api/v1/persistentvolumes
150 connections
Requests/bytes (per Connection):  [2350794 1537130 2407048 1529756 1552246 2523292 2459454 1548348 2429550 1525932 2463198 2470780 2485798 2377054 2406994 2467050 1559702 2425798 2519430 1537256 2365804 2504544 1537252 1559666 2493294 2512048 2399484 2414552 2459492 2470796 2508228 1559714 1552218 1540998 2440720 2418298 2489546 2493298 1533348 1533506 1511006 1522206 2384554 1567096 2523294 1548506 2440800 2478264 1492260 2418298 2362054 2429550 1522224 2530690 2467000 1559596 2452050 2392052 2418210 2410752 2508288 2380776 1548500 2508296 2377054 2512044 2380804 2511932 1556006 2414548 2470798 2410716 2410740 2489546 2485716 2515746 1529696 2373304 2365806 2429502 2504422 1552114 1518374 2414552 2497018 2519546 2433302 2489548 2399544 1578454 2414496 2534526 2478176 2452004 1537098 2493298 2377054 1522256 2496974 2489544 2380804 1537256 2407054 2429530 1589754 2425706 2437052 2493294 2399552 1510936 1559612 2452050 2384480 2455796 2485774 1559696 1544648 2549536 1514756 2414552 2452050 1544756 2512048 1529756 1503508 2395754 1529598 2467046 1510850 2467044 1544658 2384482 2508298 1522256 2440800 1514624 1533506 2512046 2485780 2478300 1540898 2470774 2485800 1544666 2489544 1529674 2534542 2328288 1574596 1529756]
Response/bytes (per Connection):  [3200607 2092865 3277184 2082718 2113343 3435436 3348607 2108164 3307815 2077576 3353709 3363960 3384389 3236347 3277157 3358865 2123531 3302709 3430275 2092928 3221032 3409912 2092926 2123513 3394597 3420124 3266942 3287396 3348626 3363968 3414984 2123537 2113329 2098029 3323090 3292499 3389493 3394599 2087744 2087823 2057193 2072483 3246557 2133688 3435437 2108243 3323130 3374162 2031670 3292499 3215927 3307815 2072492 3445595 3358840 2123478 3338445 3256766 3292455 3282266 3415014 3241438 2108240 3415018 3236347 3420122 3241452 3420066 2118453 3287394 3363969 3282248 3282260 3389493 3384348 3425203 2082688 3231242 3221033 3307791 3409851 2113277 2067337 3287396 3399689 3430333 3312921 3389494 3266972 2149057 3287368 3450743 3374118 3338422 2092849 3394599 3236347 2072508 3399667 3389492 3241452 2092928 3277187 3307805 2164397 3302663 3318026 3394597 3266976 2057158 2123486 3338445 3246520 3343548 3384377 2123528 2103084 3471168 2062298 3287396 3338445 2103138 3420124 2082718 2046984 3261847 2082639 3358863 2057115 3358862 2103089 3246521 3415019 2072508 3323130 2062232 2087823 3420123 3384380 3374180 2097979 3363957 3384390 2103093 3389492 2082677 3450751 3169974 2143898 2082718]
Requests Number (per Connection):  [627 410 642 408 414 673 656 413 648 407 657 659 663 634 642 658 416 647 672 410 631 668 410 416 665 670 640 644 656 659 669 416 414 411 651 645 664 665 409 409 403 406 636 418 673 413 651 661 398 645 630 648 406 675 658 416 654 638 645 643 669 635 413 669 634 670 635 670 415 644 659 643 643 664 663 671 408 633 631 648 668 414 405 644 666 672 649 664 640 421 644 676 661 654 410 665 634 406 666 664 635 410 642 648 424 647 650 665 640 403 416 654 636 655 663 416 412 680 404 644 654 412 670 408 401 639 408 658 403 658 412 636 669 406 651 404 409 670 663 661 411 659 663 412 664 408 676 621 420 408]
Requests/sec:  5242.0822265625 KB
Transfer/sec:  12379.182747395833 KB

2023-12-04 15:07:28.934219747 +0800 CST m=+1949.777803929
Running 1m0s myx-test @ https://192.168.12.127:6443/api/v1/persistentvolumes
300 connections
Requests/bytes (per Connection):  [1233526 1765838 1739746 1713378 1769648 1758494 1717112 1237214 1754632 1698340 1750838 1810836 1244774 1739746 1675880 1709590 1222276 1713340 1717236 1240964 1784586 1222222 1795882 1773496 1709590 1758494 1762166 1750984 1739646 1807086 1278474 1732090 1724714 1705862 1698340 1758496 1218526 1765996 1214776 1720880 1769586 1739660 1199776 1750838 1207276 1792192 1698416 1739746 1762234 1196024 1203526 1724692 1720926 1177250 1226010 1728340 1724742 1207276 1747160 1732090 1765962 1218522 1237274 1256024 1758392 1799586 1788360 1754742 1229728 1226016 1784744 1765972 1233524 1754588 1747214 1263522 1784640 1732088 1709748 1211026 1210984 1728372 1758338 1237264 1773416 1758496 1241024 1777086 1762246 1739650 1211026 1196026 1724628 1735980 1237274 1758338 1713426 1259774 1649592 1255954 1765996 1702090 1698374 1717090 1720838 1196026 1241020 1840832 1735942 1282254 1780836 1207276 1735938 1739676 1705998 1747230 1833342 1754596 1777140 1683378 1769664 1807084 1244774 1705960 1222228 1181026 1233470 1229776 1777086 1241024 1732088 1207252 1192274 1192276 1222274 1780838 1267230 1754588 1769658 1739746 1248522 1765996 1705998 1773336 1211026 1199776 1724590 1762144 1762236 1229718 1192278 1769586 1739746 1248524 1769632 1207260 1263522 1724664 1765838 1675842 1732122 1218476 1720878 1754746 1184776 1229726 1765860 1754586 1241024 1750974 1773494 1203526 1233524 1222224 1758338 1732088 1244770 1214772 1777086 1709650 1698422 1237234 1255954 1754744 1248524 1226026 1780944 1173528 1795836 1702092 1720876 1765994 1720840 1252206 1735894 1765836 1229772 1735952 1226026 1679672 1735996 1720838 1825834 1687090 1739746 1222276 1713498 1211026 1754588 1728338 1218524 1664730 1732210 1199776 1720840 1222276 1690920 1743496 1709704 1754744 1743450 1267196 1728458 1683472 1237214 1218526 1732240 1218520 1233486 1698400 1769588 1717246 1732088 1702206 1784586 1732088 1694640 1698406 1218476 1788336 1709694 1211026 1754682 1762112 1765996 1271022 1218526 1229772 1758348 1199776 1207232 1732204 1646000 1728496 1705998 1773336 1705840 1750916 1233526 1784674 1705860 1743476 1754588 1267274 1810874 1747236 1788338 1732204 1214728 1780996 1724668 1259774 1724682 1720998 1732124 1762126 1728416 1184776 1754588 1758336 1724588 1780934 1240962 1777086 1750838 1274774 1229776 1244774 1713340 1724684 1765996 1229776 1694722 1810834 1229760 1728436 1735840 1769648 1717090 1758412]
Response/bytes (per Connection):  [1679433 2404249 2368593 2332799 2409384 2394117 2337896 1684507 2388956 2312360 2383829 2465508 1694747 2368593 2281750 2327675 1664118 2332780 2337958 1689612 2429773 1664091 2445111 2414538 2327675 2394117 2399183 2383902 2368543 2460403 1740667 2358305 2348157 2322581 2312360 2394118 1659013 2404328 1653908 2343010 2409353 2368550 1633488 2383829 1643698 2440036 2312398 2368593 2399217 1628382 1638593 2348146 2343033 1602845 1669215 2353200 2348171 1643698 2378760 2358305 2404311 1659011 1684537 1710062 2394066 2450193 2434890 2389011 1674304 1669218 2429852 2404316 1679432 2388934 2378787 1720271 2429800 2358304 2327754 1648803 1648782 2353216 2394039 1684532 2414498 2394118 1689642 2419563 2399223 2368545 1648803 1628383 2348114 2363480 1684537 2394039 2332823 1715167 2245996 1710027 2404328 2317465 2312377 2337885 2342989 1628383 1689640 2506346 2363461 1745787 2424668 1643698 2363459 2368558 2322649 2378795 2496141 2388938 2419590 2291959 2409392 2460402 1694747 2322630 1664094 1607963 1679405 1674328 2419563 1689642 2358304 1643686 1623277 1623278 1664117 2424669 1725355 2388934 2409389 2368593 1699851 2404328 2322649 2414458 1648803 1633488 2348095 2399172 2399218 1674299 1623279 2409353 2368593 1699852 2409376 1643690 1720271 2348132 2404249 2281731 2358321 1658988 2343009 2389013 1613068 1674303 2404260 2388933 1689642 2383897 2414537 1638593 1679432 1664092 2394039 2358304 1694745 1653906 2419563 2327705 2312401 1684517 1710027 2389012 1699852 1669223 2424722 1597754 2445088 2317466 2343008 2404327 2342990 1704923 2363437 2404248 1674326 2363466 1669223 2286876 2363488 2342989 2485927 2297045 2368593 1664118 2332859 1648803 2388934 2353199 1659012 2266485 2358365 1633488 2342990 1664118 2302190 2373698 2327732 2389012 2373675 1725338 2353259 2292006 1684507 1659013 2358380 1659010 1679413 2312390 2409354 2337963 2358304 2317523 2429773 2358304 2307280 2312393 1658988 2434878 2327727 1648803 2388981 2399156 2404328 1730481 1659013 1674326 2394044 1633488 1643676 2358362 2240970 2353278 2322649 2414458 2322570 2383868 1679433 2429817 2322580 2373688 2388934 1725377 2465527 2378798 2434879 2358362 1653884 2424748 2348134 1715167 2348141 2343069 2358322 2399163 2353238 1613068 2388934 2394038 2348094 2424717 1689611 2419563 2383829 1735587 1674328 1694747 2332780 2348142 2404328 1674328 2307321 2465507 1674320 2353248 2363410 2409384 2337885 2394076]
Requests Number (per Connection):  [329 471 464 457 472 469 458 330 468 453 467 483 332 464 447 456 326 457 458 331 476 326 479 473 456 469 470 467 464 482 341 462 460 455 453 469 325 471 324 459 472 464 320 467 322 478 453 464 470 319 321 460 459 314 327 461 460 322 466 462 471 325 330 335 469 480 477 468 328 327 476 471 329 468 466 337 476 462 456 323 323 461 469 330 473 469 331 474 470 464 323 319 460 463 330 469 457 336 440 335 471 454 453 458 459 319 331 491 463 342 475 322 463 464 455 466 489 468 474 449 472 482 332 455 326 315 329 328 474 331 462 322 318 318 326 475 338 468 472 464 333 471 455 473 323 320 460 470 470 328 318 472 464 333 472 322 337 460 471 447 462 325 459 468 316 328 471 468 331 467 473 321 329 326 469 462 332 324 474 456 453 330 335 468 333 327 475 313 479 454 459 471 459 334 463 471 328 463 327 448 463 459 487 450 464 326 457 323 468 461 325 444 462 320 459 326 451 465 456 468 465 338 461 449 330 325 462 325 329 453 472 458 462 454 476 462 452 453 325 477 456 323 468 470 471 339 325 328 469 320 322 462 439 461 455 473 455 467 329 476 455 465 468 338 483 466 477 462 324 475 460 336 460 459 462 470 461 316 468 469 460 475 331 474 467 340 328 332 457 460 471 328 452 483 328 461 463 472 458 469]
Requests/sec:  7670.60634765625 KB
Transfer/sec:  18114.161474609376 KB

