2023-12-04 20:31:55.811835992 +0800 CST m=+21416.655420164
Running 1m0s myx-test @ https://192.168.12.127:6443/api/v1/namespaces/myx-test/persistentvolumeclaims
3 connections
Requests/bytes (per Connection):  [4347054 4422946 2632574]
Response/bytes (per Connection):  [5507241 5603367 3335133]
Requests Number (per Connection):  [1146 1166 694]
Requests/sec:  185.58876953125 KB
Transfer/sec:  420.708251953125 KB

2023-12-04 20:33:36.020211054 +0800 CST m=+21516.863795231
Running 1m0s myx-test @ https://192.168.12.127:6443/api/v1/namespaces/myx-test/persistentvolumeclaims
6 connections
Requests/bytes (per Connection):  [2298712 4381198 4009556 4354746 2412538 4013358]
Response/bytes (per Connection):  [2912210 5550494 5079591 5516905 3056393 5084401]
Requests Number (per Connection):  [606 1155 1057 1148 636 1058]
Requests/sec:  349.44837239583336 KB
Transfer/sec:  792.1566080729167 KB

2023-12-04 20:35:16.213603127 +0800 CST m=+21617.057187305
Running 1m0s myx-test @ https://192.168.12.127:6443/api/v1/namespaces/myx-test/persistentvolumeclaims
9 connections
Requests/bytes (per Connection):  [4085284 2404882 4244622 4202900 2294928 2340454 4077696 3990596 4149938]
Response/bytes (per Connection):  [5175635 3046747 5377482 5324622 2907409 2965080 5166023 5055566 5257415]
Requests Number (per Connection):  [1077 634 1119 1108 605 617 1075 1052 1094]
Requests/sec:  517.4365234375 KB
Transfer/sec:  1172.9700358072917 KB

2023-12-04 20:36:56.407512876 +0800 CST m=+21717.251097052
Running 1m0s myx-test @ https://192.168.12.127:6443/api/v1/namespaces/myx-test/persistentvolumeclaims
15 connections
Requests/bytes (per Connection):  [3929738 3857656 4108144 3835012 2374598 3891824 3819792 3956452 2340456 2329046 3926100 3895594 2442884 2313898 3838844]
Response/bytes (per Connection):  [4978593 4887281 5204519 4858505 3008333 4930546 4839259 5012313 2965081 2950649 4973865 4935340 3094838 2931439 4863330]
Requests Number (per Connection):  [1036 1017 1083 1011 626 1026 1007 1043 617 614 1035 1027 644 610 1012]
Requests/sec:  827.80009765625 KB
Transfer/sec:  1876.5287923177084 KB

2023-12-04 20:38:36.720055504 +0800 CST m=+21817.563639685
Running 1m0s myx-test @ https://192.168.12.127:6443/api/v1/namespaces/myx-test/persistentvolumeclaims
30 connections
Requests/bytes (per Connection):  [3463260 3523958 3463258 3588454 1942108 1911880 3451860 1923138 1881406 3569452 3539070 3478432 3486014 1930722 1934596 3508786 3512548 3516320 3486022 3573196 3603630 1915592 1942104 3493610 1896724 3478402 1907962 3596044 3523960 3618802]
Response/bytes (per Connection):  [4387547 4464440 4387546 4546141 2460462 2422076 4373120 2436432 2383567 4522095 4483632 4406769 4416378 2446042 2450888 4445218 4450008 4454803 4416382 4526876 4565365 2426841 2460460 4425994 2402862 4406754 2417208 4555754 4464441 4584587]
Requests Number (per Connection):  [913 929 913 946 512 504 910 507 496 941 933 917 919 509 510 925 926 927 919 942 950 505 512 921 500 917 503 948 929 954]
Requests/sec:  1459.3312174479167 KB
Transfer/sec:  3308.13798828125 KB

2023-12-04 20:40:16.945293024 +0800 CST m=+21917.788877219
Running 1m0s myx-test @ https://192.168.12.127:6443/api/v1/namespaces/myx-test/persistentvolumeclaims
60 connections
Requests/bytes (per Connection):  [3205284 3163550 3178802 3220456 3163558 1926932 1904228 1949706 3178726 3224264 3193978 3205280 3137048 3175034 3231934 3178748 3167356 3243218 1923144 3159758 3167424 1930726 3171140 1946060 1949792 3190104 3159858 1896578 1930844 3209074 3148456 1945898 3129404 3247074 1942108 1934644 3148462 3190104 1904216 3193902 1949752 3212866 1907960 3193982 3174928 3190106 3250832 3239462 3140792 3171252 1915670 1938314 3235706 3197698 3243218 1915546 1938388 3212870 3209078 1938442]
Response/bytes (per Connection):  [4060747 4007881 4027143 4079969 4007885 2441238 2412432 2470079 4027105 4084782 4046367 4060745 3974267 4022350 4094435 4027116 4012693 4108804 2436435 4003076 4012727 2446044 4017494 2465347 2470122 4041521 4003126 2402789 2446103 4065551 3988698 2465266 3964627 4113641 2460462 2450912 3988701 4041521 2412426 4046329 2470102 4070356 2417207 4046369 4022297 4041522 4118429 4104017 3979048 4017550 2426880 2455656 4099230 4051136 4108804 2426818 2455693 4070358 4065553 2455720]
Requests Number (per Connection):  [845 834 838 849 834 508 502 514 838 850 842 845 827 837 852 838 835 855 507 833 835 509 836 513 514 841 833 500 509 846 830 513 825 856 512 510 830 841 502 842 514 847 503 842 837 841 857 854 828 836 505 511 853 843 855 505 511 847 846 511]
Requests/sec:  2705.78994140625 KB
Transfer/sec:  6133.714762369792 KB

2023-12-04 20:41:57.153074135 +0800 CST m=+22017.996658323
Running 1m0s myx-test @ https://192.168.12.127:6443/api/v1/namespaces/myx-test/persistentvolumeclaims
90 connections
Requests/bytes (per Connection):  [1661524 1695510 2719674 2734850 1665316 2727420 2761516 1669106 2837442 1669068 1661524 2803206 2867646 2753920 2738802 1665278 2791816 2837442 2788082 2738722 2867760 2806996 1657672 2818314 2848664 1634966 1638736 2863848 2848794 2958842 2852460 1676698 2867698 2742518 2833646 2742586 2875318 2863858 1687922 2727422 1703096 2856274 1634826 2799344 2780414 2860200 1638626 1657696 1646328 2837370 2837284 2833648 2780394 2715926 2750026 1672746 2731194 2833490 2753978 1665306 2856410 2803172 2829696 1676540 1703098 2776584 1672798 1672824 2825992 1649984 2731196 2841236 2738692 2818366 2803204 2765360 2860046 2742438 2806934 1646348 1684260 1642426 1649984 1653836 2875220 2757650 2825990 2901854 2818358 1688080]
Response/bytes (per Connection):  [2104904 2148078 3445590 3464814 2109709 3455281 3498510 2114513 3594653 2114494 2104904 3551354 3633027 3488894 3469699 2109690 3536932 3594653 3532156 3469659 3633084 3556158 2100069 3570544 3608991 2071262 2076056 3628219 3609056 3748441 3613798 2124127 3633053 3474466 3589846 3474500 3642681 3628224 2138466 3455282 2157689 3618614 2071192 3546514 3522504 3623486 2076001 2100081 2085670 3594617 3594574 3589847 3522494 3440807 3484038 2119242 3460077 3589768 3488923 2109704 3618682 3551337 3584962 2124048 2157690 3517680 2119268 2119281 3580201 2090407 3460078 3599459 3469644 3570570 3551353 3503341 3623409 3474426 3556127 2085680 2133726 2080810 2090407 2095242 3642632 3493668 3580200 3676312 3570566 2138545]
Requests Number (per Connection):  [438 447 717 721 439 719 728 440 748 440 438 739 756 726 722 439 736 748 735 722 756 740 437 743 751 431 432 755 751 780 752 442 756 723 747 723 758 755 445 719 449 753 431 738 733 754 432 437 434 748 748 747 733 716 725 441 720 747 726 439 753 739 746 442 449 732 441 441 745 435 720 749 722 743 739 729 754 723 740 434 444 433 435 436 758 727 745 765 743 445]
Requests/sec:  3553.2116536458334 KB
Transfer/sec:  8054.73232421875 KB

2023-12-04 20:43:37.440363033 +0800 CST m=+22118.283947205
Running 1m0s myx-test @ https://192.168.12.127:6443/api/v1/namespaces/myx-test/persistentvolumeclaims
150 connections
Requests/bytes (per Connection):  [2431502 2492206 1604514 2435300 2526352 1615856 2469444 2545264 1562884 2446678 1600702 2587054 2385976 2469384 2590698 2560492 2431476 1604602 2499794 1593234 2423916 2549074 1589362 2397362 1581734 2488360 2564246 1593196 2560412 1566536 2450474 1634836 2416330 2514966 2454270 2484620 2439090 2537716 1634856 2564286 2469444 2442886 1608410 2522476 1600822 1593116 2473174 2533800 1631018 2397346 2587050 1600822 1574168 2541416 2541528 2507324 1566678 1615980 2556700 2552782 2594562 2473212 2545230 2446682 2477032 2511174 1574264 2556702 2564208 2492196 1623586 2499706 2530050 2465570 1634828 1619792 2575598 2442826 2492204 1570472 1585490 2461854 2511178 2408738 1615998 2526352 1650098 2530060 2439018 1608314 2575526 1612086 2397362 1604458 2556570 1597002 2465650 2488410 1612204 2541392 1593126 1596988 1589342 2545200 1612148 2545322 2408740 1593078 1608288 2458006 2412538 2412534 2408744 1600728 2514936 1608294 2492114 2533812 2533918 1585648 2545318 2439084 1589382 1585610 2454264 2583258 2533938 2514844 2568036 2427710 2477032 1585530 2469440 1577956 1612186 1585638 2522470 1589442 2575568 2552774 2560432 2522554 2454176 2503590 2560496 2446682 2439090 2446592 1574108 2458064]
Response/bytes (per Connection):  [3080420 3157316 2032764 3085228 3200570 2047162 3128481 3224571 1979950 3099644 2027949 3277465 3022749 3128451 3282196 3243821 3080407 2032808 3166928 2018397 3070809 3229385 2013552 3037169 2003920 3152484 3248607 2018378 3243781 1984685 3104451 2071197 3061198 3186150 3109258 3147705 3090032 3214979 2071207 3248627 3128481 3094839 2037621 3195723 2028009 2018338 3133255 3210112 2066379 3037161 3277463 2028009 1994319 3219738 3219794 3176511 1984756 2047224 3239016 3234148 3287037 3133274 3224554 3099646 3138093 3181345 1994367 3239017 3248588 3157311 2056845 3166884 3205328 3123635 2071193 2052039 3263010 3094809 3157315 1989562 2008707 3118868 3181347 3051584 2047233 3200570 2090464 3205333 3089996 2037573 3262974 2042368 3037169 2032736 3238951 2023190 3123675 3152509 2042427 3219726 2018343 2023183 2013542 3224539 2042399 3224600 3051585 2018319 2037560 3114035 3056393 3056391 3051587 2027962 3186135 2037563 3157270 3210118 3210171 2008786 3224598 3090029 2013562 2008767 3109255 3272658 3210181 3186089 3253411 3075615 3138093 2008727 3128479 1999122 2042418 2008781 3195720 2013592 3262995 3234144 3243791 3195762 3109211 3171735 3243823 3099646 3090032 3099601 1994289 3114064]
Requests Number (per Connection):  [641 657 423 642 666 426 651 671 412 645 422 682 629 651 683 675 641 423 659 420 639 672 419 632 417 656 676 420 675 413 646 431 637 663 647 655 643 669 431 676 651 644 424 665 422 420 652 668 430 632 682 422 415 670 670 661 413 426 674 673 684 652 671 645 653 662 415 674 676 657 428 659 667 650 431 427 679 644 657 414 418 649 662 635 426 666 435 667 643 424 679 425 632 423 674 421 650 656 425 670 420 421 419 671 425 671 635 420 424 648 636 636 635 422 663 424 657 668 668 418 671 643 419 418 647 681 668 663 677 640 653 418 651 416 425 418 665 419 679 673 675 665 647 660 675 645 643 645 415 648]
Requests/sec:  5366.250260416667 KB
Transfer/sec:  12164.682389322918 KB

2023-12-04 20:45:17.706995226 +0800 CST m=+22218.550579396
Running 1m0s myx-test @ https://192.168.12.127:6443/api/v1/namespaces/myx-test/persistentvolumeclaims
300 connections
Requests/bytes (per Connection):  [1191088 1703098 1221444 1646348 1206234 1687922 1213856 1737258 1703192 1657718 1680382 1729812 1665186 1695668 1661524 1183506 1687934 1710750 1714478 1695632 1752564 1703206 1202472 1206270 1687922 1221444 1684128 1232774 1748624 1726018 1707048 1741062 1782838 1206260 1737288 1688058 1194888 1725982 1737252 1225192 1718348 1729654 1722182 1718328 1676698 1707036 1695666 1228998 1699462 1752574 1760130 1703114 1691874 1661366 1763956 1221418 1748622 1213858 1718280 1206268 1680356 1680334 1168332 1699428 1684128 1669062 1756292 1691768 1684178 1661364 1232824 1714604 1703174 1198682 1251794 1266904 1718292 1688080 1699462 1221406 1672904 1726004 1669112 1718430 1232820 1198682 1729804 1232826 1680334 1691716 1684182 1191094 1722224 1646254 1741034 1251734 1752512 1240376 1684142 1733604 1172124 1699460 1748674 1714638 1217650 1706914 1718414 1707048 1725904 1229032 1217650 1194858 1684128 1748754 1229008 1684128 1202470 1653790 1710832 1707048 1221444 1680334 1695668 1213856 1183506 1733448 1634866 1714532 1680492 1661434 1737400 1714478 1767592 1221412 1232780 1714480 1687974 1680334 1206270 1684216 1722224 1232774 1691738 1680344 1202476 1210024 1699462 1236568 1669030 1680454 1669098 1726002 1688014 1733484 1236592 1703184 1691716 1695572 1198650 1202476 1210062 1236620 1714478 1194886 1217650 1669050 1688080 1213856 1748622 1202476 1672906 1691874 1661524 1183506 1210062 1744954 1695510 1691874 1217650 1714560 1672796 1175912 1699460 1699304 1669030 1703244 1665168 1775336 1172106 1703134 1669064 1206264 1240414 1244206 1688028 1217650 1748780 1228984 1722136 1225238 1737400 1225220 1259318 1718274 1725860 1782768 1820802 1752416 1729654 1710844 1217646 1198682 1661522 1206268 1676540 1202476 1217626 1756368 1206268 1722224 1217608 1217650 1650136 1232826 1707018 1676616 1221444 1710842 1191094 1741034 1699368 1213858 1669050 1699460 1703098 1699304 1217608 1236618 1221444 1710732 1672884 1718272 1718430 1729776 1691814 1649984 1183482 1665158 1672838 1669032 1741034 1725928 1699304 1217650 1642434 1676558 1729802 1725980 1688080 1706894 1198680 1703176 1194886 1236618 1741046 1718390 1722086 1676600 1646348 1707050 1657730 1225206 1676698 1213852 1179712 1270694 1240414 1714590 1217650 1661390 1202452 1198648 1206232 1251796 1232826 1688080 1733510 1779110 1707048 1695510 1646340 1710820 1672748 1744910 1680492 1179712 1695510 1646252 1703096 1213858]
Response/bytes (per Connection):  [1508970 2157690 1547420 2085680 1528179 2138466 1537808 2200951 2157737 2100092 2128878 2191410 2109644 2148157 2104904 1499361 2138472 2167334 2172107 2148139 2220240 2157744 1523389 1528197 2138466 1547420 2133660 1561812 2215361 2186604 2162574 2205762 2258649 1528192 2200966 2138534 1513779 2186586 2200948 1552203 2176951 2191331 2181777 2176941 2124127 2162568 2148156 1557015 2152963 2220245 2229841 2157698 2143351 2104825 2234663 1547407 2215360 1537809 2176917 1528196 2128865 2128854 1480138 2152946 2133660 2114491 2225013 2143298 2133685 2104824 1561837 2172170 2157728 1518585 1585867 1605058 2176923 2138545 2152963 1547401 2119321 2186597 2114516 2176992 1561835 1518585 2191406 1561838 2128854 2143272 2133687 1508973 2181798 2085633 2205748 1585837 2220214 1571431 2133667 2196215 1484943 2152962 2215386 2172187 1542614 2162507 2176984 2162574 2186547 1557032 1542614 1513764 2133660 2215426 1557020 2133660 1523388 2095219 2167375 2162574 1547420 2128854 2148157 1537808 1499361 2196137 2071212 2172134 2128933 2104859 2201022 2172107 2239390 1547404 1561815 2172108 2138492 2128854 1528197 2133704 2181798 1561812 2143283 2128859 1523391 1532983 2152963 1566618 2114475 2128914 2114509 2186596 2138512 2196155 1566630 2157733 2143272 2148109 1518569 1523391 1533002 1566644 2172107 1513778 1542614 2114485 2138545 1537808 2215360 1523391 2119322 2143351 2104904 1499361 1533002 2210617 2148078 2143351 1542614 2172148 2119267 1489746 2152962 2152884 2114475 2157763 2109635 2249080 1484934 2157708 2114492 1528194 1571450 1576255 2138519 1542614 2215439 1557008 2181754 1552226 2201022 1552217 1595447 2176914 2186525 2258614 2306721 2220166 2191331 2167381 1542612 1518585 2104903 1528196 2124048 1523391 1542602 2225051 1528196 2181798 1542593 1542614 2090483 1561838 2162559 2124086 1547420 2167380 1508973 2205748 2152916 1537809 2114485 2152962 2157690 2152884 1542593 1566643 1547420 2167325 2119311 2176913 2176992 2191392 2143321 2090407 1499349 2109630 2119288 2114476 2205748 2186559 2152884 1542614 2080814 2124057 2191405 2186585 2138545 2162497 1518584 2157729 1513778 1566643 2205754 2176972 2181729 2124078 2085680 2162575 2100098 1552210 2124127 1537806 1494555 1609862 1571450 2172163 1542614 2104837 1523379 1518568 1528178 1585868 1561838 2138545 2196168 2253876 2162574 2148078 2085676 2167369 2119243 2210595 2128933 1494555 2148078 2085632 2157689 1537809]
Requests Number (per Connection):  [314 449 322 434 318 445 320 458 449 437 443 456 439 447 438 312 445 451 452 447 462 449 317 318 445 322 444 325 461 455 450 459 470 318 458 445 315 455 458 323 453 456 454 453 442 450 447 324 448 462 464 449 446 438 465 322 461 320 453 318 443 443 308 448 444 440 463 446 444 438 325 452 449 316 330 334 453 445 448 322 441 455 440 453 325 316 456 325 443 446 444 314 454 434 459 330 462 327 444 457 309 448 461 452 321 450 453 450 455 324 321 315 444 461 324 444 317 436 451 450 322 443 447 320 312 457 431 452 443 438 458 452 466 322 325 452 445 443 318 444 454 325 446 443 317 319 448 326 440 443 440 455 445 457 326 449 446 447 316 317 319 326 452 315 321 440 445 320 461 317 441 446 438 312 319 460 447 446 321 452 441 310 448 448 440 449 439 468 309 449 440 318 327 328 445 321 461 324 454 323 458 323 332 453 455 470 480 462 456 451 321 316 438 318 442 317 321 463 318 454 321 321 435 325 450 442 322 451 314 459 448 320 440 448 449 448 321 326 322 451 441 453 453 456 446 435 312 439 441 440 459 455 448 321 433 442 456 455 445 450 316 449 315 326 459 453 454 442 434 450 437 323 442 320 311 335 327 452 321 438 317 316 318 330 325 445 457 469 450 447 434 451 441 460 443 311 447 434 449 320]
Requests/sec:  7522.947005208333 KB
Transfer/sec:  17053.653092447916 KB

