2023-12-04 21:56:41.466657594 +0800 CST m=+26502.310241782
Running 1m0s myx-test @ https://192.168.12.127:6443/api/v1/namespaces/myx-test/pods
3 connections
Requests/bytes (per Connection):  [34310544 33793230 38053804]
Response/bytes (per Connection):  [36372117 35820667 39103020]
Requests Number (per Connection):  [9285 9145 10298]
Requests/sec:  1727.8251627604166 KB
Transfer/sec:  3539.280305989583 KB

2023-12-04 21:58:21.554004582 +0800 CST m=+26602.397588764
Running 1m0s myx-test @ https://192.168.12.127:6443/api/v1/namespaces/myx-test/pods
6 connections
Requests/bytes (per Connection):  [30386216 30622648 27241596 28083920 28132052 27145348]
Response/bytes (per Connection):  [31213997 31464979 28866202 29784294 29823361 28786110]
Requests Number (per Connection):  [8223 8287 7372 7600 7613 7346]
Requests/sec:  2793.1604817708335 KB
Transfer/sec:  5721.854215494792 KB

2023-12-04 22:00:01.643006305 +0800 CST m=+26702.486590475
Running 1m0s myx-test @ https://192.168.12.127:6443/api/v1/namespaces/myx-test/pods
9 connections
Requests/bytes (per Connection):  [26033072 28412858 25778102 25020600 28641984 24806294 25009566 28582908 26140252]
Response/bytes (per Connection):  [27607125 29197199 27336342 26529963 29430171 26300395 26511498 29363553 27718552]
Requests Number (per Connection):  [7045 7689 6976 6771 7751 6713 6768 7735 7074]
Requests/sec:  3880.6255859375 KB
Transfer/sec:  7949.551334635416 KB

2023-12-04 22:01:41.738633039 +0800 CST m=+26802.582217238
Running 1m0s myx-test @ https://192.168.12.127:6443/api/v1/namespaces/myx-test/pods
15 connections
Requests/bytes (per Connection):  [21946154 19618230 21905598 19425952 20711992 20490172 19352056 20689804 19540512 21909284 21923984 20837660 21953550 20619580 19414958]
Response/bytes (per Connection):  [22551715 20788793 22498730 20601191 21953141 21731315 20521653 21931601 20721662 22503521 22528943 22082563 22558855 21858964 20577408]
Requests Number (per Connection):  [5939 5309 5928 5257 5605 5545 5237 5599 5288 5929 5933 5639 5941 5580 5254]
Requests/sec:  5051.098404947917 KB
Transfer/sec:  10347.486018880209 KB

2023-12-04 22:03:21.926425364 +0800 CST m=+26902.770009543
Running 1m0s myx-test @ https://192.168.12.127:6443/api/v1/namespaces/myx-test/pods
30 connections
Requests/bytes (per Connection):  [10564692 9932870 9799852 9810912 10442890 10003076 10446566 10889994 10926880 10901110 10609124 10878910 9762916 10904716 10830790 9840476 10549910 9851630 9932870 10790138 10631256 10819750 10317200 10679264 10413324 9951348 9714940 10572144 10527892 10901012]
Response/bytes (per Connection):  [11208939 10530302 10387918 10403025 11061514 10605177 11067855 11183119 11229137 11190700 11244461 11171460 10346610 11205549 11131991 10433887 11193367 10436962 10530302 11090966 11272995 11115170 10934890 10979000 11030650 10549697 10287677 11208749 11150283 11202932]
Requests Number (per Connection):  [2859 2688 2652 2655 2826 2707 2827 2947 2957 2950 2871 2944 2642 2951 2931 2663 2855 2666 2688 2920 2877 2928 2792 2890 2818 2693 2629 2861 2849 2950]
Requests/sec:  5081.355013020833 KB
Transfer/sec:  10409.891536458334 KB

2023-12-04 22:05:02.023205246 +0800 CST m=+27002.866789436
Running 1m0s myx-test @ https://192.168.12.127:6443/api/v1/namespaces/myx-test/pods
60 connections
Requests/bytes (per Connection):  [7083832 6906378 6289440 7146676 7032052 7009930 6440822 6437132 7035842 6902664 7065350 7054228 6921276 6474080 6902796 7061696 6577564 6621930 7058016 6913878 6936058 6969308 6485168 6599738 6969294 6400164 7046862 6607130 6832576 6385384 6769746 6596074 6466690 7043162 6536912 6765990 7021026 6928666 7061712 6965624 7065252 7190908 7009822 6499986 6902660 6958114 7091244 7065408 6858334 7183516 6481472 7179904 6865838 6326332 6987792 6459392 6389082 6366948 6910184 6921262]
Response/bytes (per Connection):  [7277267 7104861 6654772 7571928 7459571 7429919 6831383 6826720 7451362 7103604 7489782 7482509 7105821 6866348 7087296 7480643 6973952 7018150 7474862 7098953 7347303 7155888 6877817 6997170 7385066 6789328 7241303 7004816 7016357 6773758 7174148 6989431 6858422 7468242 6931621 6957007 7211020 7113503 7478403 7150825 7271246 7633194 7443629 6888913 7329964 7157819 7513745 7482226 7056426 7625548 6873994 7611093 7049974 6701676 7173869 6839026 6777301 6748765 7094976 7107451]
Requests Number (per Connection):  [1917 1869 1702 1934 1903 1897 1743 1742 1904 1868 1912 1909 1873 1752 1868 1911 1780 1792 1910 1871 1877 1886 1755 1786 1886 1732 1907 1788 1849 1728 1832 1785 1750 1906 1769 1831 1900 1875 1911 1885 1912 1946 1897 1759 1868 1883 1919 1912 1856 1944 1754 1943 1858 1712 1891 1748 1729 1723 1870 1873]
Requests/sec:  6657.492122395834 KB
Transfer/sec:  13641.41083984375 KB

2023-12-04 22:06:42.192257963 +0800 CST m=+27103.035842152
Running 1m0s myx-test @ https://192.168.12.127:6443/api/v1/namespaces/myx-test/pods
90 connections
Requests/bytes (per Connection):  [5092014 5095854 5262018 5295378 5291584 5239896 5339630 5088420 4962818 5284196 5239966 5409852 5217672 5214030 5343434 5387714 5310086 5228824 5095710 5199188 5029342 5350722 5324852 5154970 5258322 5173322 4992338 4970210 5140216 5195572 5254702 5335934 5055064 5273110 5025648 5398776 5128974 5195498 5140060 5306464 4918416 5040282 5243540 5254714 5128972 5350718 5299074 4988532 5073694 5306368 5062470 5395100 4910934 5258344 4866726 5361892 5077230 5262132 5014560 5103100 5077230 5210282 5383978 5239864 5177088 5199296 5247238 5391382 5180838 5369198 5494854 4973748 5214060 4925790 4947876 5280500 5129010 5154856 5007168 5095754 5080974 5232456 5358208 5073624 4984992 5036624 5221362 5250934 5387676 5310064]
Response/bytes (per Connection):  [5406046 5391401 5583302 5605679 5441198 5553650 5664145 5389071 5251255 5606242 5544696 5737062 5536868 5526049 5480022 5533452 5457005 5369243 5409869 5518031 5320911 5675336 5474273 5455087 5407307 5321552 5287995 5258901 5436159 5334540 5566144 5660322 5366698 5594493 5316526 5547829 5276548 5343782 5287935 5617428 5211815 5351126 5563907 5564464 5444556 5675614 5436650 5298162 5201131 5456018 5372384 5717854 5215641 5404863 5151297 5676171 5224678 5568752 5305057 5250885 5390754 5528942 5534639 5386338 5485581 5334711 5396196 5716829 5482408 5519001 5646333 5282870 5351977 5221699 5256109 5602419 5439518 5301123 5297411 5404273 5388421 5381104 5495928 5375459 5274473 5342265 5370531 5571555 5714124 5633281]
Requests Number (per Connection):  [1378 1379 1424 1433 1432 1418 1445 1377 1343 1430 1418 1464 1412 1411 1446 1458 1437 1415 1379 1407 1361 1448 1441 1395 1423 1400 1351 1345 1391 1406 1422 1444 1368 1427 1360 1461 1388 1406 1391 1436 1331 1364 1419 1422 1388 1448 1434 1350 1373 1436 1370 1460 1329 1423 1317 1451 1374 1424 1357 1381 1374 1410 1457 1418 1401 1407 1420 1459 1402 1453 1487 1346 1411 1333 1339 1429 1388 1395 1355 1379 1375 1416 1450 1373 1349 1363 1413 1421 1458 1437]
Requests/sec:  7598.569368489583 KB
Transfer/sec:  15570.108251953125 KB

2023-12-04 22:08:22.315911797 +0800 CST m=+27203.159496002
Running 1m0s myx-test @ https://192.168.12.127:6443/api/v1/namespaces/myx-test/pods
150 connections
Requests/bytes (per Connection):  [3588124 3662026 3554876 3517920 3647122 3676760 3447702 3484660 3399652 3407048 3314658 3695202 3658360 3676838 3625058 3292478 3358984 3492052 3377480 3540094 3746980 3599118 3492052 3724796 3602922 3717382 3573270 3517818 3621402 3432920 3484662 3495744 3455094 3717494 3562272 3624960 3614010 3488300 3610172 3262914 3658364 3606496 3758148 3410744 3610300 3558492 3569664 3643576 3458720 3495740 3702696 3551166 3395956 3713780 3370090 3669370 3746960 3628798 3517922 3658358 3662054 3429220 3473572 3661960 3791408 3521618 3429224 3798642 3743206 3565966 3613934 3403352 3717494 3602926 3536304 3602922 3573360 3636074 3673148 3517914 3540098 3565890 3429220 3484660 3525310 3506736 3525214 3676726 3673144 3658250 3510432 3661948 3842992 3407048 3717372 3466168 3628742 3558572 3602864 3717344 3687768 3529010 3477268 3429168 3654652 3750656 3588086 3636148 3588040 3399636 3621394 3462454 3517924 3510530 3662054 3503044 3525314 3569660 3691622 3495744 3747006 3647154 3584444 3650968 3584448 3543768 3440312 3488356 3551184 3543780 3351596 3658334 3418136 3739574 3580618 3710024 3580732 3565878 3721044 3754452 3639886 3362698 3573246 3702702 3477268 3477186 3562272 3492052 3558572 3595440]
Response/bytes (per Connection):  [3683995 3760269 3764470 3610880 3760399 3781341 3539943 3690995 3602784 3610152 3513177 3925414 3872074 3891469 3724307 3490799 3562411 3698641 3579568 3633382 3974740 3824336 3698641 3952922 3814449 3948074 3677873 3738832 3833564 3636913 3576993 3702742 3660131 3933522 3655614 3736265 3825918 3701812 3840283 3459937 3871796 3715838 3975855 3613975 3706225 3778647 3779484 3856782 3672626 3703302 3920190 3762607 3598961 3932219 3571642 3773659 3977258 3722576 3725682 3872354 3756735 3633368 3679526 3888209 3887226 3614587 3633090 4038614 3980709 3659317 3717540 3606329 3933522 3696641 3757107 3814449 3666729 3863408 3767308 3611696 3633112 3785453 3633368 3690995 3733606 3611725 3745918 3785417 3767578 3766348 3730628 3770055 4084488 3610152 3949192 3673278 3847926 3768293 3822005 3952830 3923084 3621997 3683349 3640366 3869931 3981081 3805873 3853894 3694323 3605024 3716524 3671693 3610610 3718036 3876177 3722422 3618292 3779762 3786375 3588650 3971382 3875715 3795054 3745348 3794776 3755519 3644559 3694818 3644499 3638447 3554205 3756020 3621621 3846500 3808021 3814686 3676585 3670189 3956093 3972032 3852401 3563996 3680589 3798578 3683349 3693701 3771838 3584675 3768293 3700645]
Requests Number (per Connection):  [971 991 962 952 987 995 933 943 920 922 897 1000 990 995 981 891 909 945 914 958 1014 974 945 1008 975 1006 967 952 980 929 943 946 935 1006 964 981 978 944 977 883 990 976 1017 923 977 963 966 986 936 946 1002 961 919 1005 912 993 1014 982 952 990 991 928 940 991 1026 953 928 1028 1013 965 978 921 1006 975 957 975 967 984 994 952 958 965 928 943 954 949 954 995 994 990 950 991 1040 922 1006 938 982 963 975 1006 998 955 941 928 989 1015 971 984 971 920 980 937 952 950 991 948 954 966 999 946 1014 987 970 988 970 959 931 944 961 959 907 990 925 1012 969 1004 969 965 1007 1016 985 910 967 1002 941 941 964 945 963 973]
Requests/sec:  8719.776139322918 KB
Transfer/sec:  17868.405419921874 KB

2023-12-04 22:10:02.438244303 +0800 CST m=+27303.281828509
Running 1m0s myx-test @ https://192.168.12.127:6443/api/v1/namespaces/myx-test/pods
300 connections
Requests/bytes (per Connection):  [1862364 2013890 1947364 2109980 1843992 1832796 1866062 2021282 1928886 1866126 2013890 2109980 2058240 1969540 1866174 1995490 1891932 1877148 1973238 1921596 1884536 1892030 1984332 1910408 1910488 2073026 1954806 1836494 2006612 1851278 1947364 2021282 1954856 2076720 1965846 1873530 1869752 1995534 1914222 2106346 1999110 1891976 1947368 2084184 1954796 1962148 1766320 1995444 1958556 2021302 1969672 1980632 1936282 1954882 2050848 1991716 1877226 1954778 1895626 1881002 1999108 1910412 1980646 1943688 1954758 1899442 2028678 2010224 1928890 1936432 2039816 2010280 1928890 1991812 1895628 1984324 1988144 1951062 1936282 1991714 1936280 1744148 1884540 1951062 2158026 1843924 1999106 1906712 2050848 1877270 2002802 1825418 1936278 1921604 1947370 1880916 1943806 1999134 2006502 2058240 1940004 1869888 1866058 1954852 2061996 1973236 2024978 1899322 2010194 1943674 2084154 1914232 1891932 1851338 1873454 1932586 1980644 2024978 2036122 1914102 1914158 1866118 2017586 2010308 2002802 2047244 1973240 2021350 2095264 1936296 1917798 1873592 1906728 1928890 1947514 2065714 1914102 1854994 2013894 1884542 1980632 1943792 1910426 2087808 2132156 1903142 1840344 2039760 1866166 1858670 1958592 2002802 2113676 1977006 1777502 2095198 2002802 1928890 1965844 1943772 1847740 1810624 2102590 2006504 1884544 1917826 1884540 1969576 2006612 1895760 1910410 1947450 2032374 1910440 1888290 1895652 1928952 2106340 2054620 1884622 2113688 1947366 1991818 1921620 1884698 1862492 1854978 1829104 1869916 1844000 1903104 1991716 1899320 1910412 1932582 2076780 2132156 2061950 1988080 1991794 1906710 1995410 1977046 2010306 1980704 1973240 2058318 1914192 1973240 1954756 1984326 1940082 1943702 2002802 2043456 2061940 2069348 1958452 1991716 1914134 1940070 1925194 1984322 2014002 1951128 1895638 1995412 1928974 2054544 1928924 2043504 1869880 2047152 1999106 1951174 2080416 1903020 1958458 1988022 2010242 1895710 1943670 1947368 1936318 2013948 1843926 1980628 1836596 1795904 1925244 1840190 1965846 1880926 1936404 1851418 2006510 1980628 1866206 1947450 1976932 1862424 2013890 1892048 1947366 1862360 2095264 1829104 1910406 1899320 1958458 1940086 2047154 1939974 2028672 2087856 1855110 1903134 1973368 1877298 2087806 1925190 1899450 1995416 1884542 1954756 2054624 1899340 1973246 1880844 1999142 1895628 1977026 2013940 2187610 1928982 2028752 1999160 2113682 2113676 2006524]
Response/bytes (per Connection):  [1980798 2138659 2069565 2238897 1947691 1889594 1923215 2146305 2050170 1975945 2072773 2238897 2184815 2028041 1970071 2109472 1949422 1934602 2031748 2029654 2004014 1937190 2042047 2030775 2020703 2132327 2007243 1953757 2116463 1969049 2005811 2146305 2064621 2203930 2024064 1982193 1988722 2104158 2019770 2227240 2057683 2005786 2069287 2202624 2072175 2020631 1874684 2115348 2067884 2077737 2075715 2103694 2057538 2061263 2177169 2050271 1986016 2010503 1953399 1979767 2123087 2030497 2036982 2063224 2076931 2003918 2153673 2131200 2049892 2038512 2158706 2123924 2049892 2038585 2015205 2107795 2031346 2073108 2057538 2050543 1994426 1851186 2003736 2073108 2288876 1896091 2123367 1964512 2177169 1980420 2127190 1880828 2057816 2028534 2069007 1990679 2048114 2120011 2130735 2184815 2058003 1971656 1984619 2001535 2181084 2096044 2150128 1957104 2069068 2065184 2138276 2018370 2011382 1961213 1991987 1990449 2102014 2150128 2154603 2034878 2027884 1916147 2076478 2055208 2061658 2094974 2096048 2137913 2214931 2055578 2038701 1974359 2024994 2049892 1987603 2182109 2034878 1909380 2072503 2003174 2038886 2050074 1966043 2215399 2261835 1945315 1937712 2165700 1970909 1976695 2063126 2061658 2242720 2026483 1874121 2154827 2127190 1986744 2088680 1989332 1945080 1926716 2230971 2130455 2003176 2035345 2003736 2023693 2051229 1936819 2030777 1995211 2091028 2026859 2000563 2012127 1978860 2228080 2104560 1931682 2241322 2069285 2102571 1964112 1983872 1903744 1972312 1885893 1968018 1946853 2011937 2115441 2019306 1967947 2053993 2196376 2261835 2186960 2039228 2105649 2027232 2054248 2085881 2055206 2029916 2096048 2175023 2023406 2031476 2013221 2107797 1984811 2061546 2127190 2169523 2188360 2193766 2016926 2115441 2030962 1986443 2046069 2043133 2124671 2064714 2013805 2119264 2038978 2113800 1982394 2096979 1911698 2173346 2123367 2059120 2207753 1960537 2080476 2111620 2128962 2004571 2065462 2069287 2052780 2131385 1956085 2039156 1940605 1903028 2039633 1897280 2088400 1989279 1978932 1951141 2064005 2103972 1965873 2058653 2100149 1972962 2072773 1996552 2069285 1981076 2214931 1885893 1968489 2019306 2016384 1984267 2106118 2061639 2154231 2141165 1955524 1946403 2015438 1976782 2215679 1983309 1941066 2053706 2003456 2013221 2170920 2016788 2095208 1938307 2053605 1953127 2024037 2132505 2317502 1975328 2144159 2051431 2173082 2242720 2062375]
Requests Number (per Connection):  [504 545 527 571 499 496 505 547 522 505 545 571 557 533 505 540 512 508 534 520 510 512 537 517 517 561 529 497 543 501 527 547 529 562 532 507 506 540 518 570 541 512 527 564 529 531 478 540 530 547 533 536 524 529 555 539 508 529 513 509 541 517 536 526 529 514 549 544 522 524 552 544 522 539 513 537 538 528 524 539 524 472 510 528 584 499 541 516 555 508 542 494 524 520 527 509 526 541 543 557 525 506 505 529 558 534 548 514 544 526 564 518 512 501 507 523 536 548 551 518 518 505 546 544 542 554 534 547 567 524 519 507 516 522 527 559 518 502 545 510 536 526 517 565 577 515 498 552 505 503 530 542 572 535 481 567 542 522 532 526 500 490 569 543 510 519 510 533 543 513 517 527 550 517 511 513 522 570 556 510 572 527 539 520 510 504 502 495 506 499 515 539 514 517 523 562 577 558 538 539 516 540 535 544 536 534 557 518 534 529 537 525 526 542 553 558 560 530 539 518 525 521 537 545 528 513 540 522 556 522 553 506 554 541 528 563 515 530 538 544 513 526 527 524 545 499 536 497 486 521 498 532 509 524 501 543 536 505 527 535 504 545 512 527 504 567 495 517 514 530 525 554 525 549 565 502 515 534 508 565 521 514 540 510 529 556 514 534 509 541 513 535 545 592 522 549 541 572 572 543]
Requests/sec:  9553.335384114584 KB
Transfer/sec:  19574.816634114584 KB

