2023-12-04 23:21:12.755425339 +0800 CST m=+31573.599009515
Running 1m0s myx-test @ https://192.168.12.127:6443/api/v1/namespaces/myx-test/podtemplates
3 connections
Requests/bytes (per Connection):  [25574228 26621072 23983252]
Response/bytes (per Connection):  [35970856 37443280 33733022]
Requests Number (per Connection):  [6767 7044 6346]
Requests/sec:  1239.8852864583334 KB
Transfer/sec:  2983.81689453125 KB

2023-12-04 23:22:52.933866985 +0800 CST m=+31673.777451181
Running 1m0s myx-test @ https://192.168.12.127:6443/api/v1/namespaces/myx-test/podtemplates
6 connections
Requests/bytes (per Connection):  [19459414 20642388 19727678 18813126 20506262 18730122]
Response/bytes (per Connection):  [27370181 29034006 27747559 26461191 28842607 26344317]
Requests Number (per Connection):  [5149 5462 5220 4978 5426 4956]
Requests/sec:  1918.6033528645833 KB
Transfer/sec:  4617.168798828125 KB

2023-12-04 23:24:33.07267972 +0800 CST m=+31773.916263888
Running 1m0s myx-test @ https://192.168.12.127:6443/api/v1/namespaces/myx-test/podtemplates
9 connections
Requests/bytes (per Connection):  [16205428 18159378 17165448 17184288 16250758 17154112 18038426 16315010 18098924]
Response/bytes (per Connection):  [22793402 25541619 24143616 24170166 22857179 24127670 25371511 22947547 25456576]
Requests Number (per Connection):  [4288 4805 4542 4547 4300 4539 4773 4317 4789]
Requests/sec:  2515.8166015625 KB
Transfer/sec:  6054.37919921875 KB

2023-12-04 23:26:13.223269637 +0800 CST m=+31874.066853803
Running 1m0s myx-test @ https://192.168.12.127:6443/api/v1/namespaces/myx-test/podtemplates
15 connections
Requests/bytes (per Connection):  [12127628 12222112 12142816 13439048 12626554 13314318 12770088 12823018 13299222 12225972 13371044 13567562 12792724 12823012 12161752]
Response/bytes (per Connection):  [17057848 17190740 17079146 18902380 17759543 18726957 17961498 18035927 18705705 17196096 18806710 19083121 17993372 18035924 17105744]
Requests Number (per Connection):  [3209 3234 3213 3556 3341 3523 3379 3393 3519 3235 3538 3590 3385 3393 3218]
Requests/sec:  3120.22900390625 KB
Transfer/sec:  7508.912451171875 KB

2023-12-04 23:27:54.238459558 +0800 CST m=+31975.082043737
Running 1m0s myx-test @ https://192.168.12.127:6443/api/v1/namespaces/myx-test/podtemplates
30 connections
Requests/bytes (per Connection):  [6802680 7532148 7558586 7380830 6844254 7267436 7524464 7486664 6821578 6814020 6908460 7554702 6738424 6968904 7331772 7494360 7441306 6976478 7535802 7498006 6897176 7392316 7482896 7498162 7350592 7331790 7411214 7437686 7312794 6742230]
Response/bytes (per Connection):  [9568140 10594092 10631293 10381393 9626613 10221916 10583398 10530238 9594719 9584088 9716958 10625925 9477770 9801996 10312326 10540938 10466447 9812635 10599345 10546187 9701038 10397414 10524928 10546265 10338866 10312335 10423993 10461211 10285707 9483099]
Requests Number (per Connection):  [1800 1993 2000 1953 1811 1923 1991 1981 1805 1803 1828 1999 1783 1844 1940 1983 1969 1846 1994 1984 1825 1956 1980 1984 1945 1940 1961 1968 1935 1784]
Requests/sec:  3537.39794921875 KB
Transfer/sec:  8512.841845703126 KB

2023-12-04 23:29:35.066489293 +0800 CST m=+32075.910073449
Running 1m0s myx-test @ https://192.168.12.127:6443/api/v1/namespaces/myx-test/podtemplates
60 connections
Requests/bytes (per Connection):  [3937914 4039968 3783098 4021124 3945506 3639342 3945630 3749068 3964402 4013508 4051384 3979490 3813258 3979542 3907832 4089104 4089110 3699862 3677266 4002186 3987166 3998390 3722462 3737582 4009844 3979620 3922950 3601670 3684794 3601670 3628124 3998390 3866096 3631910 4047676 4145802 4055144 4119462 3809556 3870032 3960656 4062804 4183600 3703724 4017288 4009730 3998410 3779322 3953098 4009730 3692382 4108004 3703724 4028628 3820896 4017290 3703602 3956812 3968256 3972090]
Response/bytes (per Connection):  [5538849 5682378 5320975 5655826 5549497 5118909 5549559 5273126 5576075 5645166 5698364 5597323 5363463 5597349 5496400 5751484 5751487 5203985 5172131 5629227 5608013 5623903 5235841 5257105 5639908 5597388 5517663 5065813 5182747 5065813 5103022 5623903 5437846 5108341 5693084 5831223 5703670 5794071 5358186 5443240 5570776 5714352 5884382 5209342 5650482 5639851 5623913 5315661 5560145 5639851 5193393 5778064 5209342 5666430 5374134 5650483 5209281 5565428 5581428 5586771]
Requests Number (per Connection):  [1042 1069 1001 1064 1044 963 1044 992 1049 1062 1072 1053 1009 1053 1034 1082 1082 979 973 1059 1055 1058 985 989 1061 1053 1038 953 975 953 960 1058 1023 961 1071 1097 1073 1090 1008 1024 1048 1075 1107 980 1063 1061 1058 1000 1046 1061 977 1087 980 1066 1011 1063 980 1047 1050 1051]
Requests/sec:  3815.0550130208335 KB
Transfer/sec:  9181.03583984375 KB

2023-12-04 23:31:15.224364859 +0800 CST m=+32176.067949037
Running 1m0s myx-test @ https://192.168.12.127:6443/api/v1/namespaces/myx-test/podtemplates
90 connections
Requests/bytes (per Connection):  [2894972 2823190 2887288 2853290 2921322 2895006 2894980 2955456 2879728 2773962 2860830 2872328 2917684 2724914 2981784 2955324 2724758 2834372 2917526 2709656 2860988 2864766 2758856 2887302 2925182 2838184 2826970 2917648 2989344 2887290 3023450 2834530 2811850 2910048 2898628 2989498 2910070 2702210 2959242 2921466 2774050 2785234 2796622 2751334 2653098 2928948 2860988 2792950 2849554 2959106 2932648 2853316 2823090 2887290 2906296 2883510 2947842 3065006 2819410 2917534 2936452 2826970 2951664 2966666 2943986 2876062 2823188 2857198 2781534 2838294 2898754 2792870 2955326 2981784 2879728 2758894 2966718 2913746 3008346 2830722 2834418 3023362 2781610 2921308 2902452 2774052 3027142 2898674 2766478 2944144]
Response/bytes (per Connection):  [4071802 3970817 4061108 4013275 4108959 4071819 4071806 4156860 4050476 3901665 4023897 4039924 4103714 3832603 4194006 4156794 3832525 3986686 4103635 3811270 4023976 4029291 3880408 4061115 4114315 3992018 3976133 4103696 4204638 4061109 4252525 3986765 3954869 4093044 4077056 4204715 4093055 3800695 4162179 4109031 3901709 3917579 3933551 3869795 3731601 4119624 4023976 3928289 4007981 4162111 4124900 4013288 3970767 4061109 4087742 4055793 4146201 4310989 3965501 4103639 4130228 3976133 4151538 4172743 4140847 4045217 3970816 4018655 3912303 3992073 4077119 3928249 4156795 4194006 4050476 3880427 4172769 4098319 4231269 3981435 3986709 4252481 3912341 4108952 4082394 3901710 4257797 4077079 3891071 4140926]
Requests Number (per Connection):  [766 747 764 755 773 766 766 782 762 734 757 760 772 721 789 782 721 750 772 717 757 758 730 764 774 751 748 772 791 764 800 750 744 770 767 791 770 715 783 773 734 737 740 728 702 775 757 739 754 783 776 755 747 764 769 763 780 811 746 772 777 748 781 785 779 761 747 756 736 751 767 739 782 789 762 730 785 771 796 749 750 800 736 773 768 734 801 767 732 779]
Requests/sec:  4212.992513020833 KB
Transfer/sec:  10138.6646484375 KB

2023-12-04 23:32:55.370286795 +0800 CST m=+32276.213870963
Running 1m0s myx-test @ https://192.168.12.127:6443/api/v1/namespaces/myx-test/podtemplates
150 connections
Requests/bytes (per Connection):  [2176892 2150386 2161724 2165506 2063450 2127706 2139046 2169284 2203336 2131490 2248660 2082348 2101252 1995414 2180658 2123962 2097468 2055894 2301578 2203312 2191988 2127748 2218422 2199548 2123928 2188226 2199524 2267560 2105028 2154206 2157944 2142830 2142838 2241106 2154182 2154166 2089952 2093688 2222202 2082350 2059716 2086216 1995412 2207082 2112588 2067232 2093722 2120158 2154164 2093690 2184404 2078668 2105054 2237322 2146648 2195744 2256220 2105030 2086148 2252448 2146610 2157946 2127710 2135336 2267560 2089912 2093688 2157944 2146670 2097468 2229762 2267560 2142892 2124004 2199532 2158004 1969028 2248662 2108892 2191962 2040842 1999300 2006756 2173068 2112646 2233542 2203338 2078568 2131488 2059670 2131488 2135304 2048340 2105028 2203320 2036990 2142826 2063450 2082348 2203302 2154166 2105114 2010532 2131488 2124002 2173064 2180628 2191962 2150400 2263782 2161740 1984078 2309138 2112586 2218422 2067336 2161730 2010588 2146606 2339338 2108808 2191962 2154206 2203304 2173064 2093688 2229762 2180650 2248660 2158004 2052224 2210892 2188184 2173064 2123926 2067292 1991632 2165504 2169286 2108806 2199560 2226004 2146644 1946280 2135266 2165510 2191964 2188184 2074790 2131536]
Response/bytes (per Connection):  [3061822 3024587 3040534 3045851 2902321 2992691 3008639 3051166 3099026 2998009 3162800 2928900 2955482 2806635 3067131 2987393 2950164 2891691 3237223 3099014 3083074 2992712 3120273 3093706 2987376 3077767 3093694 3189380 2960796 3029923 3035218 3013957 3013961 3152171 3029911 3029903 2939554 2944848 3125589 2928901 2897028 2934260 2806634 3104325 2971428 2907638 2944865 2982065 3029902 2944849 3072430 2923634 2960809 3146853 3019292 3088378 3173432 2960797 2934226 3168120 3019273 3035219 2992693 3003358 3189380 2939534 2944848 3035218 3019303 2950164 3136221 3189380 3013988 2987414 3093698 3035248 2769460 3162801 2966154 3083061 2870461 2812004 2822584 3056484 2971457 3141537 3099027 2923584 2998008 2897005 2998008 3003342 2881062 2960796 3099018 2865109 3013955 2902321 2928900 3099009 3029903 2960839 2827898 2998008 2987413 3056482 3067116 3083061 3024594 3184065 3040542 2790689 3247855 2971427 3120273 2907690 3040537 2827926 3019271 3290363 2966112 3083061 3029923 3099010 3056482 2944848 3136221 3067127 3162800 3035248 2886430 3109656 3077746 3056482 2987375 2907668 2801318 3045850 3051167 2966111 3093712 3130916 3019290 2737530 3003323 3045853 3083062 3077746 2918269 2998032]
Requests Number (per Connection):  [576 569 572 573 546 563 566 574 583 564 595 551 556 528 577 562 555 544 609 583 580 563 587 582 562 579 582 600 557 570 571 567 567 593 570 570 553 554 588 551 545 552 528 584 559 547 554 561 570 554 578 550 557 592 568 581 597 557 552 596 568 571 563 565 600 553 554 571 568 555 590 600 567 562 582 571 521 595 558 580 540 529 531 575 559 591 583 550 564 545 564 565 542 557 583 539 567 546 551 583 570 557 532 564 562 575 577 580 569 599 572 525 611 559 587 547 572 532 568 619 558 580 570 583 575 554 590 577 595 571 543 585 579 575 562 547 527 573 574 558 582 589 568 515 565 573 580 579 549 564]
Requests/sec:  5231.4873046875 KB
Transfer/sec:  12589.709375 KB

2023-12-04 23:34:35.560559447 +0800 CST m=+32376.404143619
Running 1m0s myx-test @ https://192.168.12.127:6443/api/v1/namespaces/myx-test/podtemplates
300 connections
Requests/bytes (per Connection):  [1247174 1250956 1307652 1247174 1239614 1390764 1247134 1247176 1318986 1220670 1254732 1277336 1281190 1250954 1326450 1349230 1232002 1262294 1345426 1186698 1428522 1194224 1243394 1303828 1394584 1398368 1281192 1273632 1296312 1318990 1220692 1281114 1224496 1330226 1235836 1318936 1266022 1224482 1353008 1330330 1269854 1262246 1402142 1356786 1288754 1232056 1288750 1296312 1303872 1326552 1322768 1156448 1318894 1258510 1239614 1345338 1288752 1296312 1205596 1258514 1269854 1300072 1167780 1315208 1281192 1307574 1315212 1220716 1156446 1288690 1288752 1277414 1228272 1277414 1269854 1239614 1383182 1307652 1220670 1322670 1284934 1300092 1356690 1235808 1281192 1247174 1368130 1292532 1220716 1235782 1247174 1250956 1262294 1281178 1326546 1288714 1288672 1303848 1235836 1311428 1273634 1337890 1281116 1250954 1409642 1296314 1250892 1216936 1152668 1133780 1216932 1239576 1216932 1247170 1318988 1266004 1292532 1277388 1360476 1220698 1303808 1224494 1258514 1353008 1258514 1164020 1311432 1315212 1284966 1296312 1262292 1296312 1300070 1360566 1262290 1341666 1371904 1383190 1300092 1379340 1152680 1318990 1356786 1258510 1213156 1232054 1250954 1254734 1315114 1281172 1216936 1277412 1284974 1281114 1318920 1349228 1288748 1281194 1213114 1281194 1345386 1334028 1205598 1175358 1213116 1300068 1296312 1334010 1254734 1269854 1318986 1254734 1235782 1360478 1277414 1326550 1288748 1345450 1209376 1292532 1288752 1190478 1216892 1254670 1235836 1284972 1254670 1341670 1300092 1239560 1371908 1239558 1273560 1254734 1364226 1277410 1300092 1300092 1364262 1171580 1239614 1171558 1239614 1269852 1216892 1352994 1303872 1303870 1303856 1311432 1352914 1160238 1284892 1345450 1243352 1247174 1258448 1266070 1160226 1436144 1371856 1262226 1349230 1315212 1262284 1307580 1273582 1239614 1303838 1269854 1190476 1303846 1171578 1318916 1326506 1266072 1247152 1353006 1413488 1247166 1341592 1247170 1250954 1311428 1296226 1277338 1292514 1213156 1277380 1330330 1322772 1247114 1326450 1228274 1288754 1258514 1250954 1277410 1141338 1201812 1254670 1300092 1262290 1375684 1292488 1300092 1311370 1250954 1318892 1315116 1269782 1349212 1288752 1288692 1368002 1266072 1247172 1266074 1284960 1330330 1258514 1318992 1345450 1186696 1277412 1250956 1318978 1292476 1167798 1254734 1330278 1258476 1235836 1326536 1239558 1243394 1179138 1300092 1269854 1216936]
Response/bytes (per Connection):  [1754167 1759484 1839222 1754167 1743535 1956150 1754147 1754168 1855167 1716933 1764798 1796656 1802009 1759483 1865751 1897697 1732877 1775431 1892369 1669113 2009289 1679728 1748851 1833884 1961486 1966804 1802010 1791378 1823274 1855169 1716944 1801971 1722272 1871065 1738220 1855142 1780721 1722265 1903012 1871117 1786063 1775407 1972117 1908327 1812643 1732904 1812641 1823274 1833906 1865802 1860484 1626580 1855121 1770113 1743535 1892325 1812642 1823274 1695692 1770115 1786063 1828580 1642524 1849852 1802010 1839183 1849854 1716956 1626579 1812611 1812642 1796695 1727586 1796695 1786063 1743535 1945507 1839222 1716933 1860435 1807307 1828590 1908279 1738206 1802010 1754167 1924277 1817958 1716956 1738193 1754167 1759484 1775431 1802003 1865799 1812623 1812602 1833894 1738220 1844536 1791379 1881749 1801972 1759483 1982719 1823275 1759452 1711640 1621264 1594690 1711638 1743516 1711638 1754165 1855168 1780712 1817958 1796682 1913598 1716947 1833874 1722271 1770115 1903012 1770115 1637218 1844538 1849854 1807323 1823274 1775430 1823274 1828579 1913643 1775429 1887063 1929590 1945511 1828590 1940160 1621270 1855169 1908327 1770113 1706324 1732903 1759483 1764799 1849805 1802000 1711640 1796694 1807327 1801971 1855134 1897696 1812640 1802011 1706303 1802011 1892349 1876392 1695693 1653165 1706304 1828578 1823274 1876383 1764799 1786063 1855167 1764799 1738193 1913599 1796695 1865801 1812640 1892381 1701008 1817958 1812642 1674429 1711618 1764767 1738220 1807326 1764767 1887065 1828590 1743508 1929592 1743507 1791342 1764799 1918899 1796693 1828590 1828590 1918917 1647850 1743535 1647839 1743535 1786062 1711618 1903005 1833906 1833905 1833898 1844538 1902965 1631901 1807286 1892381 1748830 1754167 1770082 1780745 1631895 2019952 1929566 1775397 1897697 1849854 1775426 1839186 1791353 1743535 1833889 1786063 1674428 1833893 1647849 1855132 1865779 1780746 1754156 1903011 1988068 1754163 1887026 1754165 1759483 1844536 1823231 1796657 1817949 1706324 1796678 1871117 1860486 1754137 1865751 1727587 1812643 1770115 1759483 1796693 1605321 1690374 1764767 1828590 1775429 1934906 1817936 1828590 1844507 1759483 1855120 1849806 1786027 1897688 1812642 1812612 1924213 1780746 1754166 1780747 1807320 1871117 1770115 1855170 1892381 1669112 1796694 1759484 1855163 1817930 1642533 1764799 1871091 1770096 1738220 1865794 1743507 1748851 1658481 1828590 1786063 1711640]
Requests Number (per Connection):  [330 331 346 330 328 368 330 330 349 323 332 338 339 331 351 357 326 334 356 314 378 316 329 345 369 370 339 337 343 349 323 339 324 352 327 349 335 324 358 352 336 334 371 359 341 326 341 343 345 351 350 306 349 333 328 356 341 343 319 333 336 344 309 348 339 346 348 323 306 341 341 338 325 338 336 328 366 346 323 350 340 344 359 327 339 330 362 342 323 327 330 331 334 339 351 341 341 345 327 347 337 354 339 331 373 343 331 322 305 300 322 328 322 330 349 335 342 338 360 323 345 324 333 358 333 308 347 348 340 343 334 343 344 360 334 355 363 366 344 365 305 349 359 333 321 326 331 332 348 339 322 338 340 339 349 357 341 339 321 339 356 353 319 311 321 344 343 353 332 336 349 332 327 360 338 351 341 356 320 342 341 315 322 332 327 340 332 355 344 328 363 328 337 332 361 338 344 344 361 310 328 310 328 336 322 358 345 345 345 347 358 307 340 356 329 330 333 335 307 380 363 334 357 348 334 346 337 328 345 336 315 345 310 349 351 335 330 358 374 330 355 330 331 347 343 338 342 321 338 352 350 330 351 325 341 333 331 338 302 318 332 344 334 364 342 344 347 331 349 348 336 357 341 341 362 335 330 335 340 352 333 349 356 314 338 331 349 342 309 332 352 333 327 351 328 329 312 344 336 322]
Requests/sec:  6248.585026041666 KB
Transfer/sec:  15037.3759765625 KB

