2023-12-05 00:45:47.405101017 +0800 CST m=+36648.248685188
Running 1m0s myx-test @ https://192.168.12.127:6443/api/v1/namespaces/myx-test/replicationcontrollers
3 connections
Requests/bytes (per Connection):  [25611142 26440249 28444706]
Response/bytes (per Connection):  [38030001 39261090 42237571]
Requests Number (per Connection):  [6580 6793 7308]
Requests/sec:  1310.1578287760417 KB
Transfer/sec:  3255.6113118489584 KB

2023-12-05 00:47:28.472372445 +0800 CST m=+36749.315956640
Running 1m0s myx-test @ https://192.168.12.127:6443/api/v1/namespaces/myx-test/replicationcontrollers
6 connections
Requests/bytes (per Connection):  [21236126 19803846 21520251 20017953 19434191 19356233]
Response/bytes (per Connection):  [31533639 29406771 31955547 29724667 28857761 28742112]
Requests Number (per Connection):  [5456 5088 5529 5143 4993 4973]
Requests/sec:  1975.400390625 KB
Transfer/sec:  4908.676708984375 KB

2023-12-05 00:49:08.61031126 +0800 CST m=+36849.453895438
Running 1m0s myx-test @ https://192.168.12.127:6443/api/v1/namespaces/myx-test/replicationcontrollers
9 connections
Requests/bytes (per Connection):  [16561617 17184313 16596574 15537974 17176645 16588770 15506824 15397836 17071422]
Response/bytes (per Connection):  [24592351 25517059 24644331 23072319 25505558 24632762 23026076 22864244 25349442]
Requests Number (per Connection):  [4255 4415 4264 3992 4413 4262 3984 3956 4386]
Requests/sec:  2402.701416015625 KB
Transfer/sec:  5970.477164713541 KB

2023-12-05 00:50:48.759654627 +0800 CST m=+36949.603238815
Running 1m0s myx-test @ https://192.168.12.127:6443/api/v1/namespaces/myx-test/replicationcontrollers
15 connections
Requests/bytes (per Connection):  [12085395 11898691 10766046 11886904 11637872 10871147 10867188 12019314 11910368 11754654 10851664 11910370 11890905 10917863 11828601]
Response/bytes (per Connection):  [17945715 17668355 15986484 17650961 17281101 16142539 16136726 17847505 17685694 17454497 16113630 17685695 17656795 16211899 17564307]
Requests Number (per Connection):  [3105 3057 2766 3054 2990 2793 2792 3088 3060 3020 2788 3060 3055 2805 3039]
Requests/sec:  2817.33369140625 KB
Transfer/sec:  7000.795654296875 KB

2023-12-05 00:52:28.972668214 +0800 CST m=+37049.816252388
Running 1m0s myx-test @ https://192.168.12.127:6443/api/v1/namespaces/myx-test/replicationcontrollers
30 connections
Requests/bytes (per Connection):  [6986627 6838689 6967152 6289964 6928224 6254923 6756956 6367662 6254929 6842582 6418269 6850368 6893189 6356135 6391092 6971061 6823117 7017759 6305376 6943826 6453444 6745261 6862047 6858154 6737477 6881512 6877685 7017753 6469012 6897082]
Response/bytes (per Connection):  [10374446 10154804 10345541 9339918 10287742 9287896 10033434 9455437 9287899 10160584 9530576 10172144 10235723 9438173 9490153 10351329 10131684 10420680 9362958 10310877 9582665 10016086 10189484 10183704 10004527 10218384 10212637 10420677 9605783 10241503]
Requests Number (per Connection):  [1795 1757 1790 1616 1780 1607 1736 1636 1607 1758 1649 1760 1771 1633 1642 1791 1753 1803 1620 1784 1658 1733 1763 1762 1731 1768 1767 1803 1662 1772]
Requests/sec:  3275.672639973958 KB
Transfer/sec:  8139.726155598958 KB

2023-12-05 00:54:09.129786803 +0800 CST m=+37149.973370975
Running 1m0s myx-test @ https://192.168.12.127:6443/api/v1/namespaces/myx-test/replicationcontrollers
60 connections
Requests/bytes (per Connection):  [3837754 4079016 3985638 3985744 3744386 3962356 3732661 4044083 3682110 3934981 3666534 3685915 3724931 3923460 3721038 3974067 3919517 3939012 3884430 3927225 3923304 4059681 3927353 3977948 3779411 3997265 3997387 3775534 4157030 3892212 4032420 3748287 3612040 4082909 4001262 3896211 4036353 4028567 4036353 3732625 3861036 4040086 3647075 3880643 3818269 3857265 3759952 3662645 3779369 3654861 4059651 3977960 3596466 3728824 3697682 3970110 3857239 3962328 4153077 3997265]
Response/bytes (per Connection):  [5698708 6057016 5918323 5918376 5560020 5883681 5542657 6005048 5467546 5843159 5444424 5473282 5531125 5825898 5525345 5901037 5820093 5849008 5768048 5831614 5825820 6028181 5831678 5906811 5612034 5935637 5935698 5606262 6172693 5779606 5987716 5565804 5363508 6062796 5941469 5785439 5993516 5981956 5993516 5542639 5733350 5999216 5415527 5762321 5669798 5727631 5583137 5438646 5612013 5427087 6028166 5906817 5340387 5536905 5490666 5895225 5727618 5883667 6166883 5935637]
Requests Number (per Connection):  [986 1048 1024 1024 962 1018 959 1039 946 1011 942 947 957 1008 956 1021 1007 1012 998 1009 1008 1043 1009 1022 971 1027 1027 970 1068 1000 1036 963 928 1049 1028 1001 1037 1035 1037 959 992 1038 937 997 981 991 966 941 971 939 1043 1022 924 958 950 1020 991 1018 1067 1027]
Requests/sec:  3792.493701171875 KB
Transfer/sec:  9423.969677734374 KB

2023-12-05 00:55:49.288935412 +0800 CST m=+37250.132519592
Running 1m0s myx-test @ https://192.168.12.127:6443/api/v1/namespaces/myx-test/replicationcontrollers
90 connections
Requests/bytes (per Connection):  [2833480 3016441 2973650 2872440 2876411 2845315 3001001 2872522 2798475 3004798 2829587 2938743 2977539 2930893 2965836 2946373 2919258 3012634 3035906 2888126 2849050 3043692 2977561 2973740 2946529 2868515 2892029 2973662 2852943 3067160 2927064 2962069 2782913 2802390 2895790 2954227 3074860 2903688 2907601 2872566 3020334 3051502 2747942 2934850 2989226 2996978 2845157 3008655 3059394 3000871 2926972 3039799 2814015 2880192 3074876 3000935 2860885 3043796 2915229 3039799 3004762 2911340 2911492 2981506 2876449 2798601 2981406 2938691 3035906 2926906 2981436 2973778 2993237 2856850 2852943 2915229 2950318 2825694 2946409 2989282 2985439 2977653 2825694 3039799 3113916 2981486 3020492 3067048 2934850 3179975]
Response/bytes (per Connection):  [4207528 4479183 4415619 4265343 4271162 4224946 4456129 4265384 4155524 4461861 4201748 4363664 4421397 4352072 4404045 4375146 4334754 4473446 4508083 4288520 4230647 4519643 4421408 4415664 4375224 4259547 4294305 4415625 4236427 4554378 4346324 4398328 4132409 4161315 4300019 4386740 4565895 4311635 4317425 4265406 4484963 4531215 4080422 4357884 4438741 4450284 4224867 4467623 4542828 4456064 4346278 4513863 4178628 4276886 4565903 4456096 4248065 4519695 4328906 4513863 4461843 4323128 4323204 4427214 4271181 4155587 4427164 4363638 4508083 4346245 4427179 4415683 4444580 4242214 4236427 4328906 4380952 4195968 4375164 4438769 4433014 4421454 4195968 4513863 4623758 4427204 4485042 4554322 4357884 4721957]
Requests Number (per Connection):  [728 775 764 738 739 731 771 738 719 772 727 755 765 753 762 757 750 774 780 742 732 782 765 764 757 737 743 764 733 788 752 761 715 720 744 759 790 746 747 738 776 784 706 754 768 770 731 773 786 771 752 781 723 740 790 771 735 782 749 781 772 748 748 766 739 719 766 755 780 752 766 764 769 734 733 749 758 726 757 768 767 765 726 781 800 766 776 788 754 817]
Requests/sec:  4314.737483723959 KB
Transfer/sec:  10721.71318359375 KB

2023-12-05 00:57:29.49128624 +0800 CST m=+37350.334870411
Running 1m0s myx-test @ https://192.168.12.127:6443/api/v1/namespaces/myx-test/replicationcontrollers
150 connections
Requests/bytes (per Connection):  [1922724 1806098 1938454 1880063 1825405 1841135 1911081 1813858 1852660 1829444 1907154 1942241 1953912 1911203 1852654 1911045 1918931 2016148 1852810 1953972 1755467 1864491 1860460 1926617 1825405 1879903 1848921 1911047 1813792 1829454 1798292 1961652 1895613 1759370 1833191 1786601 1802047 1840977 1887731 2004473 1852654 1914940 1798314 1813728 1805940 1914938 1821670 1950085 1856667 1985078 1961684 1895475 1965623 1848763 1957757 1813726 1907164 1833191 1899386 1981113 2031838 1907170 1872169 1953886 1903387 1981229 1883954 1977224 1977374 1829296 1844896 1864385 1950013 1864371 1872267 1786485 1837082 2004621 1848919 1755491 1848799 1954026 1911087 1915036 1907268 1907312 1743656 1930606 1891584 1864333 2004507 1794371 1786585 1930618 2004555 1930532 1868226 1732135 1790492 1961812 1802205 1907154 1739783 1809833 1938326 1950079 1953982 1926617 1934547 1903323 1852754 1770905 1895475 1891582 1926619 1786477 1907154 1957891 2012255 1949975 1996841 1942237 1887771 1918831 1872273 1841101 1903385 1872235 1946180 1856571 1911043 1911173 1934403 1977226 1821532 1840975 1922726 1809937 1790386 1938296 1872277 1860440 1848919 1957757 1946240 2094064 1922726 2020041 2020043 1735970]
Response/bytes (per Connection):  [2855111 2681793 2878310 2791612 2710614 2733813 2837789 2693340 2751076 2716467 2831992 2884037 2901373 2837850 2751073 2837771 2849381 2993827 2751151 2901403 2606642 2768492 2762643 2860891 2710614 2791532 2745373 2837772 2693307 2716472 2670223 2912910 2814721 2612427 2722174 2652877 2675934 2733734 2803113 2976489 2751073 2843552 2670234 2693275 2681714 2843551 2704913 2895626 2756913 2947624 2912926 2814652 2918729 2745294 2907129 2693274 2831997 2722174 2820441 2941808 3017006 2832000 2779998 2901360 2826275 2941866 2797391 2936030 2936105 2716393 2739527 2768439 2895590 2768432 2780047 2652819 2727953 2976563 2745372 2606654 2745312 2901430 2837792 2843600 2832049 2832071 2589236 2866719 2808873 2768413 2976506 2664429 2652869 2866725 2976530 2866682 2774193 2571975 2658656 2912990 2676013 2831992 2583466 2687494 2878246 2895623 2901408 2860891 2872523 2826243 2751123 2629695 2814652 2808872 2860892 2652815 2831992 2907196 2988047 2895571 2965006 2884035 2803133 2849331 2780050 2733796 2826274 2780031 2889840 2756865 2837770 2837835 2872451 2936031 2704844 2733733 2855112 2687546 2658603 2878231 2780052 2762633 2745372 2907129 2889870 3109455 2855112 2999607 2999608 2577726]
Requests Number (per Connection):  [494 464 498 483 469 473 491 466 476 470 490 499 502 491 476 491 493 518 476 502 451 479 478 495 469 483 475 491 466 470 462 504 487 452 471 459 463 473 485 515 476 492 462 466 464 492 468 501 477 510 504 487 505 475 503 466 490 471 488 509 522 490 481 502 489 509 484 508 508 470 474 479 501 479 481 459 472 515 475 451 475 502 491 492 490 490 448 496 486 479 515 461 459 496 515 496 480 445 460 504 463 490 447 465 498 501 502 495 497 489 476 455 487 486 495 459 490 503 517 501 513 499 485 493 481 473 489 481 500 477 491 491 497 508 468 473 494 465 460 498 481 478 475 503 500 538 494 519 519 446]
Requests/sec:  4611.3041015625 KB
Transfer/sec:  11458.630387369793 KB

2023-12-05 00:59:10.078561296 +0800 CST m=+37450.922145469
Running 1m0s myx-test @ https://192.168.12.127:6443/api/v1/namespaces/myx-test/replicationcontrollers
300 connections
Requests/bytes (per Connection):  [1315608 1249387 1276680 1358425 1268894 1229932 1307820 1276680 1335041 1335021 1354438 1284462 1412923 1257215 1405107 1335067 1358427 1373967 1303925 1202717 1245536 1257215 1335067 1300014 1338954 1272785 1350587 1370102 1319501 1276676 1315530 1268892 1198822 1315608 1377890 1354536 1319495 1311713 1354534 1311715 1338964 1354452 1280525 1292186 1370088 1350639 1311679 1288359 1198806 1272733 1124859 1370064 1346750 1284462 1276680 1335071 1264997 1292250 1405019 1319451 1292250 1467427 1397239 1303929 1342857 1276680 1288321 1331178 1335071 1412927 1350611 1327285 1280571 1253322 1377888 1226073 1272785 1300036 1288353 1389571 1307748 1346686 1284402 1233825 1264947 1381785 1249429 1303929 1319499 1362272 1338964 1335029 1241643 1354530 1397237 1362320 1315588 1354494 1451781 1296143 1272729 1327285 1222178 1194931 1311665 1261108 1303929 1346690 1264981 1264951 1218287 1253322 1268894 1335071 1214394 1323378 1389455 1327285 1346658 1428367 1307820 1307818 1307782 1354536 1288357 1338908 1245536 1296143 1233859 1432362 1319499 1311699 1226041 1377870 1300010 1323390 1194931 1346702 1315546 1315594 1257215 1194931 1233857 1253322 1358427 1327227 1412929 1393432 1253322 1284464 1303877 1265001 1276680 1381709 1245536 1268842 1327215 1389565 1284422 1346658 1210479 1397251 1354476 1292252 1237750 1237716 1226073 1346750 1358427 1373999 1264951 1136544 1350605 1350607 1307798 1292226 1385674 1280567 1393356 1319497 1362322 1245536 1350643 1284464 1276680 1237752 1280515 1303857 1214370 1272785 1319499 1362318 1323392 1354530 1373999 1311641 1350605 1284466 1354452 1253322 1292246 1303929 1428495 1346746 1284464 1299988 1319501 1253322 1342857 1381761 1226071 1226071 1307820 1292248 1303859 1319423 1370102 1319501 1385622 1303897 1264995 1373999 1233859 1362322 1381693 1292250 1338948 1210501 1331178 1327285 1335035 1303929 1268892 1311691 1296143 1354440 1502458 1307760 1300036 1311695 1323380 1202715 1346750 1346748 1311713 1323388 1268840 1358329 1284404 1272781 1362322 1319501 1261108 1327281 1257215 1229966 1233857 1272781 1264969 1261088 1397329 1284456 1257169 1370002 1257215 1323390 1284404 1373999 1241645 1412925 1315606 1327281 1510244 1319501 1257215 1362322 1296143 1245536 1362322 1187143 1272787 1373995 1183250 1261108 1397335 1261108 1307746 1346676 1237750 1358331 1249429 1327211 1280573 1335069 1331178 1366211 1206610 1253322 1327203 1327205]
Response/bytes (per Connection):  [1953527 1855247 1895728 2017104 1884168 1826352 1941966 1895728 1982411 1982401 2011277 1907286 2098022 1866828 2086447 1982424 2017105 2040209 1936185 1785910 1849488 1866828 1982424 1930396 1988201 1889947 2005518 2034443 1959307 1895726 1953488 1884167 1780129 1953527 2046004 2011326 1959304 1947746 2011325 1947747 1988206 2011284 1901484 1918815 2034436 2005544 1947729 1913068 1780121 1889921 1670311 2034424 1999766 1907286 1895728 1982426 1878386 1918847 2086403 1959282 1918847 2178943 2074846 1936187 1993986 1895728 1913049 1976646 1982426 2098024 2005530 1970866 1901507 1861048 2046003 1820589 1889947 1930407 1913065 2063345 1941930 1999734 1907256 1832132 1878361 2051785 1855268 1936187 1959306 2022861 1988206 1982405 1843708 2011323 2074845 2022885 1953517 2011305 2155786 1924627 1889919 1970866 1814808 1774350 1947722 1872608 1936187 1999736 1878378 1878363 1809029 1861048 1884168 1982426 1803249 1965079 2063287 1970866 1999720 2121078 1941966 1941965 1941947 2011326 1913067 1988178 1849488 1924627 1832149 2126909 1959306 1947739 1820573 2045994 1930394 1965085 1774350 1999742 1953496 1953520 1866828 1774350 1832148 1861048 2017105 1970837 2098025 2069109 1861048 1907287 1936161 1878388 1895728 2051747 1849488 1884142 1970831 2063342 1907266 1999720 1797458 2074852 2011296 1918848 1837928 1837911 1820589 1999766 2017105 2040225 1878363 1687654 2005527 2005528 1941955 1918835 2057563 1901505 2069071 1959305 2022886 1849488 2005546 1907287 1895728 1837929 1901479 1936151 1803237 1889947 1959306 2022884 1965086 2011323 2040225 1947710 2005527 1907288 2011284 1861048 1918845 1936187 2121142 1999764 1907287 1930383 1959307 1861048 1993986 2051773 1820588 1820588 1941966 1918846 1936152 1959268 2034443 1959307 2057537 1936171 1878385 2040225 1832149 2022886 2051739 1918847 1988198 1797469 1976646 1970866 1982408 1936187 1884167 1947735 1924627 2011278 2230960 1941936 1930407 1947737 1965080 1785909 1999766 1999765 1947746 1965084 1884141 2017056 1907257 1889945 2022886 1959307 1872608 1970864 1866828 1826369 1832148 1889945 1878372 1872598 2074891 1907283 1866805 2034393 1866828 1965085 1907257 2040225 1843709 2098023 1953526 1970864 2242520 1959307 1866828 2022886 1924627 1849488 2022886 1762789 1889948 2040223 1757009 1872608 2074894 1872608 1941929 1999729 1837928 2017057 1855268 1970829 1901508 1982425 1976646 2028664 1791690 1861048 1970825 1970826]
Requests Number (per Connection):  [338 321 328 349 326 316 336 328 343 343 348 330 363 323 361 343 349 353 335 309 320 323 343 334 344 327 347 352 339 328 338 326 308 338 354 348 339 337 348 337 344 348 329 332 352 347 337 331 308 327 289 352 346 330 328 343 325 332 361 339 332 377 359 335 345 328 331 342 343 363 347 341 329 322 354 315 327 334 331 357 336 346 330 317 325 355 321 335 339 350 344 343 319 348 359 350 338 348 373 333 327 341 314 307 337 324 335 346 325 325 313 322 326 343 312 340 357 341 346 367 336 336 336 348 331 344 320 333 317 368 339 337 315 354 334 340 307 346 338 338 323 307 317 322 349 341 363 358 322 330 335 325 328 355 320 326 341 357 330 346 311 359 348 332 318 318 315 346 349 353 325 292 347 347 336 332 356 329 358 339 350 320 347 330 328 318 329 335 312 327 339 350 340 348 353 337 347 330 348 322 332 335 367 346 330 334 339 322 345 355 315 315 336 332 335 339 352 339 356 335 325 353 317 350 355 332 344 311 342 341 343 335 326 337 333 348 386 336 334 337 340 309 346 346 337 340 326 349 330 327 350 339 324 341 323 316 317 327 325 324 359 330 323 352 323 340 330 353 319 363 338 341 388 339 323 350 333 320 350 305 327 353 304 324 359 324 336 346 318 349 321 341 329 343 342 351 310 322 341 341]
Requests/sec:  6392.910432942708 KB
Transfer/sec:  15885.752132161459 KB

