2023-12-05 14:04:28.494852013 +0800 CST m=+6219.002159874
Running 1m0s myx-test @ https://192.168.12.127:6443/apis/apps/v1/namespaces/myx-test/replicasets
3 connections
Requests/bytes (per Connection):  [30881713 30393647 28917578]
Response/bytes (per Connection):  [45718700 44996056 42810793]
Requests Number (per Connection):  [7971 7845 7464]
Requests/sec:  1467.9840169270833 KB
Transfer/sec:  3641.251416015625 KB

2023-12-05 14:06:08.64213294 +0800 CST m=+6319.149440801
Running 1m0s myx-test @ https://192.168.12.127:6443/apis/apps/v1/namespaces/myx-test/replicasets
6 connections
Requests/bytes (per Connection):  [24865106 26635619 24756462 26372085 26430252 26558073]
Response/bytes (per Connection):  [36811326 39432497 36650646 39042432 39128493 39317754]
Requests Number (per Connection):  [6418 6875 6390 6807 6822 6855]
Requests/sec:  2532.8384928385417 KB
Transfer/sec:  6282.564208984375 KB

2023-12-05 14:07:48.785836951 +0800 CST m=+6419.293144821
Running 1m0s myx-test @ https://192.168.12.127:6443/apis/apps/v1/namespaces/myx-test/replicasets
9 connections
Requests/bytes (per Connection):  [25213676 25395793 22769001 23749204 23571026 25182772 22896884 22579168 23319223]
Response/bytes (per Connection):  [37327476 37597064 33708285 35159407 34895587 37281636 33897577 33427242 34522783]
Requests Number (per Connection):  [6508 6555 5877 6130 6084 6500 5910 5828 6019]
Requests/sec:  3494.087679036458 KB
Transfer/sec:  8666.891341145832 KB

2023-12-05 14:09:28.928034243 +0800 CST m=+6519.435342095
Running 1m0s myx-test @ https://192.168.12.127:6443/apis/apps/v1/namespaces/myx-test/replicasets
15 connections
Requests/bytes (per Connection):  [17790680 19627016 19212427 19611518 17964993 17608481 18918047 17658898 19518520 19766510 19592147 19061454 19200948 17558194 18890966]
Response/bytes (per Connection):  [26338052 29056709 28442975 29033766 26596141 26068423 28007099 26143012 28896103 29263202 29005088 28219347 28425840 25993899 27966969]
Requests Number (per Connection):  [4592 5066 4959 5062 4637 4545 4883 4558 5038 5102 5057 4920 4956 4532 4876]
Requests/sec:  4589.531233723958 KB
Transfer/sec:  11384.07265625 KB

2023-12-05 14:11:09.08484802 +0800 CST m=+6619.592155877
Running 1m0s myx-test @ https://192.168.12.127:6443/apis/apps/v1/namespaces/myx-test/replicasets
30 connections
Requests/bytes (per Connection):  [11169607 11204324 11037833 11308943 11002914 11196718 11262447 10255187 11080376 11045501 11243084 10402397 11266374 11103736 11301235 10437272 11150190 11099703 10545766 10076915 10166176 10375274 11243210 11157832 10448895 11161711 10235832 11181194 11169449 10398556]
Response/bytes (per Connection):  [16535879 16587424 16340843 16742293 16289197 16576024 16673463 15182223 16403898 16352274 16644789 15400171 16679225 16438369 16730842 15451795 16507178 16432554 15612400 14918356 15050352 15360020 16644852 16518596 15469002 16524334 15153553 16553068 16535800 15394452]
Requests Number (per Connection):  [2883 2892 2849 2919 2840 2890 2907 2647 2860 2851 2902 2685 2908 2866 2917 2694 2878 2865 2722 2601 2624 2678 2902 2880 2697 2881 2642 2886 2883 2684]
Requests/sec:  5317.849137369792 KB
Transfer/sec:  13190.622998046874 KB

2023-12-05 14:12:49.250404699 +0800 CST m=+6719.757712566
Running 1m0s myx-test @ https://192.168.12.127:6443/apis/apps/v1/namespaces/myx-test/replicasets
60 connections
Requests/bytes (per Connection):  [6136858 6404115 6280249 5772652 5977983 6590077 6563006 5900521 6532114 6547492 5838525 6473947 6040013 6516614 6547612 6431208 5826900 6551329 6311153 6473859 6582325 6462208 5950894 5916021 5792037 6625030 5799781 6222124 6055511 6315122 6547580 5838511 6586344 6423618 5815275 5939269 6210411 6357587 6489361 5896602 6315124 6264641 5892765 6500956 6400342 6485578 5978019 5865648 6365483 6202679 6179345 6578448 6458395 6098138 6326705 6152278 6349971 5943144 5966332 6338222]
Response/bytes (per Connection):  [9085253 9480978 9297493 8546091 8850077 9756287 9716162 8735376 9670328 9693211 8643602 9584267 8941868 9647384 9693271 9521114 8626394 9698928 9343333 9584223 9744814 9567002 8809943 8758320 8574776 9807950 8586245 9211453 8964811 9349116 9693255 8643595 9750622 9509722 8609186 8792735 9194201 9412132 9607168 8729618 9349117 9274495 8723901 9624361 9475293 9601478 8850095 8683753 9423677 9182738 9148280 9739077 9561297 9027908 9366303 9108157 9400727 8798471 8832856 9383457]
Requests Number (per Connection):  [1584 1653 1621 1490 1543 1701 1694 1523 1686 1690 1507 1671 1559 1682 1690 1660 1504 1691 1629 1671 1699 1668 1536 1527 1495 1710 1497 1606 1563 1630 1690 1507 1700 1658 1501 1533 1603 1641 1675 1522 1630 1617 1521 1678 1652 1674 1543 1514 1643 1601 1595 1698 1667 1574 1633 1588 1639 1534 1540 1636]
Requests/sec:  6090.560725911459 KB
Transfer/sec:  15107.288346354168 KB

2023-12-05 14:14:29.455322293 +0800 CST m=+6819.962630153
Running 1m0s myx-test @ https://192.168.12.127:6443/apis/apps/v1/namespaces/myx-test/replicasets
90 connections
Requests/bytes (per Connection):  [3843320 3928494 3936204 3951814 3947781 3773556 4005904 3769625 3796806 3882052 3932439 4067982 3850966 3688316 3649584 4075808 3699951 3951656 3978937 3785201 4060308 3920680 4048675 3781286 3924691 3940085 3746383 3847193 4013702 3816199 3870285 3944064 3827664 3765812 3866422 3982670 3734786 4037060 3823863 3932361 3789072 3622459 3990404 3742574 3835570 3715451 3719330 3932441 3905268 3719322 3750294 3719230 4017661 3924689 3653459 3641758 3785197 3920786 4052560 4052402 3657332 3905184 3955555 3990554 3936210 3827746 3847045 4002187 3874170 3823945 3932439 4009937 3610834 3843166 4079611 3692205 3932439 3994279 3765696 3761925 3978859 3529463 3696082 3785055 3831699 3610834 4091166 3897566 3661203 3572086]
Response/bytes (per Connection):  [5689772 5815926 5827378 5850377 5844562 5586517 5930601 5580753 5620933 5747123 5821697 6022416 5701192 5460330 5402979 6033926 5477543 5850298 5890528 5603735 6010982 5804422 5993770 5597979 5810226 5833117 5546341 5695507 5942097 5649622 5729844 5838905 5666750 5575048 5724114 5896193 5529147 5976567 5661051 5821658 5609469 5362827 5907657 5540638 5678300 5500487 5506225 5821698 5781522 5506221 5552095 5506175 5947875 5810225 5408715 5391469 5603733 5804475 5999511 5999432 5414450 5781480 5856046 5907732 5827381 5666791 5695433 5924944 5735585 5661092 5821697 5936416 5345619 5689695 6039626 5466073 5821697 5913393 5574990 5569306 5890489 5225165 5471810 5603662 5672566 5345619 6056799 5770074 5420184 5288260]
Requests Number (per Connection):  [992 1014 1016 1020 1019 974 1034 973 980 1002 1015 1050 994 952 942 1052 955 1020 1027 977 1048 1012 1045 976 1013 1017 967 993 1036 985 999 1018 988 972 998 1028 964 1042 987 1015 978 935 1030 966 990 959 960 1015 1008 960 968 960 1037 1013 943 940 977 1012 1046 1046 944 1008 1021 1030 1016 988 993 1033 1000 987 1015 1035 932 992 1053 953 1015 1031 972 971 1027 911 954 977 989 932 1056 1006 945 922]
Requests/sec:  5647.574609375 KB
Transfer/sec:  14008.491748046876 KB

2023-12-05 14:16:09.656442651 +0800 CST m=+6920.163750509
Running 1m0s myx-test @ https://192.168.12.127:6443/apis/apps/v1/namespaces/myx-test/replicasets
150 connections
Requests/bytes (per Connection):  [3192358 3114862 3331924 3192356 3107112 3273801 3227243 3114862 3203979 3227231 3238944 3269962 3172983 3196343 3176876 3339596 3339622 3359023 3211727 3502338 3211767 3114860 3176930 3331878 3405511 3188483 3145936 3335721 3386094 3180879 3072237 3130360 3087865 3060644 3118841 3165337 3161354 3145958 3343471 3343509 3130360 3467467 3304727 3289225 3115018 3262134 3149837 3281473 3153768 3324168 3118747 3223424 3176860 3258227 3200166 3114964 3157483 3134243 3091614 2963797 3207854 3331928 3176924 3219479 3173043 3072239 3250501 3316348 3130510 3107270 3083862 3184608 3231102 3192440 3072319 3095487 3110987 3165291 3351223 3506213 3366783 3242751 3285424 3052864 3339598 3265979 3517838 3331906 3126633 3358971 3459717 3110987 3343471 3138268 3134235 3285348 3374529 3010333 3273793 3146018 3265977 3362870 3297043 3370598 3289225 3219507 3386146 3273725 3080067 3107128 3347350 3219597 3262202 3064547 3227325 3254352 3312499 3142001 3335725 3397765 3207984 3413217 3145992 3339674 3157585 3025845 3362846 3320307 3401638 3281475 3223356 3149795 3351225 3281509 3169108 3409344 3397719 2956107 3448090 3099380 3122752 3169138 3448092 3304727 3300850 3343473 3192352 3068364 3265975 3316388]
Response/bytes (per Connection):  [4726143 4611425 4932672 4726142 4599953 4846633 4777772 4611425 4743349 4777766 4795018 4840915 4697463 4731934 4703208 4944105 4944118 4972811 4754820 5185013 4754840 4611424 4703235 4932649 5041637 4720407 4657350 4938369 5012936 4709008 4548329 4634368 4571337 4531137 4617213 4686043 4680253 4657361 4949841 4949860 4634368 5133391 4892484 4869539 4611503 4829404 4663099 4858066 4668863 4921197 4617166 4772064 4703200 4823652 4737644 4611476 4674519 4640108 4577010 4387751 4749085 4932674 4703232 4766293 4697493 4548330 4812192 4909690 4634443 4600032 4565537 4714671 4783500 4726184 4548370 4582745 4605689 4686020 4961314 5190749 4984288 4800720 4863840 4519650 4944106 4835125 5207957 4932663 4628706 4972785 5121919 4605689 4949841 4645919 4640104 4863802 4995758 4456601 4846629 4657391 4835124 4978533 4881045 4989994 4869539 4766307 5012962 4846595 4559841 4599961 4955579 4766352 4829438 4536887 4777813 4817916 4903967 4651584 4938371 5030167 4749150 5053087 4657378 4944144 4674570 4479551 4978521 4915468 5035902 4858067 4772030 4663078 4961315 4858084 4691727 5047352 5030144 4376309 5104710 4588490 4622967 4691742 5104711 4892484 4886747 4949842 4726140 4542594 4835123 4909710]
Requests Number (per Connection):  [824 804 860 824 802 845 833 804 827 833 836 844 819 825 820 862 862 867 829 904 829 804 820 860 879 823 812 861 874 821 793 808 797 790 805 817 816 812 863 863 808 895 853 849 804 842 813 847 814 858 805 832 820 841 826 804 815 809 798 765 828 860 820 831 819 793 839 856 808 802 796 822 834 824 793 799 803 817 865 905 869 837 848 788 862 843 908 860 807 867 893 803 863 810 809 848 871 777 845 812 843 868 851 870 849 831 874 845 795 802 864 831 842 791 833 840 855 811 861 877 828 881 812 862 815 781 868 857 878 847 832 813 865 847 818 880 877 763 890 800 806 818 890 853 852 863 824 792 843 856]
Requests/sec:  7891.495914713541 KB
Transfer/sec:  19574.40011393229 KB

2023-12-05 14:17:49.886033394 +0800 CST m=+7020.393341272
Running 1m0s myx-test @ https://192.168.12.127:6443/apis/apps/v1/namespaces/myx-test/replicasets
300 connections
Requests/bytes (per Connection):  [1902315 1832479 1673620 1929450 1751102 1689214 1871369 1929386 1933207 1735740 1762803 1793871 1879115 1638751 1735592 1650504 1824713 1871209 1747217 1782204 1824713 1712482 1693027 1747373 1774498 1836460 1739625 1817079 1878989 1758842 1727842 1789872 1743404 1813118 1816963 1774498 1774444 1875186 1565226 1882962 1882952 1797588 1700877 1630999 1623313 1875158 1704604 1805496 1805338 1704664 1859744 1747293 1793715 1867370 1758868 1743464 1596256 1708595 1727860 1786047 1727840 1813088 1712502 1677627 1820882 1731717 1824713 1813088 1789938 1909959 1816981 1762831 1797682 1778215 1840291 1855869 1789838 1847979 1809371 1979705 1728000 1770525 1828674 1902339 1797588 1743498 1906240 1813088 1712500 1797600 1751214 1720134 1809263 1774342 1816961 1851924 1797640 1634846 1836336 1735670 1720250 1836494 1666004 1774402 1635004 1832575 1727842 1704752 1762873 1766590 1805450 1778213 1778373 1727904 1755039 1785965 1712444 1743428 1848119 1898376 1972071 1743340 1712342 1863581 1770485 1735684 1731717 1840335 1751132 1890720 1859586 1723967 1723967 1933351 1766590 1832557 1910117 1735602 1689252 1789838 1631129 1778367 1650494 1739549 1755101 1754965 1727854 1793773 1743442 1720250 1720246 1913952 1789998 1755123 1716375 1929332 2002967 1731729 1836336 1820838 1886709 1797748 1793779 1770483 1836460 1774496 1716375 1766728 1747373 1813150 1727912 1844126 1697002 1878997 1797588 1720132 1739625 1785981 1716217 1801463 1689166 1712376 1720098 1929378 1801623 1778215 1720092 1735590 1727994 1685377 1906242 1851852 1708627 1708625 1751102 1913834 1743340 1964255 1634944 1809307 1766718 1948707 1700877 1712500 1751096 1700875 1751150 1902283 1665844 1867336 1840247 1824869 1727994 1840211 1762799 1724059 1723967 1770477 1681502 1797710 1805384 1755123 1766718 1689214 1739623 1855711 1774416 1696842 1886709 1847987 1805378 1782236 1557414 1816963 1727972 1797690 1898334 1813246 1836336 1762785 1638879 1677469 1785965 1786123 1716217 1700717 1755123 1782088 1751090 1824713 1704698 1890638 1805340 1708611 1786103 1797746 1696948 1820848 1658226 1867336 1836494 1731873 1824791 1797588 1735592 1654247 1886717 1739585 1611598 1743340 1801463 1805340 1638879 1785963 1716375 1693125 1712362 1844244 1782126 1797588 1743340 1704720 1890584 1704592 1654377 1878959 1851836 1801463 1751248 1793871 1886781 1824791 1646561 1801591 1735592 1820838 1666004 1855869 1820936 1747271]
Response/bytes (per Connection):  [2816221 2712930 2477762 2856378 2592473 2500753 2770360 2856346 2862055 2569598 2609719 2655641 2781830 2426141 2569524 2443413 2701450 2770280 2586732 2638412 2701450 2535178 2506458 2586810 2626962 2718719 2575339 2690036 2781767 2603940 2558052 2649843 2581027 2684257 2689978 2626962 2626935 2776067 2317207 2787552 2787547 2661298 2517980 2414668 2403228 2776053 2523642 2672849 2672770 2523672 2753152 2586770 2655563 2764562 2603953 2581057 2363110 2529436 2558061 2644132 2558051 2684242 2535188 2483564 2695736 2563788 2701450 2684242 2649876 2827640 2689987 2609733 2661345 2632619 2724433 2747416 2649826 2735874 2678585 2930886 2558131 2621177 2707229 2816233 2661298 2581074 2821982 2684242 2535187 2661304 2592529 2546601 2678531 2626884 2689977 2741645 2661324 2420390 2718657 2569563 2546659 2718736 2466357 2626914 2420469 2712978 2558052 2523716 2609754 2615411 2672826 2632618 2632698 2558083 2598240 2644091 2535159 2581039 2735944 2810453 2919472 2580995 2535108 2758869 2621157 2569570 2563788 2724455 2592488 2799028 2753073 2552316 2552316 2862127 2615411 2712969 2827719 2569529 2500772 2649826 2414733 2632695 2443408 2575301 2598271 2598203 2558058 2655592 2581046 2546659 2546657 2833435 2649906 2598282 2540923 2856319 2965308 2563794 2718657 2695714 2793224 2661378 2655595 2621156 2718719 2626961 2540923 2615480 2586810 2684273 2558087 2730149 2512244 2781771 2661298 2546600 2575339 2644099 2540844 2667034 2500729 2535125 2546583 2856342 2667114 2632619 2546580 2569523 2558128 2495036 2821983 2741609 2529452 2529451 2592473 2833376 2580995 2907967 2420439 2678553 2615475 2884999 2517980 2535187 2592470 2517979 2592497 2816205 2466277 2764545 2724411 2701528 2558128 2724393 2609717 2552362 2552316 2621153 2489300 2661359 2672793 2598282 2615475 2500753 2575338 2747337 2626921 2512164 2793224 2735878 2672790 2638428 2305704 2689978 2558117 2661349 2810432 2684321 2718657 2609710 2426205 2483485 2644091 2644170 2540844 2517900 2598282 2638354 2592467 2701450 2523689 2798987 2672771 2529444 2644160 2661377 2512217 2695719 2454871 2764545 2718736 2563866 2701489 2661298 2569524 2449083 2793228 2575319 2385975 2580995 2667034 2672771 2426205 2644090 2540923 2506507 2535118 2730208 2638373 2661298 2580995 2523700 2798960 2523636 2449148 2781752 2741601 2667034 2592546 2655641 2793260 2701489 2437643 2667098 2569524 2695714 2466357 2747416 2695763 2586759]
Requests Number (per Connection):  [491 473 432 498 452 436 483 498 499 448 455 463 485 423 448 426 471 483 451 460 471 442 437 451 458 474 449 469 485 454 446 462 450 468 469 458 458 484 404 486 486 464 439 421 419 484 440 466 466 440 480 451 463 482 454 450 412 441 446 461 446 468 442 433 470 447 471 468 462 493 469 455 464 459 475 479 462 477 467 511 446 457 472 491 464 450 492 468 442 464 452 444 467 458 469 478 464 422 474 448 444 474 430 458 422 473 446 440 455 456 466 459 459 446 453 461 442 450 477 490 509 450 442 481 457 448 447 475 452 488 480 445 445 499 456 473 493 448 436 462 421 459 426 449 453 453 446 463 450 444 444 494 462 453 443 498 517 447 474 470 487 464 463 457 474 458 443 456 451 468 446 476 438 485 464 444 449 461 443 465 436 442 444 498 465 459 444 448 446 435 492 478 441 441 452 494 450 507 422 467 456 503 439 442 452 439 452 491 430 482 475 471 446 475 455 445 445 457 434 464 466 453 456 436 449 479 458 438 487 477 466 460 402 469 446 464 490 468 474 455 423 433 461 461 443 439 453 460 452 471 440 488 466 441 461 464 438 470 428 482 474 447 471 464 448 427 487 449 416 450 465 466 423 461 443 437 442 476 460 464 450 440 488 440 427 485 478 465 452 463 487 471 425 465 448 470 430 479 470 451]
Requests/sec:  8678.945133463541 KB
Transfer/sec:  21527.63885091146 KB

