2023-12-05 02:10:31.405054848 +0800 CST m=+41732.248639028
Running 1m0s myx-test @ https://192.168.12.127:6443/api/v1/namespaces/myx-test/resourcequotas
3 connections
Requests/bytes (per Connection):  [25105590 28238380 25776911]
Response/bytes (per Connection):  [31274557 35177069 32110814]
Requests Number (per Connection):  [6844 7698 7027]
Requests/sec:  1287.774755859375 KB
Transfer/sec:  2891.981136067708 KB

2023-12-05 02:12:11.551891181 +0800 CST m=+41832.395475368
Running 1m0s myx-test @ https://192.168.12.127:6443/api/v1/namespaces/myx-test/resourcequotas
6 connections
Requests/bytes (per Connection):  [20872432 23084413 20920127 20358840 20406591 23036704]
Response/bytes (per Connection):  [26001211 28756708 26060620 25361445 25420882 28697292]
Requests Number (per Connection):  [5690 6293 5703 5550 5563 6280]
Requests/sec:  2094.386507161458 KB
Transfer/sec:  4703.406005859375 KB

2023-12-05 02:13:51.721009584 +0800 CST m=+41932.564593756
Running 1m0s myx-test @ https://192.168.12.127:6443/api/v1/namespaces/myx-test/resourcequotas
9 connections
Requests/bytes (per Connection):  [28142978 27302877 28271433 25182631 27255186 27291964 28175895 25127600 25087245]
Response/bytes (per Connection):  [35058245 34011765 35218215 31370523 33952358 33998102 35099323 31301975 31251707]
Requests Number (per Connection):  [7672 7443 7707 6865 7430 7440 7681 6850 6839]
Requests/sec:  3936.162255859375 KB
Transfer/sec:  8839.518587239583 KB

2023-12-05 02:15:31.84106401 +0800 CST m=+42032.684648179
Running 1m0s myx-test @ https://192.168.12.127:6443/api/v1/namespaces/myx-test/resourcequotas
15 connections
Requests/bytes (per Connection):  [21562166 22919404 22504887 21525404 20014068 20362471 20457949 21668405 22064631 21631715 22790897 20017667 22222392 20179131 21514471]
Response/bytes (per Connection):  [26860352 28551106 28034736 26814616 24931922 25365996 25484858 26992801 27486348 26947101 28391110 24936457 27682855 25137551 26800943]
Requests Number (per Connection):  [5878 6248 6135 5868 5456 5551 5577 5907 6015 5897 6213 5457 6058 5501 5865]
Requests/sec:  5231.700162760417 KB
Transfer/sec:  11748.932454427084 KB

2023-12-05 02:17:11.966265602 +0800 CST m=+42132.809849790
Running 1m0s myx-test @ https://192.168.12.127:6443/api/v1/namespaces/myx-test/resourcequotas
30 connections
Requests/bytes (per Connection):  [13535950 13686225 14027546 13646014 12505077 13877043 14038415 13767045 13840303 13517599 13888000 12505119 13370853 13436891 12420794 13444229 13858720 12629759 13550624 13719392 13983426 12600481 12736278 13840303 12571059 12472158 13517587 12556541 13741246 12541721]
Response/bytes (per Connection):  [16861970 17049263 17474325 16999067 15577858 17286918 17487966 17149854 17241193 16839117 17300603 15577879 16656324 16738582 15472800 16747722 17264079 15733206 16880249 17090466 17419439 15696683 15865795 17241193 15660088 15536779 16839111 15641887 17117806 15623535]
Requests Number (per Connection):  [3690 3731 3824 3720 3409 3783 3827 3753 3773 3685 3786 3409 3645 3663 3386 3665 3778 3443 3694 3740 3812 3435 3472 3773 3427 3400 3685 3423 3746 3419]
Requests/sec:  6507.59111328125 KB
Transfer/sec:  14614.227783203125 KB

2023-12-05 02:18:52.123763387 +0800 CST m=+42232.967347569
Running 1m0s myx-test @ https://192.168.12.127:6443/api/v1/namespaces/myx-test/resourcequotas
60 connections
Requests/bytes (per Connection):  [6870699 6870699 6694551 6419438 6463544 6987945 6643237 6962422 6771562 6511211 6867034 6944081 6610216 6878037 6955036 6621213 6811907 6679927 6657913 6661568 6874372 6877897 6988101 6914725 6922051 6742290 6936737 7087160 6910994 6569879 6738609 6808334 6837624 6643237 6918400 6778978 6533173 6815672 6712944 6434176 6888966 6496487 6775315 6441540 6988025 6624882 6955082 6731219 6441452 6540509 6815666 6778898 6430531 6555185 6588204 6764308 6514870 6958753 6852360 6885379]
Response/bytes (per Connection):  [8558941 8558941 8339563 7996844 8051723 8705100 8275609 8673190 8435514 8111118 8554373 8650342 8234479 8568081 8664026 8248184 8485777 8321309 8293889 8298452 8563513 8568011 8705178 8613780 8622914 8398994 8641199 8828566 8609179 8184220 8394418 8481255 8517784 8275609 8618353 8444693 8138512 8490395 8362437 8015155 8581752 8092814 8440126 8024308 8705140 8252754 8664049 8385252 8024264 8147651 8490392 8444653 8010597 8165931 8207060 8426416 8115683 8668620 8536094 8577223]
Requests Number (per Connection):  [1873 1873 1825 1750 1762 1905 1811 1898 1846 1775 1872 1893 1802 1875 1896 1805 1857 1821 1815 1816 1874 1875 1905 1885 1887 1838 1891 1932 1884 1791 1837 1856 1864 1811 1886 1848 1781 1858 1830 1754 1878 1771 1847 1756 1905 1806 1896 1835 1756 1783 1858 1848 1753 1787 1796 1844 1776 1897 1868 1877]
Requests/sec:  6591.068098958333 KB
Transfer/sec:  14801.686572265626 KB

2023-12-05 02:20:32.274504872 +0800 CST m=+42333.118089054
Running 1m0s myx-test @ https://192.168.12.127:6443/api/v1/namespaces/myx-test/resourcequotas
90 connections
Requests/bytes (per Connection):  [5128184 5073291 5043959 5245586 5109841 5198013 5076956 5150196 5084158 5153865 5370378 5223570 4699091 5131853 5227239 5172212 5095195 5168609 5084248 4746790 4882515 4952186 4977881 4710096 5095203 5296946 4959562 4919061 5208990 5018120 5040132 5003444 4893538 4999933 4963219 5113510 5087829 4860361 4834702 5098834 5098888 4871368 4926437 5069520 5043859 5201560 4731966 5025616 4952238 5194352 5150224 5194368 4941075 5175875 5249303 4970583 5095165 4933895 5212711 5080489 5051165 4970583 5054966 5131967 4970425 4915550 4757713 4900876 4743073 4831167 4944804 4955895 5014451 4996266 4871524 4948413 5278723 5106230 5201712 5296946 4930082 4772381 5241913 4911883 5036463 4827500 5021807 4886042 4981590 5194222]
Response/bytes (per Connection):  [6388321 6319842 6283292 6534558 6365472 6475210 6324410 6415740 6333482 6420310 6689961 6507137 5853721 6392891 6511707 6443161 6347207 6438624 6333527 5913132 6082208 6169018 6201014 5867430 6347211 6598535 6178177 6127836 6488905 6251224 6278643 6232944 6095926 6228453 6182741 6370042 6338053 6054718 6022740 6351762 6351789 6068428 6136995 6315221 6283242 6479719 5894778 6260443 6169044 6470644 6415754 6470652 6155256 6447728 6539152 6191894 6347192 6146195 6493501 6328912 6292366 6191894 6297002 6392948 6191815 6123345 5926800 6105066 5908538 6018237 6159856 6173608 6246654 6223884 6068506 6164396 6575746 6360931 6479795 6598535 6141553 5945076 6529986 6118776 6274073 6013668 6255803 6086707 6205604 6470579]
Requests Number (per Connection):  [1398 1383 1375 1430 1393 1417 1384 1404 1386 1405 1464 1424 1281 1399 1425 1410 1389 1409 1386 1294 1331 1350 1357 1284 1389 1444 1352 1341 1420 1368 1374 1364 1334 1363 1353 1394 1387 1325 1318 1390 1390 1328 1343 1382 1375 1418 1290 1370 1350 1416 1404 1416 1347 1411 1431 1355 1389 1345 1421 1385 1377 1355 1378 1399 1355 1340 1297 1336 1293 1317 1348 1351 1367 1362 1328 1349 1439 1392 1418 1444 1344 1301 1429 1339 1373 1316 1369 1332 1358 1416]
Requests/sec:  7372.479166666667 KB
Transfer/sec:  16556.52166341146 KB

2023-12-05 02:22:12.434418765 +0800 CST m=+42433.278002933
Running 1m0s myx-test @ https://192.168.12.127:6443/api/v1/namespaces/myx-test/resourcequotas
150 connections
Requests/bytes (per Connection):  [3220726 3396828 3231731 3374812 3378443 3503221 3481163 3319783 3565596 3437187 3290439 3352804 3224395 3440788 3407833 3319785 3396830 3459185 3455530 3466489 3451863 3385777 3286764 3385823 3363811 3411446 3360142 3301440 3367478 3437187 3422511 3404168 3437117 3602170 3451849 3466537 3503225 3209727 3360140 3470202 3382110 3448192 3429849 3253745 3371147 3536216 3312447 3235436 3440820 3371109 3444525 3393161 3451857 3308778 3363809 3268421 3367480 3382154 3349135 3481113 3506788 3239069 3418842 3136347 3444507 3510563 3481211 3290435 3440780 3396778 3517869 3481211 3224395 3382154 3301440 3389492 3429779 3517901 3272090 3569263 3613289 3426170 3389492 3393155 3319783 3543582 3499476 3429847 3532473 3451797 3411500 3220726 3440852 3261083 3484796 3356473 3305109 3360140 3393157 3422511 3352804 3279428 3429807 3360142 3462868 3393161 3363811 3378481 3349133 3415173 3455530 3407835 3539849 3451863 3492214 3459199 3521564 3385823 3558198 3316106 3184038 3338128 3521570 3426180 3554517 3400499 3294108 3466463 3426180 3202387 3521570 3308778 3389490 3554585 3528810 3506894 3374818 3484882 3279428 3448190 3382110 3532571 3338128 3363809 3341797 3411504 3367474 3484878 3470206 3239071]
Response/bytes (per Connection):  [4012132 4231487 4025841 4204066 4208617 4364013 4336571 4135519 4441704 4281757 4098963 4176649 4016702 4286293 4245196 4135520 4231488 4309169 4304606 4318292 4300037 4217755 4094390 4217778 4190359 4249738 4185789 4112670 4194928 4281757 4263477 4240628 4281722 4487346 4300030 4318316 4364015 3998426 4185788 4322884 4213186 4295466 4272617 4053261 4199498 4405130 4126380 4030429 4286309 4199479 4290897 4226918 4300034 4121810 4190358 4071541 4194929 4213208 4172079 4336546 4368532 4034981 4258907 3907026 4290888 4373155 4336595 4098961 4286289 4231462 4382279 4336595 4016702 4213208 4112670 4222348 4272582 4382295 4076111 4446273 4501112 4268042 4222348 4226915 4135519 4414284 4359405 4272616 4400523 4300004 4249765 4012132 4286325 4062401 4341123 4181219 4117240 4185788 4226916 4263477 4176649 4085251 4272596 4185789 4313746 4226918 4190359 4208636 4172078 4254337 4304606 4245197 4409682 4300037 4350303 4309176 4386862 4217778 4432534 4130945 3966433 4158369 4386865 4268047 4427958 4236058 4103533 4318279 4268047 3989285 4386865 4121810 4222347 4427992 4395956 4368585 4204069 4341166 4085251 4295465 4213186 4400572 4158369 4190358 4162939 4249767 4194926 4341164 4322886 4034982]
Requests Number (per Connection):  [878 926 881 920 921 955 949 905 972 937 897 914 879 938 929 905 926 943 942 945 941 923 896 923 917 930 916 900 918 937 933 928 937 982 941 945 955 875 916 946 922 940 935 887 919 964 903 882 938 919 939 925 941 902 917 891 918 922 913 949 956 883 932 855 939 957 949 897 938 926 959 949 879 922 900 924 935 959 892 973 985 934 924 925 905 966 954 935 963 941 930 878 938 889 950 915 901 916 925 933 914 894 935 916 944 925 917 921 913 931 942 929 965 941 952 943 960 923 970 904 868 910 960 934 969 927 898 945 934 873 960 902 924 969 962 956 920 950 894 940 922 963 910 917 911 930 918 950 946 883]
Requests/sec:  8302.68271484375 KB
Transfer/sec:  18645.4970703125 KB

2023-12-05 02:23:52.631959804 +0800 CST m=+42533.475544013
Running 1m0s myx-test @ https://192.168.12.127:6443/api/v1/namespaces/myx-test/resourcequotas
300 connections
Requests/bytes (per Connection):  [1980832 2002844 2112956 2087227 1977243 1911267 2017622 2116623 1947811 2101903 2094567 2090956 2013851 2076224 1958908 2028525 2134948 2079889 1966174 2006553 1874507 1991841 1903869 2050539 1867101 1856220 1900126 1951518 1870770 2142260 2050603 2043201 2024856 1907538 2046900 2002844 1969829 1907458 2101905 2127622 1969823 1969823 1969865 2032196 1900122 2098290 2087263 1925803 2028611 2193622 2013951 1969829 2101955 1958818 1892782 1958950 2035881 2035863 2032200 2087287 1914796 2046870 1933141 1878108 1988238 2039552 1980830 1973596 1988176 2021191 2021265 1896451 1914884 2057877 2039590 1984539 2002848 2021271 1969947 2127586 1984499 1999179 1955163 2028529 2028619 1914796 2039532 2120246 2035895 2061548 1999175 1874439 2006511 2072551 1841420 2178946 2043201 2013953 2076220 1940475 1848784 2035911 1896605 1991941 1925799 2065267 1918521 2068882 2123957 2028525 1903839 1940591 2054208 1969825 2079889 1995506 1933195 1951480 2083610 2131285 1995510 2010224 1995530 2028525 1841578 1969823 1922128 1859795 1991837 2024864 2094565 1911127 1969827 2024856 2087281 1969899 2105570 2046870 2145927 2101901 1900152 1951480 1973546 2061610 2083622 1940593 2021249 1980906 1907454 2087291 1984547 1999179 2028555 2010182 1980834 2116577 1900118 1933153 2032194 1944148 2079889 2101901 2010240 1999189 2127584 1874439 2090956 2127582 1929468 2241317 2039532 1955185 1881777 1892802 2079893 1955153 1962491 2083558 1984501 2134922 2065219 1936804 1856168 1955149 2094569 1947811 2039620 2127584 2043205 2024860 1962615 1988172 2098232 2127584 2076228 1848824 1958928 1991837 1977167 1962589 2006619 2131257 2061550 2226629 2153265 1955175 2013863 1991837 1933251 2105570 1966160 1911173 1995506 1947815 2068940 2024890 2090956 2072617 2120246 2149598 1885586 2021269 2043209 1958818 2116577 1940523 2116623 1918465 1984499 2017518 1936846 2017522 1933139 2112922 1969885 2028525 1914902 1951542 1999179 1936808 1944212 1958898 2116623 2010182 1966156 2105616 2142292 2054208 1936882 1973540 2098236 2046906 1896451 2105570 2046954 2006517 1933141 1991849 2054208 2002846 2149596 1955163 1892918 1911147 1980830 2109239 2105570 2116577 2079899 1933139 2219305 2061546 1914796 2061550 1929468 2138589 1914792 2171626 2072551 1892838 1988174 2002866 2013855 2010186 2101903 2112956 1969889 1918571 1918565 1995578 2068954 2032286 2024936 1933217 2010186 2043201 1933255 2035903 2061544 2127618]
Response/bytes (per Connection):  [2467586 2495005 2632126 2600113 2463056 2380829 2513336 2636695 2426456 2618393 2609254 2604713 2508715 2586405 2440211 2526994 2659535 2590973 2449315 2499595 2335094 2481297 2371659 2554414 2325920 2312273 2367052 2431045 2330490 2668662 2554446 2545274 2522424 2376229 2549859 2495005 2453878 2376189 2618394 2650401 2453875 2453875 2453896 2531565 2367050 2613851 2600131 2399039 2527037 2732640 2508765 2453878 2618419 2440166 2357909 2440232 2536143 2536134 2531567 2600143 2385329 2549844 2408179 2339630 2476760 2540714 2467585 2458497 2476729 2517856 2517893 2362479 2385373 2563554 2540733 2472175 2495007 2517896 2453937 2650383 2472155 2490437 2435603 2526996 2527041 2385329 2540704 2641242 2536150 2568125 2490435 2335060 2499574 2581833 2293931 2714360 2545274 2508766 2586403 2417317 2303084 2536158 2362556 2481347 2399037 2572720 2389927 2577263 2645833 2526994 2371644 2417375 2558984 2453876 2590973 2485865 2408206 2431026 2595569 2654968 2485867 2504166 2485877 2526994 2294010 2453875 2394466 2316796 2481295 2522428 2609253 2380759 2453877 2522424 2600140 2453913 2622962 2549844 2673231 2618392 2367065 2431026 2458472 2568156 2595575 2417376 2517885 2467623 2376187 2600145 2472179 2490437 2527009 2504145 2467587 2636672 2367048 2408185 2531564 2421889 2590973 2618392 2504174 2490442 2650382 2335060 2604713 2650381 2403607 2792049 2540704 2435614 2344200 2357919 2590975 2435598 2444738 2595543 2472156 2659522 2572696 2412746 2312247 2435596 2609255 2426456 2540748 2650382 2545276 2522426 2444800 2476727 2613822 2650382 2586407 2303104 2440221 2481295 2463018 2444787 2499628 2654954 2568126 2773763 2682371 2435609 2508721 2481295 2408234 2622962 2449308 2380782 2485865 2426458 2577292 2522441 2604713 2581866 2641242 2677802 2348840 2517895 2545278 2440166 2636672 2417341 2636695 2389899 2472155 2513284 2412767 2513286 2408178 2632109 2453906 2526994 2385382 2431057 2490437 2412748 2421921 2440206 2636695 2504145 2449306 2622985 2668678 2558984 2412785 2458469 2613824 2549862 2362479 2622962 2549886 2499577 2408179 2481301 2558984 2495006 2677801 2435603 2357977 2380769 2467585 2627532 2622962 2636672 2590978 2408178 2764630 2568124 2385329 2568126 2403607 2664091 2385327 2705229 2581833 2357937 2476728 2495016 2508717 2504147 2618393 2632126 2453908 2389952 2389949 2485901 2577299 2531610 2522464 2408217 2504147 2545274 2408236 2536154 2568123 2650399]
Requests Number (per Connection):  [540 546 576 569 539 521 550 577 531 573 571 570 549 566 534 553 582 567 536 547 511 543 519 559 509 506 518 532 510 584 559 557 552 520 558 546 537 520 573 580 537 537 537 554 518 572 569 525 553 598 549 537 573 534 516 534 555 555 554 569 522 558 527 512 542 556 540 538 542 551 551 517 522 561 556 541 546 551 537 580 541 545 533 553 553 522 556 578 555 562 545 511 547 565 502 594 557 549 566 529 504 555 517 543 525 563 523 564 579 553 519 529 560 537 567 544 527 532 568 581 544 548 544 553 502 537 524 507 543 552 571 521 537 552 569 537 574 558 585 573 518 532 538 562 568 529 551 540 520 569 541 545 553 548 540 577 518 527 554 530 567 573 548 545 580 511 570 580 526 611 556 533 513 516 567 533 535 568 541 582 563 528 506 533 571 531 556 580 557 552 535 542 572 580 566 504 534 543 539 535 547 581 562 607 587 533 549 543 527 574 536 521 544 531 564 552 570 565 578 586 514 551 557 534 577 529 577 523 541 550 528 550 527 576 537 553 522 532 545 528 530 534 577 548 536 574 584 560 528 538 572 558 517 574 558 547 527 543 560 546 586 533 516 521 540 575 574 577 567 527 605 562 522 562 526 583 522 592 565 516 542 546 549 548 573 576 537 523 523 544 564 554 552 527 548 557 527 555 562 580]
Requests/sec:  9816.610530598959 KB
Transfer/sec:  22045.36134440104 KB

