2023-12-05 03:34:55.248526393 +0800 CST m=+46796.092110605
Running 1m0s myx-test @ https://192.168.12.127:6443/api/v1/namespaces/myx-test/secrets
3 connections
Requests/bytes (per Connection):  [31867819 34779893 30750920]
Response/bytes (per Connection):  [39979977 43633399 38578733]
Requests Number (per Connection):  [8645 9435 8342]
Requests/sec:  1585.2641927083334 KB
Transfer/sec:  3574.068050130208 KB

2023-12-05 03:36:35.38178466 +0800 CST m=+46896.225368833
Running 1m0s myx-test @ https://192.168.12.127:6443/api/v1/namespaces/myx-test/secrets
6 connections
Requests/bytes (per Connection):  [32652974 32358088 29066199 29169405 28649648 28535359]
Response/bytes (per Connection):  [40965014 40595051 36465227 36594712 35942642 35799271]
Requests Number (per Connection):  [8858 8778 7885 7913 7772 7741]
Requests/sec:  2936.713427734375 KB
Transfer/sec:  6620.989420572917 KB

2023-12-05 03:38:15.517764107 +0800 CST m=+46996.361348295
Running 1m0s myx-test @ https://192.168.12.127:6443/api/v1/namespaces/myx-test/secrets
9 connections
Requests/bytes (per Connection):  [25243548 28579601 26471071 26393646 26268298 25092429 25184568 28623915 28697577]
Response/bytes (per Connection):  [31669486 35854770 33209487 33112363 32955118 31479885 31595492 35910305 36002766]
Requests Number (per Connection):  [6848 7753 7181 7160 7126 6807 6832 7765 7785]
Requests/sec:  3915.277555338542 KB
Transfer/sec:  8827.218831380209 KB

2023-12-05 03:39:55.659067802 +0800 CST m=+47096.502651977
Running 1m0s myx-test @ https://192.168.12.127:6443/api/v1/namespaces/myx-test/secrets
15 connections
Requests/bytes (per Connection):  [21900081 19574030 19463460 21306650 21914825 19485554 22128661 20996972 19607337 19540847 21671499 21686341 21284478 21999626 21575643]
Response/bytes (per Connection):  [27474932 24556780 24418050 26730395 27493430 24445786 27761675 26341910 24598467 24515155 27188188 27206735 26702620 27599805 27067941]
Requests Number (per Connection):  [5941 5310 5280 5780 5945 5286 6003 5696 5319 5301 5879 5883 5774 5968 5853]
Requests/sec:  5112.890690104166 KB
Transfer/sec:  11527.309130859376 KB

2023-12-05 03:41:35.827705656 +0800 CST m=+47196.671289844
Running 1m0s myx-test @ https://192.168.12.127:6443/api/v1/namespaces/myx-test/secrets
30 connections
Requests/bytes (per Connection):  [13454852 13241082 13392157 13377419 12293719 13480709 13344298 13373790 13558128 11950844 13432780 13318487 12168367 13399555 12201548 11995086 13370105 12013567 13248440 12267894 13193177 13351626 13237379 13233692 13488083 12138871 12212609 13288993 13226340 12172054]
Response/bytes (per Connection):  [16879901 16611689 16801268 16782773 15423162 16912300 16741179 16778177 17009421 14993045 16852176 16708803 15265915 16810530 15307539 15048544 16773553 15071692 16620931 15390779 16551577 16750406 16607056 16602431 16921550 15228915 15321414 16671804 16593192 15270540]
Requests Number (per Connection):  [3650 3592 3633 3629 3335 3657 3620 3628 3678 3242 3644 3613 3301 3635 3310 3254 3627 3259 3594 3328 3579 3622 3591 3590 3659 3293 3313 3605 3588 3302]
Requests/sec:  6322.032080078125 KB
Transfer/sec:  14253.384000651042 KB

2023-12-05 03:43:15.960493348 +0800 CST m=+47296.804077517
Running 1m0s myx-test @ https://192.168.12.127:6443/api/v1/namespaces/myx-test/secrets
60 connections
Requests/bytes (per Connection):  [6941247 7545759 6738510 7376169 7372636 7402032 7332035 7398413 7630558 7468366 6863738 7413037 7501517 7365266 7147673 7320880 6893328 7321024 7018706 7335614 6882201 7413161 7556818 7284156 6926535 7346669 7542088 7549446 7623182 7040826 7468340 7652676 7752215 7637942 7453592 7151308 7479531 7007647 7416828 7254662 7302431 7029663 7121936 7331989 7261876 6908106 6760618 7328240 7332003 7398333 7317193 6974464 7571570 6867547 7368953 7110849 7416720 7483114 6845427 6738512]
Response/bytes (per Connection):  [8708188 9466610 8453837 9253866 9249318 9286268 9198421 9281677 9572984 9369502 8611022 9300115 9411111 9240070 8967165 9184499 8648069 9184571 8805329 9202992 8634161 9300177 9480484 9138322 8689706 9216864 9461993 9471235 9563733 8833078 9369489 9600732 9725602 9582239 9350989 8971764 9383429 8791455 9304792 9101323 9161367 8819152 8934826 9198398 9110493 8666584 8481580 9193742 9198405 9281637 9179874 8749830 9498986 8615708 9244695 8920938 9304738 9388002 8587959 8453838]
Requests Number (per Connection):  [1883 2047 1828 2001 2000 2008 1989 2007 2070 2026 1862 2011 2035 1998 1939 1986 1870 1986 1904 1990 1867 2011 2050 1976 1879 1993 2046 2048 2068 1910 2026 2076 2103 2072 2022 1940 2029 1901 2012 1968 1981 1907 1932 1989 1970 1874 1834 1988 1989 2007 1985 1892 2054 1863 1999 1929 2012 2030 1857 1828]
Requests/sec:  7101.169840494792 KB
Transfer/sec:  16009.990364583333 KB

2023-12-05 03:44:56.100694576 +0800 CST m=+47396.944278764
Running 1m0s myx-test @ https://192.168.12.127:6443/api/v1/namespaces/myx-test/secrets
90 connections
Requests/bytes (per Connection):  [5190344 5083299 5249206 5370953 5216081 5393033 5230825 5072398 4965479 5370865 5042850 5297129 5238229 5448334 5120201 5083313 5256712 5363523 5109106 5005904 5002189 5186529 5348747 4865936 5201277 5426168 5024467 5171909 5374638 5116504 5234584 5190216 5042744 5105489 5429857 5160722 5378239 5153388 5153350 5448290 5426168 5429857 5300822 5157031 5459351 5238191 5404052 5345104 5293444 5378239 5164405 5079726 5304587 5304503 5098143 5345058 5216077 5300818 5282383 5264036 5319251 5278712 5330310 5190212 5072390 5142363 5404052 5378257 5061177 5356119 5090769 5577327 4961792 5400363 5289757 5330420 5068623 5381928 5149661 5101742 5171779 5297131 5024343 5275059 5422481 5193983 5352494 5098045 5345122 5282387]
Response/bytes (per Connection):  [6511524 6377338 6585459 6738122 6543863 6765851 6562361 6363543 6229420 6738078 6326517 6645580 6571626 6835224 6423604 6377345 6594775 6728844 6409712 6280229 6275590 6506835 6710330 6104548 6525335 6807452 6303418 6488399 6742746 6418974 6567022 6511460 6326464 6405122 6812078 6474461 6747328 6465231 6465212 6835202 6807452 6812078 6650208 6469834 6849077 6571607 6779705 6705727 6640956 6747328 6479084 6372770 6654872 6654830 6395886 6705704 6543861 6650206 6627081 6604000 6673330 6622464 6687204 6511458 6363539 6451374 6779705 6747337 6349588 6719579 6386636 6997073 6224795 6775079 6636331 6687259 6358874 6751954 6460586 6400467 6488334 6645581 6303356 6617856 6802827 6516125 6714985 6395837 6705736 6627083]
Requests Number (per Connection):  [1408 1379 1424 1457 1415 1463 1419 1376 1347 1457 1368 1437 1421 1478 1389 1379 1426 1455 1386 1358 1357 1407 1451 1320 1411 1472 1363 1403 1458 1388 1420 1408 1368 1385 1473 1400 1459 1398 1398 1478 1472 1473 1438 1399 1481 1421 1466 1450 1436 1459 1401 1378 1439 1439 1383 1450 1415 1438 1433 1428 1443 1432 1446 1408 1376 1395 1466 1459 1373 1453 1381 1513 1346 1465 1435 1446 1375 1460 1397 1384 1403 1437 1363 1431 1471 1409 1452 1383 1450 1433]
Requests/sec:  7670.297379557292 KB
Transfer/sec:  17293.13006184896 KB

2023-12-05 03:46:36.319719917 +0800 CST m=+47497.163304109
Running 1m0s myx-test @ https://192.168.12.127:6443/api/v1/namespaces/myx-test/secrets
150 connections
Requests/bytes (per Connection):  [3678944 3623499 3623641 3837321 3527785 3686174 3608787 3527681 3723048 3686322 3616269 3575696 3612582 3671570 3572025 3778489 3560962 3660387 3535163 3586725 3664092 3490921 3616267 3505669 3424559 3461427 3594053 3597762 3675185 3701038 3605208 3509274 3546206 3564621 3656824 3586653 3605142 3490915 3675127 3652991 3782174 3498195 3608899 3435618 3295518 3730462 3642048 3619856 3642038 3631019 3667885 3619956 3575604 3402391 3531450 3564653 3568340 3564657 3789392 3571899 3487142 3590464 3501882 3748835 3671554 3516618 3538784 3531454 3612536 3568340 3634546 3564653 3575614 3339750 3527757 3501980 3590410 3708438 3678840 3564653 3531422 3542537 3424555 3653137 3442992 3664202 3726791 3660465 3590378 3667791 3549909 3638393 3693692 3575686 3741587 3675205 3826418 3513041 3579281 3660511 3667885 3634702 3730402 3701022 3678858 3638249 3586765 3461425 3686318 3693692 3347134 3527783 3664120 3605208 3520327 3712059 3594141 3712125 3686160 3538796 3656732 3413496 3490917 3612582 3638259 3557243 3420872 3623641 3347118 3546128 3789390 3627314 3361882 3619958 3789542 3815357 3509354 3734231 3527731 3586777 3575716 3590460 3627332 3601435 3693692 3712075 3605208 3527789 3689847 3435554]
Response/bytes (per Connection):  [4615409 4545964 4546035 4814202 4425788 4624587 4527482 4425736 4670839 4624661 4536786 4485903 4532161 4606159 4481286 4740282 4467410 4592223 4435040 4499762 4596857 4379541 4536785 4398041 4296293 4342542 4508989 4513625 4610748 4643145 4522911 4402625 4448906 4472021 4587660 4499726 4522878 4379538 4610719 4582962 4744906 4388741 4527538 4310167 4134420 4680109 4569146 4541361 4569141 4555287 4601535 4541411 4485857 4268520 4430402 4472037 4476662 4472039 4754078 4481223 4374870 4504413 4393366 4703203 4606151 4411860 4439632 4430404 4532138 4476662 4559832 4472037 4485862 4189914 4425774 4393415 4504386 4652408 4615357 4472037 4430388 4444290 4296291 4583035 4319417 4596912 4675492 4592262 4504370 4601488 4453539 4564537 4633909 4485898 4694016 4610758 4800406 4407290 4490477 4592285 4601535 4559910 4680079 4643137 4615366 4564465 4499782 4342541 4624659 4633909 4199169 4425787 4596871 4522911 4416496 4657000 4509033 4657033 4624580 4439638 4587614 4282417 4379539 4532161 4564470 4462769 4291668 4546035 4199161 4448867 4754077 4550653 4217669 4541412 4754153 4786531 4402665 4684775 4425761 4499788 4485913 4504411 4550662 4518243 4633909 4657008 4522911 4425790 4629205 4310135]
Requests Number (per Connection):  [998 983 983 1041 957 1000 979 957 1010 1000 981 970 980 996 969 1025 966 993 959 973 994 947 981 951 929 939 975 976 997 1004 978 952 962 967 992 973 978 947 997 991 1026 949 979 932 894 1012 988 982 988 985 995 982 970 923 958 967 968 967 1028 969 946 974 950 1017 996 954 960 958 980 968 986 967 970 906 957 950 974 1006 998 967 958 961 929 991 934 994 1011 993 974 995 963 987 1002 970 1015 997 1038 953 971 993 995 986 1012 1004 998 987 973 939 1000 1002 908 957 994 978 955 1007 975 1007 1000 960 992 926 947 980 987 965 928 983 908 962 1028 984 912 982 1028 1035 952 1013 957 973 970 974 984 977 1002 1007 978 957 1001 932]
Requests/sec:  8788.836328125 KB
Transfer/sec:  19814.940836588543 KB

2023-12-05 03:48:16.474946934 +0800 CST m=+47597.318531104
Running 1m0s myx-test @ https://192.168.12.127:6443/api/v1/namespaces/myx-test/secrets
300 connections
Requests/bytes (per Connection):  [2079036 2064288 2056912 2075421 2005300 1894796 2042166 2064322 1975930 2079036 2012710 2038479 2020044 2097529 1931624 2023735 2060605 1883793 1975808 2149083 1961120 2012728 1927877 1961056 2053239 1983180 1983300 1975802 1994237 2064312 1964877 2060601 2149083 1872642 1909454 2027418 2141741 1828484 2053247 1898381 2090161 1998040 1961060 1861649 1927879 1953826 1964819 2104843 1883637 1861577 1909444 2016395 2071736 2012676 1979587 2112215 1990552 2178579 2171205 2005298 2031105 1986877 2009069 2060681 1905813 1913161 2104841 2016399 1953718 1953684 1810051 2119597 1894734 2038573 1762130 2034794 1835706 2156457 1942729 2016359 2060601 1898385 1905753 1979489 1927875 1769428 1850454 1902070 2123276 1994237 2012772 1935311 1942749 2038573 2045853 1979555 1946312 1891157 1916818 1942627 1986869 1964743 2031205 1887324 2034792 1979499 1972131 2056998 2104843 1957489 1953692 2016453 1997928 2090099 1946314 2023755 1994237 2134337 2023733 2008989 1795153 1990632 2031189 2031193 1979575 1924228 1946314 1924192 2053313 1968540 2016377 1927875 1983270 1972121 1964743 2075369 1994243 1920505 1913147 1927875 1946312 1931680 1883691 2042258 2027418 1931568 2020046 1880108 2020086 1983194 2171205 1861517 1894694 2108546 2071680 1964847 2082721 2097531 1916910 1957369 2038479 2082721 2034838 1931564 1931566 1950013 1942661 1942715 2008985 1905825 1957369 1953714 1979491 1902072 2038573 2079034 1975816 1938940 2023815 2049540 2042166 2005298 2126963 1946314 2079036 2145396 1935389 1868901 2031197 1938940 2056914 1986967 2020060 1957399 2056914 1953772 1986881 2034884 2053231 1964747 2126963 1905793 2053253 1983254 1850484 2119589 2001695 1972117 1898461 2167518 2067975 1953686 1957505 2038479 1920577 1968430 1935249 1979491 2023763 1946394 1916880 2023805 1968430 2082721 2101154 1839395 2012672 1964743 1990658 1986863 1935249 2023815 1828334 2009095 2034792 1986919 1972121 2001611 2031205 1964857 2027420 2056988 1979577 2038535 2138024 2108586 2034844 1942743 2064328 1905757 2075357 2160144 1931566 1839493 1938934 2001727 1935359 2067997 1979495 1898385 1979495 2071736 2068053 1894698 1997970 2038481 1997990 1972117 1924328 1975804 1953764 1972117 1924336 1975802 2001611 1983248 2045853 2034798 2156457 1813724 2123276 2023837 1972121 1946410 1983202 1983236 1935351 2067991 2038479 1865234 2138064 1946312 1961056 2034796 1839433 2045853 2090095 1868969 1931574 2053227]
Response/bytes (per Connection):  [2608284 2589784 2580533 2603695 2515786 2377089 2562034 2589801 2478849 2608284 2525054 2557409 2534284 2631438 2423318 2538911 2585161 2363243 2478788 2696156 2460318 2525063 2418663 2460286 2575915 2488037 2488097 2478785 2501910 2589796 2464978 2585159 2696156 2349323 2395544 2543534 2686922 2293866 2575919 2381663 2622191 2506593 2460288 2335482 2418664 2451108 2464949 2640658 2363165 2335446 2395539 2529678 2599071 2525037 2483459 2649907 2497286 2733156 2723906 2515785 2548159 2492667 2520452 2585199 2390942 2400179 2640657 2529680 2451054 2451037 2270742 2659161 2377058 2557456 2210622 2552785 2303040 2705406 2437215 2529660 2585159 2381665 2390912 2483410 2418662 2219834 2321540 2386289 2663782 2501910 2525085 2427943 2437225 2557456 2566659 2483443 2441788 2372488 2404789 2437164 2492663 2464911 2548209 2367790 2552784 2483415 2474168 2580576 2640658 2455721 2451041 2529707 2506537 2622160 2441789 2538921 2501910 2677657 2538910 2520412 2252167 2497326 2548201 2548203 2483453 2414057 2441789 2414039 2575952 2469591 2529669 2418662 2488082 2474163 2464911 2603669 2501913 2409414 2400172 2418662 2441788 2423346 2363192 2562080 2543534 2423290 2534285 2358619 2534305 2488044 2723906 2335416 2377038 2645291 2599043 2464963 2612908 2631439 2404835 2455661 2557409 2612908 2552807 2423288 2423289 2446420 2437181 2437208 2520410 2390948 2455661 2451052 2483411 2386290 2557456 2608283 2478792 2432539 2538951 2571284 2562034 2515785 2668407 2441789 2608284 2691531 2427982 2344671 2548205 2432539 2580534 2492712 2534292 2455676 2580534 2451081 2492669 2552830 2575911 2464913 2668407 2390932 2575922 2488074 2321555 2659157 2511202 2474161 2381703 2719281 2594409 2451038 2455729 2557409 2409450 2469536 2427912 2483411 2538925 2441829 2404820 2538946 2469536 2612908 2636032 2307666 2525035 2464911 2497339 2492660 2427912 2538951 2293791 2520465 2552784 2492688 2474163 2511160 2548209 2464968 2543535 2580571 2483454 2557437 2682282 2645311 2552810 2437222 2589804 2390914 2603663 2710031 2423289 2307715 2432536 2511218 2427967 2594420 2483413 2381665 2483413 2599071 2594448 2377040 2506558 2557410 2506568 2474161 2414107 2478786 2451077 2474161 2414111 2478785 2511160 2488071 2566659 2552787 2705406 2275360 2663782 2538962 2474163 2441837 2488048 2488065 2427963 2594417 2557409 2340056 2682302 2441788 2460286 2552786 2307685 2566659 2622158 2344705 2423293 2575909]
Requests Number (per Connection):  [564 560 558 563 544 514 554 560 536 564 546 553 548 569 524 549 559 511 536 583 532 546 523 532 557 538 538 536 541 560 533 559 583 508 518 550 581 496 557 515 567 542 532 505 523 530 533 571 511 505 518 547 562 546 537 573 540 591 589 544 551 539 545 559 517 519 571 547 530 530 491 575 514 553 478 552 498 585 527 547 559 515 517 537 523 480 502 516 576 541 546 525 527 553 555 537 528 513 520 527 539 533 551 512 552 537 535 558 571 531 530 547 542 567 528 549 541 579 549 545 487 540 551 551 537 522 528 522 557 534 547 523 538 535 533 563 541 521 519 523 528 524 511 554 550 524 548 510 548 538 589 505 514 572 562 533 565 569 520 531 553 565 552 524 524 529 527 527 545 517 531 530 537 516 553 564 536 526 549 556 554 544 577 528 564 582 525 507 551 526 558 539 548 531 558 530 539 552 557 533 577 517 557 538 502 575 543 535 515 588 561 530 531 553 521 534 525 537 549 528 520 549 534 565 570 499 546 533 540 539 525 549 496 545 552 539 535 543 551 533 550 558 537 553 580 572 552 527 560 517 563 586 524 499 526 543 525 561 537 515 537 562 561 514 542 553 542 535 522 536 530 535 522 536 543 538 555 552 585 492 576 549 535 528 538 538 525 561 553 506 580 528 532 552 499 555 567 507 524 557]
Requests/sec:  9724.581119791666 KB
Transfer/sec:  21924.61717122396 KB

