2023-12-05 04:59:17.555836314 +0800 CST m=+51858.399420491
Running 1m0s myx-test @ https://192.168.12.127:6443/api/v1/namespaces/myx-test/serviceaccounts
3 connections
Requests/bytes (per Connection):  [34956267 31118830 30696453]
Response/bytes (per Connection):  [43307940 38553614 38030373]
Requests Number (per Connection):  [9519 8474 8359]
Requests/sec:  1575.0577799479167 KB
Transfer/sec:  3526.423779296875 KB

2023-12-05 05:00:57.689718794 +0800 CST m=+51958.533302981
Running 1m0s myx-test @ https://192.168.12.127:6443/api/v1/namespaces/myx-test/serviceaccounts
6 connections
Requests/bytes (per Connection):  [31669590 28856658 28221311 28974106 31548501 28122148]
Response/bytes (per Connection):  [39236019 35751012 34963903 35896568 39085929 34841057]
Requests Number (per Connection):  [8624 7858 7685 7890 8591 7658]
Requests/sec:  2887.244694010417 KB
Transfer/sec:  6464.30341796875 KB

2023-12-05 05:02:37.812748032 +0800 CST m=+52058.656332195
Running 1m0s myx-test @ https://192.168.12.127:6443/api/v1/namespaces/myx-test/serviceaccounts
9 connections
Requests/bytes (per Connection):  [26399919 25948166 29370802 27240832 29396533 29054874 26146510 27490580 25966689]
Response/bytes (per Connection):  [32707311 32147674 36387974 33749159 36419834 35996649 32393375 34058551 32170503]
Requests Number (per Connection):  [7189 7066 7998 7418 8005 7912 7120 7486 7071]
Requests/sec:  4020.4248860677085 KB
Transfer/sec:  9001.398681640625 KB

2023-12-05 05:04:17.953520816 +0800 CST m=+52158.797104997
Running 1m0s myx-test @ https://192.168.12.127:6443/api/v1/namespaces/myx-test/serviceaccounts
15 connections
Requests/bytes (per Connection):  [22878186 21548928 21934487 23105914 20035862 22966330 21930760 22808495 19922057 21626075 21853731 22782690 20120389 20237919 19962390]
Response/bytes (per Connection):  [28344198 26697282 27174979 28626299 24822787 28453394 27170402 28257796 24681766 26792839 27074904 28225899 24927461 25073058 24731781]
Requests Number (per Connection):  [6230 5868 5973 6292 5456 6254 5972 6211 5425 5889 5951 6204 5479 5511 5436]
Requests/sec:  5268.786018880209 KB
Transfer/sec:  11796.37138671875 KB

2023-12-05 05:05:58.079849377 +0800 CST m=+52258.923433561
Running 1m0s myx-test @ https://192.168.12.127:6443/api/v1/namespaces/myx-test/serviceaccounts
30 connections
Requests/bytes (per Connection):  [13884779 13488131 13506636 13899519 12676744 13796631 12639858 14075821 13447840 12327717 13928935 14009787 13690172 12687627 13605659 13815154 12551790 12555541 13715925 14119835 13859102 13866518 13730621 12823576 12713472 13561671 13899589 12515060 13550710 12592151]
Response/bytes (per Connection):  [17202133 16710751 16733571 17220357 15705374 17092935 15659796 17438756 16660757 15273078 17256773 17356896 16961014 15718956 16856347 17115764 15550638 15555227 16992885 17493325 17170300 17179435 17011087 15887330 15750873 16801791 17220392 15505138 16788170 15600667]
Requests Number (per Connection):  [3781 3673 3678 3785 3452 3757 3442 3833 3662 3357 3793 3815 3728 3455 3705 3762 3418 3419 3735 3845 3774 3776 3739 3492 3462 3693 3785 3408 3690 3429]
Requests/sec:  6535.425960286459 KB
Transfer/sec:  14632.276806640624 KB

2023-12-05 05:07:38.234509899 +0800 CST m=+52359.078094078
Running 1m0s myx-test @ https://192.168.12.127:6443/api/v1/namespaces/myx-test/serviceaccounts
60 connections
Requests/bytes (per Connection):  [7667686 7326149 7149979 7774197 7370307 7656669 7608952 7392229 7109580 7667686 7182878 7531797 7733798 7664015 7528118 7645648 7575865 7109578 7517161 7568521 7127943 7656697 7741126 7693395 7436303 6973615 7678705 7142595 7539141 7546493 7326175 7656667 7450991 7634673 7201269 7858594 7575869 7311425 7238079 7524449 7091215 7700741 7278370 7454772 7675032 7061695 7395902 7689722 7597905 7612607 7197644 7564848 7546505 7098561 7182878 7722773 7094844 6995723 7649323 7502409]
Response/bytes (per Connection):  [9499631 9076507 8858174 9631578 9131148 9485982 9426848 9158390 8808126 9499631 8899045 9331287 9581530 9495082 9326734 9472331 9385883 8808125 9313115 9376784 8830875 9485996 9590621 9531480 9212989 8639744 9513281 8849055 9340386 9349489 9076520 9485981 9231187 9458703 8921808 9736187 9385885 9058291 8967348 9322186 8785376 9540580 9017342 9235791 9508731 8748908 9162940 9526930 9413184 9431389 8917282 9372234 9349495 8794476 8899045 9567877 8789904 8667079 9476882 9294885]
Requests Number (per Connection):  [2088 1995 1947 2117 2007 2085 2072 2013 1936 2088 1956 2051 2106 2087 2050 2082 2063 1936 2047 2061 1941 2085 2108 2095 2025 1899 2091 1945 2053 2055 1995 2085 2029 2079 1961 2140 2063 1991 1971 2049 1931 2097 1982 2030 2090 1923 2014 2094 2069 2073 1960 2060 2055 1933 1956 2103 1932 1905 2083 2043]
Requests/sec:  7278.783951822917 KB
Transfer/sec:  16296.594384765625 KB

2023-12-05 05:09:18.385202911 +0800 CST m=+52459.228787099
Running 1m0s myx-test @ https://192.168.12.127:6443/api/v1/namespaces/myx-test/serviceaccounts
90 connections
Requests/bytes (per Connection):  [5357883 5255113 5545128 5717643 5662656 5490047 5196313 5100721 5317474 5093533 5174177 5589158 5526755 5078719 5225593 5438617 5350523 5148614 5607513 5398214 5064151 5115413 5185196 5339450 5328435 5111738 5148624 5409289 5310114 5416579 5247635 5185266 5490047 5170504 5545128 5343123 5251306 5574476 5545128 5346804 5405566 5669946 5313741 5174271 5625930 5629603 5368864 5357815 5416629 5464334 4986864 5508400 5214676 5016404 5317494 5207232 5357845 5067790 5108065 5247771 5368838 5313741 5207264 5357815 5490035 5552474 5460655 5677350 5174311 5611184 5255019 5210957 5291809 5170590 5567166 5064089 5288108 5332150 5390870 5075028 5563493 5394605 5423929 5199886 5596530 5603894 5677350 5438615 5456984 5350469]
Response/bytes (per Connection):  [6637938 6510575 6869949 7083741 7015545 6801706 6437759 6319412 6587885 6310391 6410410 6924526 6847195 6292130 6474107 6738002 6628831 6378634 6947271 6687952 6273992 6337612 6424060 6615154 6601506 6333061 6378639 6701630 6578778 6710702 6501409 6424095 6801706 6405860 6869949 6619704 6505958 6906331 6869949 6624258 6697055 7024617 6583305 6410457 6970047 6974597 6651569 6637904 6710727 6769855 6178365 6824450 6460508 6214843 6587895 6451359 6637919 6278525 6328511 6501477 6651556 6583305 6451375 6637904 6801700 6879049 6765302 7033746 6410477 6951820 6510528 6455935 6556058 6405903 6897249 6273961 6551494 6606077 6678853 6287571 6892699 6683434 6719804 6442259 6933639 6942748 7033746 6738001 6760753 6628804]
Requests Number (per Connection):  [1459 1431 1510 1557 1542 1495 1415 1389 1448 1387 1409 1522 1505 1383 1423 1481 1457 1402 1527 1470 1379 1393 1412 1454 1451 1392 1402 1473 1446 1475 1429 1412 1495 1408 1510 1455 1430 1518 1510 1456 1472 1544 1447 1409 1532 1533 1462 1459 1475 1488 1358 1500 1420 1366 1448 1418 1459 1380 1391 1429 1462 1447 1418 1459 1495 1512 1487 1546 1409 1528 1431 1419 1441 1408 1516 1379 1440 1452 1468 1382 1515 1469 1477 1416 1524 1526 1546 1481 1486 1457]
Requests/sec:  7835.729947916667 KB
Transfer/sec:  17543.543212890625 KB

2023-12-05 05:10:58.52742691 +0800 CST m=+52559.371011078
Running 1m0s myx-test @ https://192.168.12.127:6443/api/v1/namespaces/myx-test/serviceaccounts
150 connections
Requests/bytes (per Connection):  [3664972 3554704 3584168 3628236 3723592 3745700 3672182 3639215 3738416 3617225 3595055 3253620 3580501 3488666 3521735 3470227 3499699 3661299 3595177 3521627 3565677 3492253 3712719 3624521 3591516 3521733 3694354 3727409 3595165 3650270 3738424 3587847 3609877 3371152 3466644 3562022 3231626 3580497 3378496 3683341 3683199 3562138 3609885 3789848 3407880 3503372 3341768 3576826 3602533 3587755 3558373 3525406 3620806 3609883 3576824 3609813 3459294 3437200 3679658 3492293 3506993 3811726 3573155 3650270 3484939 3683337 3642936 3532754 3635500 3716392 3690593 3558459 3624473 3477593 3558411 3587843 3540092 3503368 3440931 3591516 3609755 3569478 3683337 3631795 3653821 3697891 3455625 3738324 3576714 3473928 3540100 3606170 3624575 3444568 3543761 3580497 3679664 3532754 3598860 3639209 3675991 3338095 3433589 3451952 3415166 3580501 3591456 3690605 3506935 3672318 3444608 3664972 3521701 3510718 3675879 3543773 3349112 3683275 3657498 3786175 3495968 3598866 3679660 3459298 3653891 3712719 3617129 3602535 3602537 3635492 3382167 3756635 3503372 3698029 3686958 3448281 3587831 3558463 3503326 3496022 3639263 3451952 3418835 3591520 3598750 3356460 3672160 3558415 3628146 3701700]
Response/bytes (per Connection):  [4540559 4404020 4440460 4495056 4613285 4640620 4549591 4508686 4631551 4481410 4454044 4030971 4435913 4322158 4363114 4299371 4335815 4536009 4454105 4363060 4417647 4326665 4599708 4490485 4449561 4363113 4576958 4617907 4454099 4522354 4631555 4445013 4472309 4176569 4294866 4413106 4003693 4435911 4185668 4563311 4563240 4413164 4472313 4695256 4222068 4340365 4140169 4431362 4463210 4444967 4408568 4367663 4485914 4472312 4431361 4472277 4285764 4258436 4558756 4326685 4344889 4722476 4426813 4522354 4317581 4563309 4513260 4376764 4504115 4604258 4572364 4408611 4490461 4308481 4408587 4445011 4385860 4340363 4263015 4449561 4472248 4422261 4563309 4499549 4526843 4581440 4281216 4631505 4431306 4303935 4385864 4467742 4490512 4267547 4390408 4435911 4558759 4376764 4458660 4508683 4554209 4135619 4253917 4276666 4231138 4435913 4449531 4572370 4344860 4549659 4267567 4540559 4363097 4349465 4554153 4390414 4149268 4563278 4531395 4690706 4331236 4458663 4558757 4285766 4526878 4599708 4481362 4463211 4463212 4504111 4190217 4654228 4340365 4581509 4567833 4272117 4445005 4408613 4340342 4331263 4508710 4276666 4235686 4449563 4458605 4158369 4549580 4408589 4495011 4586058]
Requests Number (per Connection):  [998 968 976 988 1014 1020 1000 991 1018 985 979 886 975 950 959 945 953 997 979 959 971 951 1011 987 978 959 1006 1015 979 994 1018 977 983 918 944 970 880 975 920 1003 1003 970 983 1032 928 954 910 974 981 977 969 960 986 983 974 983 942 936 1002 951 955 1038 973 994 949 1003 992 962 990 1012 1005 969 987 947 969 977 964 954 937 978 983 972 1003 989 995 1007 941 1018 974 946 964 982 987 938 965 975 1002 962 980 991 1001 909 935 940 930 975 978 1005 955 1000 938 998 959 956 1001 965 912 1003 996 1031 952 980 1002 942 995 1011 985 981 981 990 921 1023 954 1007 1004 939 977 969 954 952 991 940 931 978 980 914 1000 969 988 1008]
Requests/sec:  8733.058577473957 KB
Transfer/sec:  19552.585888671874 KB

2023-12-05 05:12:38.682226838 +0800 CST m=+52659.525811010
Running 1m0s myx-test @ https://192.168.12.127:6443/api/v1/namespaces/myx-test/serviceaccounts
300 connections
Requests/bytes (per Connection):  [1961068 2038153 2115222 2111575 1939000 1766457 1964657 1986663 2243761 1799354 1986665 1902188 1847157 2111539 2067469 1953702 1953680 2082211 1887530 1909534 1913361 1957381 2063868 2060119 1949939 2078488 2041756 1942725 1883829 1960954 1916922 1927999 2089509 1938920 1902194 2085838 2016047 2019718 1894974 1964629 1909538 1979323 1942591 1957281 1850930 1905861 1913209 1850774 1898521 1894846 1964627 1924226 1949937 2027064 2045429 1960958 1986677 2012374 1953608 2063868 2107900 2030739 1872868 1982990 1964757 1872846 2060121 1953626 1861789 1946262 2060125 1876607 1953722 2038083 1982990 2129904 1931576 1858120 1898573 2027068 1894844 1843444 1883933 1957317 2019728 1920661 2129904 2085830 2063870 1957303 1986667 2030737 1942677 1898521 1975646 1960958 2019722 1979323 1909534 1905865 1825211 2030823 2030831 1979317 1916884 1895006 2056446 1784662 1924378 2129922 1975768 2001359 1957289 2085830 1854597 1997720 1858170 2023395 1990420 1902188 1982996 1953608 1931572 1935297 2001387 1865464 2038087 1994015 2041756 1894846 1979317 1994009 2049100 2063798 1828758 2155639 1983066 1898613 2034412 1913211 2100522 2038165 1847127 2115212 1894842 1990436 1950051 1927979 1902280 1957373 2085834 2030739 2104195 1806698 1894946 1883829 2096849 2104193 2093180 2063848 2118885 1931618 1894936 2140921 2082157 1935337 2126273 1972027 1920703 1894848 1880156 1946378 1946336 1920605 1990340 2096849 1876527 1876483 1990352 2016111 2056448 2067539 2052773 1931576 2034410 2005136 1975654 1898521 2016059 2027160 2063794 1894992 2078518 2008699 1865468 2030741 2038083 1997682 1799352 1953612 2056528 2093176 1898663 2155613 1825065 1997768 2038083 1880204 2019718 2008705 2126231 1971977 1916892 1968414 2104195 1997682 1883829 1898649 1850922 1946264 2067465 1972099 2218044 2085830 1957383 1997682 2078484 2041756 2052775 2001359 2063860 2034410 1946398 1880152 2023395 1902288 1803129 1968322 1898533 1828872 1913303 1920553 2001357 1961056 1986665 1909636 2016131 1986663 2038083 2100522 2027064 2001355 1942691 2045431 1994013 1931576 1894846 1894990 1880288 2129944 1990412 1957409 1946262 2005028 2034412 1979361 1909538 1997734 2071138 1839755 1942625 1964627 2107868 1986663 2052779 1971973 1931574 1924368 2093176 2012378 2030741 2019720 2005078 1990436 2016045 2008701 1994013 1979401 1935259 1953610 2030737 1953612 1942637 1927903 1975768 1913207 1964757 1994013 2008705 1795745]
Response/bytes (per Connection):  [2429543 2525069 2620587 2616050 2402228 2188422 2434051 2461335 2779829 2229292 2461336 2356687 2288469 2616032 2561435 2420433 2420422 2579660 2338504 2365787 2370414 2424986 2556921 2552333 2415838 2575085 2529584 2406804 2333940 2429486 2374908 2388587 2588736 2402188 2356690 2584187 2497735 2502284 2347653 2434037 2365789 2452238 2406737 2424936 2293069 2361237 2370338 2292991 2352140 2347589 2434036 2383987 2415837 2511384 2534134 2429488 2461342 2493185 2420386 2556921 2611499 2515935 2320319 2456785 2434101 2320308 2552334 2420395 2306639 2411286 2552336 2324902 2420443 2525034 2456785 2638782 2393089 2302091 2352166 2511386 2347588 2283899 2333992 2424954 2502289 2379491 2638782 2584183 2556922 2424947 2461337 2515934 2406780 2352140 2447686 2429488 2502286 2452238 2365787 2361239 2261215 2515977 2515981 2452235 2374889 2347669 2547783 2211092 2384063 2638791 2447747 2479537 2424940 2584183 2297616 2475004 2302116 2506836 2465927 2356687 2456788 2420386 2393087 2397663 2479551 2311190 2525036 2470438 2529584 2347589 2452235 2470435 2538683 2556886 2265702 2670644 2456823 2352186 2520485 2370339 2602383 2525075 2288454 2620582 2347587 2465935 2415894 2388577 2356733 2424982 2584185 2515935 2606933 2238391 2347639 2333940 2597833 2606932 2593285 2556911 2625132 2393110 2347634 2652431 2579633 2397683 2634253 2443163 2379512 2347590 2329390 2411344 2411323 2379463 2465887 2597833 2324862 2324840 2465893 2497767 2547784 2561470 2543233 2393089 2520484 2484139 2447690 2352140 2497741 2511432 2556884 2347662 2575100 2488634 2311192 2515936 2525034 2474985 2229291 2420388 2547824 2593283 2352211 2670631 2261142 2475028 2525034 2329414 2502284 2488637 2634232 2443138 2374893 2438643 2606933 2474985 2333940 2352204 2293065 2411287 2561433 2443199 2747976 2584183 2424987 2474985 2575083 2529584 2543234 2479537 2556917 2520484 2411354 2329388 2506836 2356737 2233893 2438597 2352146 2265759 2370385 2379437 2479536 2429537 2461336 2365838 2497777 2461335 2525034 2602383 2511384 2479535 2406787 2534135 2470437 2393089 2347589 2347661 2329456 2638802 2465923 2425000 2411286 2484085 2520485 2452257 2365789 2475011 2565983 2279341 2406754 2434036 2611483 2461335 2543236 2443136 2393088 2384058 2593283 2493187 2515936 2502285 2484110 2465935 2497734 2488635 2470437 2452277 2397644 2420387 2515934 2420388 2406760 2388539 2447747 2370337 2434101 2470437 2488637 2224774]
Requests Number (per Connection):  [534 555 576 575 528 481 535 541 611 490 541 518 503 575 563 532 532 567 514 520 521 533 562 561 531 566 556 529 513 534 522 525 569 528 518 568 549 550 516 535 520 539 529 533 504 519 521 504 517 516 535 524 531 552 557 534 541 548 532 562 574 553 510 540 535 510 561 532 507 530 561 511 532 555 540 580 526 506 517 552 516 502 513 533 550 523 580 568 562 533 541 553 529 517 538 534 550 539 520 519 497 553 553 539 522 516 560 486 524 580 538 545 533 568 505 544 506 551 542 518 540 532 526 527 545 508 555 543 556 516 539 543 558 562 498 587 540 517 554 521 572 555 503 576 516 542 531 525 518 533 568 553 573 492 516 513 571 573 570 562 577 526 516 583 567 527 579 537 523 516 512 530 530 523 542 571 511 511 542 549 560 563 559 526 554 546 538 517 549 552 562 516 566 547 508 553 555 544 490 532 560 570 517 587 497 544 555 512 550 547 579 537 522 536 573 544 513 517 504 530 563 537 604 568 533 544 566 556 559 545 562 554 530 512 551 518 491 536 517 498 521 523 545 534 541 520 549 541 555 572 552 545 529 557 543 526 516 516 512 580 542 533 530 546 554 539 520 544 564 501 529 535 574 541 559 537 526 524 570 548 553 550 546 542 549 547 543 539 527 532 553 532 529 525 538 521 535 543 547 489]
Requests/sec:  9655.000325520834 KB
Transfer/sec:  21616.74423828125 KB

