2023-12-05 06:23:55.567869644 +0800 CST m=+56936.411453816
Running 1m0s myx-test @ https://192.168.12.127:6443/api/v1/namespaces/myx-test/services
3 connections
Requests/bytes (per Connection):  [29371059 32567374 31809626]
Response/bytes (per Connection):  [39976449 44327000 43295605]
Requests Number (per Connection):  [7985 8854 8648]
Requests/sec:  1525.847314453125 KB
Transfer/sec:  3602.654833984375 KB

2023-12-05 06:25:35.700899545 +0800 CST m=+57036.544483727
Running 1m0s myx-test @ https://192.168.12.127:6443/api/v1/namespaces/myx-test/services
6 connections
Requests/bytes (per Connection):  [27322212 30117562 28947910 30231737 27182334 29083979]
Response/bytes (per Connection):  [37187836 40992621 39400620 41147933 36997530 39585824]
Requests Number (per Connection):  [7428 8188 7870 8219 7390 7907]
Requests/sec:  2813.89541015625 KB
Transfer/sec:  6643.849251302084 KB

2023-12-05 06:27:15.81763178 +0800 CST m=+57136.661215949
Running 1m0s myx-test @ https://192.168.12.127:6443/api/v1/namespaces/myx-test/services
9 connections
Requests/bytes (per Connection):  [25534546 25038067 25953912 25074841 25096885 27987987 28315310 28054205 26152572]
Response/bytes (per Connection):  [34754686 34078852 35325424 34128916 34158933 38094011 38539514 38184129 35595791]
Requests Number (per Connection):  [6942 6807 7056 6817 6823 7609 7698 7627 7110]
Requests/sec:  3860.8125813802085 KB
Transfer/sec:  9115.699560546875 KB

2023-12-05 06:28:55.935518971 +0800 CST m=+57236.779103153
Running 1m0s myx-test @ https://192.168.12.127:6443/api/v1/namespaces/myx-test/services
15 connections
Requests/bytes (per Connection):  [21139021 19660305 22238766 21286165 19855282 22205717 22319638 21396493 21778977 19649384 21282424 21297212 22275614 19579437 19616161]
Response/bytes (per Connection):  [28772003 26759362 30268892 28972227 27024722 30223828 30378987 29122454 29643064 26744421 28967169 28987293 30318985 26649283 26699320]
Requests Number (per Connection):  [5747 5345 6046 5787 5398 6037 6068 5817 5921 5342 5786 5790 6056 5323 5333]
Requests/sec:  5136.4029296875 KB
Transfer/sec:  12127.483821614584 KB

2023-12-05 06:30:36.071208358 +0800 CST m=+57336.914792546
Running 1m0s myx-test @ https://192.168.12.127:6443/api/v1/namespaces/myx-test/services
30 connections
Requests/bytes (per Connection):  [11936043 13513988 13296937 12171391 13171861 12233930 13267511 13285906 12053667 13109366 13179219 12061025 13319015 13197638 11862409 13396202 13274865 13282227 13466105 11954338 13337408 13506630 13171861 12186079 13175540 13223375 13289559 12016879 13543302 11965457]
Response/bytes (per Connection):  [16245921 18393683 18098271 16566287 17928022 16651394 18058204 18083243 16406081 17842935 17938058 16416099 18128289 17963087 16145742 18233398 18068224 18078232 18328548 16270880 18153335 18383667 17928034 16586305 17933041 17998132 18088237 16356012 18433646 16285970]
Requests Number (per Connection):  [3245 3674 3615 3309 3581 3326 3607 3612 3277 3564 3583 3279 3621 3588 3225 3642 3609 3611 3661 3250 3626 3672 3581 3313 3582 3595 3613 3267 3682 3253]
Requests/sec:  6289.871956380209 KB
Transfer/sec:  14850.923014322916 KB

2023-12-05 06:32:16.208832555 +0800 CST m=+57437.052416726
Running 1m0s myx-test @ https://192.168.12.127:6443/api/v1/namespaces/myx-test/services
60 connections
Requests/bytes (per Connection):  [7323373 6668703 7190997 7095375 7194734 7040146 6848966 6889433 7025388 7304992 6606164 6973946 7003474 6672384 7194730 6613522 6562020 7290264 7135910 7198435 6562030 6937258 6609843 7117359 7073371 7073371 6672384 6679742 7238882 6756921 7286583 7102643 6959170 7338245 7216816 7106402 7345497 6635588 7106480 7220385 7279379 7021757 6778983 6576734 6584112 7069570 7029181 7279385 7238758 7043885 7139523 6951970 6944536 7139511 7209480 6679738 6609843 6698093 7088073 6584092]
Response/bytes (per Connection):  [9967755 9076655 9787595 9657433 9792605 9582254 9321988 9377040 9562231 9942773 8991556 9492177 9532271 9081675 9792641 9001568 8931478 9922707 9712545 9797657 8931475 9442180 8996559 9687386 9627438 9627400 9081675 9091687 9852689 9196792 9917679 9667358 9472111 9987891 9822689 9672383 9997828 9031598 9672468 9827609 9907786 9557222 9226820 8951503 8961525 9622300 9567325 9907803 9852631 9587345 9717455 9462212 9452094 9717443 9812682 9091693 8996559 9116688 9647455 8961511]
Requests Number (per Connection):  [1991 1813 1955 1929 1956 1914 1862 1873 1910 1986 1796 1896 1904 1814 1956 1798 1784 1982 1940 1957 1784 1886 1797 1935 1923 1923 1814 1816 1968 1837 1981 1931 1892 1995 1962 1932 1997 1804 1932 1963 1979 1909 1843 1788 1790 1922 1911 1979 1968 1915 1941 1890 1888 1941 1960 1816 1797 1821 1927 1790]
Requests/sec:  6816.707828776041 KB
Transfer/sec:  16094.825520833334 KB

2023-12-05 06:33:56.353887455 +0800 CST m=+57537.197471625
Running 1m0s myx-test @ https://192.168.12.127:6443/api/v1/namespaces/myx-test/services
90 connections
Requests/bytes (per Connection):  [4829621 5572571 5134918 5300349 5024444 4866273 4928794 4980378 4973038 5193668 5300351 5230452 5157038 4833182 5109055 4995010 5178954 4910399 5281954 5248851 4951024 5142252 5002448 5355536 5109095 4998705 5031802 5219507 4800191 5175377 5086981 5473254 5223094 5020765 4888449 5190007 5112754 5208384 5116571 5090730 5179088 5326182 5094339 5160557 4814815 5002462 4954695 5127450 5289386 5057597 4851565 5017244 5076008 4881053 5425463 5370252 5197343 5263565 5256207 5344499 5009884 5153257 5418077 4814907 5171592 5300419 5458538 4847916 5138551 5359279 5105382 5204791 5167911 5373927 4833242 5156894 5116413 5149546 5263571 5304028 5112832 5086981 5204787 5326206 5271053 5226823 5134952 5215882 5101697 5072267]
Response/bytes (per Connection):  [6573506 7584742 6989015 7214242 6838723 6623447 6708575 6778680 6768751 7069030 7214267 7119149 7019074 6578416 6953909 6798694 7049019 6683530 7189245 7144140 6738719 6999047 6808796 7289344 6953953 6803717 6848737 7104184 6533431 7044109 6923879 7449569 7109139 6833720 6653594 7064092 6958902 7089072 6964006 6928893 7049106 7249327 6933855 7023981 6553409 6808743 6743738 6978958 7199260 6883863 6603447 6828840 6908910 6643559 7384498 7309370 7074089 7164163 7154149 7274327 6818811 7014000 7374456 6553485 7038999 7214307 7429543 6598417 6994035 7294387 6948881 7084154 7034035 7314391 6578470 7018986 6963907 7008975 7164184 7219279 6959003 6923835 7084152 7249365 7174276 7114133 6989036 7099180 6943899 6903836]
Requests Number (per Connection):  [1313 1515 1396 1441 1366 1323 1340 1354 1352 1412 1441 1422 1402 1314 1389 1358 1408 1335 1436 1427 1346 1398 1360 1456 1389 1359 1368 1419 1305 1407 1383 1488 1420 1365 1329 1411 1390 1416 1391 1384 1408 1448 1385 1403 1309 1360 1347 1394 1438 1375 1319 1364 1380 1327 1475 1460 1413 1431 1429 1453 1362 1401 1473 1309 1406 1441 1484 1318 1397 1457 1388 1415 1405 1461 1314 1402 1391 1400 1431 1442 1390 1383 1415 1448 1433 1421 1396 1418 1387 1379]
Requests/sec:  7520.143245442709 KB
Transfer/sec:  17755.707470703124 KB

2023-12-05 06:35:36.513125641 +0800 CST m=+57637.356709847
Running 1m0s myx-test @ https://192.168.12.127:6443/api/v1/namespaces/myx-test/services
150 connections
Requests/bytes (per Connection):  [3531120 3490613 3505313 3457592 3343545 3549559 3446557 3626734 3656234 3560596 3424485 3409769 3615777 3553242 3464952 3545848 3292045 3376660 3531170 3615747 3376632 3358265 3483289 3475987 3479666 3332500 3409767 3523770 3336191 3424435 3630353 3634014 3498061 3354586 3240543 3424423 3486948 3509092 3612030 3376658 3567954 3431841 3589974 3567842 3560600 3560596 3395053 3391330 3582672 3365621 3424479 3553166 3266298 3409769 3567956 3314117 3475987 3428162 3556921 3523720 3475987 3457514 3398690 3538526 3578889 3601035 3582674 3564277 3564273 3523736 3531168 3402361 3446491 3406090 3372979 3303082 3663566 3442818 3494380 3406090 3571535 3516346 3619456 3538528 3457512 3538528 3409715 3328835 3450234 3409721 3483345 3556807 3439199 3553242 3560570 3509096 3332514 3600965 3361942 3516342 3578847 3292047 3501740 3634176 3538528 3634086 3461269 3553128 3376650 3509030 3608305 3325156 3387695 3509096 3556917 3571637 3520129 3623135 3549449 3612104 3656152 3586251 3538524 3380317 3475983 3450236 3505313 3523720 3435518 3424483 3527485 3380299 3490649 3556921 3269973 3497997 3586339 3464950 3457594 3534833 3560600 3553234 3446551 3667283 3475987 3479574 3600951 3553166 3483345 3520133]
Response/bytes (per Connection):  [4806148 4751060 4771078 4706042 4550854 4831245 4691048 4936338 4976428 4846268 4660997 4640971 4921347 4836218 4716087 4826206 4480759 4595897 4806181 4921342 4595895 4570872 4741089 4731085 4736110 4535825 4640970 4796160 4540834 4660978 4941297 4946289 4761113 4565879 4410661 4660960 4746084 4776159 4916312 4595918 4856282 4671024 4886279 4856204 4846256 4846248 4620945 4615902 4876265 4580893 4661010 4836164 4445705 4640961 4856273 4510798 4731097 4666021 4841235 4796115 4731085 4706031 4625923 4816216 4871228 4901312 4876308 4851224 4851258 4796151 4806168 4630924 4691009 4635972 4590887 4495774 4986383 4685995 4756101 4635956 4861220 4786107 4926378 4816227 4706004 4816181 4640952 4530821 4696048 4640943 4741087 4841180 4681008 4836226 4846235 4776159 4535838 4901241 4575886 4786107 4871195 4480756 4766142 4946400 4816229 4946301 4711078 4836163 4595910 4776104 4911274 4525814 4610927 4776127 4841241 4861281 4791178 4931371 4831164 4916351 4976341 4881250 4816231 4600907 4731109 4696039 4771078 4796147 4676006 4661008 4801191 4600906 4751104 4841253 4450716 4761087 4881264 4716076 4706053 4811172 4846266 4836236 4691037 4991469 4731093 4736054 4901260 4836164 4741103 4791146]
Requests Number (per Connection):  [960 949 953 940 909 965 937 986 994 968 931 927 983 966 942 964 895 918 960 983 918 913 947 945 946 906 927 958 907 931 987 988 951 912 881 931 948 954 982 918 970 933 976 970 968 968 923 922 974 915 931 966 888 927 970 901 945 932 967 958 945 940 924 962 973 979 974 969 969 958 960 925 937 926 917 898 996 936 950 926 971 956 984 962 940 962 927 905 938 927 947 967 935 966 968 954 906 979 914 956 973 895 952 988 962 988 941 966 918 954 981 904 921 954 967 971 957 985 965 982 994 975 962 919 945 938 953 958 934 931 959 919 949 967 889 951 975 942 940 961 968 966 937 997 945 946 979 966 947 957]
Requests/sec:  8519.455875651041 KB
Transfer/sec:  20115.162353515625 KB

2023-12-05 06:37:16.691558365 +0800 CST m=+57737.535142540
Running 1m0s myx-test @ https://192.168.12.127:6443/api/v1/namespaces/myx-test/services
300 connections
Requests/bytes (per Connection):  [2114995 1805973 1879655 1769207 1927374 1912658 1986324 1931051 1978976 2026787 1897996 1956818 1927512 1942088 1971520 1897944 1872197 2034055 1875868 1868514 1883334 1978876 1868510 1850119 1831726 1971520 2045098 1853792 1942156 1964162 1813331 1960533 1864833 1927506 1949442 1916337 2004655 1942086 1964232 1861314 1872191 1912656 1850149 1997283 2030378 2059808 2030440 1934732 1831882 1846436 1868512 1986232 1949570 1805973 1934732 2111322 1975197 1956804 1990027 1927412 1931169 2045100 2001034 1978910 1971580 1850277 2041447 1971518 1920076 1857535 1912798 1886907 1956800 1861220 1886977 1938467 2041417 1908981 1905296 1794936 2015662 1982555 1839098 1824486 1717681 1931053 1953125 2023104 2004625 1798773 1964162 1824454 1857547 1824366 2037736 1989909 1931053 2008304 1927518 2004625 1967837 1920016 2140742 2137061 1953155 2067242 1934730 1842757 1967967 1839082 1986234 1883228 1986232 2026701 1916343 1776701 1964162 2019443 1978874 1886925 2011985 2034061 2000946 1964212 1798615 2023020 1908975 1956870 1923755 1901621 1780232 1886965 1905372 2041413 1920168 2078201 1846440 1982553 2048771 1872187 1846438 1989911 1931091 2008304 1931181 1923691 2037826 1912772 1956818 2089262 1842841 1853890 1934728 1978876 1817152 1703037 1853906 1993704 1772918 1975215 1839232 1754471 1897942 1732555 1842759 1864985 2019345 1927370 1938405 1850181 1875870 2023020 1982555 1953123 1905338 1942090 1923709 2111312 1931053 1931049 1787578 1967851 1920030 2030376 1964272 1802316 1931129 1931107 1971520 2008380 1905332 1978872 1927370 1890586 2000958 1960483 1857577 2011983 1912784 2026699 1901623 1931105 1938555 1901737 2078205 1931051 1897938 1945769 1945765 1982673 1916333 1864829 1964158 1931067 1920012 1864831 1978972 1927414 2048769 1898078 1817008 1886907 2037828 1920094 1791257 1835561 1886907 1901621 1978878 1850119 1967841 1975229 1927394 1953121 1883228 1986286 2008308 2015666 1761973 1809770 1942196 2026759 1857475 1905302 1824496 2059812 2078201 1776607 1912654 2041413 1839222 1953259 2195925 1971516 1897944 1978932 2092917 1857473 1887055 1820689 2015676 1953173 1890582 2059808 1920016 1894261 1875910 1850261 1805973 1908975 1934726 1894411 1975193 1912772 1997315 1934732 2041413 1809660 1923695 1883224 1905404 2019351 1986238 2004695 1945905 1879623 1967841 1857473 1967929 1898056 2019341 1964158 1883364 2011981 1956800 1761847 1975271 1931055 1938467 1868556]
Response/bytes (per Connection):  [2878694 2458111 2558318 2408097 2623345 2603299 2703498 2628349 2693511 2758590 2583310 2663409 2623428 2643354 2683422 2583264 2548238 2768555 2553237 2543241 2563355 2693425 2543223 2518196 2493146 2683408 2783569 2523234 2643406 2673408 2468143 2668430 2538237 2623423 2653378 2608312 2728519 2643369 2673445 2533312 2548219 2603308 2518217 2718486 2763545 2803580 2763582 2633365 2493270 2513181 2543214 2703464 2653466 2458099 2633341 2873692 2688406 2663380 2708525 2623398 2628414 2783568 2723545 2693478 2683456 2518305 2778570 2683399 2613361 2528289 2603405 2568275 2663390 2533247 2568306 2638430 2778547 2598311 2593321 2443108 2743493 2698426 2503183 2483251 2337965 2628360 2658379 2753581 2728518 2448202 2673396 2483245 2528247 2483161 2773535 2708442 2628334 2733495 2623433 2728482 2678435 2613311 2913734 2908728 2658410 2813658 2633332 2508220 2678500 2503205 2703433 2563254 2703448 2758513 2608361 2418163 2673392 2748581 2693472 2568316 2738481 2768532 2723491 2673465 2448133 2753551 2598318 2663465 2618366 2588276 2423100 2568338 2593339 2778543 2613421 2828618 2513175 2698483 2788569 2548265 2513176 2708457 2628403 2733477 2628432 2618328 2773618 2603384 2663409 2843665 2508278 2523297 2633369 2693425 2473227 2317951 2523277 2713533 2413072 2688467 2503280 2388045 2583277 2358096 2508207 2538321 2748500 2623371 2638355 2518279 2553232 2753517 2698424 2658384 2593362 2643369 2618347 2873689 2628338 2628340 2433104 2678426 2613372 2763520 2673479 2453113 2628432 2628411 2683410 2733523 2593355 2693455 2623345 2573280 2723491 2668399 2528276 2738498 2603390 2758524 2588281 2628408 2638454 2588380 2828606 2628329 2583279 2648378 2648414 2698517 2608352 2538263 2673432 2628391 2613325 2538262 2693509 2623395 2788592 2583369 2473163 2568259 2773593 2613410 2438077 2498265 2568247 2588280 2693424 2518176 2678399 2688472 2623351 2658385 2563246 2703507 2733479 2743495 2398145 2463223 2643450 2758576 2528203 2593286 2483252 2803580 2828642 2418088 2603307 2778581 2503279 2658474 2988844 2683438 2583268 2693497 2848642 2528248 2568359 2478125 2743530 2658411 2573264 2803592 2613333 2578307 2553268 2518285 2458097 2598300 2633352 2578370 2688438 2603384 2718496 2633337 2778541 2463160 2618344 2563254 2593391 2748537 2703455 2728545 2648462 2558344 2678407 2528198 2678491 2583356 2748528 2673440 2563342 2738499 2663390 2398074 2688463 2628351 2638394 2543300]
Requests Number (per Connection):  [575 491 511 481 524 520 540 525 538 551 516 532 524 528 536 516 509 553 510 508 512 538 508 503 498 536 556 504 528 534 493 533 507 524 530 521 545 528 534 506 509 520 503 543 552 560 552 526 498 502 508 540 530 491 526 574 537 532 541 524 525 556 544 538 536 503 555 536 522 505 520 513 532 506 513 527 555 519 518 488 548 539 500 496 467 525 531 550 545 489 534 496 505 496 554 541 525 546 524 545 535 522 582 581 531 562 526 501 535 500 540 512 540 551 521 483 534 549 538 513 547 553 544 534 489 550 519 532 523 517 484 513 518 555 522 565 502 539 557 509 502 541 525 546 525 523 554 520 532 568 501 504 526 538 494 463 504 542 482 537 500 477 516 471 501 507 549 524 527 503 510 550 539 531 518 528 523 574 525 525 486 535 522 552 534 490 525 525 536 546 518 538 524 514 544 533 505 547 520 551 517 525 527 517 565 525 516 529 529 539 521 507 534 525 522 507 538 524 557 516 494 513 554 522 487 499 513 517 538 503 535 537 524 531 512 540 546 548 479 492 528 551 505 518 496 560 565 483 520 555 500 531 597 536 516 538 569 505 513 495 548 531 514 560 522 515 510 503 491 519 526 515 537 520 543 526 555 492 523 512 518 549 540 545 529 511 535 505 535 516 549 534 512 547 532 479 537 525 527 508]
Requests/sec:  9432.663916015625 KB
Transfer/sec:  22271.330517578124 KB

