2023-12-05 15:28:53.433468227 +0800 CST m=+11283.940776083
Running 1m0s myx-test @ https://192.168.12.127:6443/apis/apps/v1/namespaces/myx-test/statefulsets
3 connections
Requests/bytes (per Connection):  [31974042 30425980 29162644]
Response/bytes (per Connection):  [52569463 50024256 47947164]
Requests Number (per Connection):  [8200 7803 7479]
Requests/sec:  1490.2777669270833 KB
Transfer/sec:  3940.487451171875 KB

2023-12-05 15:30:33.600689612 +0800 CST m=+11384.107997489
Running 1m0s myx-test @ https://192.168.12.127:6443/apis/apps/v1/namespaces/myx-test/statefulsets
6 connections
Requests/bytes (per Connection):  [27298766 29322456 29353640 26468322 26557962 27244220]
Response/bytes (per Connection):  [44882711 48209924 48261196 43517339 43664725 44793024]
Requests Number (per Connection):  [7001 7520 7528 6788 6811 6987]
Requests/sec:  2705.81650390625 KB
Transfer/sec:  7154.529378255208 KB

2023-12-05 15:32:13.776381317 +0800 CST m=+11484.283689182
Running 1m0s myx-test @ https://192.168.12.127:6443/apis/apps/v1/namespaces/myx-test/statefulsets
9 connections
Requests/bytes (per Connection):  [24409468 26265430 23364418 24475732 23224008 24596578 26210864 23415088 26140670]
Response/bytes (per Connection):  [40132322 43183777 38414131 40241272 38183284 40439963 43094060 38497442 42978653]
Requests Number (per Connection):  [6260 6736 5992 6277 5956 6308 6722 6005 6704]
Requests/sec:  3614.9455729166666 KB
Transfer/sec:  9558.384765625 KB

2023-12-05 15:33:53.961000919 +0800 CST m=+11584.468308777
Running 1m0s myx-test @ https://192.168.12.127:6443/apis/apps/v1/namespaces/myx-test/statefulsets
15 connections
Requests/bytes (per Connection):  [19866762 17792390 19831690 20007116 19726372 19235052 20124070 19262368 17870264 19383344 17948382 19285692 19371486 17862474 17905478]
Response/bytes (per Connection):  [32663533 29252991 32605867 32894296 32432716 31624924 33086587 31669832 29381042 31868718 29509459 31708190 31849245 29368233 29438921]
Requests Number (per Connection):  [5095 4563 5086 5131 5059 4933 5161 4940 4583 4971 4603 4946 4968 4581 4592]
Requests/sec:  4646.369466145833 KB
Transfer/sec:  12285.603743489582 KB

2023-12-05 15:35:34.176243724 +0800 CST m=+11684.683551581
Running 1m0s myx-test @ https://192.168.12.127:6443/apis/apps/v1/namespaces/myx-test/statefulsets
30 connections
Requests/bytes (per Connection):  [10422724 11128444 11124688 10960822 11124540 11210326 11202528 11214338 11358520 11350848 11116762 11140224 11136284 10134196 11237626 11140286 11233766 11050470 11062290 10399326 10364228 10344732 10496838 10317430 10278536 10298048 11140288 11031092 11167428 10251238]
Response/bytes (per Connection):  [17136312 18296614 18290418 18021015 18290196 18431239 18418418 18437819 18674886 18662254 18277405 18315970 18309498 16661932 18476123 18316063 18469771 18168413 18187829 17097843 17040138 17008084 17258161 16963197 16899236 16931314 18316066 18136536 18360710 16854355]
Requests Number (per Connection):  [2673 2854 2853 2811 2853 2875 2873 2876 2913 2911 2851 2857 2856 2599 2882 2857 2881 2834 2837 2667 2658 2653 2692 2646 2636 2641 2857 2829 2864 2629]
Requests/sec:  5313.132584635417 KB
Transfer/sec:  14048.611344401043 KB

2023-12-05 15:37:14.363675398 +0800 CST m=+11784.870983251
Running 1m0s myx-test @ https://192.168.12.127:6443/apis/apps/v1/namespaces/myx-test/statefulsets
60 connections
Requests/bytes (per Connection):  [6667744 6184286 6726198 6960182 6628716 6562406 6640450 6753492 6527306 6511840 6683384 6164720 7049864 6258314 6640428 6620902 6831584 6741934 6737976 6858788 6250420 6535106 6675608 6683300 6059490 6601402 6312966 6694996 6683428 6757396 6535106 6574238 6543064 6613180 6250560 6363602 6215478 6550724 6188184 6125688 6675550 6691188 6129654 6769092 6687294 6250528 6320752 5954194 6644458 6535158 6422012 6000944 6238834 6554720 6453368 6909512 6324674 6671730 6289576 6539046]
Response/bytes (per Connection):  [10962636 10167761 11058747 11443443 10898474 10789455 10917761 11103622 10731747 10706300 10988344 10135602 11590892 10289481 10917728 10885629 11232000 11084599 11078100 11276740 10276516 10744571 10975556 10988218 9962583 10853569 10379327 11007448 10988410 11110040 10744571 10808889 10757632 10872922 10276726 10462587 10219045 10770246 10174170 10071434 10975469 11001174 10077945 11129270 10994771 10276678 10392130 9789465 10924335 10744649 10558632 9866334 10257451 10776802 10610162 11360132 10398575 10969177 10340870 10751043]
Requests Number (per Connection):  [1710 1586 1725 1785 1700 1683 1703 1732 1674 1670 1714 1581 1808 1605 1703 1698 1752 1729 1728 1759 1603 1676 1712 1714 1554 1693 1619 1717 1714 1733 1676 1686 1678 1696 1603 1632 1594 1680 1587 1571 1712 1716 1572 1736 1715 1603 1621 1527 1704 1676 1647 1539 1600 1681 1655 1772 1622 1711 1613 1677]
Requests/sec:  6364.367415364583 KB
Transfer/sec:  16828.211572265624 KB

2023-12-05 15:38:54.543411227 +0800 CST m=+11885.050719119
Running 1m0s myx-test @ https://192.168.12.127:6443/apis/apps/v1/namespaces/myx-test/statefulsets
90 connections
Requests/bytes (per Connection):  [4815614 4913104 5135322 4651820 5217140 4698618 4924804 4644022 4819514 4722018 4511428 5076800 4698618 5022144 5022304 4967706 4589424 5088598 4655732 4956004 5073002 4745418 4924808 4776616 4846726 4971608 4577758 4815574 4784404 4589424 4889710 4686920 5065198 4651822 4975506 5002804 4877910 4581624 4967694 4839014 4757118 4585572 4924770 5076898 4608922 4866312 5100170 4772668 4823414 4998802 5073000 4632322 5080798 4885806 4679120 5030100 4624524 4909208 4916974 4835112 4870210 5018400 4694712 4764916 4698618 4893510 4835040 5127596 4885806 4562126 4706418 4651822 5045642 4690814 5092486 5080720 4698610 5146936 4690820 4835108 4519228 4538730 5069102 4838950 5026178 5131434 5068984 4846748 4725918 5123568]
Response/bytes (per Connection):  [7917491 8077776 8443137 7648196 8577666 7725137 8097012 7635375 7923903 7763609 7417376 8346924 7725137 8257072 8257312 8167547 7545610 8366307 7654626 8148308 8340665 7802081 8097018 7853374 7968655 8173962 7526425 7917431 7866180 7545610 8039313 7705904 8327835 7648199 8180371 8225252 8019927 7532786 8167529 7955963 7821317 7539270 8096961 8347071 7577667 8000844 8385351 7846890 7930315 8218687 8340662 7616139 8353483 8032895 7693080 8270130 7603318 8071370 8084143 7949548 8007253 8250894 7718716 7834138 7725137 8045575 7949440 8430424 8032895 7500729 7737961 7648199 8295691 7712307 8372701 8353366 7725125 8462244 7712316 7949542 7430200 7462263 8334253 7955867 8263685 8436743 8334076 7968688 7770021 8423820]
Requests Number (per Connection):  [1235 1260 1317 1193 1338 1205 1263 1191 1236 1211 1157 1302 1205 1288 1288 1274 1177 1305 1194 1271 1301 1217 1263 1225 1243 1275 1174 1235 1227 1177 1254 1202 1299 1193 1276 1283 1251 1175 1274 1241 1220 1176 1263 1302 1182 1248 1308 1224 1237 1282 1301 1188 1303 1253 1200 1290 1186 1259 1261 1240 1249 1287 1204 1222 1205 1255 1240 1315 1253 1170 1207 1193 1294 1203 1306 1303 1205 1320 1203 1240 1159 1164 1300 1241 1289 1316 1300 1243 1212 1314]
Requests/sec:  7109.94521484375 KB
Transfer/sec:  18799.616617838543 KB

2023-12-05 15:40:34.715167549 +0800 CST m=+11985.222475416
Running 1m0s myx-test @ https://192.168.12.127:6443/apis/apps/v1/namespaces/myx-test/statefulsets
150 connections
Requests/bytes (per Connection):  [3310448 3212954 3244258 2975226 3025882 3162256 3150668 3290950 3150604 3095962 3061004 3197360 3135114 3322150 3392344 3076464 3092064 3251984 3189696 3244200 3263772 3103762 3029666 3302650 2928290 3162260 2994568 3189676 3220786 3170206 3033650 3345550 2994606 3302650 3049324 3127160 3283154 3255856 3209152 2928348 3216880 3212954 3037466 3138890 3291046 3310454 3150632 3018064 3216852 3103888 3033566 3212958 3220814 3049280 3088164 2959586 3170112 3123262 3177860 3166186 3341648 3189554 3033724 3337752 3111562 3100002 3220758 3154460 3080522 3162314 2982964 3142884 3084276 3259756 3454742 3205154 3322228 3357250 3068822 3298754 3088164 3298852 2955576 3248054 3033632 3213066 3170160 2944000 3236442 3111562 3185660 3080390 3068664 3057088 2916572 3212956 3236396 3064842 3228668 3236356 3072564 3022026 3252050 3279354 3088282 3197418 3173982 3103904 3084264 3080516 3095962 3096016 3080484 3084412 3060982 3154508 3170102 3162260 3166160 3099858 3193582 3131062 3244152 3224706 3033568 3107816 3002450 3021920 3142756 3177856 3049188 2982894 3189554 3068664 3142804 3185804 3096020 3119362 2975100 3100020 3123258 3092148 3115462 3131188 3216940 3314400 3119362 3045424 3298754 3135000]
Response/bytes (per Connection):  [5442810 5282519 5333971 4891645 4974935 5199166 5180098 5410753 5180002 5090171 5032676 5256880 5154519 5462049 5577456 5058114 5083762 5346684 5244260 5333884 5366052 5102995 4981173 5429989 4814497 5199172 4923468 5244230 5295391 5212215 4987711 5500521 4923525 5429989 5013470 5141464 5397935 5353054 5276254 4814584 5288970 5282519 4993997 5160745 5410897 5442819 5180044 4962084 5288928 5103184 4987585 5282525 5295433 5013404 5077350 4865937 5212074 5135055 5224820 5205623 5494106 5244047 4987822 5487700 5115819 5096793 5295349 5186348 5064763 5199253 4904376 5167298 5070956 5359466 5680045 5269695 5462166 5519757 5045527 5423583 5077350 5423730 4859360 5340227 4987684 5282687 5212146 4840310 5321123 5115819 5237644 5064565 5045290 5026240 4795234 5282522 5321054 5038995 5308338 5320994 5051702 4968589 5346783 5391673 5077527 5256967 5218441 5103208 5070938 5064754 5090171 5090252 5064706 5071160 5032643 5186420 5212059 5199172 5205584 5096577 5250651 5147879 5333812 5301833 4987588 5109638 4936415 4968430 5167106 5224814 5013266 4904271 5244047 5045290 5167178 5237860 5090258 5128643 4891456 5096820 5135049 5083888 5122231 5148068 5289060 5449300 5128643 5007058 5423583 5154348]
Requests Number (per Connection):  [849 824 832 763 776 811 808 844 808 794 785 820 804 852 870 789 793 834 818 832 837 796 777 847 751 811 768 818 826 813 778 858 768 847 782 802 842 835 823 751 825 824 779 805 844 849 808 774 825 796 778 824 826 782 792 759 813 801 815 812 857 818 778 856 798 795 826 809 790 811 765 806 791 836 886 822 852 861 787 846 792 846 758 833 778 824 813 755 830 798 817 790 787 784 748 824 830 786 828 830 788 775 834 841 792 820 814 796 791 790 794 794 790 791 785 809 813 811 812 795 819 803 832 827 778 797 770 775 806 815 782 765 818 787 806 817 794 800 763 795 801 793 799 803 825 850 800 781 846 804]
Requests/sec:  7685.190950520833 KB
Transfer/sec:  20320.640592447915 KB

2023-12-05 15:42:14.909155238 +0800 CST m=+12085.416463097
Running 1m0s myx-test @ https://192.168.12.127:6443/apis/apps/v1/namespaces/myx-test/statefulsets
300 connections
Requests/bytes (per Connection):  [1622032 1427164 1485572 1454322 1427128 1548058 1446668 1586974 1559706 1431012 1470000 1423268 1497360 1473966 1427168 1637676 1536236 1376400 1446590 1446634 1563658 1419368 1532458 1392070 1423264 1434966 1458366 1505084 1458354 1528560 1419268 1454466 1512960 1423264 1477844 1473962 1532322 1415464 1544020 1544158 1462262 1470066 1512812 1571462 1520746 1590958 1364674 1470062 1423268 1442766 1505160 1501158 1532388 1466162 1427164 1466046 1458228 1653282 1505126 1470062 1501260 1512874 1528564 1520760 1481670 1528560 1485590 1380370 1571456 1551958 1454320 1493462 1501236 1621996 1384270 1575356 1458358 1544160 1610454 1497298 1610456 1423258 1586904 1587056 1567498 1512802 1551962 1528478 1583066 1575326 1314074 1524560 1505128 1380318 1536360 1399752 1563540 1353072 1579256 1247736 1563656 1653194 1481610 1524664 1407666 1555838 1497336 1458366 1442768 1380370 1594704 1458368 1423144 1548058 1532458 1446666 1345184 1555768 1621998 1692352 1540100 1388144 1434964 1559750 1466156 1466038 1501264 1450566 1606556 1629798 1493312 1384160 1493388 1540260 1462242 1676752 1544066 1360862 1493376 1489520 1598724 1555738 1458366 1430962 1532458 1524632 1450564 1551958 1505166 1563656 1528432 1532348 1407546 1512960 1645396 1442746 1481752 1317974 1395874 1555858 1524604 1508944 1579244 1547900 1493354 1606442 1446664 1407670 1419328 1485664 1431068 1403648 1497332 1590800 1575296 1434868 1485578 1637754 1438868 1497360 1544138 1536282 1423268 1692350 1551962 1563500 1403764 1664896 1501266 1470066 1532460 1505160 1524664 1590842 1559674 1544072 1485522 1485598 1485660 1516816 1473962 1438864 1598712 1391992 1548060 1567558 1473868 1559634 1551962 1532380 1501266 1579128 1423264 1497364 1509060 1411544 1512840 1477866 1536262 1555810 1528558 1368670 1360814 1559758 1473962 1403768 1364758 1571458 1524512 1629866 1415468 1509062 1563532 1555816 1462134 1341298 1462184 1384270 1551906 1661154 1458362 1594758 1380268 1493416 1372570 1524664 1567414 1403770 1462226 1509062 1547958 1540234 1544002 1594698 1536358 1512960 1434886 1551902 1559600 1586976 1481762 1532450 1493466 1582998 1442688 1477862 1501264 1633806 1536266 1512964 1407614 1372570 1555750 1450564 1368668 1497298 1446618 1645504 1450500 1470016 1388170 1466166 1473900 1466166 1575218 1544160 1458368 1376470 1462262 1567562 1423178 1423226 1489474 1551860 1485664 1431064 1505160 1392066 1415452 1497246]
Response/bytes (per Connection):  [2666840 2346438 2442480 2391109 2346384 2545201 2378504 2609195 2564359 2352772 2416874 2340032 2461848 2423385 2346444 2692554 2525782 2262986 2378387 2378453 2570849 2333620 2519553 2288739 2340026 2359265 2397737 2474558 2397719 2513144 2333470 2391325 2487496 2340026 2429764 2423379 2519349 2327202 2538582 2538789 2404143 2416973 2487274 2583679 2500299 2615733 2243711 2416967 2340032 2372089 2474672 2468107 2519448 2410555 2346438 2410381 2397530 2718211 2474621 2416967 2468260 2487367 2513150 2500320 2436065 2513144 2442507 2269503 2583670 2551613 2391106 2455439 2468224 2666786 2275915 2590082 2397725 2538792 2647787 2461755 2647790 2340017 2609090 2609318 2577171 2487259 2551619 2513021 2602771 2590037 2160505 2506582 2474624 2269425 2525968 2301386 2570672 2224622 2596494 2051444 2570846 2718079 2435975 2506738 2314381 2557995 2461812 2397737 2372092 2269503 2621914 2397740 2339846 2545201 2519553 2378501 2211666 2557890 2666789 2782436 2532140 2282288 2359262 2564425 2410546 2410369 2468266 2384913 2641378 2679613 2455214 2275750 2455328 2532380 2404113 2756788 2538651 2237431 2455310 2448964 2628506 2557845 2397737 2352697 2519553 2506690 2384910 2551613 2474681 2570846 2512952 2519388 2314201 2487496 2705258 2372059 2436188 2166917 2295007 2558025 2506648 2480910 2596476 2544964 2455277 2641207 2378498 2314387 2333560 2442618 2352856 2307792 2461806 2615496 2589992 2359118 2442489 2692671 2365680 2461848 2538759 2525851 2340032 2782433 2551619 2570612 2307966 2737318 2468269 2416973 2519556 2474672 2506738 2615559 2564311 2538660 2442405 2442519 2442612 2493842 2423379 2365674 2628488 2288622 2545204 2577261 2423238 2564251 2551619 2519436 2468269 2596302 2340026 2461854 2481084 2320760 2487316 2429797 2525821 2557953 2513141 2250267 2237359 2564437 2423379 2307972 2243837 2583673 2506510 2679715 2327208 2481087 2570660 2557962 2403951 2205275 2404026 2275915 2551535 2731143 2397731 2621995 2269350 2455370 2256679 2506738 2577045 2307975 2404089 2481087 2545051 2532341 2538555 2621905 2525965 2487496 2359145 2551529 2564200 2609198 2436203 2519541 2455445 2602669 2371972 2429791 2468266 2686187 2525827 2487502 2314303 2256679 2557863 2384910 2250264 2461755 2378429 2705420 2384814 2416898 2282327 2410561 2423286 2410561 2589875 2538792 2397740 2263091 2404143 2577267 2339897 2339969 2448895 2551466 2442618 2352850 2474672 2288733 2327184 2461677]
Requests Number (per Connection):  [416 366 381 373 366 397 371 407 400 367 377 365 384 378 366 420 394 353 371 371 401 364 393 357 365 368 374 386 374 392 364 373 388 365 379 378 393 363 396 396 375 377 388 403 390 408 350 377 365 370 386 385 393 376 366 376 374 424 386 377 385 388 392 390 380 392 381 354 403 398 373 383 385 416 355 404 374 396 413 384 413 365 407 407 402 388 398 392 406 404 337 391 386 354 394 359 401 347 405 320 401 424 380 391 361 399 384 374 370 354 409 374 365 397 393 371 345 399 416 434 395 356 368 400 376 376 385 372 412 418 383 355 383 395 375 430 396 349 383 382 410 399 374 367 393 391 372 398 386 401 392 393 361 388 422 370 380 338 358 399 391 387 405 397 383 412 371 361 364 381 367 360 384 408 404 368 381 420 369 384 396 394 365 434 398 401 360 427 385 377 393 386 391 408 400 396 381 381 381 389 378 369 410 357 397 402 378 400 398 393 385 405 365 384 387 362 388 379 394 399 392 351 349 400 378 360 350 403 391 418 363 387 401 399 375 344 375 355 398 426 374 409 354 383 352 391 402 360 375 387 397 395 396 409 394 388 368 398 400 407 380 393 383 406 370 379 385 419 394 388 361 352 399 372 351 384 371 422 372 377 356 376 378 376 404 396 374 353 375 402 365 365 382 398 381 367 386 357 363 384]
Requests/sec:  7311.247102864583 KB
Transfer/sec:  19331.88605143229 KB

