2023-12-27 07:43:21.343282237 +0000 UTC m=+64452.554717975
Running 44.812952932s myx-test @ https://192.168.12.127:6443/api/v1/namespaces/myx-test/secrets
3 connections
Requests/bytes (per Connection):  [1287690 1287690 1287690]
Response/bytes (per Connection):  [604890 604890 604890]
Requests Number (per Connection):  [1200 1200 1200]
Requests/sec:  84.18390331472924 KB
Transfer/sec:  123.72913646560139 KB

2023-12-27 07:51:19.331650043 +0000 UTC m=+64930.543085793
Running 57.602106111s myx-test @ https://192.168.12.127:6443/api/v1/namespaces/myx-test/secrets
6 connections
Requests/bytes (per Connection):  [1287690 1287690 1287690 1287690 1287690 1287690]
Response/bytes (per Connection):  [604890 604890 604890 604890 604890 604890]
Requests Number (per Connection):  [1200 1200 1200 1200 1200 1200]
Requests/sec:  130.98581116479622 KB
Transfer/sec:  192.51615411649544 KB

2023-12-27 08:21:48.499008712 +0000 UTC m=+66759.710444490
Running 23m28.896618636s myx-test @ https://192.168.12.127:6443/api/v1/namespaces/myx-test/secrets
9 connections
Requests/bytes (per Connection):  [1286616 1286616 1286616 1286616 1286616 1286616 1286616 1286616 1286616]
Response/bytes (per Connection):  [604385 604385 604385 604385 604385 604385 604385 604385 604385]
Requests Number (per Connection):  [1199 1199 1199 1199 1199 1199 1199 1199 1199]
Requests/sec:  8.026244287851153 KB
Transfer/sec:  11.796554663217943 KB

2023-12-27 09:49:46.194294239 +0000 UTC m=+72037.405729998
Running 42m1.690670656s myx-test @ https://192.168.12.127:6443/api/v1/namespaces/myx-test/secrets
15 connections
Requests/bytes (per Connection):  [1286616 1286616 1286616 1286616 1287690 1286616 1286616 1286616 1286616 1286616 1287815 1287815 1287815 1288890 1287815]
Response/bytes (per Connection):  [642267 642126 642264 641942 642586 642627 641854 642126 642446 641895 644206 644156 644064 644574 644202]
Requests Number (per Connection):  [1199 1199 1199 1199 1200 1199 1199 1199 1199 1199 1199 1199 1199 1200 1199]
Requests/sec:  7.477073777092192 KB
Transfer/sec:  11.211599762187602 KB

2023-12-27 12:43:46.163722957 +0000 UTC m=+82477.375158701
Running 1h25m1.564610515s myx-test @ https://192.168.12.127:6443/api/v1/namespaces/myx-test/secrets
30 connections
Requests/bytes (per Connection):  [1287690 1287690 1287690 1287690 1287690 1287690 1287690 1287690 1287690 1287690 1288890 1288890 1288890 1288890 1288890 1288890 1288890 1288890 1288890 1288890 1288890 1288890 1288890 1286740 1286740 1288890 1288890 1286740 1288890 1286740]
Response/bytes (per Connection):  [650209 650483 650026 649981 650165 650390 650117 650077 650025 650347 652410 652643 652552 652316 652412 652648 652506 652225 652456 652455 652226 652132 652502 651723 651306 652459 652412 651027 652229 651488]
Requests Number (per Connection):  [1200 1200 1200 1200 1200 1200 1200 1200 1200 1200 1200 1200 1200 1200 1200 1200 1200 1200 1200 1200 1200 1200 1200 1198 1198 1200 1200 1198 1200 1198]
Requests/sec:  7.397795561279804 KB
Transfer/sec:  11.139361203287931 KB

2023-12-27 13:36:28.54675679 +0000 UTC m=+85639.758192535
Running 36.323015159s myx-test @ https://192.168.12.127:6443/api/v1/namespaces/myx-test/secrets
60 connections
Requests/bytes (per Connection):  [1287690 1287690 1287690 1287690 1287690 1287690 1287690 1287690 1287690 1287690 1288890 1288890 1288890 1288890 1288890 1288890 1288890 1288890 1288890 1288890 1288890 1288890 1288890 1288890 1288890 1288890 1288890 1288890 1288890 1288890 1288890 1288890 1288890 1288890 1288890 1288890 1288890 1288890 1288890 1288890 1288890 1288890 1288890 1288890 1288890 1288890 1288890 1288890 1288890 1288890 1288890 1288890 1288890 1288890 1288890 1288890 1288890 1288890 1288890 1288890]
Response/bytes (per Connection):  [654254 654114 654383 654521 654385 653755 654074 654161 654114 653883 656271 655764 656270 656223 656357 656228 656360 656134 656036 656543 656130 656492 656454 656181 656402 656038 656265 656127 656313 656500 656543 656265 656270 656454 656274 656316 656227 656181 656226 656179 656315 656177 656405 656728 656410 656543 656454 656315 656225 656362 656406 656407 656453 656407 656265 656453 656684 656042 656128 656223]
Requests Number (per Connection):  [1200 1200 1200 1200 1200 1200 1200 1200 1200 1200 1200 1200 1200 1200 1200 1200 1200 1200 1200 1200 1200 1200 1200 1200 1200 1200 1200 1200 1200 1200 1200 1200 1200 1200 1200 1200 1200 1200 1200 1200 1200 1200 1200 1200 1200 1200 1200 1200 1200 1200 1200 1200 1200 1200 1200 1200 1200 1200 1200 1200]
Requests/sec:  2078.8246613604865 KB
Transfer/sec:  3136.9592222461706 KB

