2023-12-04 17:03:51.32588212 +0800 CST m=+8932.169466324
Running 1m0s myx-test @ https://192.168.12.127:6443/api/v1/namespaces/myx-test/configmaps
3 connections
Requests/bytes (per Connection):  [35713355 37443028 34505830]
Response/bytes (per Connection):  [51538616 54034713 49796049]
Requests Number (per Connection):  [3283 3442 3172]
Requests/sec:  1752.3146647135416 KB
Transfer/sec:  4281.113134765625 KB

2023-12-04 17:05:31.773473497 +0800 CST m=+9032.617057685
Running 1m0s myx-test @ https://192.168.12.127:6443/api/v1/namespaces/myx-test/configmaps
6 connections
Requests/bytes (per Connection):  [33646527 32765328 32362831 32308440 33679168 32787102]
Response/bytes (per Connection):  [48555897 47284278 46703428 46624935 48602996 47315684]
Requests Number (per Connection):  [3093 3012 2975 2970 3096 3014]
Requests/sec:  3215.322200520833 KB
Transfer/sec:  7855.413639322916 KB

2023-12-04 17:07:12.244054873 +0800 CST m=+9133.087639045
Running 1m0s myx-test @ https://192.168.12.127:6443/api/v1/namespaces/myx-test/configmaps
9 connections
Requests/bytes (per Connection):  [25346334 25030841 24878697 25716208 26075203 24987325 24671998 25781480 25074441]
Response/bytes (per Connection):  [36577802 36122530 35902825 37111562 37629623 36059734 35604545 37205755 36185368]
Requests Number (per Connection):  [2330 2301 2287 2364 2397 2297 2268 2370 2305]
Requests/sec:  3703.817171223958 KB
Transfer/sec:  9048.865087890625 KB

2023-12-04 17:08:52.710729332 +0800 CST m=+9233.554313514
Running 1m0s myx-test @ https://192.168.12.127:6443/api/v1/namespaces/myx-test/configmaps
15 connections
Requests/bytes (per Connection):  [14652965 14152677 14892277 14935855 15131771 14576794 15251426 14446260 14696603 14718217 14228830 14304821 14326737 14239561 15370943]
Response/bytes (per Connection):  [21146029 20423948 21491394 21554221 21836850 21036127 22009532 20847746 21208886 21240212 20533841 20643653 20675130 20549466 22182145]
Requests Number (per Connection):  [1347 1301 1369 1373 1391 1340 1402 1328 1351 1353 1308 1315 1317 1309 1413]
Requests/sec:  3579.520458984375 KB
Transfer/sec:  8745.197216796874 KB

2023-12-04 17:10:33.241546566 +0800 CST m=+9334.085130733
Running 1m0s myx-test @ https://192.168.12.127:6443/api/v1/namespaces/myx-test/configmaps
30 connections
Requests/bytes (per Connection):  [7701752 7680110 7658352 7440782 7701872 7495163 7712747 7440680 7745334 7734361 7440776 7244848 7560307 7712683 7538567 7723468 7484296 7919444 7723498 7582157 7723628 7223146 7397266 7723518 7832300 7843293 7658248 7299351 7560443 7723610]
Response/bytes (per Connection):  [11114602 11083262 11051864 10737889 11114662 10816377 11130359 10737838 11177431 11161685 10737886 10455251 10910506 11130327 10879117 11145979 10800684 11428638 11145994 10941950 11146059 10423881 10675093 11146004 11302990 11318746 11051812 10533800 10910574 11146050]
Requests Number (per Connection):  [708 706 704 684 708 689 709 684 712 711 684 666 695 709 693 710 688 728 710 697 710 664 680 710 720 721 704 671 695 710]
Requests/sec:  3714.6158854166665 KB
Transfer/sec:  9075.249186197916 KB

2023-12-04 17:12:13.719822056 +0800 CST m=+9434.563406223
Running 1m0s myx-test @ https://192.168.12.127:6443/api/v1/namespaces/myx-test/configmaps
60 connections
Requests/bytes (per Connection):  [4198926 4209929 4362091 4144603 4329596 4090268 4188177 4340415 4253395 4144629 4351362 4253291 4253291 4231691 4144573 4383995 4166419 4362213 4144607 4373088 4199000 4209933 4242570 4373080 4024860 4264326 4318577 4231679 4351358 4166347 4253449 4394726 4177300 4351358 4307842 4329450 4231695 4166419 4307794 4177144 4340479 4166275 4275211 4253449 4275199 4275179 4362235 4090270 4307844 4438262 4318595 4492783 4275209 4373020 4144663 4405753 4220812 4275211 4220692 4220778]
Response/bytes (per Connection):  [6059630 6075391 6295105 5981171 6248079 5902706 6043996 6263748 6138162 5981184 6279481 6138110 6138110 6106791 5981156 6326576 6012598 6295166 5981173 6310863 6059667 6075393 6122490 6310859 5808445 6153887 6232310 6106785 6279479 6012562 6138189 6342201 6028298 6279479 6216683 6248006 6106793 6012598 6216659 6028220 6263780 6012526 6169589 6138189 6169583 6169573 6295177 5902707 6216684 6405007 6232319 6483565 6169588 6310829 5981201 6357974 6091092 6169589 6091032 6091075]
Requests Number (per Connection):  [386 387 401 381 398 376 385 399 391 381 400 391 391 389 381 403 383 401 381 402 386 387 390 402 370 392 397 389 400 383 391 404 384 400 396 398 389 383 396 384 399 383 393 391 393 393 401 376 396 408 397 413 393 402 381 405 388 393 388 388]
Requests/sec:  4162.392333984375 KB
Transfer/sec:  10169.216520182292 KB

2023-12-04 17:13:54.253028287 +0800 CST m=+9535.096612456
Running 1m0s myx-test @ https://192.168.12.127:6443/api/v1/namespaces/myx-test/configmaps
90 connections
Requests/bytes (per Connection):  [3035067 3165583 3024190 3252601 3154712 3100297 3122081 3241722 3165571 3013293 3067660 2937116 3176450 3187327 3252601 3187329 3263480 3100297 3143813 3056783 3165571 3176466 3122083 3122055 3111204 3002394 3035041 3122055 3132934 3328742 3176450 3067660 3078573 3100329 3035025 3002388 3111178 3035025 3198218 3187329 3002436 3002388 3002388 3122081 3035067 3263480 3056783 2980632 3002388 3013297 3132938 3143813 3045924 3078541 3056823 3176450 3165573 3252601 3176466 3013315 3089418 3252601 3165571 3187327 3100329 3111176 2980634 3078541 3035025 2980632 3111176 2948037 3056783 3056783 3165571 3100299 3165571 3111204 2991559 3002390 2980652 3230845 3089418 3154692 3187329 3209091 3002412 2980630 3111176 3198206]
Response/bytes (per Connection):  [4379934 4568306 4364236 4693891 4552611 4474106 4505517 4678192 4568300 4348528 4427009 4238623 4583999 4599697 4693891 4599698 4709590 4474106 4536902 4411311 4568300 4584007 4505518 4505504 4489819 4332819 4379921 4505504 4521203 4803778 4583999 4427009 4442725 4474122 4379913 4332816 4489806 4379913 4615402 4599698 4332840 4332816 4332816 4505517 4379934 4709590 4411311 4301419 4332816 4348530 4521205 4536902 4395622 4442709 4411331 4583999 4568301 4693891 4584007 4348539 4458407 4693891 4568300 4599697 4474122 4489805 4301420 4442709 4379913 4301419 4489805 4254343 4411311 4411311 4568300 4474107 4568300 4489819 4317142 4332817 4301429 4662494 4458407 4552601 4599698 4631098 4332828 4301418 4489805 4615396]
Requests Number (per Connection):  [279 291 278 299 290 285 287 298 291 277 282 270 292 293 299 293 300 285 289 281 291 292 287 287 286 276 279 287 288 306 292 282 283 285 279 276 286 279 294 293 276 276 276 287 279 300 281 274 276 277 288 289 280 283 281 292 291 299 292 277 284 299 291 293 285 286 274 283 279 274 286 271 281 281 291 285 291 286 275 276 274 297 284 290 293 295 276 274 286 294]
Requests/sec:  4549.432861328125 KB
Transfer/sec:  11114.804443359375 KB

2023-12-04 17:15:34.837362929 +0800 CST m=+9635.680947098
Running 1m0s myx-test @ https://192.168.12.127:6443/api/v1/namespaces/myx-test/configmaps
150 connections
Requests/bytes (per Connection):  [2001640 2143015 1968903 2121365 2012435 2077725 1968905 2208315 2023400 2110328 2001600 2077693 2121261 1990819 2099451 2077693 1990813 2001542 1958184 1958090 2164881 2262630 2077773 2055935 2077703 1903633 2143037 2099531 2066900 2066814 1979942 1990661 2284386 2121243 2088572 2099609 2110418 1947191 2099449 2110472 2034267 2023442 2121207 2132168 2099609 2045128 2153922 2186541 2088674 2088570 1892752 2012425 2066828 2121207 2077691 2099485 2208237 2153844 2164855 2132146 2023392 2012573 2175602 1979782 2077693 2121313 2121255 2273569 2175602 1958174 2034317 2077849 2219116 2012419 2077791 2012541 1979928 2186477 2045162 2001552 1969047 2001542 1979900 2066890 2153840 2066814 2317175 2001542 2219276 2132164 2164725 2088572 2055935 2175760 1947229 2110376 2001694 2023450 2099445 2175602 1979792 2034335 2262754 2066814 2088696 2153982 2153844 2001698 1990663 2208239 2164861 2110324 1925389 2132086 2012577 1979864 2001540 2230097 1914620 2175744 2001686 2055965 2186533 2110432 2327978 2153846 1903631 2132088 1958026 1958038 2088570 1990819 2023422 2153972 1947231 2110328 2175602 2034213 2034335 2045056 2110330 2055935 2012421 2077785 1968921 2001596 2197358 1979784 1925515 2099451]
Response/bytes (per Connection):  [2888568 3092629 2841421 3061285 2904225 2998427 2841422 3186836 2919967 3045507 2888548 2998411 3061233 2872898 3029809 2998411 2872895 2888519 2825802 2825755 3124081 3265291 2998451 2967013 2998416 2747229 3092640 3029849 2982755 2982712 2857200 2872819 3296688 3061224 3014110 3029888 3045552 2810046 3029808 3045579 2935660 2919988 3061206 3076946 3029888 2951350 3108342 3155430 3014161 3014109 2731529 2904220 2982719 3061206 2998410 3029826 3186797 3108303 3124068 3076935 2919963 2904294 3139701 2857120 2998411 3061259 3061230 3281020 3139701 2825797 2935685 2998489 3202496 2904217 2998460 2904278 2857193 3155398 2951367 2888524 2841493 2888519 2857179 2982750 3108301 2982712 3343861 2888519 3202576 3076944 3124003 3014110 2967013 3139780 2810065 3045531 2888595 2919992 3029806 3139701 2857125 2935694 3265353 2982712 3014172 3108372 3108303 2888597 2872820 3186798 3124071 3045505 2778626 3076905 2904296 2857161 2888518 3218246 2762982 3139772 2888591 2967028 3155426 3045559 3359522 3108304 2747228 3076906 2825723 2825729 3014109 2872898 2919978 3108367 2810066 3045507 3139701 2935633 2935694 2951314 3045508 2967013 2904218 2998457 2841430 2888546 3171098 2857121 2778689 3029809]
Requests Number (per Connection):  [184 197 181 195 185 191 181 203 186 194 184 191 195 183 193 191 183 184 180 180 199 208 191 189 191 175 197 193 190 190 182 183 210 195 192 193 194 179 193 194 187 186 195 196 193 188 198 201 192 192 174 185 190 195 191 193 203 198 199 196 186 185 200 182 191 195 195 209 200 180 187 191 204 185 191 185 182 201 188 184 181 184 182 190 198 190 213 184 204 196 199 192 189 200 179 194 184 186 193 200 182 187 208 190 192 198 198 184 183 203 199 194 177 196 185 182 184 205 176 200 184 189 201 194 214 198 175 196 180 180 192 183 186 198 179 194 200 187 187 188 194 189 185 191 181 184 202 182 177 193]
Requests/sec:  5066.615006510417 KB
Transfer/sec:  12378.338069661459 KB

2023-12-04 17:17:15.484314999 +0800 CST m=+9736.327899171
Running 1m0s myx-test @ https://192.168.12.127:6443/api/v1/namespaces/myx-test/configmaps
300 connections
Requests/bytes (per Connection):  [1348964 1142213 1142233 1240024 1174880 1272661 1196666 1131328 1316175 1142211 1240182 1153080 1240034 1098757 1261780 1098757 1240104 1261802 1109636 1272817 1251061 1272817 1261940 1087748 1283674 1163929 1207387 1229303 1098757 1055085 1120487 1218424 1131236 1087878 1261810 1251059 1109640 1229303 1218388 1120465 1098729 1109586 1153150 1153094 1153152 1163877 1153150 1185731 1229303 1142271 1185787 1261782 1207425 1218416 1120463 1207545 1174910 1174750 1229183 1261782 1316313 1174890 1164029 1196666 1011727 1185633 1294455 1174806 1305454 1164035 1185787 1109504 1055227 1174806 1283586 1153150 1131394 1207545 1218282 1142271 1272819 1087734 1142273 1142271 1218424 1261938 1261838 1131258 1185705 1272817 1251061 1098669 1174760 1240182 1250967 1152998 1174770 1185629 1196624 1131394 1185787 1283576 1131356 1272817 1283692 1196582 1229191 1185747 1250913 1261940 1098699 1120411 1174788 1359705 1294417 1207387 1076885 1261908 1338091 1120513 1131282 1164031 1185641 1164031 1153100 1185693 1327208 1109584 1240182 1163883 1294575 1174908 1109530 1164029 1196540 1098677 1251051 1142271 1055155 1305454 1163903 1207545 1207545 1055203 1153018 1131394 1142115 1163919 1109636 1044312 1250993 1207545 1153044 1327088 1131382 1065972 1327190 1327212 1174908 1196666 1316325 1142253 1153152 1229275 1229303 1185731 1087814 1229213 1229187 1207519 1316285 1229189 1087806 1218424 1196666 1196508 1120459 1196508 1153130 1207387 1196666 1087878 1153152 1164033 1207545 1381605 1153092 1218312 1109636 1229303 1131392 1164001 1196588 1261922 1164029 1185765 1185639 1076999 1240176 1218304 1196666 1207387 1229285 1283538 1142273 989969 1087740 1131394 1153068 1076955 1164031 1142273 1316175 1272803 1229299 1185721 1022610 1294575 1348970 1011643 1142271 1164029 1305418 1185767 1185679 1153152 1272817 1251003 1207531 1250903 1229251 1098599 1109640 1120481 1098599 1185761 1218280 1305454 1153070 1229255 1196508 1240182 1164013 1294517 1218366 1164029 1185787 1229269 1185775 1185629 1229201 1131240 1327106 1185787 1261940 1294577 1185713 1196630 1131340 1174904 1272693 1240024 1098749 1359755 1261930 1272805 1240064 1174856 1076855 1163871 1272763 1250945 1207391 1066008 1163873 1185731 1251061 1283636 1316225 1196518 1240054 1218424 1142129 1207485 1120355 1294495 1305336 1327190 1261820 1218408 1153152 1131364 1174836 1207545 1109636 1163909 1164003 1218266 1098599 1066120]
Response/bytes (per Connection):  [1946660 1648354 1648364 1789595 1695466 1836692 1726878 1632652 1899487 1648353 1789674 1664047 1789600 1585588 1820992 1585588 1789635 1821003 1601287 1836770 1805373 1836770 1821072 1569824 1852458 1679731 1742498 1773975 1585588 1522714 1616972 1758276 1632606 1569889 1821007 1805372 1601289 1773975 1758258 1616961 1585574 1601262 1664082 1664054 1664083 1679705 1664082 1711151 1773975 1648383 1711179 1820993 1742517 1758272 1616960 1742577 1695481 1695401 1773915 1820993 1899556 1695471 1679781 1726878 1459997 1711102 1868108 1695429 1883867 1679784 1711179 1601221 1522785 1695429 1852414 1664082 1632685 1742577 1758205 1648383 1836771 1569817 1648384 1648383 1758276 1821071 1821021 1632617 1711138 1836770 1805373 1585544 1695406 1789674 1805326 1664006 1695411 1711100 1726857 1632685 1711179 1852409 1632666 1836770 1852467 1726836 1773919 1711159 1805299 1821072 1585559 1616934 1695420 1962290 1868089 1742498 1554133 1821056 1930964 1616985 1632629 1679782 1711106 1679782 1664057 1711132 1915263 1601261 1789674 1679708 1868168 1695480 1601234 1679781 1726815 1585548 1805368 1648383 1522749 1883867 1679718 1742577 1742577 1522773 1664016 1632685 1648305 1679726 1601287 1507068 1805339 1742577 1664029 1915203 1632679 1538417 1915254 1915265 1695480 1726878 1899562 1648374 1664083 1773961 1773975 1711151 1569857 1773930 1773917 1742564 1899542 1773918 1569853 1758276 1726878 1726799 1616958 1726799 1664072 1742498 1726878 1569889 1664083 1679783 1742577 1993759 1664053 1758220 1601287 1773975 1632684 1679767 1726839 1821063 1679781 1711168 1711105 1554190 1789671 1758216 1726878 1742498 1773966 1852390 1648384 1428599 1569820 1632685 1664041 1554168 1679782 1648384 1899487 1836763 1773973 1711146 1475698 1868168 1946663 1459955 1648383 1679781 1883849 1711169 1711125 1664083 1836770 1805344 1742570 1805294 1773949 1585509 1601289 1616969 1585509 1711166 1758204 1883867 1664042 1773951 1726799 1789674 1679773 1868139 1758247 1679781 1711179 1773958 1711173 1711100 1773924 1632608 1915212 1711179 1821072 1868169 1711142 1726860 1632658 1695478 1836708 1789595 1585584 1962315 1821067 1836764 1789615 1695454 1554118 1679702 1836743 1805315 1742500 1538435 1679703 1711151 1805373 1852439 1899512 1726804 1789610 1758276 1648312 1742547 1616906 1868128 1883808 1915254 1821012 1758268 1664083 1632670 1695444 1742577 1601287 1679721 1679768 1758197 1585509 1538491]
Requests Number (per Connection):  [124 105 105 114 108 117 110 104 121 105 114 106 114 101 116 101 114 116 102 117 115 117 116 100 118 107 111 113 101 97 103 112 104 100 116 115 102 113 112 103 101 102 106 106 106 107 106 109 113 105 109 116 111 112 103 111 108 108 113 116 121 108 107 110 93 109 119 108 120 107 109 102 97 108 118 106 104 111 112 105 117 100 105 105 112 116 116 104 109 117 115 101 108 114 115 106 108 109 110 104 109 118 104 117 118 110 113 109 115 116 101 103 108 125 119 111 99 116 123 103 104 107 109 107 106 109 122 102 114 107 119 108 102 107 110 101 115 105 97 120 107 111 111 97 106 104 105 107 102 96 115 111 106 122 104 98 122 122 108 110 121 105 106 113 113 109 100 113 113 111 121 113 100 112 110 110 103 110 106 111 110 100 106 107 111 127 106 112 102 113 104 107 110 116 107 109 109 99 114 112 110 111 113 118 105 91 100 104 106 99 107 105 121 117 113 109 94 119 124 93 105 107 120 109 109 106 117 115 111 115 113 101 102 103 101 109 112 120 106 113 110 114 107 119 112 107 109 113 109 109 113 104 122 109 116 119 109 110 104 108 117 114 101 125 116 117 114 108 99 107 117 115 111 98 107 109 115 118 121 110 114 112 105 111 103 119 120 122 116 112 106 104 108 111 102 107 107 112 101 98]
Requests/sec:  5821.56884765625 KB
Transfer/sec:  14222.788818359375 KB

