2023-12-05 08:33:41.069276711 +0800 CST m=+64721.912860881
Running 1m0s myx-test @ https://192.168.12.127:6443/apis/apps/v1/namespaces/myx-test/controllerrevisions
3 connections
Requests/bytes (per Connection):  [36941749 37105650 39968314]
Response/bytes (per Connection):  [53090624 53326167 57440248]
Requests Number (per Connection):  [3381 3396 3658]
Requests/sec:  1855.7244954427083 KB
Transfer/sec:  4522.668489583333 KB

2023-12-05 08:35:21.475658863 +0800 CST m=+64822.319243060
Running 1m0s myx-test @ https://192.168.12.127:6443/apis/apps/v1/namespaces/myx-test/controllerrevisions
6 connections
Requests/bytes (per Connection):  [26004504 25949905 25578377 26168407 26834942 26834942]
Response/bytes (per Connection):  [37372262 37293765 36759858 37607806 38565683 38565683]
Requests Number (per Connection):  [2380 2375 2341 2395 2456 2456]
Requests/sec:  2561.378206380208 KB
Transfer/sec:  6242.45009765625 KB

2023-12-05 08:37:01.913181324 +0800 CST m=+64922.756765530
Running 1m0s myx-test @ https://192.168.12.127:6443/apis/apps/v1/namespaces/myx-test/controllerrevisions
9 connections
Requests/bytes (per Connection):  [20016874 21011147 20344628 20738100 20366470 21251507 20683471 21185945 20879995]
Response/bytes (per Connection):  [28767201 30196132 29238263 29803621 29269663 30541581 29725109 30447363 30007682]
Requests Number (per Connection):  [1832 1923 1862 1898 1864 1945 1893 1939 1911]
Requests/sec:  3035.125927734375 KB
Transfer/sec:  7397.05 KB

2023-12-05 08:38:42.360415251 +0800 CST m=+65023.203999433
Running 1m0s myx-test @ https://192.168.12.127:6443/apis/apps/v1/namespaces/myx-test/controllerrevisions
15 connections
Requests/bytes (per Connection):  [13712405 13679610 13231715 13734345 13559505 13756199 13526734 13931027 13821699 13570446 13625079 13614138 13690535 13472039 13362791]
Response/bytes (per Connection):  [19706775 19659659 19015892 19738224 19486972 19769630 19439868 20020876 19863817 19502682 19581196 19565486 19675361 19361323 19204304]
Requests Number (per Connection):  [1255 1252 1211 1257 1241 1259 1238 1275 1265 1242 1247 1246 1253 1233 1223]
Requests/sec:  3325.004345703125 KB
Transfer/sec:  8103.521028645833 KB

2023-12-05 08:40:22.784853886 +0800 CST m=+65123.628438069
Running 1m0s myx-test @ https://192.168.12.127:6443/apis/apps/v1/namespaces/myx-test/controllerrevisions
30 connections
Requests/bytes (per Connection):  [7615571 7364326 7593803 7211264 7670290 7189510 7429864 7375267 7429898 7145808 7560988 7397125 7528195 7418929 7506393 7397125 7244147 7309639 7396991 7353405 7440829 7539168 7353417 7418975 7561024 7211370 7637511 7407908 7440703 7528247]
Response/bytes (per Connection):  [10944717 10583586 10913354 10363702 11023274 10332346 10677792 10599296 10677809 10269537 10866228 10630704 10819113 10662085 10787733 10630704 10410862 10505045 10630637 10567886 10693514 10834839 10567892 10662108 10866246 10363755 10976166 10646335 10693451 10819139]
Requests Number (per Connection):  [697 674 695 660 702 658 680 675 680 654 692 677 689 679 687 677 663 669 677 673 681 690 673 679 692 660 699 678 681 689]
Requests/sec:  3624.3113606770835 KB
Transfer/sec:  8832.967854817709 KB

2023-12-05 08:42:03.259330428 +0800 CST m=+65224.102914610
Running 1m0s myx-test @ https://192.168.12.127:6443/apis/apps/v1/namespaces/myx-test/controllerrevisions
60 connections
Requests/bytes (per Connection):  [4173874 4359631 4130134 4031827 4228445 4217500 4250209 4119245 4086462 4042654 4195728 4130048 4228437 4228449 4304856 4250363 4261288 4173828 4217586 4294061 4228493 4119203 4239436 4141095 4184801 4141041 4228485 4152016 4162829 4042752 4141017 4108314 4217498 4184805 4064552 4195698 4141095 4239320 4097363 4282986 4184743 4130172 4184801 4184741 3944291 4108166 4097277 4228353 4064606 4152026 3998996 4130168 4064610 4162843 4162809 3977070 4031763 4119197 4130168 4119215]
Response/bytes (per Connection):  [5998426 6265376 5935598 5794289 6076909 6061197 6108270 5919914 5872804 5809942 6029832 5935555 6076905 6076911 6186791 6108347 6124049 5998403 6061240 6171154 6076933 5919893 6092644 5951318 6014129 5951291 6076929 5967018 5982664 5809991 5951279 5904209 6061196 6014131 5841370 6029817 5951318 6092586 5888494 6155377 6014100 5935617 6014129 6014099 5668605 5904135 5888451 6076863 5841397 5967023 5747155 5935615 5841399 5982671 5982654 5715713 5794257 5919890 5935615 5919899]
Requests Number (per Connection):  [382 399 378 369 387 386 389 377 374 370 384 378 387 387 394 389 390 382 386 393 387 377 388 379 383 379 387 380 381 370 379 376 386 383 372 384 379 388 375 392 383 378 383 383 361 376 375 387 372 380 366 378 372 381 381 364 369 377 378 377]
Requests/sec:  4059.463525390625 KB
Transfer/sec:  9893.509521484375 KB

2023-12-05 08:43:43.799419313 +0800 CST m=+65324.643003488
Running 1m0s myx-test @ https://192.168.12.127:6443/apis/apps/v1/namespaces/myx-test/controllerrevisions
90 connections
Requests/bytes (per Connection):  [3004759 3048457 2808027 2993784 3015684 3157707 3245099 3037502 3135851 2895441 3081198 2982911 2950128 2971928 3048457 3048417 3059384 2971928 3026563 3103050 3048453 3026563 2950076 3037490 3103056 3070309 3092123 3146762 3037490 2993784 3004709 3015684 3113977 3070271 3081198 3092127 2950074 2950076 3048417 2961001 2895441 3026567 2895511 2993824 3037490 3015640 2928222 3114007 3081196 2906372 3004709 3015638 2993784 2884514 2993782 3146762 2971928 3059360 3092129 3092123 2982855 2982855 3037512 2906394 2939149 3168632 2982891 3037490 2862666 3048421 3059384 2982857 2862740 3103082 3026563 3092125 3059344 3059384 2982909 3048417 3081196 2917295 3081198 3059382 2917295 3113979 3070307 2950134 3081212 3004759]
Response/bytes (per Connection):  [4318242 4381049 4035565 4302515 4333944 4538069 4663681 4365332 4506662 4161188 4428138 4286839 4239729 4271108 4381049 4381029 4396752 4271108 4349623 4459543 4381047 4349623 4239703 4365326 4459546 4412454 4443840 4522357 4365326 4302515 4318217 4333944 4475246 4412435 4428138 4443842 4239702 4239703 4381029 4255405 4161188 4349625 4161223 4302535 4365326 4333922 4208297 4475261 4428137 4176893 4318217 4333921 4302515 4145485 4302514 4522357 4271108 4396740 4443843 4443840 4286811 4286811 4365337 4176904 4224000 4553771 4286829 4365326 4114082 4381031 4396752 4286812 4114119 4459559 4349623 4443841 4396732 4396752 4286838 4381029 4428137 4192594 4428138 4396751 4192594 4475247 4412453 4239732 4428145 4318242]
Requests Number (per Connection):  [275 279 257 274 276 289 297 278 287 265 282 273 270 272 279 279 280 272 277 284 279 277 270 278 284 281 283 288 278 274 275 276 285 281 282 283 270 270 279 271 265 277 265 274 278 276 268 285 282 266 275 276 274 264 274 288 272 280 283 283 273 273 278 266 269 290 273 278 262 279 280 273 262 284 277 283 280 280 273 279 282 267 282 280 267 285 281 270 282 275]
Requests/sec:  4427.593440755209 KB
Transfer/sec:  10790.687548828126 KB

2023-12-05 08:45:24.337914458 +0800 CST m=+65425.181498628
Running 1m0s myx-test @ https://192.168.12.127:6443/apis/apps/v1/namespaces/myx-test/controllerrevisions
150 connections
Requests/bytes (per Connection):  [2043243 1999445 2108823 2119798 1966666 2043265 2163442 2043311 2075932 2075946 2097788 2097946 1868391 2043207 2130567 2021395 2076064 2021457 2218071 1988520 1966806 2021395 2054128 2097922 1988634 2152579 1955897 2283557 2185304 1999545 2097824 2086873 2152421 1944946 2065125 1923032 1944812 1999487 2097926 2076040 1933885 2119718 1988660 2021457 1988652 2152543 2032238 2141606 2043153 1988678 2097788 2141652 2185202 2196253 2054238 2065165 2032262 2108715 2021299 2010492 2097846 2119640 2141552 2010430 2032228 2076036 2076040 1999447 1857554 2032226 2076004 2119636 1846479 2141526 1999593 2032300 2021349 2086887 2075938 2130663 2043153 2021301 2021445 1934023 1999605 2032226 2152497 2010372 2141584 1868481 1846581 2010462 1890335 2196125 1912033 2054130 1988678 2086901 2043153 2119776 2075976 2152579 2130699 1977631 1966746 2119642 2043237 2032232 2065101 2043153 2054108 1966762 2043255 1890189 1944812 1999447 1977751 2043153 2010522 2043295 2065113 2119642 2021299 2043153 2239977 2065063 2021457 1966678 2086977 2119640 2010470 2086975 2054082 2108755 2010416 1944842 2043225 1933885 2043157 1999541 2032300 1988678 2065007 1955793 2075966 1934017 1977593 1977741 1977681 2119642]
Response/bytes (per Connection):  [2936408 2873551 3030635 3046362 2826443 2936419 3109142 2936442 2983471 2983478 3014878 3014957 2685150 2936390 3061986 2905005 2983537 2905036 3187654 2857849 2826513 2905005 2952090 3014945 2857906 3093471 2810819 3281834 3140552 2873601 3014896 2999181 3093392 2795104 2967828 2763668 2795037 2873572 3014947 2983525 2779334 3046322 2857919 2905036 2857915 3093453 2920666 3077745 2936363 2857928 3014878 3077768 3140501 3156266 2952145 2967848 2920678 3030581 2904957 2889314 3014907 3046283 3077718 2889283 2920661 2983523 2983525 2873552 2669492 2920660 2983507 3046281 2653715 3077705 2873625 2920697 2904982 2999188 2983474 3062034 2936363 2904958 2905030 2779403 2873631 2920660 3093430 2889254 3077734 2685195 2653766 2889299 2716601 3156202 2747929 2952091 2857928 2999195 2936363 3046351 2983493 3093471 3062052 2842165 2826483 3046284 2936405 2920663 2967816 2936363 2952080 2826491 2936414 2716528 2795037 2873552 2842225 2936363 2889329 2936434 2967822 3046284 2904957 2936363 3219086 2967797 2905036 2826449 2999233 3046283 2889303 2999232 2952067 3030601 2889276 2795052 2936399 2779334 2936365 2873599 2920697 2857928 2967769 2810767 2983488 2779400 2842146 2842220 2842190 3046284]
Requests Number (per Connection):  [187 183 193 194 180 187 198 187 190 190 192 192 171 187 195 185 190 185 203 182 180 185 188 192 182 197 179 209 200 183 192 191 197 178 189 176 178 183 192 190 177 194 182 185 182 197 186 196 187 182 192 196 200 201 188 189 186 193 185 184 192 194 196 184 186 190 190 183 170 186 190 194 169 196 183 186 185 191 190 195 187 185 185 177 183 186 197 184 196 171 169 184 173 201 175 188 182 191 187 194 190 197 195 181 180 194 187 186 189 187 188 180 187 173 178 183 181 187 184 187 189 194 185 187 205 189 185 180 191 194 184 191 188 193 184 178 187 177 187 183 186 182 189 179 190 177 181 181 181 194]
Requests/sec:  4990.828059895834 KB
Transfer/sec:  12163.347037760417 KB

2023-12-05 08:47:04.937944059 +0800 CST m=+65525.781528230
Running 1m0s myx-test @ https://192.168.12.127:6443/apis/apps/v1/namespaces/myx-test/controllerrevisions
300 connections
Requests/bytes (per Connection):  [1212735 1289362 1212873 1212725 1147311 1311176 1125463 1289362 1256491 1125451 1311114 1158240 1332930 1212785 1354764 1387591 1158080 1267474 1256575 1147311 1256423 1223646 1147313 1201820 1147171 1343867 1212873 1278419 1201894 1037995 1201866 1190861 1158238 1190985 1278335 1212755 1201788 1038043 1136386 1147313 1158238 1311074 1234679 1212873 1245510 1190953 1136228 1158082 1147201 1136386 1223698 1190879 1322143 1267506 1180062 1267508 1125459 1245654 1169035 1201946 1201946 1343993 1245652 1278329 1147311 1169061 1201946 1223642 1136260 1092558 1365835 1059901 1136342 1169167 1267424 1234645 1289360 1136278 1234727 1081751 1158188 1387631 1223718 1223738 1256579 1212873 1409529 1311108 1289348 1191019 1136390 1289238 1343949 1300137 1322139 1180092 1059897 1125461 1256581 1114532 1289338 1147311 1136304 1332940 1278349 1191019 1169025 1300285 1136330 1267394 1267362 1245522 1169095 1333068 1333068 1190927 1278335 1234615 1180050 1289338 1201946 1245652 1201788 1114532 1300131 1169023 1212773 1234727 1322125 1267488 1223750 1190871 1223800 1147311 1136268 1322077 1147313 1147293 1114404 1223800 1180092 1234727 1070748 1333068 1147265 1201860 1212873 1158154 1201946 1311200 1245654 1289262 1234727 1234673 1179934 1201794 1201946 1223738 1136386 1212845 1180012 1289220 1180094 1289210 1059897 1169165 1212855 1245496 1147313 1169151 1190941 1289204 1190961 1289362 1223800 1256429 1191019 1278435 1212759 1191007 1300149 1267508 1343965 1267388 1201932 1311154 1180092 1147163 1212757 1147301 1169165 1191019 1190871 1147239 1103605 1267506 1212715 1278401 1179940 1212759 1332982 1180062 1365849 1223800 1190945 1191021 1180002 1212819 1136228 1136386 1365849 1256579 1245570 1147207 1212873 1092524 1180092 1245564 1201824 1212725 1114504 1092562 1147313 1267508 1201890 1191019 1256571 1343837 1223642 1103605 1180094 1201796 1092680 1212873 1169041 1136386 1300273 1256581 1343837 1147311 1212715 1125445 1190861 1147313 1256543 1147253 1169153 1223800 1321983 1212821 1343837 1190995 1256507 1114428 1212779 1245586 1201886 1267480 1256581 1234633 1256579 1267472 1278435 1300129 1191019 1212773 1158118 1223800 1256581 1212803 1223744 1212859 1103577 1256423 1147313 1245626 1158208 1245654 1136228 1278335 1267412 1245580 1169133 1169013 1245654 1343939 1114374 1212873 1147313 1158208 1136308 1234673 1256581 1103605 1289272 1092528 1245494 1212773 1169157 1256463]
Response/bytes (per Connection):  [1742952 1852942 1743021 1742947 1648803 1884328 1617400 1852942 1805788 1617394 1884297 1664507 1915684 1742977 1947080 1994212 1664427 1821519 1805830 1648803 1805754 1758647 1648804 1727255 1648733 1931392 1743021 1837231 1727292 1491750 1727278 1711536 1664506 1711598 1837189 1742962 1727239 1491774 1633101 1648804 1664506 1884277 1774403 1743021 1790058 1711582 1633022 1664428 1648748 1633101 1758673 1711545 1900051 1821535 1695897 1821536 1617398 1790130 1680144 1727318 1727318 1931455 1790129 1837186 1648803 1680157 1727318 1758645 1633038 1570229 1962855 1523182 1633079 1680210 1821494 1774386 1852941 1633047 1774427 1554586 1664481 1994232 1758683 1758693 1805832 1743021 2025660 1884294 1852935 1711615 1633103 1852880 1931433 1868569 1900049 1695912 1523180 1617399 1805833 1601695 1852930 1648803 1633060 1915689 1837196 1711615 1680139 1868643 1633073 1821479 1821463 1790064 1680174 1915753 1915753 1711569 1837189 1774371 1695891 1852930 1727318 1790129 1727239 1601695 1868566 1680138 1742971 1774427 1900042 1821526 1758699 1711541 1758724 1648803 1633042 1900018 1648804 1648794 1601631 1758724 1695912 1774427 1538845 1915753 1648780 1727275 1743021 1664464 1727318 1884340 1790130 1852892 1774427 1774400 1695833 1727242 1727318 1758693 1633101 1743007 1695872 1852871 1695913 1852866 1523180 1680209 1743012 1790051 1648804 1680202 1711576 1852863 1711586 1852942 1758724 1805757 1711615 1837239 1742964 1711609 1868575 1821536 1931441 1821476 1727311 1884317 1695912 1648729 1742963 1648798 1680209 1711615 1711541 1648767 1585992 1821535 1742942 1837222 1695836 1742964 1915710 1695897 1962862 1758724 1711578 1711616 1695867 1742994 1633022 1633101 1962862 1805832 1790088 1648751 1743021 1570212 1695912 1790085 1727257 1742947 1601681 1570231 1648804 1821536 1727290 1711615 1805828 1931377 1758645 1585992 1695913 1727243 1570290 1743021 1680147 1633101 1868637 1805833 1931377 1648803 1742942 1617391 1711536 1648804 1805814 1648774 1680203 1758724 1899971 1742995 1931377 1711603 1805796 1601643 1742974 1790096 1727288 1821522 1805833 1774380 1805832 1821518 1837239 1868565 1711615 1742971 1664446 1758724 1805833 1742986 1758696 1743014 1585978 1805754 1648804 1790116 1664491 1790130 1633022 1837189 1821488 1790093 1680193 1680133 1790130 1931428 1601616 1743021 1648804 1664491 1633062 1774400 1805833 1585992 1852897 1570214 1790050 1742971 1680205 1805774]
Requests Number (per Connection):  [111 118 111 111 105 120 103 118 115 103 120 106 122 111 124 127 106 116 115 105 115 112 105 110 105 123 111 117 110 95 110 109 106 109 117 111 110 95 104 105 106 120 113 111 114 109 104 106 105 104 112 109 121 116 108 116 103 114 107 110 110 123 114 117 105 107 110 112 104 100 125 97 104 107 116 113 118 104 113 99 106 127 112 112 115 111 129 120 118 109 104 118 123 119 121 108 97 103 115 102 118 105 104 122 117 109 107 119 104 116 116 114 107 122 122 109 117 113 108 118 110 114 110 102 119 107 111 113 121 116 112 109 112 105 104 121 105 105 102 112 108 113 98 122 105 110 111 106 110 120 114 118 113 113 108 110 110 112 104 111 108 118 108 118 97 107 111 114 105 107 109 118 109 118 112 115 109 117 111 109 119 116 123 116 110 120 108 105 111 105 107 109 109 105 101 116 111 117 108 111 122 108 125 112 109 109 108 111 104 104 125 115 114 105 111 100 108 114 110 111 102 100 105 116 110 109 115 123 112 101 108 110 100 111 107 104 119 115 123 105 111 103 109 105 115 105 107 112 121 111 123 109 115 102 111 114 110 116 115 113 115 116 117 119 109 111 106 112 115 111 112 111 101 115 105 114 106 114 104 117 116 114 107 107 114 123 102 111 105 106 104 113 115 101 118 100 114 111 107 115]
Requests/sec:  5929.242236328125 KB
Transfer/sec:  14450.425358072916 KB

