2023-12-05 17:38:27.341204026 +0800 CST m=+19057.848511883
Running 1m0s myx-test @ https://192.168.12.127:6443/apis/batch/v1/namespaces/myx-test/cronjobs
3 connections
Requests/bytes (per Connection):  [39939938 36624547 37023743]
Response/bytes (per Connection):  [60490668 55469372 56073952]
Requests Number (per Connection):  [3602 3303 3339]
Requests/sec:  1848.7667317708333 KB
Transfer/sec:  4648.799153645833 KB

2023-12-05 17:40:07.773701151 +0800 CST m=+19158.281009008
Running 1m0s myx-test @ https://192.168.12.127:6443/apis/batch/v1/namespaces/myx-test/cronjobs
6 connections
Requests/bytes (per Connection):  [33630731 35382641 34429123 35238606 34340411 33741619]
Response/bytes (per Connection):  [50935099 53588475 52144259 53370214 52009907 51103038]
Requests Number (per Connection):  [3033 3191 3105 3178 3097 3043]
Requests/sec:  3365.285335286458 KB
Transfer/sec:  8462.143929036458 KB

2023-12-05 17:41:48.227310001 +0800 CST m=+19258.734617866
Running 1m0s myx-test @ https://192.168.12.127:6443/apis/batch/v1/namespaces/myx-test/cronjobs
9 connections
Requests/bytes (per Connection):  [30481591 29383878 30526027 29638921 30248780 30670062 30714472 29683323 30792155]
Response/bytes (per Connection):  [46165671 44503114 46232887 44889374 45813026 46451148 46518351 44956573 46635939]
Requests Number (per Connection):  [2749 2650 2753 2673 2728 2766 2770 2677 2777]
Requests/sec:  4429.349104817708 KB
Transfer/sec:  11137.7814453125 KB

2023-12-05 17:43:28.643063113 +0800 CST m=+19359.150370983
Running 1m0s myx-test @ https://192.168.12.127:6443/apis/batch/v1/namespaces/myx-test/cronjobs
15 connections
Requests/bytes (per Connection):  [22298585 21001224 22021310 21367157 22087772 21921597 22032427 21721839 21832849 22065606 21899405 21001224 21211755 21200666 21965869]
Response/bytes (per Connection):  [33772037 31807165 33352162 32361365 33452890 33201060 33368970 32898690 33066690 33419308 33167465 31807165 32126171 32109377 33268194]
Requests Number (per Connection):  [2011 1894 1986 1927 1992 1977 1987 1959 1969 1990 1975 1894 1913 1912 1981]
Requests/sec:  5299.955810546875 KB
Transfer/sec:  13326.95302734375 KB

2023-12-05 17:45:09.047861193 +0800 CST m=+19459.555169052
Running 1m0s myx-test @ https://192.168.12.127:6443/apis/batch/v1/namespaces/myx-test/cronjobs
30 connections
Requests/bytes (per Connection):  [10622510 10378638 9912906 10411899 10445170 10278839 10034885 10312090 10079221 10190127 10112504 10445166 10145773 10090328 10057063 10312104 10090308 9923995 10389653 10367525 10156862 10544969 10267748 10123595 10112506 10156828 10112506 10356424 10312056 10101417]
Response/bytes (per Connection):  [16088276 15718851 15013506 15769230 15819614 15567706 15198240 15618080 15265406 15433354 15315796 15819612 15366179 15282209 15231828 15618087 15282199 15030300 15735608 15702045 15382973 15970759 15550911 15332591 15315797 15382956 15315797 15685245 15618063 15299003]
Requests Number (per Connection):  [958 936 894 939 942 927 905 930 909 919 912 942 915 910 907 930 910 895 937 935 916 951 926 913 912 916 912 934 930 911]
Requests/sec:  4994.232014973958 KB
Transfer/sec:  12558.200455729168 KB

2023-12-05 17:46:49.587284892 +0800 CST m=+19560.094592750
Running 1m0s myx-test @ https://192.168.12.127:6443/apis/batch/v1/namespaces/myx-test/cronjobs
60 connections
Requests/bytes (per Connection):  [4501848 4535027 4501892 4424233 4424249 4490805 4479714 4512979 4379771 4324470 4413182 4479670 4313381 4335561 4479666 4490643 4446335 4291207 4368744 4479714 4468471 4424111 4535001 4413102 4279962 4590482 4535097 4368684 4390940 4524068 4424183 4468467 4446447 4268991 4280034 4379919 4557207 4446447 4512985 4424205 4634934 4446447 4523996 4590524 4512981 4280100 4524068 4512981 4424273 4557335 4501782 4579513 4590444 4368826 4557335 4534999 4501892 4313385 4546212 4512821]
Response/bytes (per Connection):  [6818221 6868559 6818243 6700667 6700675 6801450 6784655 6835036 6633438 6549540 6683892 6784633 6532746 6566335 6784631 6801369 6734217 6499160 6616675 6784655 6767784 6700606 6868546 6683852 6482288 6952534 6868594 6616645 6650272 6851830 6700642 6767782 6734273 6465553 6482324 6633512 6902148 6734273 6835039 6700653 7019758 6734273 6851794 6952555 6835037 6482357 6851830 6835037 6700687 6902212 6818188 6935800 6952515 6616716 6902212 6868545 6818243 6532748 6885401 6834957]
Requests Number (per Connection):  [406 409 406 399 399 405 404 407 395 390 398 404 389 391 404 405 401 387 394 404 403 399 409 398 386 414 409 394 396 408 399 403 401 385 386 395 411 401 407 399 418 401 408 414 407 386 408 407 399 411 406 413 414 394 411 409 406 389 410 407]
Requests/sec:  4352.648795572916 KB
Transfer/sec:  10944.914615885416 KB

2023-12-05 17:48:30.115719445 +0800 CST m=+19660.623027326
Running 1m0s myx-test @ https://192.168.12.127:6443/apis/batch/v1/namespaces/myx-test/cronjobs
90 connections
Requests/bytes (per Connection):  [3126892 3248873 3126898 3215592 3215612 3126896 3215592 3115829 3137969 3160149 3115793 3182351 3215612 3337567 3237786 3137971 3115825 3271045 3160147 3293219 3115831 3282124 3248871 3171266 3182353 3093633 3215592 3171236 3237786 3071483 3271035 3226699 3082570 3293213 3204503 3038192 3115791 3104704 3315393 3304302 2993816 3237770 2993814 3182325 3082526 3248857 3171264 3237768 3315393 3326480 3126916 3259946 3049259 3215592 3093645 3082526 3337569 3160147 3304302 3027085 3104744 3226699 3315393 3115827 3259946 3049259 3204503 3304302 3193414 3215592 3138003 3215592 3138005 3226681 3326480 3082538 3226681 3259946 3237772 3171236 3137969 3171264 3271037 3315391 3204525 3193414 3160153 3171236 3226695 3204503]
Response/bytes (per Connection):  [4735805 4920540 4735808 4870151 4870161 4735807 4870151 4719024 4752593 4786182 4719006 4819782 4870161 5054883 4903747 4752594 4719022 4954125 4786181 4987711 4719025 4970914 4920539 4802990 4819783 4685427 4870151 4802975 4903747 4651853 4954120 4886954 4668646 4987708 4853357 4601459 4719005 4702212 5021297 5004502 4534273 4903739 4534272 4819769 4668624 4920532 4802989 4903738 5021297 5038090 4735817 4937326 4618242 4870151 4685433 4668624 5054884 4786181 5004502 4584656 4702232 4886954 5021297 4719023 4937326 4618242 4853357 5004502 4836563 4870151 4752610 4870151 4752611 4886945 5038090 4668630 4886945 4937326 4903740 4802975 4752593 4802989 4954121 5021296 4853368 4836563 4786184 4802975 4886952 4853357]
Requests Number (per Connection):  [282 293 282 290 290 282 290 281 283 285 281 287 290 301 292 283 281 295 285 297 281 296 293 286 287 279 290 286 292 277 295 291 278 297 289 274 281 280 299 298 270 292 270 287 278 293 286 292 299 300 282 294 275 290 279 278 301 285 298 273 280 291 299 281 294 275 289 298 288 290 283 290 283 291 300 278 291 294 292 286 283 286 295 299 289 288 285 286 291 289]
Requests/sec:  4671.549397786458 KB
Transfer/sec:  11746.798502604166 KB

2023-12-05 17:50:10.66441578 +0800 CST m=+19761.171723638
Running 1m0s myx-test @ https://192.168.12.127:6443/apis/batch/v1/namespaces/myx-test/cronjobs
150 connections
Requests/bytes (per Connection):  [2140085 2306470 2029093 2129024 2184371 2250865 2151070 2117961 2018162 2173246 2051299 2151068 2239904 2228849 2117805 2117803 2306312 2261958 2073495 2261958 2206555 2084536 2295379 2195474 2095731 2062460 2206513 2206517 2306382 2162293 2250867 2018090 2117927 2173248 2062502 2117803 2228691 2117797 2117803 2173382 2095735 2184363 2184335 2195518 2062462 2306312 2184495 2228691 2040236 2217680 2129014 2173246 1984807 2228753 2128958 2195528 2250917 2173286 2084536 2195574 2117959 2262030 2239884 2151070 2173246 2217682 2328578 2128918 2062496 2206513 2117801 2128892 2095625 2184395 2040214 2062368 2106780 2117801 2117855 2250883 2173246 2151208 2317401 1973648 2139979 2228745 2261952 2195566 2139981 2228843 2195424 2217700 2195424 2139989 2184335 2162173 2217602 2173246 2029249 2106822 2117949 2195456 2095639 2261958 2273043 2173368 2029093 2284218 2251021 2228723 2084600 2151196 2217602 2250975 2217652 2140047 2261986 2184337 2195428 2184337 2261956 2084550 2062490 2239780 1929450 2217602 2073447 2095671 2062366 2217602 2239908 2062460 2217674 2117821 2217612 2372840 1995826 2273151 2184335 2261956 2117815 2384053 2173404 2062414 2051271 2129050 2106744 2095625 2339733 2184337]
Response/bytes (per Connection):  [3241196 3493131 3073205 3224416 3308337 3409081 3257938 3207635 3056490 3291525 3106807 3257937 3392351 3375574 3207557 3207556 3493052 3425877 3140404 3425877 3341928 3157174 3476336 3325138 3174021 3123637 3341907 3341909 3493087 3274799 3409082 3056454 3207618 3291526 3123658 3207556 3375495 3207553 3207556 3291593 3174023 3308333 3308319 3325160 3123638 3493052 3308399 3375495 3090026 3358740 3224411 3291525 3006064 3375526 3224383 3325165 3409107 3291545 3157174 3325188 3207634 3425913 3392341 3257938 3291525 3358741 3526684 3224363 3123655 3341907 3207555 3224350 3173968 3308349 3090015 3123591 3190795 3207555 3207582 3409090 3291525 3258007 3509846 2989235 3241143 3375522 3425874 3325184 3241144 3375571 3325113 3358750 3325113 3241148 3308319 3274739 3358701 3291525 3073283 3190816 3207629 3325129 3173975 3425877 3442669 3291586 3073205 3459506 3409159 3375511 3157206 3258001 3358701 3409136 3358726 3241177 3425891 3308320 3325115 3308320 3425876 3157181 3123652 3392289 2922138 3358701 3140380 3173991 3123590 3358701 3392353 3123637 3358737 3207565 3358706 3593813 3022823 3442723 3308319 3425876 3207562 3610669 3291604 3123614 3106793 3224429 3190777 3173968 3543511 3308320]
Requests Number (per Connection):  [193 208 183 192 197 203 194 191 182 196 185 194 202 201 191 191 208 204 187 204 199 188 207 198 189 186 199 199 208 195 203 182 191 196 186 191 201 191 191 196 189 197 197 198 186 208 197 201 184 200 192 196 179 201 192 198 203 196 188 198 191 204 202 194 196 200 210 192 186 199 191 192 189 197 184 186 190 191 191 203 196 194 209 178 193 201 204 198 193 201 198 200 198 193 197 195 200 196 183 190 191 198 189 204 205 196 183 206 203 201 188 194 200 203 200 193 204 197 198 197 204 188 186 202 174 200 187 189 186 200 202 186 200 191 200 214 180 205 197 204 191 215 196 186 185 192 190 189 211 197]
Requests/sec:  5288.57890625 KB
Transfer/sec:  13298.3525390625 KB

2023-12-05 17:51:51.329432244 +0800 CST m=+19861.836740134
Running 1m0s myx-test @ https://192.168.12.127:6443/apis/batch/v1/namespaces/myx-test/cronjobs
300 connections
Requests/bytes (per Connection):  [1352832 1297381 1241786 1197492 1075613 1264086 1352832 1275211 1241854 1164285 1275097 1108834 1097783 1219688 1230737 1252895 1241944 1208683 1186411 1197588 1131010 1219766 1241874 1297389 1230855 1297241 1108720 1241944 1142003 1175390 1230785 1308320 1286190 1264116 1208617 1286146 1286142 1219766 1175410 1230735 1164205 1175330 1275173 1186501 1208677 1308378 1253011 1219694 1386099 1252995 1308462 1275173 1319533 1108776 1363921 1153142 1108864 1208545 1330654 1208581 1308404 1264024 1319545 1097789 1097757 1330654 1108730 1252977 1463720 1153152 1264012 1319407 1275127 1308318 1297387 1219768 1197508 1208539 1219766 1330602 1097775 1241944 1330634 1319543 1286298 1164163 1330506 1230713 1286288 1319567 1375010 1253005 1241800 1186465 1186499 1197588 1363873 1175254 1363791 1208677 1153222 1175306 1230755 1219766 1175314 1142105 1241944 1252875 1330654 1175314 1252955 1319461 1253027 1241786 1308318 1308404 1341743 1197590 1286224 1241944 1253013 1164219 1275199 1308478 1330654 1153234 1064526 1164163 1297299 1308462 1164323 1175318 1075491 1153234 1164269 1496987 1219722 1164321 1230855 1175292 1341721 1319423 1286180 1241944 1197430 1208527 1131054 1252953 1042342 1241944 1297373 1297231 1153198 1208585 1164193 1363861 1419208 1352678 1253025 1330574 1297269 1297301 1175258 1186343 1153234 1208529 1119967 1186499 1197588 1253033 1164265 1153234 1319409 1241848 1374852 1241918 1153166 1197588 1230767 1286162 1208677 1241944 1352678 1186499 1386099 1308418 1252939 1264100 1197578 1375010 1230855 1319565 1197590 1264122 1330566 1286142 1230855 1208661 1175308 1241944 1275209 1463580 1197588 1286300 1175412 1297231 1241944 1186351 1230833 1275051 1186421 1108790 1164245 1197530 1308342 1286286 1230855 1230855 1219608 1241786 1241928 1264092 1308478 1264018 1330634 1208519 1308356 1275053 1230855 1297231 1086652 1219766 1308476 1286300 1286190 1175376 1230855 1375010 1286196 1264122 1119957 1330576 1263980 1386099 1230855 1374852 1275185 1297229 1219608 1241858 1264122 1374852 1275181 1219616 1286298 1175360 1330650 1042224 1219766 1330514 1241912 1153074 1197588 1153234 1241808 1131054 1297333 1175358 1119935 1208643 1253009 1319567 1153234 1241842 1252919 1175410 1230701 1297291 1086586 1230817 1264122 1197570 1142143 1230757 1108840 1230849 1175410 1430303 1219738 1264050 1230813 1241944 1175280 1264028 1197578 1219622 1219726 1153116 1142145 1286158]
Response/bytes (per Connection):  [2048855 1964882 1880837 1813692 1629008 1914486 2048855 1931298 1880871 1763340 1931241 1679367 1662592 1847289 1864063 1897641 1880916 1830537 1796902 1813740 1712954 1847328 1880881 1964886 1864122 1964812 1679310 1880916 1729700 1780142 1864087 1981601 1948037 1914501 1830504 1948015 1948013 1847328 1780152 1864062 1763300 1780112 1931279 1796947 1830534 1981630 1897699 1847292 2099237 1897691 1981672 1931279 1998457 1679338 2065649 1746519 1679382 1830468 2015267 1830486 1981643 1914455 1998463 1662595 1662579 2015267 1679315 1897682 2216794 1746524 1914449 1998394 1931256 1981600 1964885 1847329 1813700 1830465 1847328 2015241 1662588 1880916 2015257 1998462 1948091 1763279 2015193 1864051 1948086 1998474 2082443 1897696 1880844 1796929 1796946 1813740 2065625 1780074 2065584 1830534 1746559 1780100 1864072 1847328 1780104 1729751 1880916 1897631 2015267 1780104 1897671 1998421 1897707 1880837 1981600 1981643 2032061 1813741 1948054 1880916 1897700 1763307 1931292 1981680 2015267 1746565 1612215 1763279 1964841 1981672 1763359 1780106 1628947 1746565 1763332 2267176 1847306 1763358 1864122 1780093 2032050 1998402 1948032 1880916 1813661 1830459 1712976 1897670 1578624 1880916 1964878 1964807 1746547 1830488 1763294 2065619 2149540 2048778 1897706 2015227 1964826 1964842 1780076 1796868 1746565 1830460 1696183 1796946 1813740 1897710 1763330 1746565 1998395 1880868 2082364 1880903 1746531 1813740 1864078 1948023 1830534 1880916 2048778 1796946 2099237 1981650 1897663 1914493 1813735 2082443 1864122 1998473 1813741 1914504 2015223 1948013 1864122 1830526 1780101 1880916 1931297 2216724 1813740 1948092 1780153 1964807 1880916 1796872 1864111 1931218 1796907 1679345 1763320 1813711 1981612 1948085 1864122 1864122 1847249 1880837 1880908 1914489 1981680 1914452 2015257 1830455 1981619 1931219 1864122 1964807 1645777 1847328 1981679 1948092 1948037 1780135 1864122 2082443 1948040 1914504 1696178 2015228 1914433 2099237 1864122 2082364 1931285 1964806 1847249 1880873 1914504 2082364 1931283 1847253 1948091 1780127 2015265 1578565 1847328 2015197 1880900 1746485 1813740 1746565 1880848 1712976 1964858 1780126 1696167 1830517 1897698 1998474 1746565 1880865 1897653 1780152 1864045 1964837 1645744 1864103 1914504 1813731 1729770 1864073 1679370 1864119 1780152 2166337 1847314 1914468 1864101 1880916 1780087 1914457 1813735 1847256 1847308 1746506 1729771 1948021]
Requests Number (per Connection):  [122 117 112 108 97 114 122 115 112 105 115 100 99 110 111 113 112 109 107 108 102 110 112 117 111 117 100 112 103 106 111 118 116 114 109 116 116 110 106 111 105 106 115 107 109 118 113 110 125 113 118 115 119 100 123 104 100 109 120 109 118 114 119 99 99 120 100 113 132 104 114 119 115 118 117 110 108 109 110 120 99 112 120 119 116 105 120 111 116 119 124 113 112 107 107 108 123 106 123 109 104 106 111 110 106 103 112 113 120 106 113 119 113 112 118 118 121 108 116 112 113 105 115 118 120 104 96 105 117 118 105 106 97 104 105 135 110 105 111 106 121 119 116 112 108 109 102 113 94 112 117 117 104 109 105 123 128 122 113 120 117 117 106 107 104 109 101 107 108 113 105 104 119 112 124 112 104 108 111 116 109 112 122 107 125 118 113 114 108 124 111 119 108 114 120 116 111 109 106 112 115 132 108 116 106 117 112 107 111 115 107 100 105 108 118 116 111 111 110 112 112 114 118 114 120 109 118 115 111 117 98 110 118 116 116 106 111 124 116 114 101 120 114 125 111 124 115 117 110 112 114 124 115 110 116 106 120 94 110 120 112 104 108 104 112 102 117 106 101 109 113 119 104 112 113 106 111 117 98 111 114 108 103 111 100 111 106 129 110 114 111 112 106 114 108 110 110 104 103 116]
Requests/sec:  6053.602652994791 KB
Transfer/sec:  15222.037744140625 KB

