2023-12-05 11:56:57.046991709 +0800 CST m=+60.424683794
Running 1m0s myx-test @ https://192.168.12.127:6443/apis/apps/v1/namespaces/myx-test/daemonsets
3 connections
Requests/bytes (per Connection):  [8359298 12749040 12362084]
Response/bytes (per Connection):  [13148833 20053692 19444639]
Requests Number (per Connection):  [756 1153 1118]
Requests/sec:  544.7659830729167 KB
Transfer/sec:  1401.65341796875 KB

2023-12-05 11:59:55.858195058 +0800 CST m=+60.617117033
Running 1m0s myx-test @ https://192.168.12.127:6443/apis/apps/v1/namespaces/myx-test/daemonsets
6 connections
Requests/bytes (per Connection):  [5473288 5440120 10006830 9852036 8536264 8337102]
Response/bytes (per Connection):  [8609744 8557553 15740355 15496797 13426805 13114572]
Requests Number (per Connection):  [495 492 905 891 772 754]
Requests/sec:  775.482421875 KB
Transfer/sec:  1995.30380859375 KB

2023-12-05 12:01:36.40106405 +0800 CST m=+161.159986007
Running 1m0s myx-test @ https://192.168.12.127:6443/apis/apps/v1/namespaces/myx-test/daemonsets
9 connections
Requests/bytes (per Connection):  [9044858 7662600 7784370 4887386 7684690 8856816 4842998 5008864 9000572]
Response/bytes (per Connection):  [14227126 12053682 12244101 7687096 12088610 13931877 7618531 7879379 14157922]
Requests Number (per Connection):  [818 693 704 442 695 801 438 453 814]
Requests/sec:  1054.2505533854167 KB
Transfer/sec:  2712.58916015625 KB

2023-12-05 12:03:16.948514281 +0800 CST m=+261.707436257
Running 1m0s myx-test @ https://192.168.12.127:6443/apis/apps/v1/namespaces/myx-test/daemonsets
15 connections
Requests/bytes (per Connection):  [7729080 6767034 4422904 7375128 7651616 7463600 4478246 6667534 6755996 4367514 7784310 4400772 6568024 6579080 4411900]
Response/bytes (per Connection):  [12157161 10644405 6957092 11601357 12035821 11740405 7043698 10487774 10626892 6870792 12244491 6922413 10331198 10348600 6939356]
Requests Number (per Connection):  [699 612 400 667 692 675 405 603 611 395 704 398 594 595 399]
Requests/sec:  1520.5523763020833 KB
Transfer/sec:  3912.340380859375 KB

2023-12-05 12:04:57.562611271 +0800 CST m=+362.321533209
Running 1m0s myx-test @ https://192.168.12.127:6443/apis/apps/v1/namespaces/myx-test/daemonsets
30 connections
Requests/bytes (per Connection):  [5683388 5594930 3549392 5539748 5583882 3648914 3659972 5683524 3693146 5849258 5473420 5639318 5882428 3637824 3659948 5694444 5528676 5373894 3693146 3648916 5572814 5926660 5948786 3693146 5395992 5738730 3847906 5528632 5407020 5550778]
Response/bytes (per Connection):  [8940130 8800999 5582980 8713363 8783541 5739487 5756875 8939268 5809039 9200965 8608910 8869564 9253142 5722293 5757028 8957532 8696073 8452446 5809039 5739473 8766223 9322694 9357415 5809039 8487333 9026751 6052790 8696351 8504916 8730932]
Requests Number (per Connection):  [514 506 321 501 505 330 331 514 334 529 495 510 532 329 331 515 500 486 334 330 504 536 538 334 488 519 348 500 489 502]
Requests/sec:  2430.479036458333 KB
Transfer/sec:  6253.502978515625 KB

2023-12-05 12:06:38.272064628 +0800 CST m=+463.030986611
Running 1m0s myx-test @ https://192.168.12.127:6443/apis/apps/v1/namespaces/myx-test/daemonsets
60 connections
Requests/bytes (per Connection):  [2664882 2742174 4268066 4434010 2587460 4058054 4091218 4080032 2819578 4677214 2720124 4378726 4157546 2896986 4246036 4246036 4190682 2775352 4035938 4113304 2609588 4312274 4212864 3969508 4102148 4290264 4113196 4367670 4168534 4234976 2896984 4080166 3969472 3991586 2731154 4301322 4290138 4566710 4577730 4511420 2609566 4146394 2885930 4356612 2510068 2565334 2675880 4223904 2775346 4135382 3903138 4389720 4268068 2808526 3991606 4201802 2841712 2974388 4068988 2863814]
Response/bytes (per Connection):  [4191135 4313559 6713827 6974174 4069516 6382885 6435104 6418537 4435289 7357169 4278366 6887192 6539557 4557006 6678509 6678509 6591972 4365710 6348109 6470075 4104208 6783532 6626331 6244295 6453313 6748074 6470741 6869790 6557390 6661120 4557005 6417674 6244517 6279322 4295935 6765462 6748881 7182802 7200441 7095862 4104347 6522767 4539604 6852402 3947702 4034795 4208898 6643830 4365737 6505087 6140106 6904983 6713813 4417874 6279182 6608956 4469954 4678735 6401051 4504828]
Requests Number (per Connection):  [241 248 386 401 234 367 370 369 255 423 246 396 376 262 384 384 379 251 365 372 236 390 381 359 371 388 372 395 377 383 262 369 359 361 247 389 388 413 414 408 236 375 261 394 227 232 242 382 251 374 353 397 386 254 361 380 257 269 368 259]
Requests/sec:  3640.5810546875 KB
Transfer/sec:  9367.10361328125 KB

