2023-12-05 13:25:07.538612408 +0800 CST m=+3858.045920269
Running 1m0s myx-test @ https://192.168.12.127:6443/apis/apps/v1/namespaces/myx-test/deployments
3 connections
Requests/bytes (per Connection):  [20509538 22602551 24485261]
Response/bytes (per Connection):  [33203134 36591551 39639439]
Requests Number (per Connection):  [1852 2041 2211]
Requests/sec:  1100.21728515625 KB
Transfer/sec:  2881.371647135417 KB

2023-12-05 13:26:48.057410341 +0800 CST m=+3958.564718197
Running 1m0s myx-test @ https://192.168.12.127:6443/apis/apps/v1/namespaces/myx-test/deployments
6 connections
Requests/bytes (per Connection):  [15249201 14584755 12525053 12347783 14861582 15160603]
Response/bytes (per Connection):  [24687159 23611473 20276927 19989993 24059650 24543729]
Requests Number (per Connection):  [1377 1317 1131 1115 1342 1369]
Requests/sec:  1379.0523600260417 KB
Transfer/sec:  3611.619596354167 KB

2023-12-05 13:28:28.59175924 +0800 CST m=+4059.099067090
Running 1m0s myx-test @ https://192.168.12.127:6443/apis/apps/v1/namespaces/myx-test/deployments
9 connections
Requests/bytes (per Connection):  [13898235 14518307 13621366 14429799 11727719 11683355 14031129 14474123 11550535]
Response/bytes (per Connection):  [22500005 23503901 22051786 23360561 18986105 18914325 22715147 23432301 18699257]
Requests Number (per Connection):  [1255 1311 1230 1303 1059 1055 1267 1307 1043]
Requests/sec:  1952.0600260416666 KB
Transfer/sec:  5112.271419270834 KB

2023-12-05 13:30:09.092567643 +0800 CST m=+4159.599875529
Running 1m0s myx-test @ https://192.168.12.127:6443/apis/apps/v1/namespaces/myx-test/deployments
15 connections
Requests/bytes (per Connection):  [10465197 8715547 10509503 10830608 10808528 8649039 10376545 10874970 8704382 10498432 10885969 10930287 8737593 10420897 8660016]
Response/bytes (per Connection):  [16942227 14109645 17013949 17533820 17498032 14002013 16798743 17605598 14091626 16996024 17623451 17695185 14145399 16870511 14019844]
Requests Number (per Connection):  [945 787 949 978 976 781 937 982 786 948 983 987 789 941 782]
Requests/sec:  2442.505094401042 KB
Transfer/sec:  6396.705403645833 KB

2023-12-05 13:31:49.571374059 +0800 CST m=+4260.078681926
Running 1m0s myx-test @ https://192.168.12.127:6443/apis/apps/v1/namespaces/myx-test/deployments
30 connections
Requests/bytes (per Connection):  [6179420 6932506 7043182 7087552 6002262 7331194 7076409 7087552 6057595 7187161 6168429 6190497 6910356 7275825 6190497 6090820 7043246 7087552 7176152 6101959 7043178 7032175 6245868 6998894 7176056 6090918 7209357 7253675 7120773 7131852]
Response/bytes (per Connection):  [10003952 11223110 11402326 11474112 9717130 11868542 11456115 11474112 9806733 11635407 9986107 10021883 11187252 11778903 10021883 9860520 11402390 11474112 11617544 9878513 11402322 11384465 10111524 11330622 11617448 9860618 11671311 11743045 11527895 11545828]
Requests Number (per Connection):  [558 626 636 640 542 662 639 640 547 649 557 559 624 657 559 550 636 640 648 551 636 635 564 632 648 550 651 655 643 644]
Requests/sec:  3312.547395833333 KB
Transfer/sec:  8675.270768229168 KB

2023-12-05 13:33:30.184580698 +0800 CST m=+4360.691888566
Running 1m0s myx-test @ https://192.168.12.127:6443/apis/apps/v1/namespaces/myx-test/deployments
60 connections
Requests/bytes (per Connection):  [4053096 4352237 4341158 4307785 4429692 4031064 3931391 4551581 4330085 4462937 3997757 4318894 4440833 4274710 4363242 3920320 4407476 4064239 4551581 3953431 4352233 4042143 4507281 4396503 4407608 4385464 4617997 4551581 4507187 4551577 4374387 4329927 4108591 4097456 4484975 4318860 4163816 4042139 4064289 4042127 4562656 4485053 4307809 4407608 4352215 3942466 4429648 4429758 3975695 4130739 4429714 4584668 3964562 4008920 4407564 4329969 4396533 4330089 4008842 4573573]
Response/bytes (per Connection):  [6561660 7045859 7027926 6973991 7171292 6525920 6364561 7368575 7009999 7225099 6472051 6991954 7189287 6920354 7063718 6346636 7135368 6579657 7368575 6400309 7045855 6543853 7296859 7117541 7135500 7099648 7476115 7368575 7296765 7368571 7081717 7009841 6651425 6633436 7260845 6991920 6740920 6543849 6579707 6543837 7386504 7260923 6974015 7135500 7045837 6382490 7171248 7171358 6436281 6687281 7171314 7422224 6418294 6490068 7135456 7009883 7117571 7010003 6489990 7404275]
Requests Number (per Connection):  [366 393 392 389 400 364 355 411 391 403 361 390 401 386 394 354 398 367 411 357 393 365 407 397 398 396 417 411 407 411 395 391 371 370 405 390 376 365 367 365 412 405 389 398 393 356 400 400 359 373 400 414 358 362 398 391 397 391 362 413]
Requests/sec:  4190.881038411459 KB
Transfer/sec:  10975.550390625 KB

2023-12-05 13:35:10.761137383 +0800 CST m=+4461.268445243
Running 1m0s myx-test @ https://192.168.12.127:6443/apis/apps/v1/namespaces/myx-test/deployments
90 connections
Requests/bytes (per Connection):  [3399803 3266915 3433024 3255832 3012240 2868213 3122970 2846083 3244757 3366580 3233698 3134009 3145086 2879364 3023259 3300138 3311205 3300134 3410878 3455176 3277990 3355501 3266907 3145114 2868217 3189382 3189382 3034338 3255830 2901436 2912513 3277980 2923586 2934661 2978961 2790688 2846063 2956811 2967910 2879286 2735385 3444087 3255830 2990036 3222607 3156189 3433030 3200457 2812912 3244771 2912511 2934661 3156159 2912515 3311205 2934661 3178313 2901512 2901460 3366580 2790756 3211530 3211552 3322280 3255832 3167234 3233682 3244757 2879288 3333355 3200457 3244771 3233680 3222607 3211530 3277988 3222607 3277980 3189382 3311205 2868249 2879366 3034334 3455154 2945736 3311207 3200457 3122932 3300130 3277990]
Response/bytes (per Connection):  [5503981 5288845 5557764 5270908 4876528 4643399 5055798 4607561 5252979 5450196 5235066 5073691 5091622 4661404 4894401 5342630 5360551 5342626 5521910 5593624 5306774 5432263 5288837 5091650 4643403 5163334 5163334 4912334 5270906 4697184 4715115 5306764 4733042 4750971 4822687 4517896 4607541 4786829 4804782 4661326 4428323 5575681 5270906 4840616 5217121 5109579 5557770 5181263 4553828 5252993 4715113 4750971 5109549 4715117 5360551 4750971 5145411 4697260 4697208 5450196 4517964 5199190 5199212 5378480 5270908 5127478 5235050 5252979 4661328 5396409 5181263 5252993 5235048 5217121 5199190 5306772 5217121 5306764 5163334 5360551 4643435 4661406 4912330 5593602 4768900 5360553 5181263 5055760 5342622 5306774]
Requests Number (per Connection):  [307 295 310 294 272 259 282 257 293 304 292 283 284 260 273 298 299 298 308 312 296 303 295 284 259 288 288 274 294 262 263 296 264 265 269 252 257 267 268 260 247 311 294 270 291 285 310 289 254 293 263 265 285 263 299 265 287 262 262 304 252 290 290 300 294 286 292 293 260 301 289 293 292 291 290 296 291 296 288 299 259 260 274 312 266 299 289 282 298 296]
Requests/sec:  4596.432763671875 KB
Transfer/sec:  12037.654817708333 KB

2023-12-05 13:36:51.360257718 +0800 CST m=+4561.867565574
Running 1m0s myx-test @ https://192.168.12.127:6443/apis/apps/v1/namespaces/myx-test/deployments
150 connections
Requests/bytes (per Connection):  [2225915 2148376 2137301 2015564 1993408 1982231 2092979 2203727 1949158 2170502 2115257 2137279 1960107 1937931 2026529 2181579 2159429 2059858 2070857 2092993 2037638 1860462 2137279 1982389 2270271 2225873 2070831 1926858 2126214 2203763 2203859 2270175 2004539 2026529 2214934 1937933 2004449 1993452 1794116 2004381 2292451 2126248 2159467 1993454 2192654 2192648 2325628 2137409 2104206 1982301 2070831 2137277 2236950 2081910 2137279 2137279 2203777 2070829 2082062 1937931 1949006 2081990 1882716 2126360 2126204 2026579 2059756 2259258 2037684 2059754 2048687 2170498 2203727 2148348 2092979 1871539 2004539 2137407 2181579 2126202 2159427 2059754 2093137 2048679 2037764 2026531 2214836 2115169 2203727 2248127 2081904 1949082 2059754 2148388 2115215 2004475 2148482 1982347 2115129 2181577 2203859 2148510 1971156 1871483 2148354 2192664 1926932 2225911 2126276 1915937 1915781 2026687 2248185 1949060 2037762 1982389 2070977 2081904 1938047 2015454 2104098 2093089 2104054 1827333 2203729 2225891 2026529 1793958 2170522 1993338 2092979 2126286 2192652 2004379 2126204 2115253 2048829 2037606 2159425 2004537 1982311 2026531 2115285 2214960 1827239 2148350 2137321 2015454 2159577 2004463]
Response/bytes (per Connection):  [3603569 3478052 3460123 3262992 3227128 3209097 3388385 3567673 3155462 3513886 3424371 3460101 3173265 3137381 3280811 3531817 3495959 3334702 3352555 3388399 3298774 3011934 3460101 3209255 3675341 3603527 3352529 3119454 3442182 3567709 3567805 3675245 3245113 3280811 3585734 3137383 3245023 3227172 2904464 3244955 3711229 3442216 3495997 3227174 3549746 3549740 3764968 3460231 3406466 3209167 3352529 3460099 3621458 3370462 3460101 3460101 3567723 3352527 3370614 3137381 3155310 3370542 3047896 3442328 3442172 3280861 3334600 3657474 3298820 3334598 3316677 3513882 3567673 3478024 3388385 3029865 3245113 3460229 3531817 3442170 3495957 3334598 3388543 3316669 3298900 3280813 3585636 3424283 3567673 3639489 3370456 3155386 3334598 3478064 3424329 3245049 3478158 3209213 3424243 3531815 3567805 3478186 3191168 3029809 3478030 3549756 3119528 3603565 3442244 3101679 3101523 3280969 3639547 3155364 3298898 3209255 3352675 3370456 3137497 3262882 3406358 3388495 3406314 2958243 3567675 3603545 3280811 2904306 3513906 3227058 3388385 3442254 3549744 3244953 3442172 3424367 3316819 3298742 3495955 3245111 3209177 3280813 3424399 3585760 2958149 3478026 3460143 3262882 3496107 3245037]
Requests Number (per Connection):  [201 194 193 182 180 179 189 199 176 196 191 193 177 175 183 197 195 186 187 189 184 168 193 179 205 201 187 174 192 199 199 205 181 183 200 175 181 180 162 181 207 192 195 180 198 198 210 193 190 179 187 193 202 188 193 193 199 187 188 175 176 188 170 192 192 183 186 204 184 186 185 196 199 194 189 169 181 193 197 192 195 186 189 185 184 183 200 191 199 203 188 176 186 194 191 181 194 179 191 197 199 194 178 169 194 198 174 201 192 173 173 183 203 176 184 179 187 188 175 182 190 189 190 165 199 201 183 162 196 180 189 192 198 181 192 191 185 184 195 181 179 183 191 200 165 194 193 182 195 181]
Requests/sec:  5081.825227864583 KB
Transfer/sec:  13308.860026041666 KB

2023-12-05 13:38:32.11759329 +0800 CST m=+4662.624901147
Running 1m0s myx-test @ https://192.168.12.127:6443/apis/apps/v1/namespaces/myx-test/deployments
300 connections
Requests/bytes (per Connection):  [1173870 1173780 1173928 1262472 1085328 1273527 1262524 1162821 1218136 1229169 1284518 1107434 1218102 1251449 1295729 1196082 1229195 1218082 1340049 1295639 1184853 1162845 1218226 1295679 1218228 1251431 1295699 1140545 1240218 1218128 1185001 1273443 1240244 1373190 1262400 1251313 1262526 1129628 1328974 1295751 1240290 1317825 1129628 1262474 1284518 1207047 1162851 1229301 1173884 1229213 1140557 1229203 1251293 1195936 1207139 1218070 1373186 1151776 1129632 1162695 1185003 1207111 1096371 1251401 1295609 1140543 1328850 1196024 1129628 1240320 1096329 1328914 1229295 1162843 1262400 1207101 1284518 1229187 1173926 1107442 1306824 1151658 1185003 1185003 1317901 1229143 1251307 1328816 1074237 1196082 1185001 1218190 1118435 1273461 1196076 1140599 1317765 1373274 1041034 1229287 1206993 1295751 1129602 1295655 1151620 1162749 1184943 1251427 1185001 1317741 1262524 1262520 1295627 1218226 1195990 1129628 1273599 1295751 1096377 1096403 1218136 1373274 1207151 1295751 1129600 1273507 1085330 1196042 1218112 1207033 1162733 1118447 1118485 1251351 1229207 1206993 1173926 1218070 1251391 1129628 1229301 1328974 1196076 1173832 1328954 1173926 1229301 1140659 1273601 1273441 1251439 1306742 1229301 1129628 1196076 1384189 1218208 1140545 1262526 1284534 1295717 1240376 1273601 1240372 1151706 1151776 1229301 1395266 1317899 1229301 1173930 1151624 1295735 1251451 1151776 1317741 1196076 1251451 1129628 1196076 1184873 1184873 1218226 1240316 1173794 1140637 1373160 1251449 1218228 1229143 1096403 1240266 1273601 1162851 1184933 1151764 1162729 1140545 1262396 1162847 1240336 1195954 1273443 1240376 1173812 1162815 1306666 1273535 1196076 1262526 1196076 1207151 1173932 1162783 1328900 1184935 1207157 1173858 1118479 1251293 1306810 1218210 1218084 1173872 1384209 1185001 1251305 1206993 1229183 1041032 1207153 1185007 1207151 1173926 1262492 1162829 1317789 1162803 1295751 1118507 1317901 1317859 1129600 1196082 1317813 1162853 1129568 1196018 1229237 1151622 1251451 1273443 1162847 1162853 1262374 1207151 1306708 1140707 941291 1262366 1229213 1229301 1362041 1317851 1229231 1240376 1229301 1262436 1195918 1218228 1207135 1240376 1262386 1140703 1173926 1251449 1107478 1262486 1096287 1118415 1140665 1251435 1251451 1151778 1029959 1107478 1317811 1229301 1140703 1295745 1384349 1051993 1218068 1328974 1151672 1273477 1340037 1306778 1339891 1240376]
Response/bytes (per Connection):  [1900394 1900304 1900452 2043828 1757020 2061737 2043880 1882491 1972076 1989963 2079582 1792834 1972042 2025951 2097647 1936314 1989989 1972022 2169383 2097557 1918231 1882515 1972166 2097597 1972168 2025933 2097617 1846507 2007866 1972068 1918379 2061653 2007892 2223086 2043756 2025815 2043882 1828736 2151454 2097669 2007938 2133451 1828736 2043830 2079582 1954133 1882521 1990095 1900408 1990007 1846519 1989997 2025795 1936168 1954225 1972010 2223082 1864592 1828740 1882365 1918381 1954197 1774917 2025903 2097527 1846505 2151330 1936256 1828736 2007968 1774875 2151394 1990089 1882513 2043756 1954187 2079582 1989981 1900450 1792842 2115596 1864474 1918381 1918381 2133527 1989937 2025809 2151296 1739075 1936314 1918379 1972130 1810689 2061671 1936308 1846561 2133391 2223170 1685310 1990081 1954079 2097669 1828710 2097573 1864436 1882419 1918321 2025929 1918379 2133367 2043880 2043876 2097545 1972166 1936222 1828736 2061809 2097669 1774923 1774949 1972076 2223170 1954237 2097669 1828708 2061717 1757022 1936274 1972052 1954119 1882403 1810701 1810739 2025853 1990001 1954079 1900450 1972010 2025893 1828736 1990095 2151454 1936308 1900356 2151434 1900450 1990095 1846621 2061811 2061651 2025941 2115514 1990095 1828736 1936308 2240939 1972148 1846507 2043882 2079598 2097635 2008024 2061811 2008020 1864522 1864592 1990095 2258870 2133525 1990095 1900454 1864440 2097653 2025953 1864592 2133367 1936308 2025953 1828736 1936308 1918251 1918251 1972166 2007964 1900318 1846599 2223056 2025951 1972168 1989937 1774949 2007914 2061811 1882521 1918311 1864580 1882399 1846507 2043752 1882517 2007984 1936186 2061653 2008024 1900336 1882485 2115438 2061745 1936308 2043882 1936308 1954237 1900456 1882453 2151380 1918313 1954243 1900382 1810733 2025795 2115582 1972150 1972024 1900396 2240959 1918379 2025807 1954079 1989977 1685308 1954239 1918385 1954237 1900450 2043848 1882499 2133415 1882473 2097669 1810761 2133527 2133485 1828708 1936314 2133439 1882523 1828676 1936250 1990031 1864438 2025953 2061653 1882517 1882523 2043730 1954237 2115480 1846669 1523881 2043722 1990007 1990095 2205083 2133477 1990025 2008024 1990095 2043792 1936150 1972168 1954221 2008024 2043742 1846665 1900450 2025951 1792878 2043842 1774833 1810669 1846627 2025937 2025953 1864594 1667381 1792878 2133437 1990095 1846665 2097663 2241099 1703123 1972008 2151454 1864488 2061687 2169371 2115550 2169225 2008024]
Requests Number (per Connection):  [106 106 106 114 98 115 114 105 110 111 116 100 110 113 117 108 111 110 121 117 107 105 110 117 110 113 117 103 112 110 107 115 112 124 114 113 114 102 120 117 112 119 102 114 116 109 105 111 106 111 103 111 113 108 109 110 124 104 102 105 107 109 99 113 117 103 120 108 102 112 99 120 111 105 114 109 116 111 106 100 118 104 107 107 119 111 113 120 97 108 107 110 101 115 108 103 119 124 94 111 109 117 102 117 104 105 107 113 107 119 114 114 117 110 108 102 115 117 99 99 110 124 109 117 102 115 98 108 110 109 105 101 101 113 111 109 106 110 113 102 111 120 108 106 120 106 111 103 115 115 113 118 111 102 108 125 110 103 114 116 117 112 115 112 104 104 111 126 119 111 106 104 117 113 104 119 108 113 102 108 107 107 110 112 106 103 124 113 110 111 99 112 115 105 107 104 105 103 114 105 112 108 115 112 106 105 118 115 108 114 108 109 106 105 120 107 109 106 101 113 118 110 110 106 125 107 113 109 111 94 109 107 109 106 114 105 119 105 117 101 119 119 102 108 119 105 102 108 111 104 113 115 105 105 114 109 118 103 85 114 111 111 123 119 111 112 111 114 108 110 109 112 114 103 106 113 100 114 99 101 103 113 113 104 93 100 119 111 103 117 125 95 110 120 104 115 121 118 121 112]
Requests/sec:  5949.713557942709 KB
Transfer/sec:  15581.778776041667 KB

