2023-12-04 18:28:14.726796761 +0800 CST m=+13995.570380929
Running 1m0s myx-test @ https://192.168.12.127:6443/api/v1/namespaces/myx-test/endpoints
3 connections
Requests/bytes (per Connection):  [40182298 38283232 37284874]
Response/bytes (per Connection):  [57913591 55176608 53737741]
Requests Number (per Connection):  [3703 3528 3436]
Requests/sec:  1883.9583984375 KB
Transfer/sec:  4599.256901041666 KB

2023-12-04 18:29:55.167229804 +0800 CST m=+14096.010813977
Running 1m0s myx-test @ https://192.168.12.127:6443/api/v1/namespaces/myx-test/endpoints
6 connections
Requests/bytes (per Connection):  [36905180 34517936 34409346 35234036 34886778 36633918]
Response/bytes (per Connection):  [53190404 49749702 49593267 50781876 50281399 52799423]
Requests Number (per Connection):  [3401 3181 3171 3247 3215 3376]
Requests/sec:  3460.07802734375 KB
Transfer/sec:  8446.993245442709 KB

2023-12-04 18:31:35.583177803 +0800 CST m=+14196.426761972
Running 1m0s myx-test @ https://192.168.12.127:6443/api/v1/namespaces/myx-test/endpoints
9 connections
Requests/bytes (per Connection):  [29580566 29960326 29732488 29851810 30958744 31284142 29602270 31121364 29786752]
Response/bytes (per Connection):  [42633647 43181017 42852604 43024619 44619914 45089033 42664927 44854434 42930806]
Requests Number (per Connection):  [2726 2761 2740 2751 2853 2883 2728 2868 2745]
Requests/sec:  4425.10517578125 KB
Transfer/sec:  10802.888395182292 KB

2023-12-04 18:33:16.499649702 +0800 CST m=+14297.343233888
Running 1m0s myx-test @ https://192.168.12.127:6443/api/v1/namespaces/myx-test/endpoints
15 connections
Requests/bytes (per Connection):  [16320300 17069082 17253426 17188298 16363714 16808638 16721824 16971416 15777716 17003908 16493936 16146678 17155892 17134112 16190084]
Response/bytes (per Connection):  [23522006 24601163 24866973 24773125 23584569 24225805 24100686 24460404 22740014 24507292 23772248 23271771 24726280 24694962 23334330]
Requests Number (per Connection):  [1504 1573 1590 1584 1508 1549 1541 1564 1454 1567 1520 1488 1581 1579 1492]
Requests/sec:  4078.76015625 KB
Transfer/sec:  9957.3673828125 KB

2023-12-04 18:34:57.003890924 +0800 CST m=+14397.847475093
Running 1m0s myx-test @ https://192.168.12.127:6443/api/v1/namespaces/myx-test/endpoints
30 connections
Requests/bytes (per Connection):  [7997296 7975662 8062502 8170926 8290428 7780260 8019044 8290456 8160212 8387962 8246890 8236036 8203482 8008156 7964792 8171086 7769534 8236066 8257798 8105974 8127650 8160150 8170966 8105816 8355408 8105884 7888920 7986574 8257884 7877928]
Response/bytes (per Connection):  [11526366 11495121 11620253 11776605 11948710 11213568 11557668 11948724 11761034 12089403 11886085 11870444 11823525 11542010 11479472 11776685 11197991 11870459 11901753 11682845 11714111 11761003 11776625 11682766 12042484 11682800 11370038 11510791 11901796 11354328]
Requests Number (per Connection):  [737 735 743 753 764 717 739 764 752 773 760 759 756 738 734 753 716 759 761 747 749 752 753 747 770 747 727 736 761 726]
Requests/sec:  3961.12861328125 KB
Transfer/sec:  9670.201904296875 KB

2023-12-04 18:36:37.489983486 +0800 CST m=+14498.333567689
Running 1m0s myx-test @ https://192.168.12.127:6443/api/v1/namespaces/myx-test/endpoints
60 connections
Requests/bytes (per Connection):  [4156080 4383932 4090970 4362212 4253648 4427290 4123526 4286298 4156082 4156082 4286300 4329706 4253744 4253586 4112528 4253712 4025832 4307888 4275448 4156076 4318700 4253670 4090970 4210322 4232044 4394818 4112636 4459836 4210184 4145230 4145230 4253744 4080118 4188606 4394818 4210250 4253742 4112574 4112592 4210308 4253586 4481632 4340558 4231936 4090970 4242896 4308004 4177700 4372992 4253588 4199484 4080100 4080080 4340488 4231930 4199484 4123526 4351410 4134320 4090894]
Response/bytes (per Connection):  [5990002 6318422 5896163 6287134 6130712 6380957 5943083 6177679 5990003 5990003 6177680 6240239 6130760 6130681 5927370 6130744 5802310 6208902 6162040 5990000 6224522 6130723 5896163 6068193 6099482 6334079 5927424 6427872 6068124 5974363 5974363 6130760 5880523 6036907 6334079 6068157 6130759 5927393 5927402 6068186 6130681 6459198 6255879 6099428 5896163 6115122 6208960 6021240 6302738 6130682 6052560 5880514 5880504 6255844 6099425 6052560 5943083 6271519 5958694 5896125]
Requests Number (per Connection):  [383 404 377 402 392 408 380 395 383 383 395 399 392 392 379 392 371 397 394 383 398 392 377 388 390 405 379 411 388 382 382 392 376 386 405 388 392 379 379 388 392 413 400 390 377 391 397 385 403 392 387 376 376 400 390 387 380 401 381 377]
Requests/sec:  4128.042154947917 KB
Transfer/sec:  10077.672314453124 KB

2023-12-04 18:38:17.97639382 +0800 CST m=+14598.819977987
Running 1m0s myx-test @ https://192.168.12.127:6443/api/v1/namespaces/myx-test/endpoints
90 connections
Requests/bytes (per Connection):  [3287936 3136032 3146882 3092604 3309630 3146866 3146862 3190282 3136010 3222824 3092632 3092602 3005788 3179416 3168566 3157732 3027492 3255380 3211972 3027534 3157714 3266232 3298786 3146882 3038344 3146862 3157714 3298788 3005836 3255380 3233678 3136034 3114334 3092602 3146882 3125182 3049196 3103454 3114334 3146882 3255380 3309640 3201122 3157718 3136010 3168582 3298788 3277084 3385602 3168566 3190268 3190270 3168566 2994936 3168582 3266232 3222830 3157714 3233676 3103482 3103454 3190268 3277084 3222826 3005836 3320490 3038344 3233680 3081750 3070900 3255380 3103456 3255380 3070934 3005834 3070900 3157730 2984084 3179418 3125158 3146862 3081784 3157732 3005788 3168566 3114306 3179432 3125158 2962380 3146862]
Response/bytes (per Connection):  [4738810 4519862 4535501 4457292 4770085 4535493 4535491 4598057 4519851 4644970 4457306 4457291 4332172 4582410 4566771 4551140 4363452 4691890 4629330 4363473 4551131 4707530 4754449 4535501 4379092 4535491 4551131 4754450 4332196 4691890 4660611 4519863 4488585 4457291 4535501 4504223 4394732 4472931 4488585 4535501 4691890 4770090 4613691 4551133 4519851 4566779 4754450 4723170 4879569 4566771 4598050 4598051 4566771 4316532 4566779 4707530 4644973 4551131 4660610 4472945 4472931 4598050 4723170 4644971 4332196 4785729 4379092 4660612 4441651 4426012 4691890 4472932 4691890 4426029 4332195 4426012 4551139 4300892 4582411 4504211 4535491 4441668 4551140 4332172 4566771 4488571 4582418 4504211 4269612 4535491]
Requests Number (per Connection):  [303 289 290 285 305 290 290 294 289 297 285 285 277 293 292 291 279 300 296 279 291 301 304 290 280 290 291 304 277 300 298 289 287 285 290 288 281 286 287 290 300 305 295 291 289 292 304 302 312 292 294 294 292 276 292 301 297 291 298 286 286 294 302 297 277 306 280 298 284 283 300 286 300 283 277 283 291 275 293 288 290 284 291 277 292 287 293 288 273 290]
Requests/sec:  4621.858430989583 KB
Transfer/sec:  11283.213525390625 KB

2023-12-04 18:39:58.563230202 +0800 CST m=+14699.406814384
Running 1m0s myx-test @ https://192.168.12.127:6443/api/v1/namespaces/myx-test/endpoints
150 connections
Requests/bytes (per Connection):  [2007424 2072590 2007480 1931462 1985820 1942350 2018306 1964070 2094344 1953324 2116008 2061742 1985880 2050832 1909864 2202804 1996712 2137646 1920768 2050984 1866384 2224462 2116086 2029128 2007424 2159396 2018276 2137648 2235460 2137646 2137646 2094368 1909830 2050832 2137646 2083388 2072534 2083498 2083388 1888088 2007542 1996704 2105092 2029262 1996572 2094326 2039982 2083510 2061842 2105086 2116068 2094240 1974870 2040048 2029216 2039980 2050858 1985736 2159352 2115972 2213608 2137646 1931620 2126794 2029222 2007480 2061804 2148534 2083392 2050832 2072604 2072626 2181052 2159468 2029128 2007572 1855570 2061784 1964092 2039990 2159350 2061824 1996694 2072566 2072536 1974870 1975028 2116096 1888124 2050832 2083388 2094238 2061684 2126878 2072644 1909810 2083388 2061732 2083382 2116032 2018276 2029130 2061684 2181050 1996638 2029244 2061684 2018356 2126808 2181054 2191944 2061824 2050888 2007424 1812092 2040002 2050832 2115942 2137708 2061682 2094312 2213634 2083388 2029128 1964018 2083424 1931462 2202814 2116100 1985720 2040114 2094240 1964018 2007424 2039980 2040072 2039980 2170338 2126830 2094238 2018436 1877298 2083452 2083388 2148494 2191956 2083388 1964036 2072656 2072694]
Response/bytes (per Connection):  [2893302 2987169 2893330 2783823 2862072 2799481 2908957 2830769 3018474 2815182 3049734 2971531 2862102 2955862 2752596 3174844 2877732 3080981 2768262 2955938 2690000 3206101 3049773 2924582 2893302 3112284 2908942 3080982 3221814 3080981 3080981 3018486 2752579 2955862 3080981 3002782 2987141 3002837 3002782 2721280 2893361 2877728 3034062 2924649 2877662 3018465 2940223 3002843 2971581 3034059 3049764 3018422 2846383 2940256 2924626 2940222 2955875 2862030 3112262 3049716 3190460 3080981 2783902 3065341 2924629 2893330 2971562 3096639 3002784 2955862 2987176 2987187 3143540 3112320 2924582 2893376 2674379 2971552 2830780 2940227 3112261 2971572 2877723 2987157 2987142 2846383 2846462 3049778 2721298 2955862 3002782 3018421 2971502 3065383 2987196 2752569 3002782 2971526 3002779 3049746 2908942 2924583 2971502 3143539 2877695 2924640 2971502 2908982 3065348 3143541 3159200 2971572 2955890 2893302 2611784 2940233 2955862 3049701 3081012 2971501 3018458 3190473 3002782 2924582 2830743 3002800 2783823 3174849 3049780 2862022 2940289 3018422 2830743 2893302 2940222 2940268 2940222 3127969 3065359 3018421 2909022 2705671 3002814 3002782 3096619 3159206 3002782 2830752 2987202 2987221]
Requests Number (per Connection):  [185 191 185 178 183 179 186 181 193 180 195 190 183 189 176 203 184 197 177 189 172 205 195 187 185 199 186 197 206 197 197 193 176 189 197 192 191 192 192 174 185 184 194 187 184 193 188 192 190 194 195 193 182 188 187 188 189 183 199 195 204 197 178 196 187 185 190 198 192 189 191 191 201 199 187 185 171 190 181 188 199 190 184 191 191 182 182 195 174 189 192 193 190 196 191 176 192 190 192 195 186 187 190 201 184 187 190 186 196 201 202 190 189 185 167 188 189 195 197 190 193 204 192 187 181 192 178 203 195 183 188 193 181 185 188 188 188 200 196 193 186 173 192 192 198 202 192 181 191 191]
Requests/sec:  5020.459049479166 KB
Transfer/sec:  12256.326009114584 KB

2023-12-04 18:41:39.164892312 +0800 CST m=+14800.008476480
Running 1m0s myx-test @ https://192.168.12.127:6443/api/v1/namespaces/myx-test/endpoints
300 connections
Requests/bytes (per Connection):  [1226250 1323918 1106724 1171982 1171994 1030920 1139332 1161142 1215400 1204544 1247956 1193696 1226252 1226252 1150290 1215400 1150202 1247844 1215400 1171994 1074326 1150140 1280474 1106856 1128582 1247956 1258680 1215264 1226110 1128428 1139296 1150196 1226094 1215248 1302068 1161056 1204438 1095946 1161074 1161142 1139308 1117734 1096022 1237028 1117712 1182686 1291332 1269660 1280368 1193696 1182768 1117676 1161024 1280510 1247812 1182844 1247954 1182700 1117734 1095964 1171992 1226184 1139414 1139394 1389030 1161140 1117706 1063404 1334770 1280364 1204548 1204390 1171992 1182844 1161028 1367192 1117690 1204506 1161142 1226094 1226132 1313066 1106882 1150186 1139442 1204390 1313040 1247890 1171834 1258806 1236976 1323760 1204548 1226252 1258808 1193676 1128586 1171992 1150130 1226214 1182770 1193644 1258766 1193538 1171836 1204404 1161142 1128524 1204548 1106882 1171882 1095872 1258680 1247956 1302136 1150276 1313066 1269644 1258808 1095874 1150290 1269616 1182790 1204390 1171900 1117650 1117628 1106882 1030922 1215262 1247796 1204548 1139438 1269658 1117734 1150288 1269658 1204408 1085178 1247896 1226252 1291252 1171892 1128426 1226236 1345542 1204548 1150178 1182768 1237104 1193634 1258758 1020072 1280496 1193696 1171906 1236950 1117654 1280510 1204544 1095980 1226194 1269644 1095890 1236946 1399882 1204548 1323898 1269538 1171950 1247882 1161140 1193662 1117688 1356436 1215400 1237000 1171834 1052622 1117734 1161140 1020004 1171992 1302214 1193586 1150144 1302156 1226252 1096020 1128436 1345622 1150238 1226134 1193654 1258710 1139370 1128576 1128590 1193666 1269618 1247956 1117694 1215400 1193588 1074326 1215348 1269526 1258712 1269658 1269542 1269616 1182752 1117584 1215296 1128428 1215400 1334748 1139280 1182844 1171844 1313058 1247796 1215242 1074286 1193646 1226204 1139414 1204548 1247868 1204548 1171844 1323918 1204548 1226252 1204534 1171956 1302116 1182796 1280352 1215398 1139290 1269530 1171992 1139442 1117732 1226174 1139438 1388906 1193698 1204450 1171992 1215400 1182768 1356474 1139294 1193696 1171860 1204466 1171944 1193608 1117732 1161136 1161142 1302216 1150288 1323918 1074176 1291362 1193574 1128562 1291284 1226098 1150288 1171904 1150258 1237054 1215382 1269510 1291364 1204548 1161142 1226250 1139364 1280510 1215354 1280486 1095942 1258808 1269590 1204514 1323918 1291362 1074168 1258648 1280456 1226094 1356474 1258808 1215300 1074294]
Response/bytes (per Connection):  [1767307 1908067 1595190 1689103 1689109 1485790 1642136 1673469 1751668 1736026 1798588 1720388 1767308 1767308 1657829 1751668 1657785 1798532 1751668 1689109 1548349 1657754 1845489 1595256 1626547 1798588 1814164 1751600 1767237 1626470 1642118 1657782 1767229 1751592 1876714 1673426 1735973 1579587 1673435 1673469 1642124 1610909 1579625 1782910 1610898 1704669 1861132 1829868 1845436 1720388 1704710 1610880 1673410 1845507 1798516 1704748 1798587 1704676 1610909 1579596 1689108 1767274 1642177 1642167 2001907 1673468 1610895 1532674 1923707 1845434 1736028 1735949 1689108 1704748 1673412 1970560 1610887 1736007 1673469 1767229 1767248 1892427 1595269 1657777 1642191 1735949 1892414 1798555 1689029 1814227 1782884 1907988 1736028 1767308 1814228 1720378 1626549 1689108 1657749 1767289 1704711 1720362 1814207 1720309 1689030 1735956 1673469 1626518 1736028 1595269 1689053 1579550 1814164 1798588 1876748 1657822 1892427 1829860 1814228 1579551 1657829 1829846 1704721 1735949 1689062 1610867 1610856 1595269 1485791 1751599 1798508 1736028 1642189 1829867 1610909 1657828 1829867 1735958 1563989 1798558 1767308 1861092 1689058 1626469 1767300 1939307 1736028 1657773 1704710 1782948 1720357 1814203 1470152 1845500 1720388 1689065 1782871 1610869 1845507 1736026 1579604 1767279 1829860 1579559 1782869 2017547 1736028 1908057 1829807 1689087 1798551 1673468 1720371 1610886 1954968 1751668 1782896 1689029 1517069 1610909 1673468 1470118 1689108 1876787 1720333 1657756 1876758 1767308 1579624 1626474 1939347 1657803 1767249 1720367 1814179 1642155 1626544 1626551 1720373 1829847 1798588 1610889 1751668 1720334 1548349 1751642 1829801 1814180 1829867 1829809 1829846 1704702 1610834 1751616 1626470 1751668 1923696 1642110 1704748 1689034 1892423 1798508 1751589 1548329 1720363 1767284 1642177 1736028 1798544 1736028 1689034 1908067 1736028 1767308 1736021 1689090 1876738 1704724 1845428 1751667 1642115 1829803 1689108 1642191 1610908 1767269 1642189 2001845 1720389 1735979 1689108 1751668 1704710 1954987 1642117 1720388 1689042 1735987 1689084 1720344 1610908 1673466 1673469 1876788 1657828 1908067 1548274 1861147 1720327 1626537 1861108 1767231 1657828 1689064 1657813 1782923 1751659 1829793 1861148 1736028 1673469 1767307 1642152 1845507 1751645 1845495 1579585 1814228 1829833 1736011 1908067 1861147 1548270 1814148 1845480 1767229 1954987 1814228 1751618 1548333]
Requests Number (per Connection):  [113 122 102 108 108 95 105 107 112 111 115 110 113 113 106 112 106 115 112 108 99 106 118 102 104 115 116 112 113 104 105 106 113 112 120 107 111 101 107 107 105 103 101 114 103 109 119 117 118 110 109 103 107 118 115 109 115 109 103 101 108 113 105 105 128 107 103 98 123 118 111 111 108 109 107 126 103 111 107 113 113 121 102 106 105 111 121 115 108 116 114 122 111 113 116 110 104 108 106 113 109 110 116 110 108 111 107 104 111 102 108 101 116 115 120 106 121 117 116 101 106 117 109 111 108 103 103 102 95 112 115 111 105 117 103 106 117 111 100 115 113 119 108 104 113 124 111 106 109 114 110 116 94 118 110 108 114 103 118 111 101 113 117 101 114 129 111 122 117 108 115 107 110 103 125 112 114 108 97 103 107 94 108 120 110 106 120 113 101 104 124 106 113 110 116 105 104 104 110 117 115 103 112 110 99 112 117 116 117 117 117 109 103 112 104 112 123 105 109 108 121 115 112 99 110 113 105 111 115 111 108 122 111 113 111 108 120 109 118 112 105 117 108 105 103 113 105 128 110 111 108 112 109 125 105 110 108 111 108 110 103 107 107 120 106 122 99 119 110 104 119 113 106 108 106 114 112 117 119 111 107 113 105 118 112 118 101 116 117 111 122 119 99 116 118 113 125 116 112 99]
Requests/sec:  5859.940071614584 KB
Transfer/sec:  14305.702848307292 KB

