2023-12-05 19:03:07.134204497 +0800 CST m=+24137.641512354
Running 1m0s myx-test @ https://192.168.12.127:6443/apis/batch/v1/namespaces/myx-test/jobs
3 connections
Requests/bytes (per Connection):  [46876426 50385786 47712566]
Response/bytes (per Connection):  [28132287 30238366 28634103]
Requests Number (per Connection):  [4261 4580 4337]
Requests/sec:  2359.61552734375 KB
Transfer/sec:  3775.708561197917 KB

2023-12-05 19:04:47.20671239 +0800 CST m=+24237.714020262
Running 1m0s myx-test @ https://192.168.12.127:6443/apis/batch/v1/namespaces/myx-test/jobs
6 connections
Requests/bytes (per Connection):  [38416390 40011558 38284420 40088640 40253664 40088636]
Response/bytes (per Connection):  [23055082 24012395 22975900 24058684 24157723 24058680]
Requests Number (per Connection):  [3492 3637 3480 3644 3659 3644]
Requests/sec:  3859.754361979167 KB
Transfer/sec:  6176.135611979166 KB

2023-12-05 19:06:27.276840671 +0800 CST m=+24337.784148528
Running 1m0s myx-test @ https://192.168.12.127:6443/apis/batch/v1/namespaces/myx-test/jobs
9 connections
Requests/bytes (per Connection):  [33190826 34015966 33080812 32068748 32057766 32101726 34048970 33256842 33751910]
Response/bytes (per Connection):  [19919043 20414258 19853019 19245663 19239080 19265444 20434065 19958665 20255778]
Requests Number (per Connection):  [3017 3092 3007 2915 2914 2918 3095 3023 3068]
Requests/sec:  4843.319759114584 KB
Transfer/sec:  7749.976904296875 KB

2023-12-05 19:08:07.362668638 +0800 CST m=+24437.869976513
Running 1m0s myx-test @ https://192.168.12.127:6443/apis/batch/v1/namespaces/myx-test/jobs
15 connections
Requests/bytes (per Connection):  [22706594 22717596 21936534 22453558 21738454 21980524 21804512 22750602 22794610 22761604 22915630 22563570 22519562 21826494 22948634]
Response/bytes (per Connection):  [13627058 13633661 13164928 13475199 13046030 13191322 13085694 13653470 13679882 13660073 13752513 13541221 13514809 13098878 13772320]
Requests Number (per Connection):  [2064 2065 1994 2041 1976 1998 1982 2068 2072 2069 2083 2051 2047 1984 2086]
Requests/sec:  5475.561165364584 KB
Transfer/sec:  8761.64609375 KB

2023-12-05 19:09:53.781995411 +0800 CST m=+24544.289303272
Running 1m0s myx-test @ https://192.168.12.127:6443/apis/batch/v1/namespaces/myx-test/jobs
30 connections
Requests/bytes (per Connection):  [6996826 7205860 7062826 7018750 6831798 6831756 6908782 6886806 6985824 6732782 6963816 6941812 6941816 6732776 7150850 6985814 6985824 6897810 6765782 7205860 6710778 6820758 6974804 6754758 6809790 7018820 7194768 6699758 6908810 6743776]
Response/bytes (per Connection):  [4199062 4324515 4238668 4212188 4100019 4099977 4146210 4133032 4192459 4040594 4179249 4166043 4166047 4040588 4291500 4192449 4192459 4139637 4060397 4324515 4027388 4093378 4185838 4053772 4086809 4212258 4317822 4020767 4146238 4047189]
Requests Number (per Connection):  [636 655 642 638 621 621 628 626 635 612 633 631 631 612 650 635 635 627 615 655 610 620 634 614 619 638 654 609 628 613]
Requests/sec:  3380.0616861979165 KB
Transfer/sec:  5408.562125651041 KB

2023-12-05 19:11:33.944401205 +0800 CST m=+24644.451709075
Running 1m0s myx-test @ https://192.168.12.127:6443/apis/batch/v1/namespaces/myx-test/jobs
60 connections
Requests/bytes (per Connection):  [4015494 3993414 3982488 3905480 3938482 3971492 3993412 4026496 3905480 3806418 4059502 3806462 3982492 3905480 4015454 4004372 3971486 3905370 4048466 3773458 3993408 3982388 4169520 3949486 4015498 3828372 3949426 4059500 3938456 3982494 3938466 4070392 3971492 3993492 3894478 3916478 3883476 4125442 3828384 4081484 3894478 4037368 3971476 3707434 3883470 4037498 3751444 3938370 3872392 3927482 3960488 4103394 3938484 4059506 3916482 3916482 3916482 3850370 4059500 3883406]
Response/bytes (per Connection):  [2409859 2396577 2390050 2343835 2363640 2383453 2396575 2416462 2343835 2284364 2436271 2284408 2390054 2343835 2409819 2403136 2383447 2343725 2429634 2264601 2396571 2389950 2502299 2370245 2409863 2297520 2370185 2436269 2363614 2390056 2363624 2442762 2383453 2396655 2337232 2350434 2330629 2475817 2297532 2449455 2337232 2422935 2383437 2224971 2330623 2423065 2251385 2363528 2323944 2357039 2376848 2462567 2363642 2436275 2350438 2350438 2350438 2310720 2436269 2330559]
Requests Number (per Connection):  [365 363 362 355 358 361 363 366 355 346 369 346 362 355 365 364 361 355 368 343 363 362 379 359 365 348 359 369 358 362 358 370 361 363 354 356 353 375 348 371 354 367 361 337 353 367 341 358 352 357 360 373 358 369 356 356 356 350 369 353]
Requests/sec:  3860.829036458333 KB
Transfer/sec:  6177.85537109375 KB

2023-12-05 19:13:14.133681542 +0800 CST m=+24744.640989430
Running 1m0s myx-test @ https://192.168.12.127:6443/apis/batch/v1/namespaces/myx-test/jobs
90 connections
Requests/bytes (per Connection):  [2860368 3003378 2871310 2816300 2959386 2860308 2805346 2981328 2772296 2959324 3036338 2816322 2904314 2926322 3135384 2915320 2926388 2761290 2882348 2772306 3080344 2882386 2860312 2882310 2838388 2816300 2794302 2849310 2882310 2970330 2948326 2992328 2915386 2805298 2981328 2838328 2926318 2926318 3124350 2992386 2948356 2904318 2915316 2970340 2739288 2816304 2860306 3025364 2882312 3003384 2882334 2992328 2871308 2959386 2838302 2882362 2959324 2959350 2970386 2959324 2893322 2904342 2915316 3124354 2992332 2794296 2981326 2860306 2772326 2783350 2827302 2948322 2805342 2827358 2904314 2794314 3014384 2937388 2948336 2959324 3003330 2772294 2893382 2739366 2717324 2893388 2827302 2959340 2871310 2849370]
Response/bytes (per Connection):  [1716628 1802451 1723171 1690156 1776055 1716568 1683601 1789199 1663748 1775993 1822214 1690178 1742978 1756188 1881669 1749585 1756254 1657141 1729810 1663758 1848624 1729848 1716572 1729772 1703446 1690156 1676956 1709969 1729772 1782600 1769394 1795800 1749651 1683553 1789199 1703386 1756184 1756184 1875034 1795858 1769424 1742982 1749581 1782610 1643937 1690160 1716566 1815639 1729774 1802457 1729796 1795800 1723169 1776055 1703360 1729824 1775993 1776019 1782656 1775993 1736385 1743006 1749581 1875038 1795804 1676950 1789197 1716566 1663778 1670403 1696759 1769390 1683597 1696815 1742978 1676968 1809058 1762855 1769404 1775993 1802403 1663746 1736445 1644015 1630771 1736451 1696759 1776009 1723171 1710029]
Requests Number (per Connection):  [260 273 261 256 269 260 255 271 252 269 276 256 264 266 285 265 266 251 262 252 280 262 260 262 258 256 254 259 262 270 268 272 265 255 271 258 266 266 284 272 268 264 265 270 249 256 260 275 262 273 262 272 261 269 258 262 269 269 270 269 263 264 265 284 272 254 271 260 252 253 257 268 255 257 264 254 274 267 268 269 273 252 263 249 247 263 257 269 261 259]
Requests/sec:  4250.099055989584 KB
Transfer/sec:  6800.740690104167 KB

2023-12-05 19:17:04.143459841 +0800 CST m=+24974.650767705
Running 1m0s myx-test @ https://192.168.12.127:6443/apis/batch/v1/namespaces/myx-test/jobs
150 connections
Requests/bytes (per Connection):  [242040 220036 209034 253042 275016 242040 208994 219996 242040 220036 242040 252994 220036 275010 198032 219996 220036 253042 209034 220036 242036 252996 209030 231038 275046 209036 253042 220024 241996 241996 253028 220036 220038 253042 220038 286042 274996 198032 253038 242040 242036 242040 231038 231038 286048 231038 253038 209034 220036 209034 253038 253042 220036 286042 242016 220038 242040 220010 231038 220036 253038 253042 241998 220032 230996 219996 264044 252996 231038 242040 263996 242040 198016 241996 241996 242040 219994 209034 286044 187026 231040 231006 242016 285996 253042 252996 275014 242040 253042 253038 297044 209034 220036 253038 198034 242000 219996 231038 253042 296996 209034 220038 231038 198032 208996 242040 242040 186998 264042 220036 253042 209034 231040 187030 253042 252994 220032 242040 197998 231038 264044 242036 253042 231038 198032 208996 242040 231038 275046 209036 242040 208996 220024 230996 253042 198032 220036 275046 231004 230996 242036 209034 219996 242036 220032 253042 264044 286038 264044 264040]
Response/bytes (per Connection):  [145262 132056 125453 151865 165041 145262 125413 132016 145262 132056 145262 151817 132056 165035 118850 132016 132056 151865 125453 132056 145258 151819 125449 138659 165071 125455 151865 132044 145218 145218 151851 132056 132058 151865 132058 171668 165021 118850 151861 145262 145258 145262 138659 138659 171674 138659 151861 125453 132056 125453 151861 151865 132056 171668 145238 132058 145262 132030 138659 132056 151861 151865 145220 132052 138617 132016 158468 151819 138659 145262 158420 145262 118834 145218 145218 145262 132014 125453 171670 112243 138661 138627 145238 171622 151865 151819 165039 145262 151865 151861 178271 125453 132056 151861 118852 145222 132016 138659 151865 178223 125453 132058 138659 118850 125415 145262 145262 112215 158466 132056 151865 125453 138661 112247 151865 151817 132052 145262 118816 138659 158468 145258 151865 138659 118850 125415 145262 138659 165071 125455 145262 125415 132044 138617 151865 118850 132056 165071 138625 138617 145258 125453 132016 145258 132052 151865 158468 171664 158468 158464]
Requests Number (per Connection):  [22 20 19 23 25 22 19 20 22 20 22 23 20 25 18 20 20 23 19 20 22 23 19 21 25 19 23 20 22 22 23 20 20 23 20 26 25 18 23 22 22 22 21 21 26 21 23 19 20 19 23 23 20 26 22 20 22 20 21 20 23 23 22 20 21 20 24 23 21 22 24 22 18 22 22 22 20 19 26 17 21 21 22 26 23 23 25 22 23 23 27 19 20 23 18 22 20 21 23 27 19 20 21 18 19 22 22 17 24 20 23 19 21 17 23 23 20 22 18 21 24 22 23 21 18 19 22 21 25 19 22 19 20 21 23 18 20 25 21 21 22 19 20 22 20 23 24 26 24 24]
Requests/sec:  577.63984375 KB
Transfer/sec:  924.3035481770834 KB

2023-12-05 19:18:44.445321188 +0800 CST m=+25074.952629069
Running 1m0s myx-test @ https://192.168.12.127:6443/apis/batch/v1/namespaces/myx-test/jobs
300 connections
Requests/bytes (per Connection):  [748080 715090 770080 781114 726120 770124 748112 781062 715054 737052 681988 737122 726116 682046 736986 660108 715114 715106 803130 737122 759120 737122 649108 803128 715042 682112 693110 670986 770014 715118 682114 737098 737122 615998 737070 637990 825132 704100 770124 726120 737048 781130 770128 836138 737070 770128 682114 759038 803128 748060 748120 693116 748124 726120 704118 704116 726120 814096 704116 715092 759064 671076 693114 693076 781130 737070 671106 759122 759126 726120 682112 616022 682044 814134 638102 770128 704118 671020 714988 704114 726116 792008 637988 748016 682108 792128 682110 781090 715018 725986 649098 759058 714990 770030 792128 803054 781072 671110 703990 715120 725988 814130 704112 792124 693114 715120 670996 781016 726098 660008 737066 803130 682088 803130 748088 770064 726028 792098 681988 737092 759022 704118 736992 660108 616102 715116 703988 693038 693112 726120 748008 759126 737122 693110 704118 770074 858138 737122 814030 748104 781126 637990 803134 847136 714992 704112 759122 825138 704114 814050 792094 660106 770124 748120 814136 759124 682108 660108 759046 792002 791996 814074 704086 682112 704112 715118 726120 814136 737084 759084 748054 803128 803074 715120 748124 715040 693116 748120 715080 693034 715114 714990 781124 726120 759122 682024 660110 726060 737026 704114 693114 814134 715114 726116 660054 726116 748114 693110 880066 715118 737078 770012 715070 682108 594094 759054 693114 715114 704118 737122 814130 638060 759120 659990 715102 671090 693114 747986 736988 649044 737028 759064 715114 703988 704070 737114 715118 781052 737080 693114 780988 758992 781128 770046 748124 803130 814040 638104 758988 814060 671110 748124 693112 671108 748116 803062 715018 759126 715114 737122 726036 704116 770126 627038 693034 670988 792082 803014 792032 649060 692990 649098 781130 726116 715114 693112 703988 759122 638000 671052 825098 704036 758988 769992 770096 781126 847028 792128 792130 737002 671112 792074 594052 737104 737122 704008 692992 726120 671106 594066 638106 714988 725988 726116 770090 726120 758988 725988 748124 648994]
Response/bytes (per Connection):  [448948 429155 462150 468785 435786 462194 448980 468733 429119 442319 409250 442389 435782 409308 442253 396168 429179 429171 482003 442389 455589 442389 389567 482001 429107 409374 415973 402647 462084 429183 409376 442365 442389 369654 442337 382848 495207 422564 462194 435786 442315 468801 462198 501814 442337 462198 409376 455507 482001 448928 448988 415979 448992 435786 422582 422580 435786 488570 422580 429157 455533 402737 415977 415939 468801 442337 402767 455591 455595 435786 409374 369678 409306 488608 382960 462198 422582 402681 429053 422578 435782 475280 382846 448884 409370 475400 409372 468761 429083 435652 389557 455527 429055 462100 475400 481927 468743 402771 422454 429185 435654 488604 422576 475396 415977 429185 402657 468687 435764 396068 442333 482003 409350 482003 448956 462134 435694 475370 409250 442359 455491 422582 442259 396168 369758 429181 422452 415901 415975 435786 448876 455595 442389 415973 422582 462144 515016 442389 488504 448972 468797 382848 482007 508413 429057 422576 455591 495213 422578 488524 475366 396166 462194 448988 488610 455593 409370 396168 455515 475274 475268 488548 422550 409374 422576 429183 435786 488610 442351 455553 448922 482001 481947 429185 448992 429105 415979 448988 429145 415897 429179 429055 468795 435786 455591 409286 396170 435726 442293 422578 415977 488608 429179 435782 396114 435782 448982 415973 528146 429183 442345 462082 429135 409370 356548 455523 415977 429179 422582 442389 488604 382918 455589 396050 429167 402751 415977 448854 442255 389503 442295 455533 429179 422452 422534 442381 429183 468723 442347 415977 468659 455461 468799 462116 448992 482003 488514 382962 455457 488534 402771 448992 415975 402769 448984 481935 429083 455595 429179 442389 435702 422580 462196 376295 415897 402649 475354 481887 475304 389519 415853 389557 468801 435782 429179 415975 422452 455591 382858 402713 495173 422500 455457 462062 462166 468797 508305 475400 475402 442269 402773 475346 356506 442371 442389 422472 415855 435786 402767 356520 382964 429053 435654 435782 462160 435786 455457 435654 448992 389453]
Requests Number (per Connection):  [68 65 70 71 66 70 68 71 65 67 62 67 66 62 67 60 65 65 73 67 69 67 59 73 65 62 63 61 70 65 62 67 67 56 67 58 75 64 70 66 67 71 70 76 67 70 62 69 73 68 68 63 68 66 64 64 66 74 64 65 69 61 63 63 71 67 61 69 69 66 62 56 62 74 58 70 64 61 65 64 66 72 58 68 62 72 62 71 65 66 59 69 65 70 72 73 71 61 64 65 66 74 64 72 63 65 61 71 66 60 67 73 62 73 68 70 66 72 62 67 69 64 67 60 56 65 64 63 63 66 68 69 67 63 64 70 78 67 74 68 71 58 73 77 65 64 69 75 64 74 72 60 70 68 74 69 62 60 69 72 72 74 64 62 64 65 66 74 67 69 68 73 73 65 68 65 63 68 65 63 65 65 71 66 69 62 60 66 67 64 63 74 65 66 60 66 68 63 80 65 67 70 65 62 54 69 63 65 64 67 74 58 69 60 65 61 63 68 67 59 67 69 65 64 64 67 65 71 67 63 71 69 71 70 68 73 74 58 69 74 61 68 63 61 68 73 65 69 65 67 66 64 70 57 63 61 72 73 72 59 63 59 71 66 65 63 64 69 58 61 75 64 69 70 70 71 77 72 72 67 61 72 54 67 67 64 63 66 61 54 58 65 66 66 70 66 69 66 68 59]
Requests/sec:  3567.1593424479165 KB
Transfer/sec:  5707.93720703125 KB

