2023-12-04 19:52:37.833712425 +0800 CST m=+19058.677296593
Running 1m0s myx-test @ https://192.168.12.127:6443/api/v1/namespaces/myx-test/limitranges
3 connections
Requests/bytes (per Connection):  [36842804 40025816 35992682]
Response/bytes (per Connection):  [53091752 57678448 51866606]
Requests Number (per Connection):  [3380 3672 3302]
Requests/sec:  1836.93525390625 KB
Transfer/sec:  4484.018684895834 KB

2023-12-04 19:54:18.234235482 +0800 CST m=+19159.077819657
Running 1m0s myx-test @ https://192.168.12.127:6443/api/v1/namespaces/myx-test/limitranges
6 connections
Requests/bytes (per Connection):  [34259517 35959979 35807367 34216011 34390333 34096030]
Response/bytes (per Connection):  [49369081 51819482 51599571 49306298 49557579 49133475]
Requests Number (per Connection):  [3143 3299 3285 3139 3155 3128]
Requests/sec:  3397.2857584635417 KB
Transfer/sec:  8292.882861328126 KB

2023-12-04 19:55:58.632452866 +0800 CST m=+19259.476037036
Running 1m0s myx-test @ https://192.168.12.127:6443/api/v1/namespaces/myx-test/limitranges
9 connections
Requests/bytes (per Connection):  [29997558 29855801 30411790 31458166 31065728 31403765 30139223 29899451 30411794]
Response/bytes (per Connection):  [43227419 43023193 43824320 45332228 44766739 45253740 43431599 43086048 43824322]
Requests Number (per Connection):  [2752 2739 2790 2886 2850 2881 2765 2743 2790]
Requests/sec:  4470.105403645834 KB
Transfer/sec:  10911.668033854166 KB

2023-12-04 19:57:39.040152295 +0800 CST m=+19359.883736476
Running 1m0s myx-test @ https://192.168.12.127:6443/api/v1/namespaces/myx-test/limitranges
15 connections
Requests/bytes (per Connection):  [21615181 21800482 20830363 21746077 21931370 21702499 20710558 20743265 21963991 20775822 20677859 21854987 21800482 21833227 21658903]
Response/bytes (per Connection):  [31148213 31415241 30017264 31336751 31603775 31273932 29844529 29891655 31650858 29938706 29797407 31493781 31415241 31462386 31211104]
Requests Number (per Connection):  [1983 2000 1911 1995 2012 1991 1900 1903 2015 1906 1897 2005 2000 2003 1987]
Requests/sec:  5235.10849609375 KB
Transfer/sec:  12779.067529296875 KB

2023-12-04 19:59:19.452364326 +0800 CST m=+19460.295948495
Running 1m0s myx-test @ https://192.168.12.127:6443/api/v1/namespaces/myx-test/limitranges
30 connections
Requests/bytes (per Connection):  [8709349 8414994 8425839 8447801 8513205 8894574 8458592 8894646 8949075 8774671 8818427 8807440 8905493 8851030 8720298 8894576 8687459 8807438 8676558 8938238 8927401 8643855 8905487 8622053 8480422 8785566 8796465 8709353 8796467 8524040]
Response/bytes (per Connection):  [12550417 12126287 12141967 12173463 12267710 12817407 12189116 12817443 12895945 12644623 12707531 12691780 12833124 12754605 12566149 12817408 12518957 12691779 12503249 12880269 12864593 12456125 12833121 12424709 12220546 12660328 12676035 12550419 12676036 12283385]
Requests Number (per Connection):  [799 772 773 775 781 816 776 816 821 805 809 808 817 812 800 816 797 808 796 820 819 793 817 791 778 806 807 799 807 782]
Requests/sec:  4260.755403645833 KB
Transfer/sec:  10400.640266927083 KB

2023-12-04 20:00:59.933947004 +0800 CST m=+19560.777531192
Running 1m0s myx-test @ https://192.168.12.127:6443/api/v1/namespaces/myx-test/limitranges
60 connections
Requests/bytes (per Connection):  [4229348 4142036 4349261 4251150 4174733 4283853 4272864 4327419 4371057 4087611 4229352 4174843 4240093 4349135 4196593 4196571 4218393 4240133 4196489 4338356 4305655 4098538 4261981 4436413 4272950 4283841 4349249 4185744 4349177 4316452 4251122 4174801 4316558 4185746 4501775 4425548 4033048 4272834 4403648 4349127 4054846 4218295 4272824 4349253 4218317 4294676 4229352 4371015 4185734 4316560 4349175 4131109 4349143 4447370 4163822 4240161 4305653 4240123 4229352 4425444]
Response/bytes (per Connection):  [6094584 5968868 6267373 6126000 6015989 6173124 6157372 6235937 6298786 5890368 6094586 6016044 6110214 6267310 6047434 6047423 6078849 6110234 6047382 6251663 6204540 5906089 6141673 6393009 6157415 6173118 6267367 6031752 6267331 6220196 6125986 6016023 6220249 6031753 6487235 6377319 5811799 6157357 6345854 6267306 5843213 6078800 6157352 6267369 6078811 6188793 6094586 6298765 6031747 6220250 6267330 5953147 6267314 6408745 6000276 6110248 6204539 6110229 6094586 6377267]
Requests Number (per Connection):  [388 380 399 390 383 393 392 397 401 375 388 383 389 399 385 385 387 389 385 398 395 376 391 407 392 393 399 384 399 396 390 383 396 384 413 406 370 392 404 399 372 387 392 399 387 394 388 401 384 396 399 379 399 408 382 389 395 389 388 406]
Requests/sec:  4167.248063151042 KB
Transfer/sec:  10172.395817057291 KB

2023-12-04 20:02:40.451717904 +0800 CST m=+19661.295302082
Running 1m0s myx-test @ https://192.168.12.127:6443/api/v1/namespaces/myx-test/limitranges
90 connections
Requests/bytes (per Connection):  [2899454 3019361 3019361 3150171 2986658 2953955 3095666 3150171 3041197 3030262 3052064 2953955 2921310 2921254 3019383 3062963 2899520 3204676 3193787 2975759 2877654 2986710 2986658 3052064 3030262 2997563 2877650 2943116 2801345 2823145 2921254 3073866 2877694 3073870 2997561 2866751 2975781 2964858 3030292 2921254 2899486 3052104 3106567 3073864 2964856 3019387 2877656 2866785 2866797 3117478 3041163 3019383 3008460 2975797 3019361 3008460 3008460 2921318 2997559 3073902 3008460 3063001 2943060 2943116 2932157 2964870 2943116 3052064 2953955 2975757 2975757 2932153 2964862 3161092 2834052 3019379 3084767 2986678 3106567 3161072 2681500 2899452 2953957 2932155 2986710 2823149 3008460 2932159 3171971 2943114]
Response/bytes (per Connection):  [4178222 4351008 4351008 4539503 4303884 4256760 4460963 4539503 4382441 4366716 4398132 4256760 4209665 4209637 4351019 4413839 4178255 4618043 4602341 4288177 4146807 4303910 4303884 4398132 4366716 4319594 4146805 4241083 4036850 4068265 4209637 4429548 4146827 4429550 4319593 4131098 4288188 4272469 4366731 4209637 4178238 4398152 4476671 4429547 4272468 4351021 4146808 4131115 4131121 4492384 4382424 4351019 4335300 4288196 4351008 4335300 4335300 4209669 4319592 4429566 4335300 4413858 4241055 4241083 4225346 4272475 4241083 4398132 4256760 4288176 4288176 4225344 4272471 4555221 4083976 4351017 4445256 4303894 4476671 4555211 3864095 4178221 4256761 4225345 4303910 4068267 4335300 4225347 4570918 4241082]
Requests Number (per Connection):  [266 277 277 289 274 271 284 289 279 278 280 271 268 268 277 281 266 294 293 273 264 274 274 280 278 275 264 270 257 259 268 282 264 282 275 263 273 272 278 268 266 280 285 282 272 277 264 263 263 286 279 277 276 273 277 276 276 268 275 282 276 281 270 270 269 272 270 280 271 273 273 269 272 290 260 277 283 274 285 290 246 266 271 269 274 259 276 269 291 270]
Requests/sec:  4376.427083333333 KB
Transfer/sec:  10683.000162760416 KB

2023-12-04 20:04:20.991800421 +0800 CST m=+19761.835384599
Running 1m0s myx-test @ https://192.168.12.127:6443/api/v1/namespaces/myx-test/limitranges
150 connections
Requests/bytes (per Connection):  [2092796 1994689 1994793 2027390 2082049 2016571 2005666 1907639 2081929 2071152 2092874 1874780 1983792 1962078 2005716 1994689 1951127 2038367 2005602 2190899 1951085 2038437 2038451 2049192 2060093 1961986 1983910 1994689 2060151 2070992 2212715 2038333 2147409 1972985 1962034 1972937 1961986 2027398 2005748 1951117 2049192 2169101 2016489 1983864 2027476 1929441 1972989 2038449 2016553 1983820 1929433 2060093 1973043 2038299 2114680 2125651 1940202 1973045 1929309 1962002 1929283 1907605 1852978 1940272 2049262 2005588 1929441 1994847 2049344 2081895 1951085 1940342 2049350 1994713 2060251 2081895 2070994 1874888 2092796 2027390 2114610 1940262 2005590 2005682 2049192 2038293 1951169 2125639 2027450 2180024 2136558 1994791 1940242 1918466 2081895 1983910 1918382 2082053 1940340 2114754 1994687 2016647 1907639 2005590 2147299 2005588 1994737 1973039 1907579 1885681 2005654 1863891 1951085 2027520 1885679 1885799 1983788 2114756 2060093 2049350 2103839 2038387 2049192 2092952 1929283 1961984 2005716 1962122 2005728 2016595 2038351 2136508 1940342 2016649 1885679 2016639 2180160 1929283 2103697 1874852 2049350 2136400 2038291 1972961 1994847 2038291 2125655 2049192 2049192 1820343]
Response/bytes (per Connection):  [3015838 2874467 2874519 2921590 3000207 2905923 2890213 2748882 3000147 2984501 3015877 2701680 2858761 2827389 2890238 2874467 2811656 2937336 2890181 3157207 2811635 2937371 2937378 2953006 2968714 2827343 2858820 2874467 2968743 2984421 3188630 2937319 3094432 2843100 2827367 2843076 2827343 2921594 2890254 2811651 2953006 3125793 2905882 2858797 2921633 2780298 2843102 2937377 2905914 2858775 2780294 2968714 2843129 2937302 3047295 3063038 2795936 2843130 2780232 2827351 2780219 2748865 2670264 2795971 2953041 2890174 2780298 2874546 2953082 3000130 2811635 2796006 2953085 2874479 2968793 3000130 2984422 2701734 3015838 2921590 3047260 2795966 2890175 2890221 2953006 2937299 2811677 3063032 2921620 3141512 3078749 2874518 2795956 2764553 3000130 2858820 2764511 3000209 2796005 3047332 2874466 2905961 2748882 2890175 3094377 2890174 2874491 2843127 2748852 2717388 2890207 2685978 2811635 2921655 2717387 2717447 2858759 3047333 2968714 2953085 3031617 2937346 2953006 3015916 2780219 2827342 2890238 2827411 2890244 2905935 2937328 3078724 2796006 2905962 2717387 2905957 3141580 2780219 3031546 2701716 2953085 3078670 2937298 2843088 2874546 2937298 3063040 2953006 2953006 2623174]
Requests Number (per Connection):  [192 183 183 186 191 185 184 175 191 190 192 172 182 180 184 183 179 187 184 201 179 187 187 188 189 180 182 183 189 190 203 187 197 181 180 181 180 186 184 179 188 199 185 182 186 177 181 187 185 182 177 189 181 187 194 195 178 181 177 180 177 175 170 178 188 184 177 183 188 191 179 178 188 183 189 191 190 172 192 186 194 178 184 184 188 187 179 195 186 200 196 183 178 176 191 182 176 191 178 194 183 185 175 184 197 184 183 181 175 173 184 171 179 186 173 173 182 194 189 188 193 187 188 192 177 180 184 180 184 185 187 196 178 185 173 185 200 177 193 172 188 196 187 181 183 187 195 188 188 167]
Requests/sec:  4910.994124348958 KB
Transfer/sec:  11987.8755859375 KB

2023-12-04 20:06:01.59009881 +0800 CST m=+19862.433683000
Running 1m0s myx-test @ https://192.168.12.127:6443/api/v1/namespaces/myx-test/limitranges
300 connections
Requests/bytes (per Connection):  [1253433 1068126 1188027 1177284 1166383 1253533 1188027 1133524 1275233 1177230 1133526 1177170 1035575 1133524 1220830 1231783 1122669 1111746 1046478 1144451 1155364 1166295 1155482 1275365 1100907 1242688 1253431 1122779 1188059 1035573 1220866 1111884 1155338 1155484 1068276 1155484 1209987 1100957 1155348 1133682 1209893 1035417 1122669 1177284 1177180 1100899 1111878 1133632 1297195 1079155 1220848 1198942 1286264 1144433 1155484 1188027 1220850 1100941 1166347 1111812 1111754 1275393 1264492 1177284 1209899 1068180 1133526 1068276 1090078 1231729 1177126 1122749 1068200 1122655 1100869 1166385 1220744 1242588 1068282 1090074 1166259 1122635 1155484 1242604 1198994 1275365 1144581 1188157 1166369 1351698 1253591 1100983 1199068 1133646 1068148 1133544 1133526 1231733 1111880 1144551 1090078 1177242 1351592 1079087 1057377 1166233 1177220 1144423 1089924 1111880 1253507 1253533 1100979 1079177 1122781 1297149 1209965 1166383 1242654 1155402 1035577 1220784 1144581 1177286 1100855 1275391 1286292 1199086 1231773 1166383 1155326 1144583 1209987 1220730 1242612 1144581 1188185 1111820 1100889 1253545 1155482 1144583 1100979 1188065 1308018 1046332 1253529 1188185 1220888 1155466 1199086 1100851 1166283 1220888 1122779 1090078 1144583 1199004 1166283 1275375 1308094 1133682 1122707 1155324 1133680 1177204 1188185 1079177 1188183 1079155 1057343 1035577 1068140 1144583 1253591 1100963 1090078 1144565 1166385 1122781 1155324 1177170 1100965 1264490 1166297 1144497 1079111 1199088 1144581 1133682 1231777 1220888 1209981 1068278 1188185 1166331 1035565 1090066 1100917 1122781 1111794 1122731 1198928 1166383 1100935 1122779 1242630 1220888 1100941 1209987 1351604 1264492 1155482 1144581 1166339 1090078 1177154 1329742 1209829 1024672 1231789 1231631 1089920 1209965 1133560 1111880 1209987 1155366 1188185 1133686 1144509 1089920 1220858 1035575 1122623 1057375 1133582 1090078 1231789 1188131 915666 1155328 1188185 1122623 1253591 1100957 1144583 1133606 1068278 1133528 1188185 1177254 1220870 1079075 1231687 1068280 1035525 1177286 1177284 1275235 1231631 1166227 1264490 1188141 1264332 1144565 1166383 1318893 1144571 1133682 1253591 1133524 1318995 1122695 1133622 1188185 1100877 1177248 1144455 1144581 1166225 1155452 1133686 1166369 1177208 1373498 1057375 1024516 1057349 1275311 1188061 1122697 1100949 1177138 1199086 1166227 1209829 1253533 1155426 1133680]
Response/bytes (per Connection):  [1806329 1539298 1712081 1696452 1680744 1806379 1712081 1633542 1837744 1696425 1633543 1696395 1492250 1633542 1759255 1774989 1617857 1602138 1507959 1649263 1664977 1680700 1665036 1837810 1586461 1790699 1806328 1617912 1712097 1492249 1759273 1602207 1664964 1665037 1539373 1665037 1743576 1586486 1664969 1633621 1743529 1492171 1617857 1696452 1696400 1586457 1602204 1633596 1869240 1555070 1759264 1727796 1853517 1649254 1665037 1712081 1759265 1586478 1680726 1602171 1602142 1837824 1822116 1696452 1743532 1539325 1633543 1539373 1570789 1774962 1696373 1617897 1539335 1617850 1586442 1680745 1759212 1790649 1539376 1570787 1680682 1617840 1665037 1790657 1727822 1837810 1649328 1712146 1680737 1947779 1806408 1586499 1727859 1633603 1539309 1633552 1633543 1774964 1602205 1649313 1570789 1696431 1947726 1555036 1523666 1680669 1696420 1649249 1570712 1602205 1806366 1806379 1586497 1555081 1617913 1869217 1743565 1680744 1790682 1664996 1492251 1759232 1649328 1696453 1586435 1837823 1853531 1727868 1774984 1680744 1664958 1649329 1743576 1759205 1790661 1649328 1712160 1602175 1586452 1806385 1665036 1649329 1586497 1712100 1884909 1507886 1806377 1712160 1759284 1665028 1727868 1586433 1680694 1759284 1617912 1570789 1649329 1727827 1680694 1837815 1884947 1633621 1617876 1664957 1633620 1696412 1712160 1555081 1712159 1555070 1523649 1492251 1539305 1649329 1806408 1586489 1570789 1649320 1680745 1617913 1664957 1696395 1586490 1822115 1680701 1649286 1555048 1727869 1649328 1633621 1774986 1759284 1743573 1539374 1712160 1680718 1492245 1570783 1586466 1617913 1602162 1617888 1727789 1680744 1586475 1617912 1790670 1759284 1586478 1743576 1947732 1822116 1665036 1649328 1680722 1570789 1696387 1916286 1743497 1476541 1774992 1774913 1570710 1743565 1633560 1602205 1743576 1664978 1712160 1633623 1649292 1570710 1759269 1492250 1617834 1523665 1633571 1570789 1774992 1712133 1319463 1664959 1712160 1617834 1806408 1586486 1649329 1633583 1539374 1633544 1712160 1696437 1759275 1555030 1774941 1539375 1492225 1696453 1696452 1837745 1774913 1680666 1822115 1712138 1822036 1649320 1680744 1900604 1649323 1633621 1806408 1633542 1900655 1617870 1633591 1712160 1586446 1696434 1649265 1649328 1680665 1665021 1633623 1680737 1696414 1979194 1523665 1476463 1523652 1837783 1712098 1617871 1586482 1696379 1727868 1680666 1743497 1806379 1665008 1633620]
Requests Number (per Connection):  [115 98 109 108 107 115 109 104 117 108 104 108 95 104 112 113 103 102 96 105 106 107 106 117 101 114 115 103 109 95 112 102 106 106 98 106 111 101 106 104 111 95 103 108 108 101 102 104 119 99 112 110 118 105 106 109 112 101 107 102 102 117 116 108 111 98 104 98 100 113 108 103 98 103 101 107 112 114 98 100 107 103 106 114 110 117 105 109 107 124 115 101 110 104 98 104 104 113 102 105 100 108 124 99 97 107 108 105 100 102 115 115 101 99 103 119 111 107 114 106 95 112 105 108 101 117 118 110 113 107 106 105 111 112 114 105 109 102 101 115 106 105 101 109 120 96 115 109 112 106 110 101 107 112 103 100 105 110 107 117 120 104 103 106 104 108 109 99 109 99 97 95 98 105 115 101 100 105 107 103 106 108 101 116 107 105 99 110 105 104 113 112 111 98 109 107 95 100 101 103 102 103 110 107 101 103 114 112 101 111 124 116 106 105 107 100 108 122 111 94 113 113 100 111 104 102 111 106 109 104 105 100 112 95 103 97 104 100 113 109 84 106 109 103 115 101 105 104 98 104 109 108 112 99 113 98 95 108 108 117 113 107 116 109 116 105 107 121 105 104 115 104 121 103 104 109 101 108 105 105 107 106 104 107 108 126 97 94 97 117 109 103 101 108 110 107 111 115 106 104]
Requests/sec:  5675.630159505208 KB
Transfer/sec:  13854.390592447917 KB

