2023-12-04 11:23:17.318038623 +0800 CST m=+3670.997343476
Running 1m0s myx-test @ https://192.168.12.127:6443/api/v1/namespaces
3 connections
Requests/bytes (per Connection):  [36712320 37739078 39424936]
Response/bytes (per Connection):  [53568234 55066382 57526312]
Requests Number (per Connection):  [3397 3492 3648]
Requests/sec:  1853.45595703125 KB
Transfer/sec:  4557.89814453125 KB

2023-12-04 11:24:57.746867936 +0800 CST m=+3771.426172786
Running 1m0s myx-test @ https://192.168.12.127:6443/api/v1/namespaces
6 connections
Requests/bytes (per Connection):  [31946344 32973000 31416696 31870606 31211450 33156628]
Response/bytes (per Connection):  [46614016 48112062 45841230 46503544 45541706 48380044]
Requests Number (per Connection):  [2956 3051 2907 2949 2888 3068]
Requests/sec:  3134.3542317708334 KB
Transfer/sec:  7707.801529947917 KB

2023-12-04 11:26:38.139986969 +0800 CST m=+3871.819291840
Running 1m0s myx-test @ https://192.168.12.127:6443/api/v1/namespaces
9 connections
Requests/bytes (per Connection):  [24143504 24597346 23830066 24413542 24219060 23948964 24370468 23332922 24143504]
Response/bytes (per Connection):  [35228612 35890858 34771276 35622700 35338902 34944756 35559778 34045880 35228612]
Requests Number (per Connection):  [2234 2276 2205 2259 2241 2216 2255 2159 2234]
Requests/sec:  3531.8908854166666 KB
Transfer/sec:  8685.396321614584 KB

2023-12-04 11:28:18.545724359 +0800 CST m=+3972.225029213
Running 1m0s myx-test @ https://192.168.12.127:6443/api/v1/namespaces
15 connections
Requests/bytes (per Connection):  [15303102 14978812 15140930 15119386 15054472 15022162 14784334 15032930 14427614 14914022 15011236 14395224 14935582 14730358 14784310]
Response/bytes (per Connection):  [22329294 21856144 22092692 22061224 21966538 21919342 21572350 21935072 21051884 21761582 21903454 21004608 21793066 21493564 21572326]
Requests Number (per Connection):  [1416 1386 1401 1399 1393 1390 1368 1391 1335 1380 1389 1332 1382 1363 1368]
Requests/sec:  3639.8840169270834 KB
Transfer/sec:  8950.970279947916 KB

2023-12-04 11:29:58.974796526 +0800 CST m=+4072.654101380
Running 1m0s myx-test @ https://192.168.12.127:6443/api/v1/namespaces
30 connections
Requests/bytes (per Connection):  [7997438 7802910 8105528 7900052 7986644 8083914 7802864 7867758 8083858 8127060 7705640 7835334 8191890 7694806 7867742 7802840 7759520 7727224 7986636 8159410 7705638 8019066 7705640 7965026 8094720 7770454 7694832 8051384 8116326 7910934]
Response/bytes (per Connection):  [11669318 11385474 11827028 11527274 11653562 11795490 11385428 11480094 11795434 11858484 11243546 11432784 11953086 11227750 11480078 11385404 11322236 11275054 11653554 11905720 11243544 11700870 11243546 11622020 11811258 11338132 11227776 11748074 11842788 11543118]
Requests Number (per Connection):  [740 722 750 731 739 748 722 728 748 752 713 725 758 712 728 722 718 715 739 755 713 742 713 737 749 719 712 745 751 732]
Requests/sec:  3865.9356770833333 KB
Transfer/sec:  9506.852408854167 KB

2023-12-04 11:31:39.444717812 +0800 CST m=+4173.124022682
Running 1m0s myx-test @ https://192.168.12.127:6443/api/v1/namespaces
60 connections
Requests/bytes (per Connection):  [4474218 4452652 4506546 4592996 4279728 4333764 4495742 4366138 4258014 4376868 4441686 4463458 4366190 4420232 4279726 4441774 4603962 4312076 4279726 4463302 4387770 4344502 4517404 4571442 4376918 4441844 4495872 4398612 4452652 4344542 4474268 4376996 4571428 4387712 4430878 4431008 4301308 4387804 4495882 4409264 4366124 4528148 4344476 4528232 4333752 4366050 4420070 4593040 4485004 4452652 4355382 4528308 4474110 4333764 4484918 4387804 4387806 4474268 4452548 4452576]
Response/bytes (per Connection):  [6528486 6496996 6575700 6701846 6244680 6323526 6559934 6370786 6213042 6386478 6481068 6512764 6370838 6449690 6244678 6481156 6717774 6291914 6244678 6512608 6402342 6339226 6591520 6670368 6386528 6481226 6560064 6418146 6496996 6339266 6528536 6386606 6670354 6402284 6465298 6465428 6276184 6402376 6560074 6433760 6370772 6607226 6339200 6607310 6323514 6370698 6449528 6701890 6544234 6496996 6355068 6607386 6528378 6323526 6544148 6402376 6402378 6528536 6496892 6496920]
Requests Number (per Connection):  [414 412 417 425 396 401 416 404 394 405 411 413 404 409 396 411 426 399 396 413 406 402 418 423 405 411 416 407 412 402 414 405 423 406 410 410 398 406 416 408 404 419 402 419 401 404 409 425 415 412 403 419 414 401 415 406 406 414 412 412]
Requests/sec:  4322.199479166667 KB
Transfer/sec:  10628.875911458334 KB

2023-12-04 11:33:19.930067891 +0800 CST m=+4273.609372741
Running 1m0s myx-test @ https://192.168.12.127:6443/api/v1/namespaces
90 connections
Requests/bytes (per Connection):  [3155734 2939560 3090870 3101680 3231372 3296220 3209756 3058450 3188140 3112486 3274604 3080092 3112486 3274598 3101678 3209758 3134116 3220570 3080062 3134100 3220564 3134102 3069254 3112486 3112510 3285412 3144910 3101678 3382682 3371874 3069254 3188140 3198950 3112486 3101678 3080064 3166524 3177344 3101678 3144910 3177334 3069288 3134122 3242180 3263796 3134102 3198950 3101704 3252986 3242180 3047638 3252986 3090872 3198956 3166524 3101678 2993604 3112510 3134122 3134102 3231372 3177332 3026024 3123294 3177334 3220564 3188142 3112510 3069256 3361066 3177334 3101678 3231372 3069286 3134102 3263796 3069256 3058446 3123294 3144910 2961228 3177346 3263796 3144910 2799058 3134102 2982840 3188140 3274604 3198950]
Response/bytes (per Connection):  [4604638 4289224 4510002 4525774 4715010 4809630 4683470 4462696 4651930 4541542 4778090 4494262 4541542 4778084 4525772 4683472 4573096 4699246 4494232 4573080 4699240 4573082 4478462 4541542 4541566 4793860 4588852 4525772 4935788 4920018 4478462 4651930 4667702 4541542 4525772 4494234 4620390 4636172 4525772 4588852 4636162 4478496 4573102 4730780 4762320 4573082 4667702 4525798 4746548 4730780 4446922 4746548 4510004 4667708 4620390 4525772 4368078 4541566 4573102 4573082 4715010 4636160 4415384 4557312 4636162 4699240 4651932 4541566 4478464 4904248 4636162 4525772 4715010 4478494 4573082 4762320 4478464 4462692 4557312 4588852 4320816 4636174 4762320 4588852 4084216 4573082 4352352 4651930 4778090 4667702]
Requests Number (per Connection):  [292 272 286 287 299 305 297 283 295 288 303 285 288 303 287 297 290 298 285 290 298 290 284 288 288 304 291 287 313 312 284 295 296 288 287 285 293 294 287 291 294 284 290 300 302 290 296 287 301 300 282 301 286 296 293 287 277 288 290 290 299 294 280 289 294 298 295 288 284 311 294 287 299 284 290 302 284 283 289 291 274 294 302 291 259 290 276 295 303 296]
Requests/sec:  4614.54765625 KB
Transfer/sec:  11347.7982421875 KB

2023-12-04 11:35:00.482199068 +0800 CST m=+4374.161503934
Running 1m0s myx-test @ https://192.168.12.127:6443/api/v1/namespaces
150 connections
Requests/bytes (per Connection):  [2053482 1934482 1945246 1945244 2107374 2075080 2128978 2031732 1988476 1988478 2020900 1988476 1977708 2118170 2020966 2129104 2064152 2150656 2107484 2064226 2139854 2150594 1977766 2107500 2150594 2107474 2064130 2031866 2161408 2161512 2064258 1988478 2053398 2118258 1891308 2204670 1988496 2129116 1934596 1912896 2064242 2085748 2129118 1988504 1966862 2064194 2172210 2042674 2042608 2010092 1966900 2053324 2107418 2064132 2075058 2075034 1956212 2161402 1999360 2020900 1956054 2118330 2096556 2053482 2150686 2042674 1966870 2150594 2010092 1880440 1999286 2129100 1988636 2020916 2031866 2085798 2010250 1988596 2128978 2064190 2085748 2096554 2031708 1977670 1945250 1934458 2010092 2139788 2042516 2118252 2031866 2096712 2118172 2042662 2064132 2010252 2075044 2118184 2021012 2075000 2096644 2118170 2010196 1912822 2096692 2150594 2010152 2085748 2064132 1988512 2107364 2074940 2064132 2118170 2107362 1977750 2139926 2053480 1977684 2064166 2193974 1966862 2053324 2161402 1869624 2118248 2042564 1966992 2193826 2074938 2053388 2183018 2096554 2042516 1902164 2096556 2042660 2161492 2139786 2107480 2085892 2096562 2064246 2139896 1977668 1956116 2204670 2118328 2064132 2075098]
Response/bytes (per Connection):  [2996262 2822680 2838406 2838404 3074964 3027784 3106492 2964588 2901484 2901486 2948794 2901484 2885754 3090722 2948860 3106618 3011894 3138094 3075074 3011968 3122330 3138032 2885812 3075090 3138032 3075064 3011872 2964722 3153808 3153912 3012000 2901486 2996178 3090810 2759658 3216918 2901504 3106630 2822794 2791170 3011984 3043414 3106632 2901512 2869946 3011936 3169572 2980492 2980426 2933024 2869984 2996104 3075008 3011874 3027762 3027738 2854334 3153802 2917330 2948794 2854176 3090882 3059184 2996262 3138124 2980492 2869954 3138032 2933024 2743828 2917256 3106614 2901644 2948810 2964722 3043464 2933182 2901604 3106492 3011932 3043414 3059182 2964564 2885716 2838410 2822656 2933024 3122264 2980334 3090804 2964722 3059340 3090724 2980480 3011874 2933184 3027748 3090736 2948906 3027704 3059272 3090722 2933128 2791096 3059320 3138032 2933084 3043414 3011874 2901520 3074954 3027644 3011874 3090722 3074952 2885796 3122402 2996260 2885730 3011908 3201260 2869946 2996104 3153802 2728050 3090800 2980382 2870076 3201112 3027642 2996168 3185342 3059182 2980334 2775476 3059184 2980478 3153892 3122262 3075070 3043558 3059190 3011988 3122372 2885714 2854238 3216918 3090880 3011874 3027802]
Requests Number (per Connection):  [190 179 180 180 195 192 197 188 184 184 187 184 183 196 187 197 191 199 195 191 198 199 183 195 199 195 191 188 200 200 191 184 190 196 175 204 184 197 179 177 191 193 197 184 182 191 201 189 189 186 182 190 195 191 192 192 181 200 185 187 181 196 194 190 199 189 182 199 186 174 185 197 184 187 188 193 186 184 197 191 193 194 188 183 180 179 186 198 189 196 188 194 196 189 191 186 192 196 187 192 194 196 186 177 194 199 186 193 191 184 195 192 191 196 195 183 198 190 183 191 203 182 190 200 173 196 189 182 203 192 190 202 194 189 176 194 189 200 198 195 193 194 191 198 183 181 204 196 191 192]
Requests/sec:  5022.813411458334 KB
Transfer/sec:  12351.777701822917 KB

2023-12-04 11:36:41.127079825 +0800 CST m=+4474.806384688
Running 1m0s myx-test @ https://192.168.12.127:6443/api/v1/namespaces
300 connections
Requests/bytes (per Connection):  [1307640 1134742 1307690 1286126 1069812 1232088 1124000 1167242 1242894 1134782 1188856 1307666 1178048 1253546 1307584 1134794 1242822 1199568 1178048 1199664 1242798 1210376 1232086 1264390 1134692 1264362 1102294 1264512 1318550 1340008 1275320 1167100 1340166 1167240 1134660 1210444 1221120 1167226 1156432 1134742 1167184 1156290 1091520 1253702 1199614 1264452 1275162 1167152 1253598 1275318 1232012 1145626 1296876 1134698 1134718 1177890 1264354 1199632 1232014 1210368 1199664 1178048 1242772 1145466 1102394 1145626 1167240 1231956 1307742 1156352 1167126 1275282 1286050 1188856 1318550 1156438 1167144 1113130 1199562 1232080 1242738 1134784 1069970 1113202 1318550 1329278 1199664 1232088 1210336 1199632 1178048 1188734 1178048 1275320 1199660 1253546 1264510 1210314 1145484 1167242 1264354 1253704 1199664 1188856 1221162 1177892 1178048 1221252 1134816 1264412 1296900 1285978 1253702 1124010 1167126 1221202 1178050 1210394 1253652 1286028 1199562 1156290 1242856 1134788 1221160 1167240 1264354 1199508 1296934 1167226 1210472 1210390 1145624 1145626 1177946 1264510 1264510 1188846 1199664 1231930 1113054 1156432 1156390 1178042 1199602 1178048 1264488 1264354 1177972 1221122 1091586 1221280 1145506 1167170 1178048 1232088 1199664 1091586 1210472 1188856 1156332 1264430 1091486 1210314 1210326 1177922 1318550 1199558 1167082 1242894 1199664 1167160 1134816 1221280 1167240 1167240 1188842 1124010 1069970 1210354 1167240 1275182 1221170 1134712 1221162 1188856 1167208 1167180 1145612 1210420 1188856 1199664 1188698 1232042 1199580 1102398 1350974 1113202 1188736 1156310 1242894 1113204 1275290 1242896 1080748 1232088 1221244 1178034 1253704 1156302 1178048 1178048 1167224 1091554 1307678 1275318 1253602 1394204 1221278 1167240 1080672 1221226 1145468 1167094 1394046 1210368 1275162 1242838 1188820 1242896 1253694 1167242 1275320 1253546 1145572 1134660 1253614 1145546 1145566 1167184 1210366 1188858 1210314 1242896 1264354 1231950 1264352 1199552 1134818 1145626 1156432 1199572 1188856 1231994 1178026 1372578 1307714 1296872 1296926 1242868 1178048 1296934 1188836 1242796 1318482 1253702 1188752 1177890 1124008 1188838 1253704 1134668 1145628 1178048 1188856 1167240 1264510 1210472 1167128 1145480 1145616 1221280 1242810 1167110 1177912 1102392 1177892 1350972 1091548 1296936 1091528 1156310 1199664 1178048 1221280 1231950 1178048 1296934 1167168 1091586]
Response/bytes (per Connection):  [1908042 1655752 1908092 1876604 1561050 1797756 1640048 1703138 1813524 1655792 1734676 1908068 1718906 1829138 1907986 1655804 1813452 1750350 1718906 1750446 1813428 1766120 1797754 1844944 1655702 1844916 1608418 1845066 1923914 1955296 1860836 1702996 1955454 1703136 1655670 1766188 1781826 1703122 1687366 1655752 1703080 1687224 1592682 1829294 1750396 1845006 1860678 1703048 1829190 1860834 1797680 1671598 1892316 1655708 1655728 1718748 1844908 1750414 1797682 1766112 1750446 1718906 1813402 1671438 1608518 1671598 1703136 1797624 1908144 1687286 1703022 1860798 1876528 1734676 1923914 1687372 1703040 1624216 1750344 1797748 1813368 1655794 1561208 1624288 1923914 1939604 1750446 1797756 1766080 1750414 1718906 1734554 1718906 1860836 1750442 1829138 1845064 1766058 1671456 1703138 1844908 1829296 1750446 1734676 1781868 1718750 1718906 1781958 1655826 1844966 1892340 1876456 1829294 1640058 1703022 1781908 1718908 1766138 1829244 1876506 1750344 1687224 1813486 1655798 1781866 1703136 1844908 1750290 1892374 1703122 1766216 1766134 1671596 1671598 1718804 1845064 1845064 1734666 1750446 1797598 1624140 1687366 1687324 1718900 1750384 1718906 1845042 1844908 1718830 1781828 1592748 1781986 1671478 1703066 1718906 1797756 1750446 1592748 1766216 1734676 1687266 1844984 1592648 1766058 1766070 1718780 1923914 1750340 1702978 1813524 1750446 1703056 1655826 1781986 1703136 1703136 1734662 1640058 1561208 1766098 1703136 1860698 1781876 1655722 1781868 1734676 1703104 1703076 1671584 1766164 1734676 1750446 1734518 1797710 1750362 1608522 1971224 1624288 1734556 1687244 1813524 1624290 1860806 1813526 1576948 1797756 1781950 1718892 1829296 1687236 1718906 1718906 1703120 1592716 1908080 1860834 1829194 2034302 1781984 1703136 1576872 1781932 1671440 1702990 2034144 1766112 1860678 1813468 1734640 1813526 1829286 1703138 1860836 1829138 1671544 1655670 1829206 1671518 1671538 1703080 1766110 1734678 1766058 1813526 1844908 1797618 1844906 1750334 1655828 1671598 1687366 1750354 1734676 1797662 1718884 2002752 1908116 1892312 1892366 1813498 1718906 1892374 1734656 1813426 1923846 1829294 1734572 1718748 1640056 1734658 1829296 1655678 1671600 1718906 1734676 1703136 1845064 1766216 1703024 1671452 1671588 1781986 1813440 1703006 1718770 1608516 1718750 1971222 1592710 1892376 1592690 1687244 1750446 1718906 1781986 1797618 1718906 1892374 1703064 1592748]
Requests Number (per Connection):  [121 105 121 119 99 114 104 108 115 105 110 121 109 116 121 105 115 111 109 111 115 112 114 117 105 117 102 117 122 124 118 108 124 108 105 112 113 108 107 105 108 107 101 116 111 117 118 108 116 118 114 106 120 105 105 109 117 111 114 112 111 109 115 106 102 106 108 114 121 107 108 118 119 110 122 107 108 103 111 114 115 105 99 103 122 123 111 114 112 111 109 110 109 118 111 116 117 112 106 108 117 116 111 110 113 109 109 113 105 117 120 119 116 104 108 113 109 112 116 119 111 107 115 105 113 108 117 111 120 108 112 112 106 106 109 117 117 110 111 114 103 107 107 109 111 109 117 117 109 113 101 113 106 108 109 114 111 101 112 110 107 117 101 112 112 109 122 111 108 115 111 108 105 113 108 108 110 104 99 112 108 118 113 105 113 110 108 108 106 112 110 111 110 114 111 102 125 103 110 107 115 103 118 115 100 114 113 109 116 107 109 109 108 101 121 118 116 129 113 108 100 113 106 108 129 112 118 115 110 115 116 108 118 116 106 105 116 106 106 108 112 110 112 115 117 114 117 111 105 106 107 111 110 114 109 127 121 120 120 115 109 120 110 115 122 116 110 109 104 110 116 105 106 109 110 108 117 112 108 106 106 113 115 108 109 102 109 125 101 120 101 107 111 109 113 114 109 120 108 101]
Requests/sec:  5877.165787760417 KB
Transfer/sec:  14452.742122395834 KB

