2023-12-04 13:37:57.913620217 +0800 CST m=+962.747021323
Running 1m0s myx-test @ https://192.168.12.127:6443/api/v1/nodes
3 connections
Requests/bytes (per Connection):  [21240269 15678575 20233934]
Response/bytes (per Connection):  [6567878 4704164 6358712]
Requests Number (per Connection):  [1963 1449 1870]
Requests/sec:  930.22099609375 KB
Transfer/sec:  1217.1798828125 KB

2023-12-04 13:39:38.15124076 +0800 CST m=+1062.984641863
Running 1m0s myx-test @ https://192.168.12.127:6443/api/v1/nodes
6 connections
Requests/bytes (per Connection):  [11426284 11112481 8071890 8104457 11079894 10950020]
Response/bytes (per Connection):  [3749512 3997606 3029760 2219072 4062870 3799229]
Requests Number (per Connection):  [1056 1027 746 749 1024 1012]
Requests/sec:  988.68857421875 KB
Transfer/sec:  1328.175048828125 KB

2023-12-04 13:41:18.365542283 +0800 CST m=+1163.198943386
Running 1m0s myx-test @ https://192.168.12.127:6443/api/v1/nodes
9 connections
Requests/bytes (per Connection):  [9467769 6827605 9749061 6827601 9770701 9565108 9511003 6805965 9467719]
Response/bytes (per Connection):  [3131898 2125642 3152436 2125638 3154018 3138976 2813137 2124060 3131848]
Requests Number (per Connection):  [875 631 901 631 903 884 879 629 875]
Requests/sec:  1269.4097005208334 KB
Transfer/sec:  1674.6449381510417 KB

2023-12-04 13:42:58.668823941 +0800 CST m=+1263.502225048
Running 1m0s myx-test @ https://192.168.12.127:6443/api/v1/nodes
15 connections
Requests/bytes (per Connection):  [7520135 7585059 7173793 7401008 7141408 7736477 4739190 4760992 7152171 4706729 7108947 4825776 6892531 4750169 7639162]
Response/bytes (per Connection):  [2176316 2181066 2150902 2692679 2148604 3005246 1701768 1974568 2149338 1241987 2518932 1979178 2130394 1838246 2185024]
Requests Number (per Connection):  [695 701 663 684 660 715 438 440 661 435 657 446 637 439 706]
Requests/sec:  1580.949658203125 KB
Transfer/sec:  2102.991455078125 KB

2023-12-04 13:44:38.951296794 +0800 CST m=+1363.784697898
Running 1m0s myx-test @ https://192.168.12.127:6443/api/v1/nodes
30 connections
Requests/bytes (per Connection):  [3603167 5399379 3700552 3646451 5680651 3657212 5713202 3722192 5226227 5475008 5280232 5734702 5420917 3484094 5258592 3613944 3733013 5853843 3646375 5475138 5355977 5658957 5723887 5853753 5864552 5669782 3668091 5788809 5550749 5355979]
Response/bytes (per Connection):  [1076678 1394427 1083802 1469489 1279417 1216106 2044226 1085384 1195388 2026670 2012416 1503556 1209556 1067924 2010834 1077426 1763816 2054490 1079770 2026800 1746902 1735188 1909354 1308996 2055170 1990099 1081428 2049630 2032208 1340320]
Requests Number (per Connection):  [333 499 342 337 525 338 528 344 483 506 488 530 501 322 486 334 345 541 337 506 495 523 529 541 542 524 339 535 513 495]
Requests/sec:  2405.850048828125 KB
Transfer/sec:  3169.643505859375 KB

2023-12-04 13:46:19.31222972 +0800 CST m=+1464.145630829
Running 1m0s myx-test @ https://192.168.12.127:6443/api/v1/nodes
60 connections
Requests/bytes (per Connection):  [4263232 2953919 4057557 4338969 4371438 2932277 2910635 2921456 4317179 4338979 4133344 4241590 4371342 4176666 4198210 4371442 2953917 2910697 2802459 4219950 4014355 2932335 4382233 4133384 4284874 2921456 3971075 2802449 4035995 4122507 2953917 4100883 4393082 2878172 2932275 2878172 2943096 2867355 4046818 4014357 2899812 4328064 4219936 4014355 4133310 2932291 2834948 4090080 4046716 4144089 4263232 2878236 4046788 4100871 4382261 4338979 4122539 4079205 4328162 4046816]
Response/bytes (per Connection):  [1124974 1029170 1109850 1943676 1946058 587120 551654 1026794 1213481 1130518 1928602 1123390 1945962 1271109 1696120 1132894 1029168 1026064 1018116 1121808 1106764 1027644 1133656 1234061 1126558 1026794 1103600 1018106 1243874 1910853 1029168 1926228 1659647 1023626 1027584 1023626 1028376 1022838 1109140 1445586 1025208 1925859 1934962 1106764 1793040 1027600 884990 1112286 1447858 1488852 1124974 1023690 1922278 1113048 1133684 1333810 1927826 1704375 1790429 1109138]
Requests Number (per Connection):  [394 273 375 401 404 271 269 270 399 401 382 392 404 386 388 404 273 269 259 390 371 271 405 382 396 270 367 259 373 381 273 379 406 266 271 266 272 265 374 371 268 400 390 371 382 271 262 378 374 383 394 266 374 379 405 401 381 377 400 374]
Requests/sec:  3672.27763671875 KB
Transfer/sec:  4927.40341796875 KB

2023-12-04 13:47:59.626159809 +0800 CST m=+1564.459560922
Running 1m0s myx-test @ https://192.168.12.127:6443/api/v1/nodes
90 connections
Requests/bytes (per Connection):  [2412879 3267722 3267722 2477929 3181154 3246080 3267722 3267718 3343469 3343463 3191977 2326425 3311004 3148693 3311006 3386751 2391235 3256901 3451675 2467118 2391235 3278543 3094616 3354288 3116230 3159514 2423828 3321811 3137892 3181154 3170333 2423744 3170335 3181156 2402192 3256901 3181156 3116230 3083767 2413025 3256899 3300183 3235259 3278537 3267722 3148693 3354284 3137872 3213619 3181156 3300185 2445344 3354278 3170347 2402136 3256897 2466982 3311004 2412881 2402060 3202796 2510268 3159514 3159530 2380414 2445444 3148693 2358772 3137872 3289364 2391347 2402148 2423808 2391343 2477801 3191975 3343449 3191977 3332634 3159514 2337132 3159512 3343467 2369731 2272230 3224438 2477931 2348053 2488740 3354288]
Response/bytes (per Connection):  [176412 1052132 1086014 875869 944150 1050548 1052132 1052128 1057676 1057670 1046590 983358 1055298 1043422 1055300 1060842 987994 1068281 1268884 993674 987994 1103747 1039490 1058466 854695 959509 990500 1056076 1042650 1045796 926417 990416 943360 1045798 819512 1051340 961093 1041046 1038670 938903 1051338 1054506 1032815 1052918 1052132 1043422 1058462 1042630 1014292 961093 1054508 991958 1143161 1045018 988866 1051336 993538 1140003 989582 988790 1047380 996708 1044214 1044230 428149 992058 941776 189391 890161 1053716 988106 480648 990480 598459 215042 1046588 1057656 1046590 1090752 1044214 984036 1044212 1057674 986548 979308 1048964 994458 476698 808887 1058466]
Requests Number (per Connection):  [223 302 302 229 294 300 302 302 309 309 295 215 306 291 306 313 221 301 319 228 221 303 286 310 288 292 224 307 290 294 293 224 293 294 222 301 294 288 285 223 301 305 299 303 302 291 310 290 297 294 305 226 310 293 222 301 228 306 223 222 296 232 292 292 220 226 291 218 290 304 221 222 224 221 229 295 309 295 308 292 216 292 309 219 210 298 229 217 230 310]
Requests/sec:  4338.331966145834 KB
Transfer/sec:  5758.250406901042 KB

2023-12-04 13:49:40.072601941 +0800 CST m=+1664.906003043
Running 1m0s myx-test @ https://192.168.12.127:6443/api/v1/nodes
150 connections
Requests/bytes (per Connection):  [1687958 1741991 2218107 2174823 1817894 1796196 1839534 1796094 2239791 2174965 1796156 2109981 1807073 1817894 1850201 2293852 2304671 2153181 2174823 2185642 2207280 2196493 2239747 1709686 1785273 2164002 2174863 2088313 2110051 2293894 2142392 2153181 2163998 1785409 1752950 1752892 2315494 2142372 2196573 1807073 2218103 2185706 2304669 2272282 1839378 1774454 2196535 2055864 2380420 2229042 2272336 2293906 2174943 2250702 2099208 2174917 2239749 1817802 2239747 2174913 1861018 2369595 2185668 1828651 2283159 2174857 1709592 1709624 2304689 2261385 1774454 2174945 2347957 2358774 1763631 2131539 2239895 2207386 2315648 2293848 1828557 1752810 2142358 1796112 2174823 2326369 1752854 2261415 1742121 1763631 2153235 2174943 2088259 2239747 2196465 1752934 2174907 1850299 2250580 1785401 1807015 1828557 2174819 2283121 2207336 1871839 1871865 2120748 2326433 2142360 2174927 1807063 2164158 2174823 1785431 1752810 1817868 2293852 2088299 2239897 2174965 2229044 2261533 2174859 2293986 2174823 2228926 2228926 1720349 1731210 2196551 2185644 2153181 2207284 2164104 1698719 1861178 2228982 1763733 2229026 2283027 2164072 2196583 2131569 1763729 1742109 2218153 1807035 2402206 2272332]
Response/bytes (per Connection):  [936602 245909 975330 972162 607370 131382 270132 182103 976956 972304 944510 967494 454109 437960 135242 862285 981662 970578 650283 972952 195246 160606 722797 142045 926715 971370 159034 965884 544039 980914 156650 631758 971366 130624 128252 128194 745282 156630 330096 521873 280745 973016 473430 979360 896793 942866 160648 150354 987208 976236 979414 167758 396288 605136 966750 192970 638094 132930 976912 159084 949198 308772 159810 133750 980208 972196 938178 938210 981680 419439 942866 413231 950950 985620 484665 613233 977060 296998 982610 980868 946824 348345 969784 131298 972162 983302 941324 165354 127452 823485 970632 972282 152662 976912 397752 128236 972246 135340 977716 130616 132172 845178 972158 319471 974588 949990 950016 155064 610664 326028 972266 945388 632706 972162 621935 466932 132996 794521 152702 722947 565720 451067 707584 159030 676068 972162 688123 976120 938906 126570 973832 972954 801168 974536 243009 937334 763007 976176 942174 976220 234672 971440 414811 969024 942170 940608 162208 945360 988936 979410]
Requests Number (per Connection):  [156 161 205 201 168 166 170 166 207 201 166 195 167 168 171 212 213 199 201 202 204 203 207 158 165 200 201 193 195 212 198 199 200 165 162 162 214 198 203 167 205 202 213 210 170 164 203 190 220 206 210 212 201 208 194 201 207 168 207 201 172 219 202 169 211 201 158 158 213 209 164 201 217 218 163 197 207 204 214 212 169 162 198 166 201 215 162 209 161 163 199 201 193 207 203 162 201 171 208 165 167 169 201 211 204 173 173 196 215 198 201 167 200 201 165 162 168 212 193 207 201 206 209 201 212 201 206 206 159 160 203 202 199 204 200 157 172 206 163 206 211 200 203 197 163 161 205 167 222 210]
Requests/sec:  5056.683479817709 KB
Transfer/sec:  6635.561100260416 KB

2023-12-04 13:51:20.583834235 +0800 CST m=+1765.417235348
Running 1m0s myx-test @ https://192.168.12.127:6443/api/v1/nodes
300 connections
Requests/bytes (per Connection):  [1233432 1265875 1363300 1049465 1006333 1233570 1017152 1092819 1287551 1179425 1092899 1103720 1211806 1222591 1157743 1201095 1287553 1287615 1179439 1255060 1136173 1168486 1190182 1082078 1114459 1146944 1255072 1103720 1168644 1038784 1157773 1233492 1081930 1038794 1190222 1201107 1027975 1147002 963021 1125334 1190240 1287673 1114435 1060284 1071099 962917 1092753 1168644 1276750 1179465 1201049 1157823 1222749 962999 1092817 1233540 1190250 1190204 1276696 1287517 1049615 1255184 1233570 1276694 1082078 1211834 1103572 1049505 1027955 1157825 1049547 1190216 1211870 1276694 1136145 1136183 1157823 1190286 1255212 1038692 1266033 1201095 1147004 1265949 1146884 1179465 995482 1125202 1255212 1255054 1146868 1081938 1298494 1038672 1201067 1060440 1244355 1190286 1157677 963017 1309241 984691 1222725 1222749 1136187 1157725 1136183 1265873 1092747 1276832 1081932 1038656 1157705 1125316 1244391 1244319 1222613 1146900 1190286 1201063 1027957 1071219 1190288 962973 1190214 1200993 1168638 1190286 1017078 930462 1201107 1038794 1244313 1287555 1060404 1276806 1038794 1222629 1038638 1298450 1060436 1092899 1168550 995502 1092899 1320132 1190176 1049501 1092853 1038742 1103720 1201107 1027979 1298468 1103696 1190256 1298408 1330957 1211770 1222749 1103616 1179467 1092899 1114437 1222747 1060436 1287673 1157823 1190286 1157747 1298494 1136043 1038636 1038780 1200991 1114541 1352481 1222749 1157807 1027977 1190128 1114545 1136063 1330957 1114541 1103720 1222749 1255128 1136181 1179465 1136181 1114545 1060404 1136137 1201107 1082078 1255064 1049619 1092793 1147004 1038796 1092783 1136183 995510 1027873 1233570 1157767 1309315 1211926 1038642 1201009 1017154 1222749 1276764 1027975 1092811 1222645 1211888 1265873 1244233 1027845 1233456 995376 1136113 1157763 1103598 1168486 1179307 1071257 1201107 1146862 1049531 1136059 1211902 1309191 1233568 1157825 1190286 1255178 1244233 1222749 1201095 1287579 1082010 1222661 1027817 1201003 1136177 1190150 1168644 1157773 1200997 1287515 1157823 1179465 1060436 1276696 1103720 1200949 1082040 1179465 1298386 1071213 995512 1060298 1211916 1179307 1266019 1071257 1082078 1255108 1201059 1060440 1233416 1287673 1179307 1125346 1222749 1233518 1157781 1103602 1201107 1287553 1179331 1179307 1157823 1081994 1136073 1103720 1060320 1146904 1092793 1103718 1027831 1255134 1092877 1081978 1211928 1179307 1222601]
Response/bytes (per Connection):  [767766 397420 99646 76652 73636 90264 74426 893058 907268 86264 655964 80762 850903 343429 897808 901044 94102 907332 899446 91696 896296 153118 900160 79178 894640 83870 91708 80762 85512 76000 897838 90186 451732 76010 900200 87888 498745 83928 70440 82318 900218 280573 81448 399321 196815 409156 79824 678447 93328 171009 87830 84720 292764 70418 79888 90234 900228 900182 550681 382063 601973 904988 496848 669266 553526 901754 80614 703509 75200 186368 889902 900194 901790 127154 83100 337253 84720 222624 905016 75908 668634 901044 83930 905724 778391 272655 72814 251596 91848 430510 659788 79038 586303 584118 901016 77598 91020 87096 84574 70436 908900 885220 902616 89472 896310 897790 709955 600710 79818 93410 79032 75872 84602 82300 91056 904152 766976 83826 561444 87844 888370 891516 561446 70392 900192 900942 898674 87096 74352 67968 87888 109892 90978 907272 890730 906552 76010 89352 228323 908138 687470 537377 85418 886002 571259 909762 900154 76688 79924 75958 80762 613059 75224 908156 80738 87066 908096 791971 257932 699348 80658 86306 435731 81450 89470 162299 94222 813183 87096 897812 704890 82998 160557 889164 883999 81554 98856 377469 897872 75222 307171 843903 83018 622561 81554 893930 360528 904932 83136 763944 269487 81558 890730 896260 87888 705995 91700 737505 79864 219458 194599 723612 303371 72842 75118 886491 897832 95806 224206 363855 900958 74428 191118 93342 75220 79882 89368 901808 465182 582187 75090 903318 428469 896236 84660 690516 102295 424966 891554 206475 83788 76718 726772 88654 95682 90262 84722 87096 904982 311131 479115 87876 94128 892278 902552 329177 900952 896300 713777 85512 84670 87778 94064 84720 86304 585824 550681 80762 562078 892308 408183 94906 78342 72844 500981 901836 424966 92626 501911 79178 904912 901008 77598 90110 517747 424966 895498 631584 903380 897846 80644 87888 907270 712987 86146 84720 892262 845373 80762 670413 896998 79864 80760 75076 904938 893116 79078 88680 340261 89324]
Requests Number (per Connection):  [114 117 126 97 93 114 94 101 119 109 101 102 112 113 107 111 119 119 109 116 105 108 110 100 103 106 116 102 108 96 107 114 100 96 110 111 95 106 89 104 110 119 103 98 99 89 101 108 118 109 111 107 113 89 101 114 110 110 118 119 97 116 114 118 100 112 102 97 95 107 97 110 112 118 105 105 107 110 116 96 117 111 106 117 106 109 92 104 116 116 106 100 120 96 111 98 115 110 107 89 121 91 113 113 105 107 105 117 101 118 100 96 107 104 115 115 113 106 110 111 95 99 110 89 110 111 108 110 94 86 111 96 115 119 98 118 96 113 96 120 98 101 108 92 101 122 110 97 101 96 102 111 95 120 102 110 120 123 112 113 102 109 101 103 113 98 119 107 110 107 120 105 96 96 111 103 125 113 107 95 110 103 105 123 103 102 113 116 105 109 105 103 98 105 111 100 116 97 101 106 96 101 105 92 95 114 107 121 112 96 111 94 113 118 95 101 113 112 117 115 95 114 92 105 107 102 108 109 99 111 106 97 105 112 121 114 107 110 116 115 113 111 119 100 113 95 111 105 110 108 107 111 119 107 109 98 118 102 111 100 109 120 99 92 98 112 109 117 99 100 116 111 98 114 119 109 104 113 114 107 102 111 119 109 109 107 100 105 102 98 106 101 102 95 116 101 100 112 109 113]
Requests/sec:  5651.208675130209 KB
Transfer/sec:  7672.799381510416 KB

