2023-12-04 21:17:05.005081341 +0800 CST m=+24125.848665523
Running 1m0s myx-test @ https://192.168.12.127:6443/api/v1/namespaces/myx-test/persistentvolumeclaims
3 connections
Requests/bytes (per Connection):  [11597958 11279036 6782854]
Response/bytes (per Connection):  [16780474 16319152 9813780]
Requests Number (per Connection):  [1055 1026 617]
Requests/sec:  482.744921875 KB
Transfer/sec:  1181.2053059895834 KB

2023-12-04 21:18:45.46350612 +0800 CST m=+24226.307090279
Running 1m0s myx-test @ https://192.168.12.127:6443/api/v1/namespaces/myx-test/persistentvolumeclaims
6 connections
Requests/bytes (per Connection):  [5892360 9388318 5925420 9432204 9575118 9003444]
Response/bytes (per Connection):  [8525404 13583445 8573161 13647024 13853798 13026693]
Requests Number (per Connection):  [536 854 539 858 871 819]
Requests/sec:  801.0557291666667 KB
Transfer/sec:  1960.0649251302084 KB

2023-12-04 21:20:25.953660886 +0800 CST m=+24326.797245106
Running 1m0s myx-test @ https://192.168.12.127:6443/api/v1/namespaces/myx-test/persistentvolumeclaims
9 connections
Requests/bytes (per Connection):  [8882624 6145252 8739592 5782422 8959614 5694546 9267296 8970586 8728598]
Response/bytes (per Connection):  [12851784 8891257 12644951 8366345 12963142 8239135 13408435 12979037 12629045]
Requests Number (per Connection):  [808 559 795 526 815 518 843 816 794]
Requests/sec:  1158.37451171875 KB
Transfer/sec:  2834.369482421875 KB

2023-12-04 21:22:06.434594351 +0800 CST m=+24427.278178509
Running 1m0s myx-test @ https://192.168.12.127:6443/api/v1/namespaces/myx-test/persistentvolumeclaims
15 connections
Requests/bytes (per Connection):  [9003512 5683478 8915490 8629702 8827600 8519752 5573662 8772584 8805556 8783568 5606678 8948472 5573538 5595522 9179454]
Response/bytes (per Connection):  [13026727 8223192 12899444 12485916 12772227 12326851 8064194 12692674 12740387 12708575 8111929 12947162 8064132 8095942 13281242]
Requests Number (per Connection):  [819 517 811 785 803 775 507 798 801 799 510 814 507 509 835]
Requests/sec:  1894.8334635416666 KB
Transfer/sec:  4636.37958984375 KB

2023-12-04 21:23:46.933554703 +0800 CST m=+24527.777138892
Running 1m0s myx-test @ https://192.168.12.127:6443/api/v1/namespaces/myx-test/persistentvolumeclaims
30 connections
Requests/bytes (per Connection):  [6705898 7046704 6716870 7112600 6727862 6881758 4419292 7167636 6683894 4419346 7222608 7112670 7145648 4364378 7244594 4452276 4320402 4441220 6925750 4375370 6980696 7365502 4485280 4375238 6639936 4386276 6881800 6870756 6683894 6595960]
Response/bytes (per Connection):  [9702439 10195521 9718334 10290923 9734239 9956913 6394064 10370486 9670619 6394091 10450017 10290958 10338674 6314562 10481828 6441783 6250938 6425846 10020545 6330467 10100063 10656781 6489512 6330401 9607004 6346329 9956934 9941003 9670619 9543380]
Requests Number (per Connection):  [610 641 611 647 612 626 402 652 608 402 657 647 650 397 659 405 393 404 630 398 635 670 408 398 604 399 626 625 608 600]
Requests/sec:  2974.481022135417 KB
Transfer/sec:  7278.115022786458 KB

2023-12-04 21:25:27.435995021 +0800 CST m=+24628.279579185
Running 1m0s myx-test @ https://192.168.12.127:6443/api/v1/namespaces/myx-test/persistentvolumeclaims
60 connections
Requests/bytes (per Connection):  [4628190 4507264 4375326 4441202 3264998 4496242 4485150 3221024 4540248 4606182 4452198 3232028 4639064 4617174 4419344 4551152 4694032 3319968 3111118 3177048 3166054 4397340 3275992 4364376 4496302 4430192 4353372 4826118 4518132 4639210 4485308 4683196 4738166 3166054 4628228 4628206 3166078 4452284 4529184 4496154 4452246 4342392 4386248 4496144 4452326 3177070 3297980 3100090 3254004 3275996 3297980 3221036 4562198 3210028 3232018 4705134 4683122 3243010 4661102 4551202]
Response/bytes (per Connection):  [6696284 6521322 6330445 6425837 4723972 6505402 6489447 4660349 6569041 6664462 6441744 4676260 6712130 6680367 6394090 6584902 6791659 4803502 4501306 4596725 4580819 6362270 4739878 6314561 6505432 6409923 6298650 6982610 6537165 6712203 6489526 6775832 6855362 4580819 6696303 6696292 4580831 6441787 6553100 6505358 6441768 6282751 6346315 6505353 6441808 4596736 4771690 4485383 4708066 4739880 4771690 4660355 6600834 4644442 4676255 6807619 6775795 4692160 6743967 6584927]
Requests Number (per Connection):  [421 410 398 404 297 409 408 293 413 419 405 294 422 420 402 414 427 302 283 289 288 400 298 397 409 403 396 439 411 422 408 426 431 288 421 421 288 405 412 409 405 395 399 409 405 289 300 282 296 298 300 293 415 292 294 428 426 295 424 414]
Requests/sec:  4000.9802083333334 KB
Transfer/sec:  9789.810953776041 KB

2023-12-04 21:27:07.974943405 +0800 CST m=+24728.818527574
Running 1m0s myx-test @ https://192.168.12.127:6443/api/v1/namespaces/myx-test/persistentvolumeclaims
90 connections
Requests/bytes (per Connection):  [2814266 2715308 2781270 2682326 2814252 3572774 3506862 2759292 2759286 2704400 2638470 2638408 3605768 2704314 2649364 3550838 2737294 2759284 3539844 3671770 3495868 3528850 3583768 2781270 2737296 3583818 3506862 3506862 3418890 3704746 3803696 3506826 3682732 3638788 2726372 2847232 3506858 3605802 3572826 3583792 2715312 3726662 2737374 3506862 2792348 3484842 3671702 3660772 2748290 2715404 2803260 3638726 3704752 3583794 3495868 3770714 3561832 3528846 3704698 3506862 2638408 3616800 3649728 3517816 3418912 3561826 3462886 3671766 3605806 3594802 2693346 3429880 3583808 3495870 3517856 3583766 3660710 3550838 2770282 2759282 3638788 3605808 3495868 2759284 3506862 3506862 3440888 3605758 3473850 2737300]
Response/bytes (per Connection):  [4071837 3928677 4024112 3880959 4071830 5169312 5073902 3992305 3992302 3912814 3817395 3817364 5217036 3912771 3833251 5137526 3960488 3992301 5121620 5312491 5057996 5105714 5185218 4024112 3960489 5185243 5073902 5073902 4946644 5360206 5503362 5073884 5328381 5264773 3944618 4119547 5073900 5217053 5169338 5185230 3928679 5391982 3960528 5073902 4040060 5042074 5312457 5296583 3976395 3928725 4055925 5264742 5360209 5185231 5057996 5455644 5153432 5105712 5360182 5073902 3817364 5232961 5280652 5089788 4946655 5153429 5010278 5312489 5217055 5201144 3896878 4962548 5185238 5057997 5089808 5185217 5296552 5137526 4008209 3992300 5264773 5217056 5057996 3992301 5073902 5073902 4978461 5217031 5026169 3960491]
Requests Number (per Connection):  [256 247 253 244 256 325 319 251 251 246 240 240 328 246 241 323 249 251 322 334 318 321 326 253 249 326 319 319 311 337 346 319 335 331 248 259 319 328 325 326 247 339 249 319 254 317 334 333 250 247 255 331 337 326 318 343 324 321 337 319 240 329 332 320 311 324 315 334 328 327 245 312 326 318 320 326 333 323 252 251 331 328 318 251 319 319 313 328 316 249]
Requests/sec:  4826.548177083333 KB
Transfer/sec:  11809.854410807291 KB

2023-12-04 21:28:48.591689863 +0800 CST m=+24829.435274063
Running 1m0s myx-test @ https://192.168.12.127:6443/api/v1/namespaces/myx-test/persistentvolumeclaims
150 connections
Requests/bytes (per Connection):  [1956806 2330624 2099720 2462464 2385642 1835964 2407484 2451456 2462450 2407486 2264590 2473492 2341522 1956738 2418474 2550520 1967768 2440466 2407480 1824860 2055840 2352646 1978822 1890776 2396540 2165620 1868944 1945902 2451556 2517518 1945802 2484534 2308550 2033694 1923852 2319534 2440466 2011706 2352514 2451554 2066758 2407494 1912764 2407506 2396492 2088662 2253572 2451456 2044722 2308540 2451460 2418516 2396560 2044688 2407482 1945856 2429534 1967836 1912762 2385586 1989852 2506430 1945744 2242708 2429494 2385616 2462502 2451456 1956738 2495434 2286554 1967732 1956764 2022808 2506428 1967766 2451460 2374502 2374596 2374500 1967798 2561394 2484440 2352520 2352528 1901800 2473448 2121644 2374498 1978726 2297608 2264594 2330524 2462474 2396488 1967780 2462580 2473554 2528412 1978726 2429472 1989786 2407480 1923858 2374532 2440542 2506472 2352514 2429522 2308540 1901832 1923758 2297542 2297542 2319534 2407512 2352558 2495430 2484528 1956760 2462450 2374500 1967732 1989768 2495556 2517470 2011812 2363518 2352634 2374498 2374644 1945838 1912762 2385496 2407482 2000860 2396636 2374502 2396638 2495516 1978726 2330524 2572392 2440554 2385496 2418474 2000840 2440462 1956762 2451494]
Response/bytes (per Connection):  [2831205 3372020 3037979 3562848 3451574 2656285 3483313 3546935 3562841 3483314 3276549 3578771 3387878 2831171 3499217 3690148 2847095 3531031 3483311 2640324 2974403 3403849 2863031 2735736 3467432 3133383 2704002 2815344 3546985 3642420 2815294 3594701 3340165 2942512 2783501 3356066 3531031 2910700 3403783 3546984 2990271 3483318 2767548 3483324 3467408 3022041 3260631 3546935 2958435 3340160 3546937 3499238 3467442 2958418 3483312 2815321 3515156 2847129 2767547 3451546 2878955 3626467 2815265 3244790 3515136 3451561 3562867 3546935 2831171 3610560 3308349 2847077 2831184 2926660 3626466 2847094 3546937 3435595 3435642 3435594 2847110 3705994 3594654 3403786 3403790 2751657 3578749 3069759 3435593 2862983 3324285 3276551 3371970 3562853 3467406 2847101 3562906 3578802 3658276 2862983 3515125 2878922 3483311 2783504 3435610 3531069 3626488 3403783 3515150 3340160 2751673 2783454 3324252 3324252 3356066 3483327 3403805 3610558 3594698 2831182 3562841 3435594 2847077 2878913 3610621 3642396 2910753 3419694 3403843 3435593 3435666 2815312 2767547 3451501 3483312 2894868 3467480 3435595 3467481 3610601 2862983 3371970 3721902 3531075 3451501 3499217 2894858 3531029 2831183 3546954]
Requests Number (per Connection):  [178 212 191 224 217 167 219 223 224 219 206 225 213 178 220 232 179 222 219 166 187 214 180 172 218 197 170 177 223 229 177 226 210 185 175 211 222 183 214 223 188 219 174 219 218 190 205 223 186 210 223 220 218 186 219 177 221 179 174 217 181 228 177 204 221 217 224 223 178 227 208 179 178 184 228 179 223 216 216 216 179 233 226 214 214 173 225 193 216 180 209 206 212 224 218 179 224 225 230 180 221 181 219 175 216 222 228 214 221 210 173 175 209 209 211 219 214 227 226 178 224 216 179 181 227 229 183 215 214 216 216 177 174 217 219 182 218 216 218 227 180 212 234 222 217 220 182 222 178 223]
Requests/sec:  5519.156770833333 KB
Transfer/sec:  13504.58173828125 KB

2023-12-04 21:30:29.207302431 +0800 CST m=+24930.050886617
Running 1m0s myx-test @ https://192.168.12.127:6443/api/v1/namespaces/myx-test/persistentvolumeclaims
300 connections
Requests/bytes (per Connection):  [1429192 1407132 1176176 1396146 1429034 1253224 1374134 1297266 1308242 1286128 1330146 1220200 1132354 1308216 1308146 1187170 1352078 1429034 1396212 1220186 1341212 1242298 1253292 1110368 1297112 1319098 1242278 1341242 1297252 1220210 1352110 1297264 1220234 1286126 1275214 1253292 1242298 1198322 1374222 1374224 1352142 1253292 1319106 1385218 1341234 1198250 1187246 1220224 1242298 1231200 1429096 1341084 1154348 1176192 1165342 1209316 1198322 1352236 1077304 1319208 1220310 1165340 1374066 1297266 1319254 1418140 1143308 1330090 1363194 1198280 1385164 1176178 1231232 1297108 1352234 1330214 1330200 1132360 1242260 1297170 1231236 1275278 1407204 1330248 1286116 1264138 1275280 1209316 1352184 1176246 1286258 1297266 1341120 1297268 1352164 1308260 1198248 1341084 1231188 1297266 1275194 1374066 1286274 1341242 1275280 1330160 1319234 1429036 1363230 1396178 1352236 1297266 1407048 1484162 1352236 1330184 1187330 1440186 1264128 1264274 1055386 1319254 1231304 1374064 1275122 1231302 1154266 1198322 1121364 1198306 1319254 1330172 1209316 1198328 1297262 1253290 1275200 1308242 1242256 1297268 1374066 1209188 1209294 1187330 1418200 1264284 1407118 1341216 1308218 1220288 1352082 1231194 1264286 1209214 1187328 1374066 1077368 1363162 1484092 1352150 1209190 1341242 1396212 1198272 1385122 1374224 1297188 1242140 1253150 1209288 1319106 1165236 1176334 1396192 1286238 1484162 1253268 1319254 1242184 1330248 1374160 1198182 1407048 1407048 1363138 1286272 1286254 1154202 1209264 1319254 1363230 1275138 1198322 1352236 1198166 1352088 1407194 1429194 1286272 1363104 1286272 1363176 1275278 1264254 1077368 1198200 1264254 1275278 1451022 1341100 1242278 1429192 1143284 1396086 1198192 1319254 1132298 1253282 1363088 1297266 1253274 1132358 1429164 1418152 1330090 1165184 1286130 1385194 1187270 1187218 1264196 1286116 1253292 1055324 1385216 1374222 1341126 1264284 1374222 1209316 1363080 1352228 1297128 1374190 1374100 1253198 1220310 1242298 1297266 1088244 1253292 1319246 1319180 1538972 1341242 1605094 1297216 1297128 1209304 1253292 1319256 1275258 1297118 1154348 1297192 1363152 1253278 1132348 1286254 1374064 1253234 1286234 1198314 1165340 1220152 1341242 1286116 1330108 1407204 1330112 1209280 1209158 1077332 1429068 1242262 1286208 1297268 1176182 1308102 1352090 1198322 1220200 1308164 1396210 1286272 1363098 1286216 1297266 1110346 1341086]
Response/bytes (per Connection):  [2067766 2035918 1701851 2020016 2067687 1813238 1988192 1876895 1892792 1860917 1924562 1765499 1638304 1892779 1892744 1717757 1956346 2067687 2020049 1765492 1940504 1797366 1813272 1606493 1876818 1908629 1797356 1940519 1876888 1765504 1956362 1876894 1765516 1860916 1845051 1813272 1797366 1733742 1988236 1988237 1956378 1813272 1908633 2004143 1940515 1733706 1717795 1765511 1797366 1781408 2067718 1940440 1670119 1701859 1686025 1749648 1733742 1956425 1558734 1908684 1765554 1686024 1988158 1876895 1908707 2051831 1654190 1924534 1972313 1733721 2004116 1701852 1781424 1876816 1956424 1924596 1924589 1638307 1797347 1876847 1781426 1845083 2035954 1924613 1860911 1829104 1845084 1749648 1956399 1701886 1860982 1876895 1940458 1876896 1956389 1892801 1733705 1940440 1781402 1876895 1845041 1988158 1860990 1940519 1845084 1924569 1908697 2067688 1972331 2020032 1956425 1876895 2035876 2147296 1956425 1924581 1717837 2083672 1829099 1829172 1526957 1908707 1781460 1988157 1845005 1781459 1670078 1733742 1622400 1733734 1908707 1924575 1749648 1733745 1876893 1813271 1845044 1892792 1797345 1876896 1988158 1749584 1749637 1717837 2051861 1829177 2035911 1940506 1892780 1765543 1956348 1781405 1829178 1749597 1717836 1988158 1558766 1972297 2147261 1956382 1749585 1940519 2020049 1733717 2004095 1988237 1876856 1797287 1813201 1749634 1908633 1685972 1701930 2020039 1860972 2147296 1813260 1908707 1797309 1924613 1988205 1733672 2035876 2035876 1972285 1860989 1860980 1670046 1749622 1908707 1972331 1845013 1733742 1956425 1733664 1956351 2035949 2067767 1860989 1972268 1860989 1972304 1845083 1829162 1558766 1733681 1829162 1845083 2099499 1940448 1797356 2067766 1654178 2019986 1733677 1908707 1638276 1813267 1972260 1876895 1813263 1638306 2067752 2051837 1924534 1685946 1860918 2004131 1717807 1717781 1829133 1860911 1813272 1526926 2004142 1988236 1940461 1829177 1988236 1749648 1972256 1956421 1876826 1988220 1988175 1813225 1765554 1797366 1876895 1574613 1813272 1908703 1908670 2226746 1940519 2322261 1876870 1876826 1749642 1813272 1908708 1845073 1876821 1670119 1876858 1972292 1813265 1638301 1860980 1988157 1813243 1860970 1733738 1686024 1765475 1940519 1860911 1924543 2035954 1924545 1749630 1749569 1558748 2067704 1797348 1860957 1876896 1701854 1892722 1956352 1733742 1765499 1892753 2020048 1860989 1972265 1860961 1876895 1606482 1940441]
Requests Number (per Connection):  [130 128 107 127 130 114 125 118 119 117 121 111 103 119 119 108 123 130 127 111 122 113 114 101 118 120 113 122 118 111 123 118 111 117 116 114 113 109 125 125 123 114 120 126 122 109 108 111 113 112 130 122 105 107 106 110 109 123 98 120 111 106 125 118 120 129 104 121 124 109 126 107 112 118 123 121 121 103 113 118 112 116 128 121 117 115 116 110 123 107 117 118 122 118 123 119 109 122 112 118 116 125 117 122 116 121 120 130 124 127 123 118 128 135 123 121 108 131 115 115 96 120 112 125 116 112 105 109 102 109 120 121 110 109 118 114 116 119 113 118 125 110 110 108 129 115 128 122 119 111 123 112 115 110 108 125 98 124 135 123 110 122 127 109 126 125 118 113 114 110 120 106 107 127 117 135 114 120 113 121 125 109 128 128 124 117 117 105 110 120 124 116 109 123 109 123 128 130 117 124 117 124 116 115 98 109 115 116 132 122 113 130 104 127 109 120 103 114 124 118 114 103 130 129 121 106 117 126 108 108 115 117 114 96 126 125 122 115 125 110 124 123 118 125 125 114 111 113 118 99 114 120 120 140 122 146 118 118 110 114 120 116 118 105 118 124 114 103 117 125 114 117 109 106 111 122 117 121 128 121 110 110 98 130 113 117 118 107 119 123 109 111 119 127 117 124 117 118 101 122]
Requests/sec:  6287.501497395833 KB
Transfer/sec:  15384.576790364583 KB

