2023-12-04 15:39:16.688300829 +0800 CST m=+3857.531884998
Running 1m0s myx-test @ https://192.168.12.127:6443/api/v1/persistentvolumes
3 connections
Requests/bytes (per Connection):  [6919920 10872614 10796024]
Response/bytes (per Connection):  [10241320 16091197 15977792]
Requests Number (per Connection):  [632 993 986]
Requests/sec:  465.3085611979167 KB
Transfer/sec:  1153.9529134114584 KB

2023-12-04 15:40:57.232837862 +0800 CST m=+3958.076422052
Running 1m0s myx-test @ https://192.168.12.127:6443/api/v1/persistentvolumes
6 connections
Requests/bytes (per Connection):  [6175366 9722942 6241124 9690094 10182834 10182834]
Response/bytes (per Connection):  [9139403 14389711 9236662 14341097 15070317 15070317]
Requests Number (per Connection):  [564 888 570 885 930 930]
Requests/sec:  849.53115234375 KB
Transfer/sec:  2106.814794921875 KB

2023-12-04 15:42:37.774143908 +0800 CST m=+4058.617728080
Running 1m0s myx-test @ https://192.168.12.127:6443/api/v1/persistentvolumes
9 connections
Requests/bytes (per Connection):  [9033164 5529332 9109756 8989452 9372636 5507432 9832440 5606070 9536794]
Response/bytes (per Connection):  [13368832 8183316 13482238 13304056 13871198 8150906 14551760 8296795 14114227]
Requests Number (per Connection):  [825 505 832 821 856 503 898 512 871]
Requests/sec:  1180.2909505208333 KB
Transfer/sec:  2927.089908854167 KB

2023-12-04 15:44:18.287319073 +0800 CST m=+4159.130903249
Running 1m0s myx-test @ https://192.168.12.127:6443/api/v1/persistentvolumes
15 connections
Requests/bytes (per Connection):  [7828754 4795754 7905434 7949158 4708114 7795936 7719180 7390702 7970974 4489256 7576938 4554798 7543980 7587890 4532960]
Response/bytes (per Connection):  [11586327 7097617 11699777 11764559 6967957 11537728 11424240 10938101 11796927 6643928 11213629 6741079 11164960 11229835 6708700]
Requests Number (per Connection):  [715 438 722 726 430 712 705 675 728 410 692 416 689 693 414]
Requests/sec:  1633.2979817708333 KB
Transfer/sec:  4050.540234375 KB

2023-12-04 15:45:58.776101623 +0800 CST m=+4259.619685797
Running 1m0s myx-test @ https://192.168.12.127:6443/api/v1/persistentvolumes
30 connections
Requests/bytes (per Connection):  [5879722 5814026 6087776 3996430 4040216 6175366 4040256 6262964 4007406 6033020 6098722 4062214 5978270 4062216 4105982 6449134 5956418 6317760 6043970 4106018 6043970 4149816 4160762 5868802 6131646 6175372 5989224 5846980 6109668 5978270]
Response/bytes (per Connection):  [8701871 8604643 9009768 5914665 5979478 9139403 5979498 9269042 5930883 8928740 9025971 6011937 8847715 6011938 6076741 9544537 8815329 9350090 8944945 6076759 8944945 6141578 6157781 8685681 9074623 9139406 8863922 8653310 9042174 8847715]
Requests Number (per Connection):  [537 531 556 365 369 564 369 572 366 551 557 371 546 371 375 589 544 577 552 375 552 379 380 536 560 564 547 534 558 546]
Requests/sec:  2636.269466145833 KB
Transfer/sec:  6537.8822265625 KB

2023-12-04 15:47:39.443358995 +0800 CST m=+4360.286943183
Running 1m0s myx-test @ https://192.168.12.127:6443/api/v1/persistentvolumes
60 connections
Requests/bytes (per Connection):  [3164332 3262880 3262880 4324888 3230040 3219094 4073168 4204504 4127916 3240980 4379758 4401578 4237278 4270138 3219080 4467312 4346750 3230030 3240980 3284780 3251932 4127780 4314004 4412608 3164332 4259310 4138806 4270260 3361428 4335856 4292158 4434512 4281184 4303096 3284780 4445458 4456406 3273830 4248272 4095066 3186232 4368748 4160748 4412596 4073162 4106016 4160762 4346844 4259282 3131510 4127916 3186250 4456406 3230030 3273832 3996398 4401508 4478150 4237410 4281212]
Response/bytes (per Connection):  [4683136 4828980 4828980 6400794 4780370 4764167 6028144 6222572 6109168 4796570 6481879 6514249 6271149 6319769 4764160 6611496 6433185 4780365 4796570 4861390 4812776 6109100 6384622 6530494 4683136 6303625 6125343 6319830 4974824 6417008 6352239 6562906 6336022 6368438 4861390 6579109 6595313 4845185 6287376 6060553 4715546 6465644 6157774 6530488 6028141 6076758 6157781 6433232 6303611 4634535 6109168 4715555 6595313 4780365 4845186 5914649 6514214 6627645 6271215 6336036]
Requests Number (per Connection):  [289 298 298 395 295 294 372 384 377 296 400 402 387 390 294 408 397 295 296 300 297 377 394 403 289 389 378 390 307 396 392 405 391 393 300 406 407 299 388 374 291 399 380 403 372 375 380 397 389 286 377 291 407 295 299 365 402 409 387 391]
Requests/sec:  3838.125911458333 KB
Transfer/sec:  9518.45205078125 KB

2023-12-04 15:49:20.019882422 +0800 CST m=+4460.863466591
Running 1m0s myx-test @ https://192.168.12.127:6443/api/v1/persistentvolumes
90 connections
Requests/bytes (per Connection):  [3186230 2364996 3087718 2397848 2934386 3032936 2397894 3065824 2956320 3054876 2332156 3043884 2288396 3153382 3043928 3065802 2945334 2956346 3142432 3186232 3131510 3098632 2310400 3142458 2452702 3043884 3032942 2288374 2386896 2408798 3087682 2386974 2441794 2343116 3098666 3054862 2332158 2397860 3153382 2923436 2321200 2364998 3120532 2923436 3109582 3054876 3208132 2354130 3000126 2485444 2365096 2332292 3109582 2310352 2321198 2332194 3043884 3098634 3043884 3175282 3230030 3000086 3262886 3054834 2923466 2321198 3021984 2310254 3142458 2463694 2934386 3208132 2397966 3153382 3032980 3065824 3043884 3109610 2376056 2945336 3131484 3153386 3208132 2375972 2956346 3142432 3109598 3131494 2967294 2945398]
Response/bytes (per Connection):  [4715545 3500178 4569719 3548794 4342833 4488678 3548817 4537312 4375260 4521108 3451568 4504882 3386768 4666931 4504904 4537301 4359037 4375273 4650726 4715546 4634535 4585906 3419230 4650739 3629871 4504882 4488681 3386757 3532588 3564999 4569701 3532627 3613687 3467778 4585923 4521101 3451569 3548800 4666931 4326628 3435360 3500179 4618316 4326628 4602111 4521108 4747956 3484015 4440083 3678432 3500228 3451636 4602111 3419206 3435359 3451587 4504882 4585907 4504882 4699341 4780365 4440063 4828983 4521087 4326643 3435359 4472472 3419157 4650739 3646097 4342833 4747956 3548853 4666931 4488700 4537312 4504882 4602125 3516438 4359038 4634522 4666933 4747956 3516396 4375273 4650726 4602119 4634527 4391477 4359069]
Requests Number (per Connection):  [291 216 282 219 268 277 219 280 270 279 213 278 209 288 278 280 269 270 287 291 286 283 211 287 224 278 277 209 218 220 282 218 223 214 283 279 213 219 288 267 212 216 285 267 284 279 293 215 274 227 216 213 284 211 212 213 278 283 278 290 295 274 298 279 267 212 276 211 287 225 268 293 219 288 277 280 278 284 217 269 286 288 293 217 270 287 284 286 271 269]
Requests/sec:  4156.05927734375 KB
Transfer/sec:  10306.913297526042 KB

2023-12-04 15:51:00.676947665 +0800 CST m=+4561.520531853
Running 1m0s myx-test @ https://192.168.12.127:6443/api/v1/persistentvolumes
150 connections
Requests/bytes (per Connection):  [1861464 2332150 2277532 2321358 1905108 2255558 2003692 1916056 1872258 2266450 2288350 1948908 2255526 2354050 1927124 2288500 2156976 2354046 1872316 2211828 2003654 1938114 2233596 2255500 2376046 2310348 1850514 2430722 2452724 2518292 2376060 2244596 2386972 2014740 2419748 1850358 2299300 2365136 2354046 2354138 1872268 2365024 2255502 2277396 2255548 1861308 1981754 2518428 1861308 1927006 1992766 1992820 1927008 2277398 2430698 2255502 2474502 2364998 2419748 2266446 2189960 2354174 1981756 2233700 2310360 2277396 2288382 2354050 2321264 2408916 2321354 2375946 1894254 2321336 2277548 2441644 1916120 2233600 1992706 1981760 1927030 2310290 2321196 2299402 2354050 2452652 2277400 1883366 1992864 2277402 2310354 2386894 1916214 2375960 2332180 2288346 1927144 1861466 1817508 1992718 2310376 2321196 1949004 2321202 2343100 2299296 2507342 2343100 2299414 2419794 2375946 2375950 2365108 2332150 2485444 1883206 1872344 2430800 2386944 2463690 2003654 2354126 2156954 1927156 2288376 2376028 2397850 1861324 1927164 1916178 2375944 1937956 2397954 1861422 2014726 2310304 1916214 2332146 2244588 1981844 1981914 2299300 2354146 1927054 2310246 2386894 2277420 1970806 2299332 2310246]
Response/bytes (per Connection):  [2754832 3451565 3370606 3435439 2819574 3338159 2965436 2835778 2770959 3354335 3386745 2884394 3338143 3483975 2852042 3386820 3192298 3483973 2770988 3273374 2965417 2868267 3305718 3338130 3516433 3419204 2738627 3597421 3629882 3727046 3516440 3321948 3532626 2981690 3581204 2738549 3402950 3500248 3483973 3484019 2770964 3500192 3338131 3370538 3338154 2754754 2933007 3727114 2754754 2851983 2949243 2949270 2851984 3370539 3597409 3338131 3662231 3500179 3581204 3354333 3240980 3484037 2933008 3305770 3419210 3370538 3386761 3483975 3435392 3565058 3435437 3516383 2803417 3435428 3370614 3613612 2835810 3305720 2949213 2933010 2851995 3419175 3435358 3403001 3483975 3629846 3370540 2787243 2949292 3370541 3419207 3532587 2835857 3516390 3451580 3386743 2852052 2754833 2689934 2949219 3419218 3435358 2884442 3435361 3467770 3402948 3710841 3467770 3403007 3581227 3516383 3516385 3500234 3451565 3678432 2787163 2771002 3597460 3532612 3646095 2965417 3484013 3192287 2852058 3386758 3516424 3548795 2754762 2852062 2835839 3516382 2868188 3548847 2754811 2981683 3419182 2835857 3451563 3321944 2933052 2933087 3402950 3484023 2852007 3419153 3532587 3370550 2916803 3402966 3419153]
Requests Number (per Connection):  [170 213 208 212 174 206 183 175 171 207 209 178 206 215 176 209 197 215 171 202 183 177 204 206 217 211 169 222 224 230 217 205 218 184 221 169 210 216 215 215 171 216 206 208 206 170 181 230 170 176 182 182 176 208 222 206 226 216 221 207 200 215 181 204 211 208 209 215 212 220 212 217 173 212 208 223 175 204 182 181 176 211 212 210 215 224 208 172 182 208 211 218 175 217 213 209 176 170 166 182 211 212 178 212 214 210 229 214 210 221 217 217 216 213 227 172 171 222 218 225 183 215 197 176 209 217 219 170 176 175 217 177 219 170 184 211 175 213 205 181 181 210 215 176 211 218 208 180 210 211]
Requests/sec:  5368.597265625 KB
Transfer/sec:  13313.983951822916 KB

2023-12-04 15:52:41.315447941 +0800 CST m=+4662.159032107
Running 1m0s myx-test @ https://192.168.12.127:6443/api/v1/persistentvolumes
300 connections
Requests/bytes (per Connection):  [1193526 1412422 1324860 1346702 1237254 1346726 1270094 1291984 1248244 1292060 1357756 1193368 1226308 1302872 1379674 1292074 1193378 1379656 1368622 1270092 1270174 1105926 1324802 1215426 1116816 1248184 1215426 1182548 1171598 1160678 1313888 1281124 1171628 1061998 1237326 1292074 1324848 1149728 1357744 1116720 1357648 1313816 1368676 1346824 1379674 1379674 1281036 1280966 1270176 1357616 1313974 1270054 1149574 1379672 1094978 1127772 1303026 1259108 1302868 1303024 1193398 1412438 1127826 1237314 1281020 1357614 1193526 1138726 1204476 1116882 1456196 1259122 1313856 1324802 1292076 1105852 1313972 1160652 1313974 1237324 1302888 1379648 1423472 1215426 1281062 1379642 1313816 1116790 1259068 1182576 1281124 1302946 1171610 1226272 1160678 1171546 1215268 1270174 1105932 1237260 1346666 1237182 1368714 1149606 1302866 1423396 1270176 1324828 1182576 1313934 1379532 1324786 1226248 1346802 1335852 1303026 1303022 1149722 1324924 1182576 1040174 1138690 1292076 1291938 1313976 1324766 1171614 1127738 1259160 1193472 1073078 1281124 1259120 1193526 1313882 1368574 1280966 1171532 1193526 1182450 1324766 1324924 1149612 1324924 1226374 1226376 1171542 1292076 1313974 1204476 1149724 1149726 1094938 1204380 1412522 1292074 1346788 1248276 1051178 1324866 1215360 1237168 1313974 1094878 1182576 1182520 1270174 1226376 1248162 1324924 1303010 1368566 1160676 1259226 1292074 1303014 1390466 1346722 1346766 1215426 1083888 1390464 1368576 1368722 1215426 1193514 1204390 1346666 1346824 1248118 1412522 1160676 1281126 1226346 1270138 1291978 1281062 1346704 1324924 1292074 1259068 1204464 1204372 1335800 1138778 1215386 1149726 1303024 1105928 1291948 1281008 1193368 1324924 1313862 1379674 1313974 1335874 1204324 1084030 1292074 1335860 1083998 1127818 1226264 1237326 1324924 1291986 1291918 1281002 1379608 1335874 1215268 1281058 1281122 1193526 1335760 1105852 1248174 1127812 1291982 1270026 1160520 1215338 1281124 1215426 1248212 1324924 1193526 1280966 1270176 1357616 1259226 1193526 1368716 1292048 1040168 1281060 1083952 1292076 1204374 1368684 1160678 1215346 1073018 1423352 1401538 1204478 1292074 1248118 1324924 1335716 1215280 1182508 1302954 1237272 1138740 1346816 1346666 1248198 1270112 1226324 1215372 1073082 1259140 1226366 1281126 1193526 1292076 1324924 1313816 1105894 1324786 1160664 1248276 1204476 1204348 1116878 1357616 1313956 1368610]
Response/bytes (per Connection):  [1766333 2090381 1960760 1993141 1831117 1993153 1879727 1912132 1847342 1912170 2009398 1766254 1814914 1928306 2041817 1912177 1766259 2041808 2025561 1879726 1879767 1636693 1960731 1798743 1652868 1847312 1798743 1750114 1733909 1717719 1944544 1895972 1733924 1571809 1831153 1912177 1960754 1701514 2009392 1652820 2009344 1944508 2025588 1993202 2041817 2041817 1895928 1895893 1879768 2009328 1944587 1879707 1701437 2041816 1620489 1669076 1928383 1863504 1928304 1928382 1766269 2090389 1669103 1831147 1895920 2009327 1766333 1685283 1782538 1652901 2155188 1863511 1944528 1960731 1912178 1636656 1944586 1717706 1944587 1831152 1928314 2041804 2106636 1798743 1895941 2041801 1944508 1652855 1863484 1750128 1895972 1928343 1733915 1814896 1717719 1733883 1798664 1879767 1636696 1831120 1993123 1831081 2025607 1701453 1928303 2106598 1879768 1960744 1750128 1944567 2041746 1960723 1814884 1993191 1976986 1928383 1928381 1701511 1960792 1750128 1539437 1685265 1912178 1912109 1944588 1960713 1733917 1669059 1863530 1766306 1588079 1895972 1863510 1766333 1944541 2025537 1895893 1733876 1766333 1750065 1960713 1960792 1701456 1960792 1814947 1814948 1733881 1912178 1944587 1782538 1701512 1701513 1620469 1782490 2090431 1912177 1993184 1847358 1555669 1960763 1798710 1831074 1944587 1620439 1750128 1750100 1879767 1814948 1847301 1960792 1928375 2025533 1717718 1863563 1912177 1928377 2057943 1993151 1993173 1798743 1604214 2057942 2025538 2025611 1798743 1766327 1782495 1993123 1993202 1847279 2090431 1717718 1895973 1814933 1879749 1912129 1895941 1993142 1960792 1912177 1863484 1782532 1782486 1976960 1685309 1798723 1701513 1928382 1636694 1912114 1895914 1766254 1960792 1944531 2041817 1944587 1976997 1782462 1604285 1912177 1976990 1604269 1669099 1814892 1831153 1960792 1912133 1912099 1895911 2041784 1976997 1798664 1895939 1895971 1766333 1976940 1636656 1847307 1669096 1912131 1879693 1717640 1798699 1895972 1798743 1847326 1960792 1766333 1895893 1879768 2009328 1863563 1766333 2025608 1912164 1539434 1895940 1604246 1912178 1782487 2025592 1717719 1798703 1588049 2106576 2074209 1782539 1912177 1847279 1960792 1976918 1798670 1750094 1928347 1831126 1685290 1993198 1993123 1847319 1879736 1814922 1798716 1588081 1863520 1814943 1895973 1766333 1912178 1960792 1944508 1636677 1960723 1717712 1847358 1782538 1782474 1652899 2009328 1944578 2025555]
Requests Number (per Connection):  [109 129 121 123 113 123 116 118 114 118 124 109 112 119 126 118 109 126 125 116 116 101 121 111 102 114 111 108 107 106 120 117 107 97 113 118 121 105 124 102 124 120 125 123 126 126 117 117 116 124 120 116 105 126 100 103 119 115 119 119 109 129 103 113 117 124 109 104 110 102 133 115 120 121 118 101 120 106 120 113 119 126 130 111 117 126 120 102 115 108 117 119 107 112 106 107 111 116 101 113 123 113 125 105 119 130 116 121 108 120 126 121 112 123 122 119 119 105 121 108 95 104 118 118 120 121 107 103 115 109 98 117 115 109 120 125 117 107 109 108 121 121 105 121 112 112 107 118 120 110 105 105 100 110 129 118 123 114 96 121 111 113 120 100 108 108 116 112 114 121 119 125 106 115 118 119 127 123 123 111 99 127 125 125 111 109 110 123 123 114 129 106 117 112 116 118 117 123 121 118 115 110 110 122 104 111 105 119 101 118 117 109 121 120 126 120 122 110 99 118 122 99 103 112 113 121 118 118 117 126 122 111 117 117 109 122 101 114 103 118 116 106 111 117 111 114 121 109 117 116 124 115 109 125 118 95 117 99 118 110 125 106 111 98 130 128 110 118 114 121 122 111 108 119 113 104 123 123 114 116 112 111 98 115 112 117 109 118 121 120 101 121 106 114 110 110 102 124 120 125]
Requests/sec:  6137.23505859375 KB
Transfer/sec:  15220.171272786458 KB

