2023-12-04 22:41:45.659159453 +0800 CST m=+29206.502743625
Running 1m0s myx-test @ https://192.168.12.127:6443/api/v1/namespaces/myx-test/pods
3 connections
Requests/bytes (per Connection):  [51153222 47481656 47361736]
Response/bytes (per Connection):  [17831521 17060500 17026561]
Requests Number (per Connection):  [4695 4358 4347]
Requests/sec:  2376.24697265625 KB
Transfer/sec:  3221.2759765625 KB

2023-12-04 22:43:25.782615735 +0800 CST m=+29306.626199902
Running 1m0s myx-test @ https://192.168.12.127:6443/api/v1/namespaces/myx-test/pods
6 connections
Requests/bytes (per Connection):  [38863398 41031662 39952962 41565514 40061934 39135794]
Response/bytes (per Connection):  [13974945 14286828 14362003 14474897 14398553 14071080]
Requests Number (per Connection):  [3567 3766 3667 3815 3677 3592]
Requests/sec:  3916.1989583333334 KB
Transfer/sec:  5308.912272135417 KB

2023-12-04 22:45:05.880693617 +0800 CST m=+29406.724277805
Running 1m0s myx-test @ https://192.168.12.127:6443/api/v1/namespaces/myx-test/pods
9 connections
Requests/bytes (per Connection):  [33742690 34178366 32250014 32565950 34058580 33949624 34015086 33753428 32511466]
Response/bytes (per Connection):  [12125249 11920229 11591986 11709009 12248148 12209358 11844812 11774918 11690172]
Requests Number (per Connection):  [3097 3137 2960 2989 3126 3116 3122 3098 2984]
Requests/sec:  4899.498763020833 KB
Transfer/sec:  6642.888753255208 KB

2023-12-04 22:46:45.986913413 +0800 CST m=+29506.830497625
Running 1m0s myx-test @ https://192.168.12.127:6443/api/v1/namespaces/myx-test/pods
15 connections
Requests/bytes (per Connection):  [22716654 22215414 23719018 22705728 22509602 23729930 23555600 23501008 23413956 23479284 23544702 22422434 23228726 23261414 23522796]
Response/bytes (per Connection):  [8164593 7991531 8524983 8164406 8095312 8263842 8464840 8459995 8155311 8183247 8200313 8064728 8349310 8360779 8207311]
Requests Number (per Connection):  [2085 2039 2177 2084 2066 2178 2162 2157 2149 2155 2161 2058 2132 2135 2159]
Requests/sec:  5656.351985677084 KB
Transfer/sec:  7668.892692057291 KB

2023-12-04 22:48:26.115108736 +0800 CST m=+29606.958692930
Running 1m0s myx-test @ https://192.168.12.127:6443/api/v1/namespaces/myx-test/pods
30 connections
Requests/bytes (per Connection):  [11941158 11756088 12300718 12289824 12311724 12039274 12278930 12028370 11766978 12322514 11864888 11810536 11657886 12050178 12191796 12311692 11766896 12115594 12050212 11984742 11592650 12300718 12224500 11832200 12333422 12104592 12017588 11952050 11952054 12093700]
Response/bytes (per Connection):  [4300258 4214561 4427255 4423434 4280972 4327949 4283177 4191982 4219224 4297997 4273217 4237592 4197782 4197216 4249187 4285050 4229576 4348554 4326456 4315550 4156936 4290857 4393780 4261748 4300070 4358161 4306873 4304077 4171483 4354060]
Requests Number (per Connection):  [1096 1079 1129 1128 1130 1105 1127 1104 1080 1131 1089 1084 1070 1106 1119 1130 1080 1112 1106 1100 1064 1129 1122 1086 1132 1111 1103 1097 1097 1110]
Requests/sec:  5879.613802083333 KB
Transfer/sec:  7971.492610677084 KB

2023-12-04 22:50:06.284252802 +0800 CST m=+29707.127836980
Running 1m0s myx-test @ https://192.168.12.127:6443/api/v1/namespaces/myx-test/pods
60 connections
Requests/bytes (per Connection):  [4161904 4063972 4161908 4118454 4325470 4129346 4249200 4085654 4162038 4096534 4259980 4194724 4183826 3900532 4042180 4009496 4063970 4107504 3965820 4194684 4336370 4434318 4325362 4140184 4042180 4183830 4401674 4053074 4107422 4129346 4031206 4249042 4140240 4161952 4140224 4074866 4249200 4129310 4183772 4325378 4270986 4194646 4107510 4118296 4281812 4151072 4183754 4140246 4194724 4129350 4096662 4205540 4194706 4238298 4118380 4281848 4183824 4292684 4118450 4205556]
Response/bytes (per Connection):  [1461248 1456199 1507116 1475316 1501057 1479417 1521750 1478117 1490608 1483898 1492961 1502357 1452348 1398854 1448553 1436806 1456479 1478207 1432984 1507393 1504492 1552243 1562783 1490796 1448553 1498254 1584508 1452656 1442721 1479417 1409992 1494420 1437800 1501520 1485760 1460302 1521750 1438445 1505528 1512473 1483076 1512149 1477367 1495180 1495479 1495739 1461318 1482962 1502357 1433553 1422438 1469544 1504595 1518767 1484548 1538537 1452620 1549914 1430118 1514294]
Requests Number (per Connection):  [382 373 382 378 397 379 390 375 382 376 391 385 384 358 371 368 373 377 364 385 398 407 397 380 371 384 404 372 377 379 370 390 380 382 380 374 390 379 384 397 392 385 377 378 393 381 384 380 385 379 376 386 385 389 378 393 384 394 378 386]
Requests/sec:  4069.4090169270835 KB
Transfer/sec:  5517.498795572917 KB

2023-12-04 22:51:46.476442067 +0800 CST m=+29807.320026234
Running 1m0s myx-test @ https://192.168.12.127:6443/api/v1/namespaces/myx-test/pods
90 connections
Requests/bytes (per Connection):  [2898190 3148726 3083386 2800060 3007080 3159622 2952606 3017976 3105142 2952602 3018022 2919914 2985290 2876332 3017976 3050668 3028910 2952602 2963518 2854616 3028872 2919914 2865460 2898150 2941766 2898122 2854614 3159640 3050664 2963552 3039776 3028876 2952600 2941704 3061596 2985340 3050664 3072456 2996236 2887234 2974394 3017976 2952600 3116038 2985292 3050702 2876376 2963496 2919914 3148726 3028872 3007082 2952602 3039810 2963496 2909018 2909036 3126934 2887230 2941706 3007082 3105142 3083350 3050662 2909018 3017976 2985300 2919914 2898122 2996232 2919958 3028872 2909078 2985288 2985340 2963554 2919914 2909084 2865444 3072454 3050664 3018022 2974394 3105148 2941706 3126964 2985314 2996220 2898168 2854538]
Response/bytes (per Connection):  [1035666 1132829 1105415 978551 1082850 1136652 1063177 1086673 1117537 1063455 1047487 1051986 1074924 1004486 1086673 1097864 1085740 1063455 1031952 1019256 1090496 1019578 1029513 1008908 1052078 1044340 987834 1134132 1098142 1060282 1093481 1056356 1063735 1059912 1097207 1068488 1064310 1105788 1072593 1007649 1071101 1086673 1063735 1121360 1041810 1059690 1030818 1067558 1019578 1132829 1056900 1049218 1063455 1089003 1067558 1048163 1013699 1125183 1040239 1059632 1082570 1117537 1075697 1064582 1015873 1086673 1073806 1019578 1012168 1039805 1014142 1090496 1040609 1042080 1068488 1027604 1051986 1039769 1031753 1106068 1064310 1080797 1038103 1116979 1026988 1121829 1039092 1074551 1006460 1029048]
Requests Number (per Connection):  [266 289 283 257 276 290 271 277 285 271 277 268 274 264 277 280 278 271 272 262 278 268 263 266 270 266 262 290 280 272 279 278 271 270 281 274 280 282 275 265 273 277 271 286 274 280 264 272 268 289 278 276 271 279 272 267 267 287 265 270 276 285 283 280 267 277 274 268 266 275 268 278 267 274 274 272 268 267 263 282 280 277 273 285 270 287 274 275 266 262]
Requests/sec:  4372.472265625 KB
Transfer/sec:  5928.284326171875 KB

2023-12-04 22:53:26.823305917 +0800 CST m=+29907.666890096
Running 1m0s myx-test @ https://192.168.12.127:6443/api/v1/namespaces/myx-test/pods
150 connections
Requests/bytes (per Connection):  [1874070 1917662 1884814 1961086 1873920 1863120 1873954 1895730 1863044 1961200 1950190 1852128 1895710 1928456 1917510 1884896 1895712 1917502 1873918 1928424 2102770 1830362 1972030 1819440 1808578 1993804 1993774 1928398 2015708 1982876 1983034 1884816 1983036 1917616 1961184 1884914 1928398 1841332 1982960 1917502 1830388 1797806 1895710 1917568 1830336 1906606 1895758 1895710 2070044 1841390 1797660 2048252 1906636 1874076 1819488 1971982 1906724 2004828 1863022 2102796 1982876 1950216 1917552 1983034 1982920 1863022 1939400 2059176 1874062 1819598 1852286 1895870 1786912 1863128 1775916 2026468 1928398 1993910 2146360 1950342 1852194 1961086 1819440 1852128 1819470 1928556 2059266 1884828 1993774 1950278 1863034 1852216 2070202 2113674 1939430 1917502 1895710 2015594 1917504 1895736 2015600 2037356 1819598 1852252 1950190 1863176 1841390 1950190 1961228 1895712 1863022 1950342 2015576 1928556 1939294 1982994 1895868 1971982 1863076 1950348 1971982 1928556 1841306 2080940 1906764 1917502 1961094 1917502 1852208 1917502 1906726 2004690 1917502 2015564 2026618 1982888 2135486 1961084 2026460 1797802 2059148 1982920 2113622 1993930 1950190 2048254 1928548 1797806 1993774 1982974]
Response/bytes (per Connection):  [662872 656430 665157 713044 661180 666045 677984 687588 675839 676958 709221 653770 690106 672637 696914 675649 668590 697752 661452 698217 757985 663530 710711 642655 634874 698401 724513 701575 713971 720970 679204 664885 700544 662138 700452 673411 701575 657839 710056 697752 660172 615675 690106 689358 646360 672567 683950 690106 751554 650565 654021 743908 690293 662314 656909 716867 678819 686342 657747 754627 698774 705863 691316 679478 693338 657747 691686 744093 663992 623085 634200 669680 631170 664925 639937 735424 679977 685355 748639 689633 645342 691092 663065 674534 639123 660407 732621 663527 724513 698029 677239 663342 731408 760970 688050 676272 668862 728521 697472 687030 727681 740085 642919 658584 709221 658769 630495 687387 694856 689826 678637 689633 708257 681429 705398 684096 649292 716867 650951 689075 716867 681429 640823 755377 652997 676272 690278 697752 664180 697752 678539 725818 676272 732439 716116 719572 742216 691364 736262 635833 747731 715374 767404 682909 708939 743628 682267 635273 724513 686542]
Requests Number (per Connection):  [172 176 173 180 172 171 172 174 171 180 179 170 174 177 176 173 174 176 172 177 193 168 181 167 166 183 183 177 185 182 182 173 182 176 180 173 177 169 182 176 168 165 174 176 168 175 174 174 190 169 165 188 175 172 167 181 175 184 171 193 182 179 176 182 182 171 178 189 172 167 170 174 164 171 163 186 177 183 197 179 170 180 167 170 167 177 189 173 183 179 171 170 190 194 178 176 174 185 176 174 185 187 167 170 179 171 169 179 180 174 171 179 185 177 178 182 174 181 171 179 181 177 169 191 175 176 180 176 170 176 175 184 176 185 186 182 196 180 186 165 189 182 194 183 179 188 177 165 183 182]
Requests/sec:  4713.289680989584 KB
Transfer/sec:  6392.206233723959 KB

2023-12-04 22:55:07.227533582 +0800 CST m=+30008.071117771
Running 1m0s myx-test @ https://192.168.12.127:6443/api/v1/namespaces/myx-test/pods
300 connections
Requests/bytes (per Connection):  [1143936 1089428 1220324 1078638 1144044 1187640 1078550 1209432 1133022 1220210 1133084 1034992 1133124 1144042 1089420 1100316 1013312 1024066 1133072 1187504 1176708 1133166 1209356 1034968 1144004 1122238 1045932 1045964 1002410 1056818 1089472 1078682 1067786 1198486 1143910 1231066 1143902 1122264 1133162 1056890 1089424 1034948 1176592 1078686 1056890 1133160 1122122 1111258 991516 1056890 1144062 1024068 1133160 958678 1220306 1144014 1045870 1176744 1154836 1089424 1045998 947900 1143918 1143932 1133012 1187546 969724 1056890 1165730 1089578 1067728 1144056 1144036 1143914 1045998 1154894 980540 1165850 1111290 1056890 1111370 1154954 1144056 1154932 1002296 1122248 1187628 1100464 1122264 1154796 1144020 1187640 1100474 1198536 1133002 1002340 1067788 1100474 1154794 1143934 1024204 1024146 1143952 1209334 1078572 1122256 1122214 1089434 1056890 1067748 1067792 1154832 1089562 1198408 1089578 1067752 1187482 1187618 1013274 958828 1274752 1078530 1024154 1133164 1100316 1144040 1111278 1165690 1089574 1263754 1187634 1253016 1078656 1176732 1034966 1078684 1034940 1100474 947936 1122266 1067786 1329128 1176744 1078616 1024192 1034940 1144056 1045922 1089420 1122256 1045876 1220328 1176586 1013204 1034946 1253008 1035048 1078686 1089578 1078686 1122264 1100354 1034994 1045994 1176622 991520 1067788 1089456 1067710 1143922 1122270 1176744 1242114 1089578 1111356 980462 1024114 1220216 1024206 1100448 1056828 1035008 1100440 1329286 1274684 1122238 1209312 1024202 1143960 1133090 1056758 1165710 1133060 1013308 1045870 958832 1089578 1111370 1165848 1133004 1089502 1144058 1111288 1078682 1067758 1078646 1111340 1198394 1176664 1133002 1122204 1111364 1133002 1122238 1154952 1035098 1078682 1067726 1111374 1100394 1035066 1100338 1209432 1144062 1067748 1089578 1035070 1024204 1209274 1242120 1078630 1100420 1034958 1035100 1100316 1198496 980482 1263912 1252858 1133036 1034942 1056860 1165834 1122254 1100420 1078524 1176614 1122266 1067628 1209432 1187592 1133162 1002332 1111370 1078618 1187498 1045962 1220308 1013166 1089578 1154794 1067790 1089582 1111370 1089428 1165848 1067764 1122268 1067650 1034964 1165848 980572 1133004 1154834 1154954 1078578 1154848 1165736 1187484 1002330 980624 1078554 1056890 1241962 1209274 980622 1089512 1067724 1252874 1165850 1154952 1122266 1133162 1035064 1143910 1165708 1133140 1133082 1176746 1154954]
Response/bytes (per Connection):  [419883 404406 418494 386871 406173 406835 385821 427431 405434 446364 410464 379695 405428 393919 392788 409067 357779 379508 412144 423687 407752 387768 423759 370729 411209 400205 377922 373724 354514 371073 398810 381275 377452 430044 410227 441225 424361 384605 400390 373629 392244 385291 435550 369243 373629 400670 402273 407296 350411 373629 403935 379228 400670 358250 434052 409809 385756 415962 423146 392244 369528 328859 422121 420443 419698 431817 342765 362377 427249 385098 385008 404493 407011 422681 369528 415872 356942 399153 403098 373629 392744 395448 404493 410834 357712 399087 421465 390321 384605 428182 409251 419785 388921 410540 420816 363468 377172 388921 428462 420163 361880 369436 405063 426477 395547 385693 390857 403566 362103 382490 376894 423706 387338 440118 385098 381930 439931 422583 362535 328486 457645 400863 356968 400674 409067 394191 404496 418995 385658 466410 407651 442723 372775 417642 371001 380995 386129 376923 334841 396567 377452 489910 403130 377667 363560 386129 392015 367368 392788 385693 384916 431254 422700 371489 385289 443843 360945 369243 385098 380997 396847 391873 379415 369806 418352 350133 377172 400768 375322 421561 396289 415962 426176 373218 394704 366734 373352 445524 361882 392279 381745 365837 393399 455272 451969 400205 429195 362160 403975 409624 390699 416549 413542 347011 385756 338664 385098 392744 399425 420536 394892 391743 390958 381275 381090 374135 396662 441796 426316 420816 404683 393584 420816 400205 408316 354693 381275 385288 380358 399275 370181 393775 427431 403935 370702 373218 358227 350716 447577 438900 387991 383719 383891 354421 409067 428926 364216 446546 448635 416620 385849 365909 414099 385965 395917 401421 419166 396567 397598 427431 412815 388038 364588 392744 389671 437973 362476 434054 364679 373218 415290 377174 384820 392744 391974 399425 380250 396851 394800 383051 399425 341876 420536 410398 408036 394707 408768 426409 426133 353636 346310 397785 362103 444930 433815 335898 381372 385568 446733 399153 408316 384333 388038 370461 423241 430047 403188 410744 415682 408036]
Requests Number (per Connection):  [105 100 112 99 105 109 99 111 104 112 104 95 104 105 100 101 93 94 104 109 108 104 111 95 105 103 96 96 92 97 100 99 98 110 105 113 105 103 104 97 100 95 108 99 97 104 103 102 91 97 105 94 104 88 112 105 96 108 106 100 96 87 105 105 104 109 89 97 107 100 98 105 105 105 96 106 90 107 102 97 102 106 105 106 92 103 109 101 103 106 105 109 101 110 104 92 98 101 106 105 94 94 105 111 99 103 103 100 97 98 98 106 100 110 100 98 109 109 93 88 117 99 94 104 101 105 102 107 100 116 109 115 99 108 95 99 95 101 87 103 98 122 108 99 94 95 105 96 100 103 96 112 108 93 95 115 95 99 100 99 103 101 95 96 108 91 98 100 98 105 103 108 114 100 102 90 94 112 94 101 97 95 101 122 117 103 111 94 105 104 97 107 104 93 96 88 100 102 107 104 100 105 102 99 98 99 102 110 108 104 103 102 104 103 106 95 99 98 102 101 95 101 111 105 98 100 95 94 111 114 99 101 95 95 101 110 90 116 115 104 95 97 107 103 101 99 108 103 98 111 109 104 92 102 99 109 96 112 93 100 106 98 100 102 100 107 98 103 98 95 107 90 104 106 106 99 106 107 109 92 90 99 97 114 111 90 100 98 115 107 106 103 104 95 105 107 104 104 108 106]
Requests/sec:  5422.944694010416 KB
Transfer/sec:  7357.534879557292 KB

