2023-12-05 00:06:23.864330917 +0800 CST m=+34284.707915086
Running 1m0s myx-test @ https://192.168.12.127:6443/api/v1/namespaces/myx-test/podtemplates
3 connections
Requests/bytes (per Connection):  [37472208 40447556 37636992]
Response/bytes (per Connection):  [56026542 60475162 56272824]
Requests Number (per Connection):  [3413 3684 3428]
Requests/sec:  1880.8065755208333 KB
Transfer/sec:  4692.8919921875 KB

2023-12-05 00:08:04.322574958 +0800 CST m=+34385.166159126
Running 1m0s myx-test @ https://192.168.12.127:6443/api/v1/namespaces/myx-test/podtemplates
6 connections
Requests/bytes (per Connection):  [36626782 34837194 36440198 34573630 34716378 34463844]
Response/bytes (per Connection):  [54762527 52086795 54483493 51692789 51906201 51528636]
Requests Number (per Connection):  [3336 3173 3319 3149 3162 3139]
Requests/sec:  3444.9548502604166 KB
Transfer/sec:  8595.678173828124 KB

2023-12-05 00:09:44.789583942 +0800 CST m=+34485.633168111
Running 1m0s myx-test @ https://192.168.12.127:6443/api/v1/namespaces/myx-test/podtemplates
9 connections
Requests/bytes (per Connection):  [27601778 28414366 28326558 27678794 26965110 26888252 26811392 28238606 27634718]
Response/bytes (per Connection):  [41268853 42483671 42352359 41383843 40316811 40201900 40086988 42220975 41318101]
Requests Number (per Connection):  [2514 2588 2580 2521 2456 2449 2442 2572 2517]
Requests/sec:  4045.565983072917 KB
Transfer/sec:  10094.288330078125 KB

2023-12-05 00:11:25.246393937 +0800 CST m=+34586.089978109
Running 1m0s myx-test @ https://192.168.12.127:6443/api/v1/namespaces/myx-test/podtemplates
15 connections
Requests/bytes (per Connection):  [19169774 19411390 19444324 19235650 19323522 18236488 19521124 18412294 19114948 19499164 18368274 19038012 18598894 19279656 18631846]
Response/bytes (per Connection):  [28661683 29022863 29072108 28760177 28891521 27266330 29186990 27529049 28579640 29154158 27463335 28464690 27808091 28825884 27857345]
Requests Number (per Connection):  [1746 1768 1771 1752 1760 1661 1778 1677 1741 1776 1673 1734 1694 1756 1697]
Requests/sec:  4643.31640625 KB
Transfer/sec:  11585.762109375 KB

2023-12-05 00:13:05.697744626 +0800 CST m=+34686.541328797
Running 1m0s myx-test @ https://192.168.12.127:6443/api/v1/namespaces/myx-test/podtemplates
30 connections
Requests/bytes (per Connection):  [10693846 10540010 10572992 10232694 10616984 10474142 10441312 10583920 10386328 10726782 10111916 10298524 10320452 10024078 10035056 10825600 10100936 10035056 10419338 10474142 10067996 9925258 10540062 10704754 10649924 10638932 10540008 9947220 10408278 10836580]
Response/bytes (per Connection):  [15988847 15758965 15808234 15299379 15873934 15660475 15611282 15824624 15529160 16038093 15118804 15397850 15430666 14987477 15003892 16185836 15102388 15003892 15578443 15660475 15053140 14839733 15758991 16005227 15923182 15906760 15758964 14872566 15561987 16202252]
Requests Number (per Connection):  [974 960 963 932 967 954 951 964 946 977 921 938 940 913 914 986 920 914 949 954 917 904 960 975 970 969 960 906 948 987]
Requests/sec:  5080.942708333333 KB
Transfer/sec:  12677.71220703125 KB

2023-12-05 00:14:46.17521027 +0800 CST m=+34787.018794455
Running 1m0s myx-test @ https://192.168.12.127:6443/api/v1/namespaces/myx-test/podtemplates
60 connections
Requests/bytes (per Connection):  [4128242 4007468 4194126 4029424 4018340 4161182 4270822 3996488 4106282 4117266 3930606 4248980 4051254 4227050 4073342 4117266 4073322 3963548 3886686 4139226 3974430 4139082 4205104 4128118 3963546 4095306 4117122 4051388 3996488 4106224 4018448 4095304 4270904 3908650 4117266 4095162 4205022 4216082 4073214 3985508 4029336 4073246 3875682 4106164 4238040 3886656 4095252 4040408 4106272 4128114 4128092 4194122 4227000 4117266 4007464 4007468 4139222 4084186 4172008 4281806]
Response/bytes (per Connection):  [6172297 5991724 6270795 6024554 6008086 6221545 6385625 5975308 6139465 6155883 5876811 6352852 6057321 6320035 6090217 6155883 6090207 5926060 5811147 6188715 5942427 6188643 6287210 6172235 5926059 6123051 6155811 6057388 5975308 6139436 6008140 6123050 6385666 5843981 6155883 6122979 6287169 6303625 6090153 5958892 6024510 6090169 5794719 6139406 6336456 5811132 6123024 6040972 6139460 6172233 6172222 6270793 6320010 6155883 5991722 5991724 6188713 6106565 6237884 6402043]
Requests Number (per Connection):  [376 365 382 367 366 379 389 364 374 375 358 387 369 385 371 375 371 361 354 377 362 377 383 376 361 373 375 369 364 374 366 373 389 356 375 373 383 384 371 363 367 371 353 374 386 354 373 368 374 376 376 382 385 375 365 365 377 372 380 390]
Requests/sec:  3994.8094401041667 KB
Transfer/sec:  9967.64921875 KB

2023-12-05 00:16:26.679208444 +0800 CST m=+34887.522792645
Running 1m0s myx-test @ https://192.168.12.127:6443/api/v1/namespaces/myx-test/podtemplates
90 connections
Requests/bytes (per Connection):  [2876546 2953410 3085168 2898506 2920466 2821648 2920534 2964396 3030266 2865568 2964444 3063244 2876546 2887526 3030266 2854664 2898580 3063204 2909556 2777758 2865568 2909496 2876606 3063204 2942490 2909550 2964446 2854660 3063206 2920534 2953430 3019284 3074224 2898508 2975364 3041246 3041244 3052228 2964386 2942488 2931512 3019284 2975382 2964422 2942426 2876572 2854586 2909486 3041290 3063204 3030286 2986344 2975408 3019286 2876552 2931502 2689970 2909486 3030270 3019284 2997324 2898508 2854590 2865630 2832628 2887528 2887526 3041246 3030264 2986348 2931446 2986344 2931494 2931446 3019334 2975370 2777780 3052248 2942468 3008304 3107124 2909494 2865644 2843606 2898506 3041290 2887602 2964438 3030264 3041290]
Response/bytes (per Connection):  [4300885 4415799 4612790 4333717 4366549 4218806 4366583 4432218 4530709 4284470 4432242 4579976 4300885 4317301 4530709 4268092 4333754 4579956 4350168 4153157 4284470 4350138 4300915 4579956 4399413 4350165 4432243 4268090 4579957 4366583 4415809 4514292 4596392 4333718 4448628 4547125 4547124 4563542 4432213 4399412 4382998 4514292 4448637 4432231 4399381 4300898 4268053 4350133 4547147 4579956 4530719 4465044 4448650 4514293 4300888 4382993 4021855 4350133 4530711 4514292 4481460 4333718 4268055 4284501 4235222 4317302 4317301 4547125 4530708 4465046 4382965 4465044 4382989 4382965 4514317 4448631 4153168 4563552 4399402 4497876 4645620 4350137 4284508 4251637 4333717 4547147 4317339 4432239 4530708 4547147]
Requests Number (per Connection):  [262 269 281 264 266 257 266 270 276 261 270 279 262 263 276 260 264 279 265 253 261 265 262 279 268 265 270 260 279 266 269 275 280 264 271 277 277 278 270 268 267 275 271 270 268 262 260 265 277 279 276 272 271 275 262 267 245 265 276 275 273 264 260 261 258 263 263 277 276 272 267 272 267 267 275 271 253 278 268 274 283 265 261 259 264 277 263 270 276 277]
Requests/sec:  4320.769759114583 KB
Transfer/sec:  10780.955322265625 KB

2023-12-05 00:18:07.352539544 +0800 CST m=+34988.196123719
Running 1m0s myx-test @ https://192.168.12.127:6443/api/v1/namespaces/myx-test/podtemplates
150 connections
Requests/bytes (per Connection):  [2020138 1932300 1954382 2118962 1976206 1943268 1954246 2064130 1888526 2075114 1932374 1987186 1888490 2042084 1998284 1888366 2119068 1954278 2020198 1943274 2118992 2064168 1888472 1943312 2042202 2129936 1965224 2086118 2009180 2053110 2075182 1910328 1932444 1877422 1976308 2009248 2042086 2140964 1866492 1855586 1998256 2086086 1932286 1987308 2020176 1998236 1943292 1888368 2009152 2031184 1954280 1943266 2031150 2009150 1844524 1998324 2162924 2064112 2118944 2009146 1976322 1921410 1987186 2053066 1910358 1976314 1998324 1954382 1976216 2042230 1866544 1899378 2009256 1976364 2108120 1954302 1888366 2108088 2108046 2053064 2053222 2184898 2075174 1844448 2020154 1965360 1965224 1987334 1921464 1943372 2086148 1932354 1998198 1976346 2031204 2031178 2042242 1932444 1998276 1998230 1943266 2053108 2075052 2009160 1987284 2184918 1921306 2020204 1965340 1943370 1888524 1899420 1833468 1943266 1943374 1921350 1998322 1965226 1965362 2086066 1998290 2042188 2031198 1987186 1910484 2184822 2108122 1987186 2042084 2042086 1921306 1932444 1855526 2108074 1998300 1899398 1965226 2020176 2075024 2075128 2064044 1987344 2195960 1976274 1822636 2042236 1888384 2020170 1943424 1844606]
Response/bytes (per Connection):  [3020453 2889126 2922019 3168199 2954783 2905536 2921951 3086153 2823535 3102571 2889163 2971199 2823517 3053278 2987674 2823455 3168252 2921967 3020483 2905539 3168214 3086172 2823508 2905558 3053337 3184612 2938366 3118999 3004048 3069717 3102605 2856288 2889198 2807057 2954834 3004082 3053279 3201052 2790666 2774287 2987660 3118983 2889119 2971260 3020472 2987650 2905548 2823456 3004034 3036902 2921968 2905535 3036885 3004033 2757830 2987694 3233884 3086144 3168190 3004031 2954841 2872755 2971199 3069695 2856303 2954837 2987694 2922019 2954788 3053351 2790692 2839887 3004086 2954862 3151852 2921979 2823455 3151836 3151815 3069694 3069773 3266723 3102601 2757792 3020461 2938434 2938366 2971273 2872782 2905588 3119014 2889153 2987631 2954853 3036912 3036899 3053357 2889198 2987670 2987647 2905535 3069716 3102540 3004038 2971248 3266733 2872703 3020486 2938424 2905587 2823534 2839908 2741376 2905535 2905589 2872725 2987693 2938367 2938435 3118973 2987677 3053330 3036909 2971199 2856366 3266685 3151853 2971199 3053278 3053279 2872703 2889198 2774257 3151829 2987682 2839897 2938367 3020472 3102526 3102578 3086110 2971278 3283180 2954817 2725034 3053354 2823464 3020469 2905614 2757871]
Requests Number (per Connection):  [184 176 178 193 180 177 178 188 172 189 176 181 172 186 182 172 193 178 184 177 193 188 172 177 186 194 179 190 183 187 189 174 176 171 180 183 186 195 170 169 182 190 176 181 184 182 177 172 183 185 178 177 185 183 168 182 197 188 193 183 180 175 181 187 174 180 182 178 180 186 170 173 183 180 192 178 172 192 192 187 187 199 189 168 184 179 179 181 175 177 190 176 182 180 185 185 186 176 182 182 177 187 189 183 181 199 175 184 179 177 172 173 167 177 177 175 182 179 179 190 182 186 185 181 174 199 192 181 186 186 175 176 169 192 182 173 179 184 189 189 188 181 200 180 166 186 172 184 177 168]
Requests/sec:  4866.359537760417 KB
Transfer/sec:  12142.261181640624 KB

2023-12-05 00:19:47.978281062 +0800 CST m=+35088.821865234
Running 1m0s myx-test @ https://192.168.12.127:6443/api/v1/namespaces/myx-test/podtemplates
300 connections
Requests/bytes (per Connection):  [1196796 1295616 1174836 1163850 1240648 1284634 1108862 1196796 1185816 1295472 1152876 1097924 1229624 1240716 1207776 1196640 1152876 1218630 1152856 1306594 1141898 1218628 1317562 1196760 1086998 1130918 1295614 1207776 1076000 1097942 1273636 1306562 1350514 1218662 1152804 1207678 1207706 1262516 1273642 1196690 1097978 1087002 1141758 1251684 1240678 1163858 1130918 1207776 1054058 1218678 1372346 1207776 1065038 1372460 1021104 1251622 1251694 1152878 1240658 1207650 1240558 1163824 1196730 1086978 1032066 1075896 1218756 1273654 1163856 1152850 1229580 1196660 1119838 1218756 1196796 1075888 1174716 1295566 1207766 1229646 1218618 1163856 1152876 1306594 1141896 1119938 977092 1185792 1295616 1229668 1218598 1163762 1163792 1064918 1141794 1207626 1218756 1218756 1086998 1163770 1284554 1119938 1152846 1240578 1207618 1196796 1196796 1229736 1141898 1130918 1306596 1317574 1043082 1076022 1218612 1262614 1262674 1207776 1163858 1317574 1152802 1174678 1130918 1141898 1152730 1185660 1339534 1229736 1152878 1218708 1042982 1207776 1130864 1284478 1306588 1163698 1218610 1229730 1284634 1086984 1240702 1196796 1141898 1295614 1141898 1284478 1229578 1163848 1174836 1218756 1229578 1163858 1262608 1207662 1207688 1141754 1218666 1196688 1240644 1119786 1130830 1119938 1196724 1076020 1251622 1207724 1350512 1207696 1130896 1196796 1185768 1196640 1207776 1185732 1108830 1152846 1207776 1207778 1229736 1207776 1218734 1196702 1207618 1196638 1196660 1229736 1295544 1152876 1108822 1163806 1130918 1240716 1328396 1043084 1229578 1427298 1053914 1229664 1185720 1251696 1141898 1295458 1119846 1130918 1043082 1119938 1273644 1152840 1174838 1196638 1141890 1152838 1328450 1141754 1141768 1229692 1185816 1372388 1251638 1141898 1196722 1218756 1108932 1097928 1240710 1229716 1284634 1065038 1130758 1108898 1152878 1306464 1163698 1273616 1163804 1141794 1130922 1076006 1218756 1196796 1141898 1229736 1185734 1174842 1218624 1075892 1152876 1130914 1229736 1196796 1284632 1119938 1240714 1207636 1163856 1295458 1119938 1273654 1032098 1174686 1119910 1262676 1032060 1042968 1262660 1064930 1196796 1306490 1229684 1207770 1229640 1075890 1163734 1185670 1306444 1064930 1097978 1086894 1163828 1185818 1152876 1185672 1185658 1130798 1306438 1185816 1108950 1196688 1174686 1185818 1328438 1207742 1284634 1130758 1020970 1284508 1185798 1284486 1141902 1185758]
Response/bytes (per Connection):  [1789332 1937076 1756500 1740081 1854962 1920659 1657957 1789332 1772916 1937004 1723668 1641562 1838524 1854996 1805748 1789254 1723668 1822101 1723658 1953491 1707253 1822100 1969901 1789314 1625173 1690837 1937075 1805748 1608748 1641571 1904234 1953475 2019155 1822117 1723632 1805699 1805713 1887748 1904237 1789279 1641589 1625175 1707183 1871406 1854977 1740085 1690837 1805748 1575925 1822125 2051923 1805748 1592341 2051980 1526670 1871375 1871411 1723669 1854967 1805685 1854917 1740068 1789299 1625163 1543077 1608696 1822164 1904243 1740084 1723655 1838502 1789264 1674371 1822164 1789332 1608692 1756440 1937051 1805743 1838535 1822095 1740084 1723668 1953491 1707252 1674421 1460960 1772904 1937076 1838546 1822085 1740037 1740052 1592281 1707201 1805673 1822164 1822164 1625173 1740041 1920619 1674421 1723653 1854927 1805669 1789332 1789332 1838580 1707253 1690837 1953492 1969907 1559511 1608759 1822092 1887797 1887827 1805748 1740085 1969907 1723631 1756421 1690837 1707253 1723595 1772838 2002739 1838580 1723669 1822140 1559461 1805748 1690810 1920581 1953488 1740005 1822091 1838577 1920659 1625166 1854989 1789332 1707253 1937075 1707253 1920581 1838501 1740080 1756500 1822164 1838501 1740085 1887794 1805691 1805704 1707181 1822119 1789278 1854960 1674345 1690793 1674421 1789296 1608758 1871375 1805722 2019154 1805708 1690826 1789332 1772892 1789254 1805748 1772874 1657941 1723653 1805748 1805749 1838580 1805748 1822153 1789285 1805669 1789253 1789264 1838580 1937040 1723668 1657937 1740059 1690837 1854996 1986244 1559512 1838501 2134029 1575853 1838544 1772868 1871412 1707253 1936997 1674375 1690837 1559511 1674421 1904238 1723650 1756501 1789253 1707249 1723649 1986271 1707181 1707188 1838558 1772916 2051944 1871383 1707253 1789295 1822164 1657992 1641564 1854993 1838570 1920659 1592341 1690757 1657975 1723669 1953426 1740005 1904224 1740058 1707201 1690839 1608751 1822164 1789332 1707253 1838580 1772875 1756503 1822098 1608694 1723668 1690835 1838580 1789332 1920658 1674421 1854995 1805678 1740084 1936997 1674421 1904243 1543093 1756425 1674407 1887828 1543074 1559454 1887820 1592287 1789332 1953439 1838554 1805745 1838532 1608693 1740023 1772843 1953416 1592287 1641589 1625121 1740070 1772917 1723668 1772844 1772837 1690777 1953413 1772916 1658001 1789278 1756425 1772917 1986265 1805731 1920659 1690757 1526603 1920596 1772907 1920585 1707255 1772887]
Requests Number (per Connection):  [109 118 107 106 113 117 101 109 108 118 105 100 112 113 110 109 105 111 105 119 104 111 120 109 99 103 118 110 98 100 116 119 123 111 105 110 110 115 116 109 100 99 104 114 113 106 103 110 96 111 125 110 97 125 93 114 114 105 113 110 113 106 109 99 94 98 111 116 106 105 112 109 102 111 109 98 107 118 110 112 111 106 105 119 104 102 89 108 118 112 111 106 106 97 104 110 111 111 99 106 117 102 105 113 110 109 109 112 104 103 119 120 95 98 111 115 115 110 106 120 105 107 103 104 105 108 122 112 105 111 95 110 103 117 119 106 111 112 117 99 113 109 104 118 104 117 112 106 107 111 112 106 115 110 110 104 111 109 113 102 103 102 109 98 114 110 123 110 103 109 108 109 110 108 101 105 110 110 112 110 111 109 110 109 109 112 118 105 101 106 103 113 121 95 112 130 96 112 108 114 104 118 102 103 95 102 116 105 107 109 104 105 121 104 104 112 108 125 114 104 109 111 101 100 113 112 117 97 103 101 105 119 106 116 106 104 103 98 111 109 104 112 108 107 111 98 105 103 112 109 117 102 113 110 106 118 102 116 94 107 102 115 94 95 115 97 109 119 112 110 112 98 106 108 119 97 100 99 106 108 105 108 108 103 119 108 101 109 107 108 121 110 117 103 93 117 108 117 104 108]
Requests/sec:  5809.517447916666 KB
Transfer/sec:  14495.5955078125 KB

