2023-12-05 01:30:57.704728028 +0800 CST m=+39358.548312197
Running 1m0s myx-test @ https://192.168.12.127:6443/api/v1/namespaces/myx-test/replicationcontrollers
3 connections
Requests/bytes (per Connection):  [37835779 34774259 35106973]
Response/bytes (per Connection):  [57576458 52917652 53424014]
Requests Number (per Connection):  [3411 3135 3165]
Requests/sec:  1753.2065592447916 KB
Transfer/sec:  4421.144775390625 KB

2023-12-05 01:32:38.261011151 +0800 CST m=+39459.104595339
Running 1m0s myx-test @ https://192.168.12.127:6443/api/v1/namespaces/myx-test/replicationcontrollers
6 connections
Requests/bytes (per Connection):  [33775953 31246977 31601927 33609584 31868173 32001251]
Response/bytes (per Connection):  [51398484 47549958 48090105 51145297 48495232 48697773]
Requests Number (per Connection):  [3045 2817 2849 3030 2873 2885]
Requests/sec:  3159.2425944010415 KB
Transfer/sec:  7966.80849609375 KB

2023-12-05 01:34:18.693594353 +0800 CST m=+39559.537178528
Running 1m0s myx-test @ https://192.168.12.127:6443/api/v1/namespaces/myx-test/replicationcontrollers
9 connections
Requests/bytes (per Connection):  [25279371 25567625 26865444 26721275 26410713 27120617 26144449 25467790 26077931]
Response/bytes (per Connection):  [38468732 38907530 40882459 40663039 40190420 41270716 39785284 38755611 39684024]
Requests Number (per Connection):  [2279 2305 2422 2409 2381 2445 2357 2296 2351]
Requests/sec:  3835.5340983072915 KB
Transfer/sec:  9672.249837239584 KB

2023-12-05 01:35:59.096910857 +0800 CST m=+39659.940495079
Running 1m0s myx-test @ https://192.168.12.127:6443/api/v1/namespaces/myx-test/replicationcontrollers
15 connections
Requests/bytes (per Connection):  [18146944 19078746 19023193 18124676 19067677 19489089 19067565 18169206 18091461 19389328 19289421 18091397 18834616 18956637 19167402]
Response/bytes (per Connection):  [27615078 29032993 28948549 27581277 29016125 29657504 29016069 27648876 27530669 29505622 29353667 27530637 28661591 28847270 29167989]
Requests Number (per Connection):  [1636 1720 1715 1634 1719 1757 1719 1638 1631 1748 1739 1631 1698 1709 1728]
Requests/sec:  4589.63798828125 KB
Transfer/sec:  11573.91396484375 KB

2023-12-05 01:37:39.535184441 +0800 CST m=+39760.378768609
Running 1m0s myx-test @ https://192.168.12.127:6443/api/v1/namespaces/myx-test/replicationcontrollers
30 connections
Requests/bytes (per Connection):  [10027412 10249242 10138340 10282547 10060689 9883205 10182710 10215989 9605888 9639223 10504363 10005224 10082877 10082875 10127247 10315826 9727909 10071778 10038495 10171617 10071766 9872112 10215989 9849926 9616977 9694628 9971949 10149401 10471124 10471064]
Response/bytes (per Connection):  [15259190 15596775 15427989 15647428 15309829 15039751 15495508 15546148 14617755 14668423 15985006 15225429 15343590 15343589 15411109 15698068 14803434 15326707 15276065 15478628 15326701 15022871 15546148 14989111 14634633 14752793 15174791 15444853 15934386 15934356]
Requests Number (per Connection):  [904 924 914 927 907 891 918 921 866 869 947 902 909 909 913 930 877 908 905 917 908 890 921 888 867 874 899 915 944 944]
Requests/sec:  4912.083203125 KB
Transfer/sec:  12387.035416666668 KB

2023-12-05 01:39:19.980022995 +0800 CST m=+39860.823607178
Running 1m0s myx-test @ https://192.168.12.127:6443/api/v1/namespaces/myx-test/replicationcontrollers
60 connections
Requests/bytes (per Connection):  [4093085 4281662 4337003 4381499 4370402 4326030 4625487 4348216 4137455 4303840 4137315 4281642 4292755 4481320 4281576 4359241 4248313 4192900 4226199 4292735 4414772 4237286 4248221 4303848 4370390 4192838 4325882 4359161 4303800 4325886 4281658 4192920 4381495 4359273 4381499 4203919 4270433 4192916 4359189 4381469 4314941 4392592 4392428 4348216 4281542 4259324 4592230 4081940 4259474 4325986 4425735 4359189 4259418 4270569 4148546 4337123 4259424 4314937 4325956 4414772]
Response/bytes (per Connection):  [6228604 6515562 6599900 6667482 6650600 6583080 7038813 6616840 6296123 6549318 6296053 6515552 6532442 6819394 6515519 6633686 6464887 6380513 6431163 6532432 6718119 6448040 6464841 6549322 6650594 6380482 6583006 6633646 6549298 6583008 6515560 6380523 6667480 6633702 6667482 6397356 6498614 6380521 6633660 6667467 6566202 6684362 6684280 6616840 6515502 6481726 6988184 6211698 6481801 6583058 6734934 6633660 6481773 6498682 6313002 6599960 6481776 6566200 6583043 6718119]
Requests Number (per Connection):  [369 386 391 395 394 390 417 392 373 388 373 386 387 404 386 393 383 378 381 387 398 382 383 388 394 378 390 393 388 390 386 378 395 393 395 379 385 378 393 395 389 396 396 392 386 384 414 368 384 390 399 393 384 385 374 391 384 389 390 398]
Requests/sec:  4206.540885416666 KB
Transfer/sec:  10607.834602864583 KB

2023-12-05 01:41:00.490191553 +0800 CST m=+39961.333775741
Running 1m0s myx-test @ https://192.168.12.127:6443/api/v1/namespaces/myx-test/replicationcontrollers
90 connections
Requests/bytes (per Connection):  [2883968 2895137 2872875 2906154 2895061 2983803 2895131 3028173 2861866 2872935 3061500 2872875 2717575 2961629 2994956 2806369 3050359 3017084 2917247 3005989 2839596 2983813 3061454 2773040 2994922 2972710 2950524 2906186 2906210 2828503 3061452 3039268 2983823 2994898 2861782 3006025 2928412 2939495 2994896 2850691 2883966 2806411 2872879 2939431 2784133 2950526 2983803 2994894 3017080 3039266 2939455 2939437 2739759 3039266 3005989 2983865 2872885 2828507 2972714 3017086 2883968 2961617 2917245 3061496 2928338 2950524 2884048 2994896 3017082 2950524 2817410 2983803 2994894 3039268 2795310 2928338 2784137 3017138 2839596 2828503 2917319 3006049 2983803 2883970 2961617 2895131 3061452 2939485 2728674 2972710]
Response/bytes (per Connection):  [4388694 4405612 4371814 4422454 4405574 4540613 4405609 4608132 4354976 4371844 4658796 4371814 4135495 4506859 4557523 4270560 4641892 4591254 4439334 4574373 4321174 4540618 4658773 4219895 4557506 4523733 4489973 4422470 4422482 4304294 4658772 4625013 4540623 4557494 4354934 4574391 4456250 4473125 4557493 4338055 4388693 4270581 4371816 4473093 4236775 4489974 4540613 4557492 4591252 4625012 4473105 4473096 4169254 4625012 4574373 4540644 4371819 4304296 4523735 4591255 4388694 4506853 4439333 4658794 4456213 4489973 4388734 4557493 4591253 4489973 4287414 4540613 4557492 4625013 4253697 4456213 4236777 4591281 4321174 4304294 4439370 4574403 4540613 4388695 4506853 4405609 4658772 4473120 4152378 4523733]
Requests Number (per Connection):  [260 261 259 262 261 269 261 273 258 259 276 259 245 267 270 253 275 272 263 271 256 269 276 250 270 268 266 262 262 255 276 274 269 270 258 271 264 265 270 257 260 253 259 265 251 266 269 270 272 274 265 265 247 274 271 269 259 255 268 272 260 267 263 276 264 266 260 270 272 266 254 269 270 274 252 264 251 272 256 255 263 271 269 260 267 261 276 265 246 268]
Requests/sec:  4295.541715494792 KB
Transfer/sec:  10832.27685546875 KB

2023-12-05 01:42:41.090616683 +0800 CST m=+40061.934200854
Running 1m0s myx-test @ https://192.168.12.127:6443/api/v1/namespaces/myx-test/replicationcontrollers
150 connections
Requests/bytes (per Connection):  [1885728 1974412 1941241 1907962 1896853 1963295 1963313 1852463 1852385 1896755 2085334 1996632 1896711 2052095 2029863 1996704 1918895 2052061 1963395 2029983 1952174 2063102 2029981 1874683 1985453 1918979 1819060 1907962 1885774 1985453 1985575 1785941 1974360 1819060 1963277 1863562 2040918 1952174 2029901 2052011 1952270 2074321 1896709 1974360 2041014 1996590 1785841 1885668 1996666 1919053 1896835 1763615 1918895 1918909 1974518 1819196 1896829 1985451 1785927 1952214 1963379 2052149 1918975 1896869 1985453 1885628 1918897 1874623 1863568 2063104 1941239 1941081 1719281 1885616 1841362 1885616 1774846 1996546 1963273 1874525 1885776 1852339 1941113 1985473 1996648 2129764 1918897 1985589 2052155 1830307 1941083 1896709 1808127 1896711 1963267 1841404 1896709 2018860 1907802 1930032 1874587 2029861 1874669 2107534 1863446 1918897 1863432 1907802 1841392 1963293 1885616 2029825 1907898 1941081 1874641 1852349 2085446 2074195 1930146 1952174 1907928 1985453 2007637 1863432 1985453 1907882 1996576 1996588 1896741 1952270 1974458 1918985 1852497 1874525 1841246 1819180 1807967 1830255 1974404 1896867 1996704 1896835 1952174 1952258 1852495 1952176 1941201 1974426 1885720 1896721]
Response/bytes (per Connection):  [2869559 3004569 2953983 2903343 2886455 2987677 2987686 2818926 2818887 2886406 3173365 3038346 2886384 3122745 3088962 3038382 2920143 3122728 2987727 3089022 2970783 3139582 3089021 2852703 3021423 2920185 2768224 2903343 2869582 3021423 3021484 2717664 3004543 2768224 2987668 2835809 3105823 2970783 3088981 3122703 2970831 3156525 2886383 3004543 3105871 3038325 2717614 2869529 3038363 2920222 2886446 2683834 2920143 2920150 3004622 2768292 2886443 3021422 2717657 2970803 2987719 3122772 2920183 2886463 3021423 2869509 2920144 2852673 2835812 3139583 2953982 2953903 2616333 2869503 2802042 2869503 2700783 3038303 2987666 2852624 2869583 2818864 2953919 3021433 3038354 3240914 2920144 3021491 3122775 2785181 2953904 2886383 2751424 2886384 2987663 2802063 2886383 3072127 2903263 2937045 2852655 3088961 2852696 3207132 2835751 2920144 2835744 2903263 2802057 2987676 2869503 3088943 2903311 2953903 2852682 2818869 3173421 3156462 2937102 2970783 2903326 3021423 3055182 2835744 3021423 2903303 3038318 3038324 2886399 2970831 3004592 2920188 2818943 2852624 2801984 2768284 2751344 2785155 3004565 2886462 3038382 2886446 2970783 2970825 2818942 2970784 2953963 3004576 2869555 2886389]
Requests Number (per Connection):  [170 178 175 172 171 177 177 167 167 171 188 180 171 185 183 180 173 185 177 183 176 186 183 169 179 173 164 172 170 179 179 161 178 164 177 168 184 176 183 185 176 187 171 178 184 180 161 170 180 173 171 159 173 173 178 164 171 179 161 176 177 185 173 171 179 170 173 169 168 186 175 175 155 170 166 170 160 180 177 169 170 167 175 179 180 192 173 179 185 165 175 171 163 171 177 166 171 182 172 174 169 183 169 190 168 173 168 172 166 177 170 183 172 175 169 167 188 187 174 176 172 179 181 168 179 172 180 180 171 176 178 173 167 169 166 164 163 165 178 171 180 171 176 176 167 176 175 178 170 171]
Requests/sec:  4716.38173828125 KB
Transfer/sec:  11893.523681640625 KB

2023-12-05 01:44:21.85263322 +0800 CST m=+40162.696217417
Running 1m0s myx-test @ https://192.168.12.127:6443/api/v1/namespaces/myx-test/replicationcontrollers
300 connections
Requests/bytes (per Connection):  [1109278 1164741 1242392 1175704 1075917 1175836 1175840 1186927 1120341 1186847 1120371 1076003 1264570 1164747 1142545 1098049 1042720 1164741 1231299 1231163 1020496 1220096 1208973 1220200 1109278 1075999 1086984 1208987 1153654 1175840 1098047 1153650 1064906 1164633 1153582 1031541 1098081 1175698 1075873 1275669 1186781 1131456 1053689 1231141 1164741 1197878 1120261 1198020 1231299 1164711 1098167 1209095 1153492 1264444 1209113 1076003 1120331 1164599 1220162 1186823 1109140 1197938 1164637 1242392 1342069 1142425 1153544 1342095 1264578 1131464 1231235 1087082 1308950 1098185 1242392 1153578 1142557 1253391 1109156 1186825 1175678 1197864 1186927 1198020 1075999 1153498 1253441 1109256 1264578 1175836 1109172 1186927 1109190 1142541 1098189 1087092 1087092 1153568 1042686 1198020 1164623 1142555 1197974 1131464 1353164 1264420 1220206 1175808 1175812 1075999 1242392 1120213 1142561 1209087 1175836 1142557 1220118 1175834 1109278 1209113 1164733 1153588 1109172 1053705 1142527 1186769 1153648 1264558 1042722 1053771 1253471 1109282 1175742 1042722 1186847 1175824 1175786 1231185 1198020 1264420 1175834 1131464 1020534 1053711 1253485 1120371 1175834 1231189 1231141 1142485 1131464 1053685 1220164 1175836 1098141 1098185 1087096 1164649 1109120 1120369 1020486 1142557 1120371 1142557 1131468 1253485 1131332 1186933 1153648 1197960 987257 1286764 1131402 1198020 1164743 1053737 1186929 1142519 1231141 1208969 1164731 1198020 1186881 1220206 1164655 1120213 1009283 1186929 1142399 1186921 1087096 1220206 1153650 1164655 1209115 1297857 1208969 1120371 1209095 1186927 1064906 1186891 1220206 1064864 1286736 1264578 1131410 1098159 1087092 1042646 1164735 1197950 1153650 1364391 1153650 1297827 1109120 1209103 1209107 1120213 1286606 1120249 1231299 1164687 1175784 1042726 1198020 1242392 1186929 1175760 1142557 1275671 1120371 1197920 1009443 1064804 1197878 1186933 1231141 1164583 1175836 1286690 1131304 1197992 1120371 1253455 1042658 1120321 1186779 1131464 1031469 1131460 1109178 1186929 1120341 1087092 1186929 1120233 1087054 1164743 1164681 1053813 1131348 1098185 1264420 1064902 1142557 1164747 1164693 1120369 1186929 1186847 1175834 1131468 1120371 1142555 1098027 1164743 1264484 1120371 1131356 1175740 1153650 1253485 1142557 1198022 1164747 1186895 1264506 1109216 1031607 1109278 1198008 1164743 1209095 1209053 1209115 1031577 1242336 1286764]
Response/bytes (per Connection):  [1687989 1772388 1890548 1789203 1637308 1789269 1789271 1806148 1704854 1806108 1704869 1637351 1924304 1772391 1738623 1671041 1586709 1772388 1873668 1873600 1552930 1856733 1839838 1856785 1687989 1637349 1654175 1839845 1755511 1789271 1671040 1755509 1620469 1772334 1755475 1569786 1671057 1789200 1637286 1941187 1806075 1721745 1603527 1873589 1772388 1822957 1704814 1823028 1873668 1772373 1671100 1839899 1755430 1924241 1839908 1637351 1704849 1772317 1856766 1806096 1687920 1822987 1772336 1890548 2042388 1738563 1755456 2042401 1924308 1721749 1873636 1654224 1991828 1671109 1890548 1755473 1738629 1907381 1687928 1806097 1789190 1822950 1806148 1823028 1637349 1755433 1907406 1687978 1924308 1789269 1687936 1806148 1687945 1738621 1671111 1654229 1654229 1755468 1586692 1823028 1772329 1738628 1823005 1721749 2059269 1924229 1856788 1789255 1789257 1637349 1890548 1704790 1738631 1839895 1789269 1738629 1856744 1789268 1687989 1839908 1772384 1755478 1687936 1603535 1738614 1806069 1755508 1924298 1586710 1603568 1907421 1687991 1789222 1586710 1806108 1789263 1789244 1873611 1823028 1924229 1789268 1721749 1552949 1603538 1907428 1704869 1789268 1873613 1873589 1738593 1721749 1603525 1856767 1789269 1671087 1671109 1654231 1772342 1687910 1704868 1552925 1738629 1704869 1738629 1721751 1907428 1721683 1806151 1755508 1822998 1502310 1958068 1721718 1823028 1772389 1603551 1806149 1738610 1873589 1839836 1772383 1823028 1806125 1856788 1772345 1704790 1535990 1806149 1738550 1806145 1654231 1856788 1755509 1772345 1839909 1974948 1839836 1704869 1839899 1806148 1620469 1806130 1856788 1620448 1958054 1924308 1721722 1671096 1654229 1586672 1772385 1822993 1755509 2076216 1755509 1974933 1687910 1839903 1839905 1704790 1957989 1704808 1873668 1772361 1789243 1586712 1823028 1890548 1806149 1789231 1738629 1941188 1704869 1822978 1536070 1620418 1822957 1806151 1873589 1772309 1789269 1958031 1721669 1823014 1704869 1907413 1586678 1704844 1806074 1721749 1569750 1721747 1687939 1806149 1704854 1654229 1806149 1704800 1654210 1772389 1772358 1603589 1721691 1671109 1924229 1620467 1738629 1772391 1772364 1704868 1806149 1806108 1789268 1721751 1704869 1738628 1671030 1772389 1924261 1704869 1721695 1789221 1755509 1907428 1738629 1823029 1772391 1806132 1924272 1687958 1569819 1687989 1823022 1772389 1839899 1839878 1839909 1569804 1890520 1958068]
Requests Number (per Connection):  [100 105 112 106 97 106 106 107 101 107 101 97 114 105 103 99 94 105 111 111 92 110 109 110 100 97 98 109 104 106 99 104 96 105 104 93 99 106 97 115 107 102 95 111 105 108 101 108 111 105 99 109 104 114 109 97 101 105 110 107 100 108 105 112 121 103 104 121 114 102 111 98 118 99 112 104 103 113 100 107 106 108 107 108 97 104 113 100 114 106 100 107 100 103 99 98 98 104 94 108 105 103 108 102 122 114 110 106 106 97 112 101 103 109 106 103 110 106 100 109 105 104 100 95 103 107 104 114 94 95 113 100 106 94 107 106 106 111 108 114 106 102 92 95 113 101 106 111 111 103 102 95 110 106 99 99 98 105 100 101 92 103 101 103 102 113 102 107 104 108 89 116 102 108 105 95 107 103 111 109 105 108 107 110 105 101 91 107 103 107 98 110 104 105 109 117 109 101 109 107 96 107 110 96 116 114 102 99 98 94 105 108 104 123 104 117 100 109 109 101 116 101 111 105 106 94 108 112 107 106 103 115 101 108 91 96 108 107 111 105 106 116 102 108 101 113 94 101 107 102 93 102 100 107 101 98 107 101 98 105 105 95 102 99 114 96 103 105 105 101 107 107 106 102 101 103 99 105 114 101 102 106 104 113 103 108 105 107 114 100 93 100 108 105 109 109 109 93 112 116]
Requests/sec:  5671.463704427083 KB
Transfer/sec:  14301.963932291666 KB

