2023-12-05 14:49:36.112729308 +0800 CST m=+8926.620037168
Running 1m0s myx-test @ https://192.168.12.127:6443/apis/apps/v1/namespaces/myx-test/replicasets
3 connections
Requests/bytes (per Connection):  [34307978 36833012 33931584]
Response/bytes (per Connection):  [52156742 55995317 51584396]
Requests Number (per Connection):  [3098 3326 3064]
Requests/sec:  1710.1655924479167 KB
Transfer/sec:  4310.042789713541 KB

2023-12-05 14:51:16.603956956 +0800 CST m=+9027.111264833
Running 1m0s myx-test @ https://192.168.12.127:6443/apis/apps/v1/namespaces/myx-test/replicasets
6 connections
Requests/bytes (per Connection):  [31539530 32990229 30930327 31207186 31738804 33056707]
Response/bytes (per Connection):  [47947893 50153346 47021874 47442766 48250903 50254376]
Requests Number (per Connection):  [2848 2979 2793 2818 2866 2985]
Requests/sec:  3116.2562337239583 KB
Transfer/sec:  7853.742529296875 KB

2023-12-05 14:52:57.064916005 +0800 CST m=+9127.572223877
Running 1m0s myx-test @ https://192.168.12.127:6443/apis/apps/v1/namespaces/myx-test/replicasets
9 connections
Requests/bytes (per Connection):  [26611463 26234941 26866134 27608195 27032303 27641424 27851803 26910486 26533940]
Response/bytes (per Connection):  [40456027 39883617 40843228 41971258 41095790 42021768 42341629 40910598 40338176]
Requests Number (per Connection):  [2403 2369 2426 2493 2441 2496 2515 2430 2396]
Requests/sec:  3959.809391276042 KB
Transfer/sec:  9979.7001953125 KB

2023-12-05 14:54:37.500947413 +0800 CST m=+9228.008255291
Running 1m0s myx-test @ https://192.168.12.127:6443/apis/apps/v1/namespaces/myx-test/replicasets
15 connections
Requests/bytes (per Connection):  [15625867 15426399 15182827 15404249 15459624 15315651 15094311 15581445 14961331 15426399 15736495 15271509 15382257 15592680 15470705]
Response/bytes (per Connection):  [23755117 23452010 23081657 23418338 23502518 23283651 22947011 23687712 22744939 23452010 23923416 23216386 23384745 23704628 23519357]
Requests Number (per Connection):  [1411 1393 1371 1391 1396 1383 1363 1407 1351 1393 1421 1379 1389 1408 1397]
Requests/sec:  3758.6547688802084 KB
Transfer/sec:  9472.7416015625 KB

2023-12-05 14:56:18.0120212 +0800 CST m=+9328.519329060
Running 1m0s myx-test @ https://192.168.12.127:6443/apis/apps/v1/namespaces/myx-test/replicasets
30 connections
Requests/bytes (per Connection):  [7707644 7807413 7563767 7818452 7829543 7652365 7785251 7718813 7729780 7641288 7862786 7763039 7685548 7574770 7785125 7729888 7740963 7608065 7475151 7619144 7574690 7818486 7607981 7929160 7508242 7685532 7641154 7641132 7663372 7397648]
Response/bytes (per Connection):  [11717578 11869149 11498759 11885967 11902811 11633446 11835471 11734461 11751243 11616609 11953328 11801768 11683933 11515559 11835408 11751297 11768133 11566102 11364063 11582940 11515519 11885984 11566060 12054306 11414504 11683925 11616542 11616531 11650248 11246222]
Requests Number (per Connection):  [696 705 683 706 707 691 703 697 698 690 710 701 694 684 703 698 699 687 675 688 684 706 687 716 678 694 690 690 692 668]
Requests/sec:  3752.7049479166667 KB
Transfer/sec:  9457.74833984375 KB

2023-12-05 14:57:58.529578704 +0800 CST m=+9429.036886565
Running 1m0s myx-test @ https://192.168.12.127:6443/apis/apps/v1/namespaces/myx-test/replicasets
60 connections
Requests/bytes (per Connection):  [4263569 4507281 4330059 4363172 4429758 4529431 4252412 4451908 4507267 4540506 4451786 4451750 4551551 4429692 4396477 4330085 4462931 4562624 4241371 4484975 4518356 4319012 4507281 4241491 4429600 4341000 4307939 4617873 4374337 4473988 4540508 4496194 4429758 4307933 4352207 4462981 4462907 4573665 4407450 4341164 4485117 4330081 4252566 4396375 4307883 4407610 4396501 4418553 4440725 4529323 4529431 4673404 4374283 4474006 4595757 4640179 4540448 4329985 4551581 4363204]
Response/bytes (per Connection):  [6481707 6852130 6582743 6633195 6734279 6885802 6464830 6767951 6852123 6902638 6767890 6767872 6919459 6734246 6683743 6582756 6784761 6936294 6448011 6818380 6868966 6565921 6852130 6448071 6734200 6599512 6549086 7020411 6650076 6801588 6902639 6835288 6734279 6549083 6616414 6784786 6784749 6953113 6700528 6599594 6818451 6582754 6464907 6683692 6549058 6700608 6683755 6717378 6751061 6885748 6885802 7104669 6650049 6801597 6986756 7054161 6902609 6582706 6919474 6633211]
Requests Number (per Connection):  [385 407 391 394 400 409 384 402 407 410 402 402 411 400 397 391 403 412 383 405 408 390 407 383 400 392 389 417 395 404 410 406 400 389 393 403 403 413 398 392 405 391 384 397 389 398 397 399 401 409 409 422 395 404 415 419 410 391 411 394]
Requests/sec:  4330.749690755209 KB
Transfer/sec:  10914.566259765625 KB

2023-12-05 14:59:39.117044866 +0800 CST m=+9529.624352743
Running 1m0s myx-test @ https://192.168.12.127:6443/apis/apps/v1/namespaces/myx-test/replicasets
90 connections
Requests/bytes (per Connection):  [3012184 3156159 3156187 3167260 2912559 2801765 3111885 3045409 3277980 3034388 3034358 3067559 3111897 2978961 2956815 3100824 2868213 3100782 3211532 3134041 3244757 3012210 3111859 3056484 3023265 3156189 3023297 3034336 3067585 3178335 3122934 2978969 3001111 3167260 3134037 3034334 2846063 3078634 3078634 3100782 3023259 3122970 3122934 3023277 3122968 3100808 3045441 3200479 2990036 3178333 3045459 2834992 3056532 2945804 2945736 3167234 3034334 3089751 3067559 3012186 3134033 3233696 3012186 3078634 2990040 3089709 3100796 3122934 3067563 3056502 2901436 3045413 3145082 3189382 3067605 3023259 3122970 3089709 3222607 3045409 3100784 3300136 3089709 3056484 3089751 3045409 3034366 2934721 3178307 3189406]
Response/bytes (per Connection):  [4579284 4798152 4798166 4815001 4427785 4259403 4730821 4629792 4983346 4612983 4612968 4663464 4730827 4528777 4495107 4713992 4360418 4713971 4882331 4764496 4932839 4579297 4730808 4646628 4596123 4798167 4596139 4612957 4663477 4831837 4747644 4528781 4562449 4815001 4764494 4612956 4326746 4680300 4680300 4713971 4596120 4747662 4747644 4596129 4747661 4713984 4629808 4865506 4545613 4831836 4629817 4309912 4646652 4478303 4478269 4814988 4612956 4697157 4663464 4579285 4764492 4916010 4579285 4680300 4545615 4697136 4713978 4747644 4663466 4646637 4410925 4629794 4781315 4848659 4663487 4596120 4747662 4697136 4899167 4629792 4713972 5017021 4697136 4646628 4697157 4629792 4612972 4461463 4831823 4848671]
Requests Number (per Connection):  [272 285 285 286 263 253 281 275 296 274 274 277 281 269 267 280 259 280 290 283 293 272 281 276 273 285 273 274 277 287 282 269 271 286 283 274 257 278 278 280 273 282 282 273 282 280 275 289 270 287 275 256 276 266 266 286 274 279 277 272 283 292 272 278 270 279 280 282 277 276 262 275 284 288 277 273 282 279 291 275 280 298 279 276 279 275 274 265 287 288]
Requests/sec:  4501.627001953125 KB
Transfer/sec:  11345.21455078125 KB

2023-12-05 15:01:19.675854725 +0800 CST m=+9630.183162591
Running 1m0s myx-test @ https://192.168.12.127:6443/apis/apps/v1/namespaces/myx-test/replicasets
150 connections
Requests/bytes (per Connection):  [2181611 2137277 2026689 2115201 2259140 2203809 1882630 2115287 1960163 2115195 1971156 2192790 2126198 2192652 2159585 2037604 2181577 2148446 2170636 2081904 2170538 2048837 2081904 2026675 2314489 2148448 2170504 1904784 2270269 2104212 1904708 2159545 2059864 2170504 2070945 2214846 2048787 2093137 2081904 2226033 2148470 2192766 2104134 2048837 2015564 2081904 2126202 1993358 2214862 2115129 2048837 2170636 2181727 2070829 2015614 2214802 2048679 1971222 2081904 2037606 2115201 2081904 2093137 2059900 2126204 2259132 2059754 1982303 2015456 2059814 2037764 2004527 2104082 2203771 2004423 2092979 2148352 1926858 2115207 2026531 2148348 2059914 2148352 2181573 2170556 2070831 2070953 2314479 1993372 1949046 2070835 1937961 2059806 2159587 2148386 2148352 2048679 2237104 2037604 1926856 2126276 2082062 2037606 2148390 2170648 1971314 2203885 2115241 2048757 1882716 2037606 2159585 2015454 2115129 2093001 2093105 2070907 2170548 2192648 1982381 2082000 2015606 2148512 2115281 2026529 2126204 2115179 2192778 2026687 2159449 2048679 2059756 2203727 2004405 2181631 2093137 1926944 2070831 2303478 2059778 2126204 2148486 2059790 2137435 2137355 2104158 2148492 2380923 2236950 2026541]
Response/bytes (per Connection):  [3316610 3249249 3080970 3215614 3434464 3350306 2862060 3215657 2979916 3215611 2996711 3333498 3232411 3333429 3283000 3097726 3316593 3266132 3299824 3165070 3299775 3114641 3165070 3080963 3518631 3266133 3299758 2895734 3451327 3198821 2895696 3282980 3131453 3299758 3148292 3367123 3114616 3181985 3165070 3384015 3266144 3333486 3198782 3114641 3064109 3165070 3232413 3030409 3367131 3215578 3114641 3299824 3316668 3148234 3064134 3367101 3114562 2996744 3165070 3097727 3215614 3165070 3181985 3131471 3232414 3434460 3131398 3013583 3064055 3131428 3097806 3047292 3198756 3350287 3047240 3181906 3266085 2929368 3215617 3080891 3266083 3131478 3266085 3316591 3299784 3148235 3148296 3518626 3030416 2963059 3148237 2946218 3131424 3283001 3266102 3266085 3114562 3400849 3097726 2929367 3232450 3165149 3097727 3266104 3299830 2996790 3350344 3215634 3114601 2862103 3097727 3283000 3064054 3215578 3181917 3181969 3148273 3299780 3333427 3013622 3165118 3064130 3266165 3215654 3080890 3232414 3215603 3333492 3080969 3282932 3114562 3131399 3350265 3047231 3316620 3181985 2929411 3148235 3501827 3131410 3232414 3266152 3131416 3249328 3249288 3198794 3266155 3619639 3400772 3080896]
Requests Number (per Connection):  [197 193 183 191 204 199 170 191 177 191 178 198 192 198 195 184 197 194 196 188 196 185 188 183 209 194 196 172 205 190 172 195 186 196 187 200 185 189 188 201 194 198 190 185 182 188 192 180 200 191 185 196 197 187 182 200 185 178 188 184 191 188 189 186 192 204 186 179 182 186 184 181 190 199 181 189 194 174 191 183 194 186 194 197 196 187 187 209 180 176 187 175 186 195 194 194 185 202 184 174 192 188 184 194 196 178 199 191 185 170 184 195 182 191 189 189 187 196 198 179 188 182 194 191 183 192 191 198 183 195 185 186 199 181 197 189 174 187 208 186 192 194 186 193 193 190 194 215 202 183]
Requests/sec:  5126.91474609375 KB
Transfer/sec:  12921.077425130208 KB

2023-12-05 15:03:00.377254972 +0800 CST m=+9730.884562832
Running 1m0s myx-test @ https://192.168.12.127:6443/apis/apps/v1/namespaces/myx-test/replicasets
300 connections
Requests/bytes (per Connection):  [1306762 1295699 1218118 1185001 1273473 1240234 1195994 1351086 1063180 1184967 1218220 1229271 1184843 1051991 1251421 1173916 1151778 1085190 1140631 1185001 1196008 1085314 1273601 1140545 1262526 1074095 1251451 1207065 1229287 1173926 1173768 1218226 1240218 1195946 1129536 1118541 1118553 1284538 1240356 1162853 1240254 1295733 1118407 1251445 1129628 1262410 1273575 1229203 1162737 1173768 1195918 1096403 1229157 1074193 1317767 1229301 1251293 1328886 1229301 1041006 1162803 1284518 1262440 1317743 1251451 1151686 1273495 1018786 1018880 1229301 1173828 1140673 1273541 1184891 1207151 1317901 1328912 1273601 1339967 1195950 1118481 1229301 1195956 1218150 1262524 1229253 1229143 1184891 1173926 1295595 1251405 1262516 1029795 1251441 1306764 1196078 1218214 1162853 1240338 1173768 1218226 1339951 1328868 1207151 1284518 1185001 1196082 1063178 1306812 1129572 1262526 1185003 1262522 1284642 1107478 1240286 1317901 1251451 1185003 1140591 1085204 1140703 1251359 1262526 1173770 1162693 1173796 1196076 1162853 1229225 1196078 1284530 1240306 1295749 1173928 1339891 1118435 1262466 1229247 1384349 1384211 1162853 1151640 1184913 1184843 1218150 1262526 1218226 1207019 1251293 1218226 1173890 1207151 1351118 1162693 1118459 1118519 1207113 1162753 1184845 1085170 1295623 1251403 1185001 1351120 1162851 1273443 1273443 1085328 1151646 1251449 1129500 1195966 1240358 1196060 1273485 1173856 1229287 1284638 1317901 1207015 1129580 1295739 1151684 1206993 1207155 1040890 1129522 1240358 1029955 1207123 1129628 1229153 1151778 1207021 1041030 1240376 1218226 1240306 1317849 1240218 1328974 1350968 1184881 1140703 1262524 1207151 1229301 1173818 1328818 1173854 1218198 1328974 1085298 1140637 1118557 1085334 1196078 1196062 1328974 1195972 1096403 1085330 1118415 1262488 1218226 1229165 1173898 1284576 1284676 1162829 1195954 1185001 996704 1240308 1295751 1207151 1295715 1129626 1218126 1306794 1218114 1284676 1184929 1184843 1262510 1140703 1118471 1262526 1218196 1140651 1317899 1184905 1340049 1185001 1251451 1284596 1273479 1284640 1140653 1240280 1207151 1184949 1317743 1129626 1195952 1151744 1196072 1184997 1162857 1162791 1118419 1118423 1240242 1173796 1196076 1362041 1074135 1284674 1350984 1218162 1196060 1140627 1085206 1052109 1196062 1306682 1140681 1195984 1284654 1284676 1196026 1129486 1306792 1284516 1173928 1196076 1195998 1317827 1251439]
Response/bytes (per Connection):  [1986604 1969774 1851894 1801440 1936064 1885549 1818235 2053960 1616246 1801423 1851945 1868769 1801361 1599353 1902441 1784599 1750933 1649848 1734061 1801440 1818242 1649910 1936128 1734018 1919292 1633002 1902456 1835069 1868777 1784604 1784525 1851948 1885541 1818211 1717215 1700419 1700425 1952895 1885610 1767769 1885559 1969791 1700352 1902453 1717261 1919234 1936115 1868735 1767711 1784525 1818197 1666753 1868712 1633051 2003405 1868784 1902377 2020263 1868784 1582562 1767744 1952885 1919249 2003393 1902456 1750887 1936075 1548855 1548902 1868784 1784555 1734082 1936098 1801385 1835112 2003472 2020276 1936128 2037102 1818213 1700389 1868784 1818216 1851910 1919291 1868760 1868705 1801385 1784604 1969722 1902433 1919287 1565658 1902451 1986605 1818277 1851942 1767769 1885601 1784525 1851948 2037094 2020254 1835112 1952885 1801440 1818279 1616245 1986629 1717233 1919292 1801441 1919290 1952947 1683589 1885575 2003472 1902456 1801441 1734041 1649855 1734097 1902410 1919292 1784526 1767689 1784539 1818276 1767769 1868746 1818277 1952891 1885585 1969799 1784605 2037064 1700366 1919262 1868757 2104487 2104418 1767769 1750864 1801396 1801361 1851910 1919292 1851948 1835046 1902377 1851948 1784586 1835112 2053976 1767689 1700378 1700408 1835093 1767719 1801362 1649838 1969736 1902432 1801440 2053977 1767768 1936049 1936049 1649917 1750867 1902455 1717197 1818221 1885611 1818268 1936070 1784569 1868777 1952945 2003472 1835044 1717237 1969794 1750886 1835033 1835114 1582504 1717208 1885611 1565738 1835098 1717261 1868710 1750933 1835047 1582574 1885620 1851948 1885585 2003446 1885541 2020307 2053901 1801380 1734097 1919291 1835112 1868784 1784550 2020229 1784568 1851934 2020307 1649902 1734064 1700427 1649920 1818277 1818269 2020307 1818224 1666753 1649918 1700356 1919273 1851948 1868716 1784590 1952914 1952964 1767757 1818215 1801440 1515217 1885586 1969800 1835112 1969782 1717260 1851898 1986620 1851892 1952964 1801404 1801361 1919284 1734097 1700384 1919292 1851933 1734071 2003471 1801392 2037143 1801440 1902456 1952924 1936067 1952946 1734072 1885572 1835112 1801414 2003393 1717260 1818214 1750916 1818274 1801438 1767771 1767738 1700358 1700360 1885553 1784539 1818276 2070736 1633022 1952963 2053909 1851916 1818268 1734059 1649856 1599412 1818269 1986564 1734086 1818230 1952953 1952964 1818251 1717190 1986619 1952884 1784605 1818276 1818237 2003435 1902450]
Requests Number (per Connection):  [118 117 110 107 115 112 108 122 96 107 110 111 107 95 113 106 104 98 103 107 108 98 115 103 114 97 113 109 111 106 106 110 112 108 102 101 101 116 112 105 112 117 101 113 102 114 115 111 105 106 108 99 111 97 119 111 113 120 111 94 105 116 114 119 113 104 115 92 92 111 106 103 115 107 109 119 120 115 121 108 101 111 108 110 114 111 111 107 106 117 113 114 93 113 118 108 110 105 112 106 110 121 120 109 116 107 108 96 118 102 114 107 114 116 100 112 119 113 107 103 98 103 113 114 106 105 106 108 105 111 108 116 112 117 106 121 101 114 111 125 125 105 104 107 107 110 114 110 109 113 110 106 109 122 105 101 101 109 105 107 98 117 113 107 122 105 115 115 98 104 113 102 108 112 108 115 106 111 116 119 109 102 117 104 109 109 94 102 112 93 109 102 111 104 109 94 112 110 112 119 112 120 122 107 103 114 109 111 106 120 106 110 120 98 103 101 98 108 108 120 108 99 98 101 114 110 111 106 116 116 105 108 107 90 112 117 109 117 102 110 118 110 116 107 107 114 103 101 114 110 103 119 107 121 107 113 116 115 116 103 112 109 107 119 102 108 104 108 107 105 105 101 101 112 106 108 123 97 116 122 110 108 103 98 95 108 118 103 108 116 116 108 102 118 116 106 108 108 119 113]
Requests/sec:  5900.673583984375 KB
Transfer/sec:  14871.176302083333 KB

