2023-12-05 02:55:38.348199973 +0800 CST m=+44439.191784145
Running 1m0s myx-test @ https://192.168.12.127:6443/api/v1/namespaces/myx-test/resourcequotas
3 connections
Requests/bytes (per Connection):  [38278122 40734342 37625990]
Response/bytes (per Connection):  [55188492 58729825 54248296]
Requests Number (per Connection):  [3522 3748 3462]
Requests/sec:  1898.4123372395834 KB
Transfer/sec:  4635.499137369791 KB

2023-12-05 02:57:18.757287606 +0800 CST m=+44539.600871787
Running 1m0s myx-test @ https://192.168.12.127:6443/api/v1/namespaces/myx-test/resourcequotas
6 connections
Requests/bytes (per Connection):  [34387282 35930492 36202183 34582914 35887018 36028313]
Response/bytes (per Connection):  [49578763 51803809 52195542 49860818 51741130 51944839]
Requests Number (per Connection):  [3164 3306 3331 3182 3302 3315]
Requests/sec:  3467.0931315104167 KB
Transfer/sec:  8465.870817057292 KB

2023-12-05 02:58:59.164829083 +0800 CST m=+44640.008413266
Running 1m0s myx-test @ https://192.168.12.127:6443/api/v1/namespaces/myx-test/resourcequotas
9 connections
Requests/bytes (per Connection):  [30985447 30931006 30018182 31115909 31311415 31050615 29789943 29822548 31474580]
Response/bytes (per Connection):  [44674134 44595736 43279542 44862191 45144183 44768131 42950477 42997486 45379298]
Requests Number (per Connection):  [2851 2846 2762 2863 2881 2857 2741 2744 2896]
Requests/sec:  4500.319742838542 KB
Transfer/sec:  10988.782926432292 KB

2023-12-05 03:00:39.552872892 +0800 CST m=+44740.396457080
Running 1m0s myx-test @ https://192.168.12.127:6443/api/v1/namespaces/myx-test/resourcequotas
15 connections
Requests/bytes (per Connection):  [20780026 22519032 22192974 21877873 21867014 22388606 22464689 21856183 21160491 22323394 22529903 21312607 21856039 21171304 20932294]
Response/bytes (per Connection):  [29960289 32467472 31997378 31542998 31527333 32279433 32389123 31511682 30508764 32185414 32483143 30728119 31511610 30524406 30179720]
Requests Number (per Connection):  [1912 2072 2042 2013 2012 2060 2067 2011 1947 2054 2073 1961 2011 1948 1926]
Requests/sec:  5326.048649088541 KB
Transfer/sec:  13005.034391276042 KB

2023-12-05 03:02:19.957686021 +0800 CST m=+44840.801270208
Running 1m0s myx-test @ https://192.168.12.127:6443/api/v1/namespaces/myx-test/resourcequotas
30 connections
Requests/bytes (per Connection):  [12465897 12661515 12248515 12541994 12020254 12465877 12270239 12052861 11987735 12574567 12248499 12335445 12346446 11835579 12270237 12291975 12563780 12074599 12574569 12411644 12194276 12324624 12726723 12172446 11868090 12476742 12194176 12944101 12628904 12585514]
Response/bytes (per Connection):  [17973067 18255115 17659666 18082764 17330590 17973057 17690999 17377600 17283624 18129757 17659658 17785015 17800751 17064249 17690998 17722338 18114128 17408940 18129758 17894763 17581369 17769369 18349132 17549983 17111211 17988725 17581319 18662531 18208103 18145466]
Requests Number (per Connection):  [1147 1165 1127 1154 1106 1147 1129 1109 1103 1157 1127 1135 1136 1089 1129 1131 1156 1111 1157 1142 1122 1134 1171 1120 1092 1148 1122 1191 1162 1158]
Requests/sec:  6027.959358723959 KB
Transfer/sec:  14718.9431640625 KB

2023-12-05 03:04:00.429221752 +0800 CST m=+44941.272805931
Running 1m0s myx-test @ https://192.168.12.127:6443/api/v1/namespaces/myx-test/resourcequotas
60 connections
Requests/bytes (per Connection):  [4923323 5151650 5010321 5010203 5097287 4966723 4934116 4966829 5184099 5010285 4955896 5021068 5021104 5086280 5064542 5281918 5119043 5227733 5129822 4977592 5053687 5184257 5021192 5042804 5097285 5173230 5184257 4944985 5194968 4988521 5129868 4956012 5042854 5184099 5075411 5129770 4901609 5031935 5227573 5108158 5118887 5194978 4977746 5162521 4966813 4934274 5173344 5238488 5097307 5249409 5108018 4901593 5086332 5260180 4673422 5010277 4814565 4999486 4988619 4999424]
Response/bytes (per Connection):  [7098343 7427452 7223726 7223667 7349093 7160985 7113975 7161038 7474383 7223708 7145336 7239335 7239353 7333354 7302014 7615412 7380442 7537142 7396067 7176655 7286351 7474462 7239397 7270674 7349092 7458713 7474462 7129645 7490053 7192355 7396090 7145394 7270699 7474383 7317684 7396041 7067015 7255004 7537062 7364764 7380364 7490058 7176732 7443123 7161030 7114054 7458770 7552755 7349103 7568451 7364694 7067007 7333380 7584072 6737976 7223704 6941609 7208073 7192404 7208042]
Requests Number (per Connection):  [453 474 461 461 469 457 454 457 477 461 456 462 462 468 466 486 471 481 472 458 465 477 462 464 469 476 477 455 478 459 472 456 464 477 467 472 451 463 481 470 471 478 458 475 457 454 476 482 469 483 470 451 468 484 430 461 443 460 459 460]
Requests/sec:  4944.140494791666 KB
Transfer/sec:  12072.496956380208 KB

2023-12-05 03:05:40.882225885 +0800 CST m=+45041.725810065
Running 1m0s myx-test @ https://192.168.12.127:6443/api/v1/namespaces/myx-test/resourcequotas
90 connections
Requests/bytes (per Connection):  [3097479 2934416 3140923 3195268 3314825 3021366 3162659 3325680 2988759 3217012 3206137 3249611 2977892 3173530 3195266 3130054 3151812 2988759 3173530 3173530 3075709 3162661 3097449 3086612 3238742 3217004 3097477 3249611 2999628 3130072 3097447 2988763 3064862 3173546 3173530 3130054 3271347 3108316 3075713 3217012 3303954 3054011 3130054 2999676 3043144 3206135 3086580 3108316 3097451 3108316 3151792 3162677 3151812 3249613 2988761 3010497 2988767 3021366 3075709 2967023 3086578 3249611 3140945 3173528 3260480 3206135 3227873 3130054 3227875 3217014 3097447 3151792 3075711 3249611 3227881 3206135 3140945 3140945 3097453 3097447 2923547 3140923 3064840 3119185 3010499 2901809 3195266 3043104 3173546 3140923]
Response/bytes (per Connection):  [4465857 4230793 4528521 4606871 4779240 4356152 4559860 4794903 4309142 4638214 4622541 4685220 4293473 4575531 4606870 4512851 4544201 4309142 4575531 4575531 4434501 4559861 4465842 4450188 4669550 4638210 4465856 4685220 4324812 4512860 4465841 4309144 4418842 4575539 4575531 4512851 4716559 4481511 4434503 4638214 4763569 4403181 4512851 4324836 4387512 4622540 4450172 4481511 4465843 4481511 4544191 4559869 4544201 4685221 4309143 4340482 4309146 4356152 4434501 4277803 4450171 4685220 4528532 4575530 4700890 4622540 4653880 4512851 4653881 4638215 4465841 4544191 4434502 4685220 4653884 4622540 4528532 4528532 4465844 4465841 4215123 4528521 4418831 4497181 4340483 4183783 4606870 4387492 4575539 4528521]
Requests Number (per Connection):  [285 270 289 294 305 278 291 306 275 296 295 299 274 292 294 288 290 275 292 292 283 291 285 284 298 296 285 299 276 288 285 275 282 292 292 288 301 286 283 296 304 281 288 276 280 295 284 286 285 286 290 291 290 299 275 277 275 278 283 273 284 299 289 292 300 295 297 288 297 296 285 290 283 299 297 295 289 289 285 285 269 289 282 287 277 267 294 280 292 289]
Requests/sec:  4581.686507161458 KB
Transfer/sec:  11187.466048177082 KB

2023-12-05 03:07:21.458006953 +0800 CST m=+45142.301591135
Running 1m0s myx-test @ https://192.168.12.127:6443/api/v1/namespaces/myx-test/resourcequotas
150 connections
Requests/bytes (per Connection):  [2162835 2151942 1967191 2021486 2108384 2108390 2021438 2097617 1977978 2140997 1956312 2108390 2021446 2054145 1988867 2151938 1967095 2043270 2119395 1945421 2184471 1880143 2140995 1934554 2021438 2010569 1999716 2173598 2054045 1912842 2010571 2151864 2043334 1934526 2021480 2032313 2086810 2064996 1999850 2140995 1977980 2162891 2021596 2097677 2173680 2108390 2162805 2097535 1967095 2054045 2054071 1967213 1967179 2086656 1988989 1934488 2108548 2130184 1956266 1988833 2075783 2140997 1999732 2043176 2075783 2054045 2086652 1988833 2097679 1956380 2173598 2173598 2064914 2195340 2151870 2021454 2021454 1988991 2097521 1988843 1923619 2021492 2184565 2075795 1967107 2141005 2064972 1967189 1988891 2043176 2010569 1977990 1923777 2064914 1988991 1934546 2206205 2032465 1923667 2097521 2064924 2173602 2021438 1923619 2054045 2043188 2054045 2043176 2086664 1988831 1967103 2021492 1923619 2043184 2119259 2032311 1977964 2173602 1988831 2075829 2130286 2043178 2021576 1967095 2010569 1967253 1901941 2086810 2054045 2065014 2086762 2065072 2021440 2064950 2075783 2075807 1891012 2173652 1912878 2130246 2086808 2151952 2151988 2162823 2043176 1988931 1923619 2130126 1967159 1967203]
Response/bytes (per Connection):  [3118282 3102600 2836221 2914546 3039879 3039882 2914522 3024260 2851850 3086892 2820546 3039882 2914526 2961582 2867530 3102598 2836173 2945909 3055620 2804865 3149571 2710813 3086891 2789196 2914522 2898852 2883190 3133899 2961532 2757869 2898853 3102561 2945941 2789182 2914543 2930195 3008621 2977243 2883257 3086891 2851851 3118310 2914601 3024290 3133940 3039882 3118267 3024219 2836173 2961532 2961545 2836232 2836215 3008544 2867591 2789163 3039961 3071250 2820523 2867513 2992872 3086892 2883198 2945862 2992872 2961532 3008542 2867513 3024291 2820580 3133899 3133899 2977202 3165241 3102564 2914530 2914530 2867592 3024212 2867518 2773493 2914549 3149618 2992878 2836179 3086896 2977231 2836220 2867542 2945862 2898852 2851856 2773572 2977202 2867592 2789192 3180909 2930271 2773517 3024212 2977207 3133901 2914522 2773493 2961532 2945868 2961532 2945862 3008548 2867512 2836177 2914549 2773493 2945866 3055552 2930194 2851843 3133901 2867512 2992895 3071301 2945863 2914591 2836173 2898852 2836252 2742183 3008621 2961532 2977252 3008597 2977281 2914523 2977220 2992872 2992884 2726483 3133926 2757887 3071281 3008620 3102605 3102623 3118276 2945862 2867562 2773493 3071221 2836205 2836227]
Requests Number (per Connection):  [199 198 181 186 194 194 186 193 182 197 180 194 186 189 183 198 181 188 195 179 201 173 197 178 186 185 184 200 189 176 185 198 188 178 186 187 192 190 184 197 182 199 186 193 200 194 199 193 181 189 189 181 181 192 183 178 194 196 180 183 191 197 184 188 191 189 192 183 193 180 200 200 190 202 198 186 186 183 193 183 177 186 201 191 181 197 190 181 183 188 185 182 177 190 183 178 203 187 177 193 190 200 186 177 189 188 189 188 192 183 181 186 177 188 195 187 182 200 183 191 196 188 186 181 185 181 175 192 189 190 192 190 186 190 191 191 174 200 176 196 192 198 198 199 188 183 177 196 181 181]
Requests/sec:  4995.943147786458 KB
Transfer/sec:  12199.012809244792 KB

2023-12-05 03:09:02.447090856 +0800 CST m=+45243.290675038
Running 1m0s myx-test @ https://192.168.12.127:6443/api/v1/namespaces/myx-test/resourcequotas
300 connections
Requests/bytes (per Connection):  [1195424 1119483 1173828 1249813 1162899 1195530 1184541 1228173 1271647 1086878 1141107 1206435 1130336 1184693 1325858 1249861 1271637 1271489 1260690 1119403 1075915 1217154 1097707 1249779 1217302 1141063 1249911 1195566 1260692 1271489 1206435 1152068 1119479 1347572 1217304 1271647 1173670 1314965 1271649 1238990 1315115 1152092 1304096 1249909 1271615 1184697 1141223 1206393 1075857 1315123 1162959 1271637 1217146 1282406 1217304 1130196 1358577 1239042 1260778 1271601 1141223 1271507 1325834 1010797 1260622 1141101 1043320 1195434 1141131 1010687 1239042 1151946 1141201 1325992 1228173 1217206 1173828 1184665 1054157 1119357 1260778 1097723 1173732 1260622 1173672 1043402 1173782 1206393 1173820 1282516 1238982 1315085 1032433 1130196 1217256 1184697 1239042 1238964 1293369 1249779 1217304 1076009 1075873 1162959 1184661 1141221 1173672 1195410 1141063 1239042 1162959 1141149 1108604 1130266 1195566 1282490 1282434 1228173 999862 1173786 1238938 1206399 1293227 1239042 1173828 1293319 1282478 1141095 1108616 1249753 1228141 1249909 1075953 1152092 1271647 1108614 1271493 1141097 1315117 1152050 1130352 1065034 1152096 1228171 1293229 1282466 1141181 1271615 1108538 1151932 1380205 1173700 1152090 1217302 1195568 1195506 1217304 1206435 1097631 1293385 1152080 1293319 1282360 1184697 1304190 1152092 1315123 1217252 1184597 1173670 1282482 1239026 1065056 1130298 1173798 1249769 1293385 1173736 1173818 1260778 1119347 1217304 1162803 1141223 1304234 1249767 1217304 1152092 1271623 1228039 1152092 1195498 1271649 1108616 1282518 1173762 1173828 1249799 1325838 1217206 1043310 1162945 1141125 1217242 1249829 1206325 1141223 1325992 1152084 1097675 1130354 1238884 1217270 1195558 1228173 1184693 1206277 1173672 1249817 1130248 1195566 1239042 1130332 1228173 1151932 1228103 1206407 1336841 1119441 1217304 1239018 1141221 1271647 1065024 1076009 1162933 1304254 1130318 1260780 1238996 1119427 1239042 1206435 1271597 1162961 1217304 1162801 1097751 1369458 1206325 1271647 1141223 1217304 1271491 1184539 1195482 1108478 1217230 1141189 1206435 1325992 1271541 1228069 1217304 1184659 1282376 1173828 1162845 1249909 1043402 1228105 1108458 1228173 1184565 1151932 1184697 1108502 1282374 1119327 1076009 1228037 1152090 1282492 1369308 1173828 1391206 1152058 1097747 1173752 1206329 1228173 1195566 1195522 1238924 1228149 1086736 1162857 1282518 1249901 1141227]
Response/bytes (per Connection):  [1723617 1613998 1692348 1801989 1676648 1723670 1707940 1770698 1833377 1566989 1645281 1739358 1629660 1708016 1911660 1802013 1833372 1833298 1817663 1613958 1551272 1754953 1582639 1801972 1755027 1645259 1802038 1723688 1817664 1833298 1739358 1660997 1613996 1942988 1755028 1833377 1692269 1895978 1833378 1786342 1896053 1661009 1880308 1802037 1833361 1708018 1645339 1739337 1551243 1896057 1676678 1833372 1754949 1848992 1755028 1629590 1958726 1786368 1817707 1833354 1645339 1833307 1911648 1457300 1817629 1645278 1504268 1723622 1645293 1457245 1786368 1660936 1645328 1911727 1770698 1754979 1692348 1708002 1519922 1613935 1817707 1582647 1692300 1817629 1692270 1504309 1692325 1739337 1692344 1849047 1786338 1896038 1488589 1629590 1755004 1708018 1786368 1786329 1864709 1801972 1755028 1551319 1551251 1676678 1708000 1645338 1692270 1723610 1645259 1786368 1676678 1645302 1598323 1629625 1723688 1849034 1849006 1770698 1441597 1692327 1786316 1739340 1864638 1786368 1692348 1864684 1849028 1645275 1598329 1801959 1770682 1802037 1551291 1661009 1833377 1598328 1833300 1645276 1896054 1660988 1629668 1535596 1661011 1770697 1864639 1849022 1645318 1833361 1598290 1660929 1990011 1692284 1661008 1755027 1723689 1723658 1755028 1739358 1582601 1864717 1661003 1864684 1848969 1708018 1880355 1661009 1896057 1755002 1707968 1692269 1849030 1786360 1535607 1629641 1692333 1801967 1864717 1692302 1692343 1817707 1613930 1755028 1676600 1645339 1880377 1801966 1755028 1661009 1833365 1770631 1661009 1723654 1833378 1598329 1849048 1692315 1692348 1801982 1911650 1754979 1504263 1676671 1645290 1754997 1801997 1739303 1645339 1911727 1661005 1582623 1629669 1786289 1755011 1723684 1770698 1708016 1739279 1692270 1801991 1629616 1723688 1786368 1629658 1770698 1660929 1770663 1739344 1927387 1613977 1755028 1786356 1645338 1833377 1535591 1551319 1676665 1880387 1629651 1817708 1786345 1613970 1786368 1739358 1833352 1676679 1755028 1676599 1582661 1974402 1739303 1833377 1645339 1755028 1833299 1707939 1723646 1598260 1754991 1645322 1739358 1911727 1833324 1770646 1755028 1707999 1848977 1692348 1676621 1802037 1504309 1770664 1598250 1770698 1707952 1660929 1708018 1598272 1848976 1613920 1551319 1770630 1661008 1849035 1974327 1692348 2005747 1660992 1582659 1692310 1739305 1770698 1723688 1723666 1786309 1770686 1566918 1676627 1849048 1802033 1645341]
Requests Number (per Connection):  [110 103 108 115 107 110 109 113 117 100 105 111 104 109 122 115 117 117 116 103 99 112 101 115 112 105 115 110 116 117 111 106 103 124 112 117 108 121 117 114 121 106 120 115 117 109 105 111 99 121 107 117 112 118 112 104 125 114 116 117 105 117 122 93 116 105 96 110 105 93 114 106 105 122 113 112 108 109 97 103 116 101 108 116 108 96 108 111 108 118 114 121 95 104 112 109 114 114 119 115 112 99 99 107 109 105 108 110 105 114 107 105 102 104 110 118 118 113 92 108 114 111 119 114 108 119 118 105 102 115 113 115 99 106 117 102 117 105 121 106 104 98 106 113 119 118 105 117 102 106 127 108 106 112 110 110 112 111 101 119 106 119 118 109 120 106 121 112 109 108 118 114 98 104 108 115 119 108 108 116 103 112 107 105 120 115 112 106 117 113 106 110 117 102 118 108 108 115 122 112 96 107 105 112 115 111 105 122 106 101 104 114 112 110 113 109 111 108 115 104 110 114 104 113 106 113 111 123 103 112 114 105 117 98 99 107 120 104 116 114 103 114 111 117 107 112 107 101 126 111 117 105 112 117 109 110 102 112 105 111 122 117 113 112 109 118 108 107 115 96 113 102 113 109 106 109 102 118 103 99 113 106 118 126 108 128 106 101 108 111 113 110 110 114 113 100 107 118 115 105]
Requests/sec:  5859.034440104167 KB
Transfer/sec:  14306.459065755209 KB

