2023-12-05 04:20:01.928702201 +0800 CST m=+49502.772286368
Running 1m0s myx-test @ https://192.168.12.127:6443/api/v1/namespaces/myx-test/secrets
3 connections
Requests/bytes (per Connection):  [38123740 37503145 41106616]
Response/bytes (per Connection):  [55067683 54171340 59376252]
Requests Number (per Connection):  [3502 3445 3776]
Requests/sec:  1899.959326171875 KB
Transfer/sec:  4644.348567708334 KB

2023-12-05 04:21:42.338237161 +0800 CST m=+49603.181821328
Running 1m0s myx-test @ https://192.168.12.127:6443/api/v1/namespaces/myx-test/secrets
6 connections
Requests/bytes (per Connection):  [35293244 34552980 36240339 34378804 35217049 36098870]
Response/bytes (per Connection):  [50979245 49909971 52347283 49658379 50869177 52142889]
Requests Number (per Connection):  [3242 3174 3329 3158 3235 3316]
Requests/sec:  3446.96103515625 KB
Transfer/sec:  8425.915201822916 KB

2023-12-05 04:23:22.758351964 +0800 CST m=+49703.601936152
Running 1m0s myx-test @ https://192.168.12.127:6443/api/v1/namespaces/myx-test/secrets
9 connections
Requests/bytes (per Connection):  [30568622 30797315 29654204 31025780 29392920 30623023 31080321 30786270 29164295]
Response/bytes (per Connection):  [44154763 44485021 42833908 44815165 42456510 44233371 44893843 44469217 42126286]
Requests Number (per Connection):  [2808 2829 2724 2850 2700 2813 2855 2828 2679]
Requests/sec:  4444.868977864583 KB
Transfer/sec:  10865.24794921875 KB

2023-12-05 04:25:03.194211666 +0800 CST m=+49804.037795833
Running 1m0s myx-test @ https://192.168.12.127:6443/api/v1/namespaces/myx-test/secrets
15 connections
Requests/bytes (per Connection):  [22915595 22295074 21576676 21533122 21587407 22305933 21271778 22567215 22403918 21228262 22393027 22295102 22425706 22730522 22599928]
Response/bytes (per Connection):  [33100355 32204049 31166271 31103368 31181918 32219760 30725940 32597157 32361286 30663056 32345559 32204063 32392743 32833033 32644358]
Requests Number (per Connection):  [2105 2048 1982 1978 1983 2049 1954 2073 2058 1950 2057 2048 2060 2088 2076]
Requests/sec:  5405.749755859375 KB
Transfer/sec:  13214.065445963543 KB

2023-12-05 04:26:43.586891348 +0800 CST m=+49904.430475517
Running 1m0s myx-test @ https://192.168.12.127:6443/api/v1/namespaces/myx-test/secrets
30 connections
Requests/bytes (per Connection):  [12149030 11855117 12051187 12453912 12279686 12192580 11822428 12345086 12181787 12377649 12399547 12170804 12442971 12279816 12138145 12214348 12225385 12192574 12312331 11833313 12344990 12312417 11996632 12638935 12279668 12671594 12018412 12355877 12421201 12366892]
Response/bytes (per Connection):  [17548669 17124112 17407214 17988992 17737375 17611570 17076923 17831764 17595892 17878890 17910402 17580119 17973240 17737440 17532945 17643017 17658817 17611567 17784542 17092647 17831716 17784585 17328529 18256289 17737366 18303463 17359982 17847441 17941792 17863230]
Requests Number (per Connection):  [1116 1089 1107 1144 1128 1120 1086 1134 1119 1137 1139 1118 1143 1128 1115 1122 1123 1120 1131 1087 1134 1131 1102 1161 1128 1164 1104 1135 1141 1136]
Requests/sec:  5978.58583984375 KB
Transfer/sec:  14614.336653645832 KB

2023-12-05 04:28:24.040450064 +0800 CST m=+50004.884034263
Running 1m0s myx-test @ https://192.168.12.127:6443/api/v1/namespaces/myx-test/secrets
60 connections
Requests/bytes (per Connection):  [6509990 6455553 6542647 6270476 6390259 6357604 6466438 6150775 6531760 6520873 6444666 6531760 6520875 6575306 6183382 6488212 6237815 6139892 6270524 6216043 6705948 6303137 6412005 6477339 6335796 6020093 6401118 6379344 6477335 6270524 6401118 6259589 6869247 6357576 6335834 6128947 6433779 6673289 6183382 6139834 6009192 6401136 6205214 6705950 6183382 5856776 6401118 6509986 6281363 6422892 6542645 6172499 6226934 6477327 6422892 6226984 6216047 6248750 6259589 6172495]
Response/bytes (per Connection):  [9403332 9324706 9450505 9057382 9230370 9183198 9340430 8884435 9434780 9419055 9308981 9434780 9419056 9497679 8931583 9371880 9010207 8868712 9057406 8978758 9686378 9104557 9261806 9356162 9151731 8695716 9246081 9214631 9356160 9057406 9246081 9041657 9922250 9183184 9151750 8852958 9293256 9639204 8931583 8868683 8679984 9246090 8963062 9686379 8931583 8459835 9246081 9403330 9073107 9277531 9450504 8915860 8994485 9356156 9277531 8994510 8978760 9025956 9041657 8915858]
Requests Number (per Connection):  [598 593 601 576 587 584 594 565 600 599 592 600 599 604 568 596 573 564 576 571 616 579 589 595 582 553 588 586 595 576 588 575 631 584 582 563 591 613 568 564 552 588 570 616 568 538 588 598 577 590 601 567 572 595 590 572 571 574 575 567]
Requests/sec:  6206.270426432292 KB
Transfer/sec:  15170.898160807292 KB

2023-12-05 04:30:04.540945469 +0800 CST m=+50105.384529657
Running 1m0s myx-test @ https://192.168.12.127:6443/api/v1/namespaces/myx-test/secrets
90 connections
Requests/bytes (per Connection):  [3298533 3178786 3309426 3244106 3396522 3178786 3157012 3200558 3320315 3352964 3167917 3124353 3124351 3069918 3167917 3157012 3254993 3091722 3200572 3233225 3026392 3124367 3157012 3200572 3320313 3244106 3276767 3265880 3102577 3352976 3200558 3124361 3211447 3189673 3189671 3244106 3157012 3309428 3287654 3352976 3124359 3059029 3320313 3233221 3102577 3135238 3015529 3124351 3102579 3276765 3396522 3233221 3146125 3157012 2961070 3167897 3124351 3069920 3178786 3059031 3254993 3189673 3211451 3189673 3309418 3222336 3146125 3135238 3244106 3254993 3146125 3069932 3363843 3178786 3135262 3222334 2982850 3287654 3124379 3265880 3298541 3222334 3091690 3265880 3059065 3254995 3178802 3167897 3265880 3189685]
Response/bytes (per Connection):  [4764561 4591591 4780289 4685940 4906089 4591591 4560141 4623040 4796015 4843184 4575875 4512967 4512966 4434342 4575875 4560141 4701665 4465807 4623047 4670218 4371453 4512974 4560141 4623047 4796014 4685940 4733115 4717390 4481516 4843190 4623040 4512971 4638766 4607316 4607315 4685940 4560141 4780290 4748840 4843190 4512970 4418616 4796014 4670216 4481516 4528691 4355740 4512966 4481517 4733114 4906089 4670216 4544416 4560141 4277103 4575865 4512966 4434343 4591591 4418617 4701665 4607316 4638768 4607316 4780285 4654492 4544416 4528691 4685940 4701665 4544416 4434349 4858905 4591591 4528703 4654491 4308556 4748840 4512980 4717390 4764565 4654491 4465791 4717390 4418634 4701666 4591599 4575865 4717390 4607322]
Requests Number (per Connection):  [303 292 304 298 312 292 290 294 305 308 291 287 287 282 291 290 299 284 294 297 278 287 290 294 305 298 301 300 285 308 294 287 295 293 293 298 290 304 302 308 287 281 305 297 285 288 277 287 285 301 312 297 289 290 272 291 287 282 292 281 299 293 295 293 304 296 289 288 298 299 289 282 309 292 288 296 274 302 287 300 303 296 284 300 281 299 292 291 300 293]
Requests/sec:  4679.110546875 KB
Transfer/sec:  11437.836588541666 KB

2023-12-05 04:31:45.084112796 +0800 CST m=+50205.927697003
Running 1m0s myx-test @ https://192.168.12.127:6443/api/v1/namespaces/myx-test/secrets
150 connections
Requests/bytes (per Connection):  [2046710 1948737 2046560 1981238 1948653 2144689 1992241 2035797 2100993 2057585 1981244 2133654 1970509 2155566 1992127 2035761 2090108 1948599 2068398 2133654 2003156 2122815 2068340 2155560 2024920 2068334 1850598 2003014 2035807 2003116 1981398 2079215 1992283 2014019 2024788 2057595 2144541 2144699 2101135 2286104 2111882 2068388 2057489 1981398 1959466 1992269 1937692 2035673 2090108 2057447 2101029 2068402 2079221 2177344 2024902 2079377 2024786 2079315 1959466 1992231 1992285 2046588 2035673 1915918 1970455 1970351 1959566 1948579 2035673 1992125 1970511 2122769 2112038 1992283 2003014 1905121 2057513 1992125 1992169 2013901 2155428 2046560 2188089 1992195 2090172 2101051 1861485 1926805 1992277 2079343 2220784 1992127 2013901 2090102 2068480 2122841 2035775 1959466 2144675 2035679 2035673 2111984 1872432 2111920 1959464 2057507 1992219 1970491 2057605 2177202 2090108 2057567 2144601 2057583 2188197 2024946 2112002 1992215 1959588 1948579 2057447 2046650 2133656 2133676 1937692 2122925 2144543 2035673 2101069 2100995 2177202 2003070 2177360 2111968 1992227 1905031 2003046 1915918 2057451 2046562 2003098 2057477 2090108 2090138 1981372 1981238 2013927 1926805 1926909 2046560]
Response/bytes (per Connection):  [2956277 2814757 2956202 2861852 2814715 3097800 2877635 2940539 3034826 2971996 2861855 3082001 2846206 3113520 2877578 2940521 3019102 2814688 2987684 3082001 2893374 3066300 2987655 3113517 2924819 2987652 2673154 2893303 2940544 2893354 2861932 3003374 2877656 2909087 2924753 2972001 3097726 3097805 3034897 3302167 3050552 2987679 2971948 2861932 2830403 2877649 2798953 2940477 3019102 2971927 3034844 2987686 3003377 3144972 2924810 3003455 2924752 3003424 2830403 2877630 2877657 2956216 2940477 2767503 2846179 2846127 2830453 2814678 2940477 2877577 2846207 3066277 3050630 2877656 2893303 2751823 2971960 2877577 2877599 2909028 3113451 2956202 3160626 2877612 3019134 3034855 2688879 2783228 2877653 3003438 3207818 2877578 2909028 3019099 2987725 3066313 2940528 2830403 3097793 2940480 2940477 3050603 2704634 3050571 2830402 2971957 2877624 2846197 2972006 3144901 3019102 2971987 3097756 2971995 3160680 2924832 3050612 2877622 2830464 2814678 2971927 2956247 3082002 3082012 2798953 3066355 3097727 2940477 3034864 3034827 3144901 2893331 3144980 3050595 2877628 2751778 2893319 2767503 2971929 2956203 2893345 2971942 3019102 3019117 2861919 2861852 2909041 2783228 2783280 2956202]
Requests Number (per Connection):  [188 179 188 182 179 197 183 187 193 189 182 196 181 198 183 187 192 179 190 196 184 195 190 198 186 190 170 184 187 184 182 191 183 185 186 189 197 197 193 210 194 190 189 182 180 183 178 187 192 189 193 190 191 200 186 191 186 191 180 183 183 188 187 176 181 181 180 179 187 183 181 195 194 183 184 175 189 183 183 185 198 188 201 183 192 193 171 177 183 191 204 183 185 192 190 195 187 180 197 187 187 194 172 194 180 189 183 181 189 200 192 189 197 189 201 186 194 183 180 179 189 188 196 196 178 195 197 187 193 193 200 184 200 194 183 175 184 176 189 188 184 189 192 192 182 182 185 177 177 188]
Requests/sec:  4984.402880859375 KB
Transfer/sec:  12184.10556640625 KB

2023-12-05 04:33:25.697647154 +0800 CST m=+50306.541231338
Running 1m0s myx-test @ https://192.168.12.127:6443/api/v1/namespaces/myx-test/secrets
300 connections
Requests/bytes (per Connection):  [1349962 1273753 1241092 1197388 1251943 1164797 1241022 1077791 1164885 1088682 1121339 1055901 1219292 1132158 1273753 1306414 1121339 1034085 1197488 1382621 1262846 1186659 1273615 1132156 1066904 1132122 1175772 1110404 1099475 1153998 1121289 1306414 1273661 1230207 1317163 1208433 1088642 1208301 1284624 1208433 1241092 1121185 1132100 1121337 1099451 1186573 1208277 1186599 1132186 1175662 1219320 1230091 1219162 1143113 1284642 1284606 1208357 1154000 1262732 1066764 1164887 1197546 1219320 1154000 1153860 1154000 1175742 1273597 1153882 1219320 1164887 1197504 1197484 1219320 1230205 1284624 1153840 1099407 1219162 1077791 1143083 1045130 1240946 1153998 1230069 1262798 1219320 1284504 1132112 1110434 1219236 1208323 1143089 1186525 1208291 1099569 1230049 1415282 1088678 1175772 1208301 1175656 1153942 1262792 1088682 1132190 1175698 1219162 1099485 1197514 1219224 1186609 1197388 1175746 1099499 1164809 1153840 1186659 1230159 1197414 1099411 1099565 1142997 1066756 1012441 1132188 1251981 1099407 1142955 1208275 1110312 1077795 1077783 1230107 1251981 1077669 1251947 1077653 1197546 1317143 1273753 1110452 1164885 1099425 1208433 1262866 1023352 1208433 1186581 1208423 1284640 1230057 1186659 1295527 1219290 1154002 1317301 1164887 1143099 1208421 1219220 1262810 1110452 1186501 1132138 1197546 1186659 1143027 1099517 1197396 1132230 1230207 1121263 1099485 1175654 1230207 1077753 1143111 1186659 1110452 1175756 1349824 1045130 1208275 1153998 1142955 1295527 1197546 1164795 1186649 1077705 1230131 1142953 1121245 1088678 1186565 1088520 1110420 1088570 1142971 1284620 1219162 1132218 1164771 1240936 1175772 1197444 1121313 1208433 1241094 1110312 1164887 1295527 1230119 1208433 1132126 1230153 1251823 1110450 1306416 1164727 1132226 1197388 1077793 1208289 1164885 1262786 1153948 1132224 1284482 1110442 1121309 1143111 1066904 1251837 1208283 1273697 1175692 1186659 1295431 1153858 1088682 1121257 1077791 1099565 1121179 1143023 1208353 1273595 1110452 1023356 1077715 1132226 1164885 1219246 1164727 1175772 1230091 1143113 1273755 1262868 1132202 1197546 1110452 1241094 1153900 1273753 1175686 1121337 1240936 1077765 1088520 1306338 1230109 1284482 1164887 1132068 1186501 1219210 1154000 1251829 1099565 1121339 1197542 1077791 1230167 1230085 1175768 1251875 1066908 1208419 1251827 1121311 1099417 1164815 1240934 1328030 1241094 1143111 1153998]
Response/bytes (per Connection):  [1949887 1839812 1792637 1729659 1808344 1682519 1792602 1556764 1682563 1572491 1619664 1525256 1761174 1635355 1839812 1886987 1619664 1493785 1729709 1997061 1824077 1714013 1839743 1635354 1541039 1635337 1698288 1603915 1588169 1666838 1619639 1886987 1839766 1776913 1902643 1745463 1572471 1745397 1855529 1745463 1792637 1619587 1635326 1619663 1588157 1713970 1745385 1713983 1635369 1698233 1761188 1776855 1761109 1651114 1855538 1855520 1745425 1666839 1824020 1540969 1682564 1729738 1761188 1666839 1666769 1666839 1698273 1839734 1666780 1761188 1682564 1729717 1729707 1761188 1776912 1855529 1666759 1588135 1761109 1556764 1651099 1509589 1792564 1666838 1776844 1824053 1761188 1855469 1635332 1603930 1761146 1745408 1651102 1713946 1745392 1588216 1776834 2044236 1572489 1698288 1745397 1698230 1666810 1824050 1572491 1635371 1698251 1761109 1588174 1729722 1761140 1713988 1729659 1698275 1588181 1682525 1666759 1714013 1776889 1729672 1588137 1588214 1651056 1540965 1462400 1635370 1808363 1588135 1651035 1745384 1603869 1556766 1556760 1776863 1808363 1556703 1808346 1556695 1729738 1902633 1839812 1603939 1682563 1588144 1745463 1824087 1478137 1745463 1713974 1745458 1855537 1776838 1714013 1871262 1761173 1666840 1902712 1682564 1651107 1745457 1761138 1824059 1603939 1713934 1635345 1729738 1714013 1651071 1588190 1729663 1635391 1776913 1619626 1588174 1698229 1776913 1556745 1651113 1714013 1603939 1698280 1949818 1509589 1745384 1666838 1651035 1871262 1729738 1682518 1714008 1556721 1776875 1651034 1619617 1572489 1713966 1572410 1603923 1572435 1651043 1855527 1761109 1635385 1682506 1792559 1698288 1729687 1619651 1745463 1792638 1603869 1682564 1871262 1776869 1745463 1635339 1776886 1808284 1603938 1886988 1682484 1635389 1729659 1556765 1745391 1682563 1824047 1666813 1635388 1855458 1603934 1619649 1651113 1541039 1808291 1745388 1839784 1698248 1714013 1871214 1666768 1572491 1619623 1556764 1588214 1619584 1651069 1745423 1839733 1603939 1478139 1556726 1635389 1682563 1761151 1682484 1698288 1776855 1651114 1839813 1824088 1635377 1729738 1603939 1792638 1666789 1839812 1698245 1619663 1792559 1556751 1572410 1886949 1776864 1855458 1682564 1635310 1713934 1761133 1666839 1808287 1588214 1619664 1729736 1556764 1776893 1776852 1698286 1808310 1541041 1745456 1808286 1619650 1588140 1682528 1792558 1918358 1792638 1651113 1666838]
Requests Number (per Connection):  [124 117 114 110 115 107 114 99 107 100 103 97 112 104 117 120 103 95 110 127 116 109 117 104 98 104 108 102 101 106 103 120 117 113 121 111 100 111 118 111 114 103 104 103 101 109 111 109 104 108 112 113 112 105 118 118 111 106 116 98 107 110 112 106 106 106 108 117 106 112 107 110 110 112 113 118 106 101 112 99 105 96 114 106 113 116 112 118 104 102 112 111 105 109 111 101 113 130 100 108 111 108 106 116 100 104 108 112 101 110 112 109 110 108 101 107 106 109 113 110 101 101 105 98 93 104 115 101 105 111 102 99 99 113 115 99 115 99 110 121 117 102 107 101 111 116 94 111 109 111 118 113 109 119 112 106 121 107 105 111 112 116 102 109 104 110 109 105 101 110 104 113 103 101 108 113 99 105 109 102 108 124 96 111 106 105 119 110 107 109 99 113 105 103 100 109 100 102 100 105 118 112 104 107 114 108 110 103 111 114 102 107 119 113 111 104 113 115 102 120 107 104 110 99 111 107 116 106 104 118 102 103 105 98 115 111 117 108 109 119 106 100 103 99 101 103 105 111 117 102 94 99 104 107 112 107 108 113 105 117 116 104 110 102 114 106 117 108 103 114 99 100 120 113 118 107 104 109 112 106 115 101 103 110 99 113 113 108 115 98 111 115 103 101 107 114 122 114 105 106]
Requests/sec:  5758.684358723958 KB
Transfer/sec:  14076.812858072917 KB

