2023-12-05 05:44:24.509871921 +0800 CST m=+54565.353456090
Running 1m0s myx-test @ https://192.168.12.127:6443/api/v1/namespaces/myx-test/serviceaccounts
3 connections
Requests/bytes (per Connection):  [37433131 37824687 41390681]
Response/bytes (per Connection):  [53881646 54445110 59578135]
Requests Number (per Connection):  [3443 3479 3807]
Requests/sec:  1898.575830078125 KB
Transfer/sec:  4631.40283203125 KB

2023-12-05 05:46:04.930879871 +0800 CST m=+54665.774464049
Running 1m0s myx-test @ https://192.168.12.127:6443/api/v1/namespaces/myx-test/serviceaccounts
6 connections
Requests/bytes (per Connection):  [35074012 34802073 36704812 34791340 36574332 35247904]
Response/bytes (per Connection):  [50485757 50094450 52833182 50078870 52645380 50736119]
Requests Number (per Connection):  [3226 3201 3376 3200 3364 3242]
Requests/sec:  3469.962125651042 KB
Transfer/sec:  8464.652197265625 KB

2023-12-05 05:47:45.325128154 +0800 CST m=+54766.168712323
Running 1m0s myx-test @ https://192.168.12.127:6443/api/v1/namespaces/myx-test/serviceaccounts
9 connections
Requests/bytes (per Connection):  [31170855 31235955 31496905 29942192 31083763 29996617 31562151 29866143 31007646]
Response/bytes (per Connection):  [44867532 44961363 45336962 43099075 44742278 43177355 45430866 42989556 44632725]
Requests Number (per Connection):  [2867 2873 2897 2754 2859 2759 2903 2747 2852]
Requests/sec:  4514.359163411458 KB
Transfer/sec:  11012.368798828125 KB

2023-12-05 05:49:25.746923839 +0800 CST m=+54866.590508005
Running 1m0s myx-test @ https://192.168.12.127:6443/api/v1/namespaces/myx-test/serviceaccounts
15 connections
Requests/bytes (per Connection):  [22994853 22114154 22668669 22940468 21516311 21961966 22842633 22842633 22538193 22298991 22472961 22603431 21505280 21657558 22712181]
Response/bytes (per Connection):  [33098979 31831336 32629482 33020719 30970672 31612253 32879880 32879880 32441682 32097384 32347785 32535582 30954943 31174071 32692092]
Requests Number (per Connection):  [2115 2034 2085 2110 1979 2020 2101 2101 2073 2051 2067 2079 1978 1992 2089]
Requests/sec:  5463.38349609375 KB
Transfer/sec:  13327.42548828125 KB

2023-12-05 05:51:06.166675485 +0800 CST m=+54967.010259651
Running 1m0s myx-test @ https://192.168.12.127:6443/api/v1/namespaces/myx-test/serviceaccounts
30 connections
Requests/bytes (per Connection):  [12807518 12481334 11894240 12546574 12361731 12198644 12274749 12035551 12166023 12318367 12535737 12209517 12546576 12176894 12079039 12318245 12079043 12285640 12405311 12122649 12024680 12568320 12089916 11992163 12535791 11839999 12057347 12546570 11872458 11894286]
Response/bytes (per Connection):  [18435262 17965765 17120689 18059666 17793615 17558869 17668416 17324120 17511918 17731079 18044034 17574519 18059667 17527567 17386718 17731018 17386720 17684075 17856259 17449377 17308471 18090966 17402370 17261572 18044061 17042501 17355445 18059664 17089371 17120712]
Requests Number (per Connection):  [1178 1148 1094 1154 1137 1122 1129 1107 1119 1133 1153 1123 1154 1120 1111 1133 1111 1130 1141 1115 1106 1156 1112 1103 1153 1089 1109 1154 1092 1094]
Requests/sec:  5977.619010416666 KB
Transfer/sec:  14581.85869140625 KB

2023-12-05 05:52:46.712037489 +0800 CST m=+55067.555621669
Running 1m0s myx-test @ https://192.168.12.127:6443/api/v1/namespaces/myx-test/serviceaccounts
60 connections
Requests/bytes (per Connection):  [6686421 6642939 6534231 6621215 6349428 6066710 6447251 6273305 6240666 6447251 6632088 6251545 6436378 6751685 6382039 6588596 6610342 6425503 6740782 6447251 6066700 6360269 6371140 6425505 6425521 6686431 6599469 6240666 6795145 6382013 6642961 6490743 6577725 6468995 6273285 6588584 6469007 6403759 6229797 6447265 6469005 6816925 6784302 6545106 6142811 6175430 6729909 6273287 6349394 6719070 6501614 6197174 6523360 6121065 6425505 6512487 6795181 6610342 6251589 6360299]
Response/bytes (per Connection):  [9624513 9561918 9405429 9530629 9139398 8732488 9280231 9029842 8982882 9280231 9546279 8998535 9264581 9718426 9186344 9483679 9514979 9248930 9702761 9280231 8732483 9155032 9170681 9248931 9248939 9624518 9499329 8982882 9781010 9186331 9561929 9342831 9468030 9311530 9029832 9483673 9311536 9217631 8967234 9280238 9311535 9812327 9765375 9421080 8842033 8888983 9687111 9029833 9139381 9671478 9358480 8920282 9389780 8810733 9248931 9374130 9781028 9514979 8998557 9155047]
Requests Number (per Connection):  [615 611 601 609 584 558 593 577 574 593 610 575 592 621 587 606 608 591 620 593 558 585 586 591 591 615 607 574 625 587 611 597 605 595 577 606 595 589 573 593 595 627 624 602 565 568 619 577 584 618 598 570 600 563 591 599 625 608 575 585]
Requests/sec:  6312.247086588542 KB
Transfer/sec:  15398.15185546875 KB

2023-12-05 05:54:27.214105572 +0800 CST m=+55168.057689759
Running 1m0s myx-test @ https://192.168.12.127:6443/api/v1/namespaces/myx-test/serviceaccounts
90 connections
Requests/bytes (per Connection):  [3272553 3229061 3207325 3283424 3261680 3337789 3348662 3261680 3229061 3218188 3305172 3207317 3174696 3283424 3229061 3283422 3218188 3337789 3337775 3055095 3218188 3152952 3250807 3294299 3272551 3326918 3207327 3294299 3250809 3239934 3196444 3326904 3152952 3185585 3370408 3272553 3261680 3370408 3413900 3185585 3272553 3261680 3120333 3337789 3250807 3109464 3294299 3305164 3305172 3207317 3522628 3174712 3261680 3359537 3272553 3250811 3337775 3131206 3196454 3305170 3142079 3131230 3261680 3120333 3403001 3272553 3120359 3446517 3261680 3152950 3218188 3163843 3316035 3359535 3337777 3305170 3229071 3142079 3218188 3305170 3381281 3283426 3403001 3272553 3272553 3359535 3163843 3229063 3294299 3348650]
Response/bytes (per Connection):  [4710540 4647940 4616645 4726189 4694890 4804439 4820089 4694890 4647940 4632290 4757490 4616641 4569690 4726189 4647940 4726188 4632290 4804439 4804432 4397541 4632290 4538391 4679240 4741840 4710539 4788790 4616646 4741840 4679241 4663590 4600991 4788783 4538391 4585348 4851389 4710540 4694890 4851389 4913989 4585348 4710540 4694890 4491441 4804439 4679240 4475793 4741840 4757486 4757490 4616641 5070488 4569698 4694890 4835740 4710540 4679242 4804432 4507091 4600996 4757489 4522741 4507103 4694890 4491441 4898326 4710540 4491454 4960938 4694890 4538390 4632290 4554050 4773135 4835739 4804433 4757489 4647945 4522741 4632290 4757489 4867039 4726190 4898326 4710540 4710540 4835739 4554050 4647941 4741840 4820083]
Requests Number (per Connection):  [301 297 295 302 300 307 308 300 297 296 304 295 292 302 297 302 296 307 307 281 296 290 299 303 301 306 295 303 299 298 294 306 290 293 310 301 300 310 314 293 301 300 287 307 299 286 303 304 304 295 324 292 300 309 301 299 307 288 294 304 289 288 300 287 313 301 287 317 300 290 296 291 305 309 307 304 297 289 296 304 311 302 313 301 301 309 291 297 303 308]
Requests/sec:  4777.321142578125 KB
Transfer/sec:  11653.8375 KB

2023-12-05 05:56:07.737064303 +0800 CST m=+55268.580648471
Running 1m0s myx-test @ https://192.168.12.127:6443/api/v1/namespaces/myx-test/serviceaccounts
150 connections
Requests/bytes (per Connection):  [2120037 2120113 2098345 2022264 2098321 2054849 2022314 1924327 2087536 2087470 2174484 1967951 2152656 2065772 1859235 1870030 2185273 1870020 2033213 2076699 2130942 2120167 1880837 2065720 2011411 1935358 2033139 1967977 2000574 1913612 2022254 2174402 2120141 2087420 1880935 1891710 2065832 2000512 2087524 2000448 2152656 1978806 1967823 1946127 2163687 1989619 2130918 2065732 2054801 2043928 1989565 2044086 2098373 1946191 2098451 1913454 2043930 2163559 1978690 1956946 2130906 1967819 2000436 2185369 2054959 1989679 1967819 2141811 2196148 2163627 2174402 2011311 2033205 2033055 2272257 2022254 2076705 2000436 2022340 2043928 2185381 1935266 2065832 2141943 1989651 2141943 2120037 2011361 2054825 2109276 2065692 2022234 2196298 1946231 2054853 2087420 2120169 1989665 2076705 2065674 2098293 2065806 2120195 1913600 2131070 1989569 2000436 1848290 1815629 2098293 2033179 2076547 2218008 2033191 2011309 1989683 2044086 2054959 1967977 2065674 1967911 2087420 2065760 2174446 2022182 1978702 1935218 2000436 2130960 2130910 1913454 2000438 1956952 2109166 2109184 1946073 1902649 1913482 2109166 2152656 1989565 2130910 2022182 1935356 2054959 2098361 2065782 1793973 1924405 2033157]
Response/bytes (per Connection):  [3051651 3051689 3020378 2910843 3020366 2957776 2910868 2769953 3004760 3004727 3129942 2832619 3098601 2973451 2676126 2691737 3145550 2691732 2926531 2989128 3067317 3051716 2707354 2973425 2895203 2785682 2926494 2832632 2879571 2754382 2910838 3129901 3051703 3004702 2707403 2723004 2973481 2879540 3004754 2879508 3098601 2848260 2832555 2801280 3114330 2863880 3067305 2973431 2957752 2942102 2863853 2942181 3020392 2801312 3020431 2754303 2942103 3114266 2848202 2816903 3067299 2832553 2879502 3145598 2957831 2863910 2832553 3082965 3161201 3114300 3129901 2895153 2926527 2926452 3270750 2910838 2989131 2879502 2910881 2942102 3145604 2785636 2973481 3083031 2863896 3083031 3051651 2895178 2957764 3036057 2973411 2910828 3161276 2801332 2957778 3004702 3051717 2863903 2989131 2973402 3020352 2973468 3051730 2754376 3067381 2863855 2879502 2660440 2613469 3020352 2926514 2989052 3192558 2926520 2895152 2863912 2942181 2957831 2832632 2973402 2832599 3004702 2973445 3129923 2910802 2848208 2785612 2879502 3067326 3067301 2754303 2879503 2816906 3036002 3036011 2801253 2738687 2754317 3036002 3098601 2863853 3067301 2910802 2785681 2957831 3020386 2973456 2582214 2769992 2926503]
Requests Number (per Connection):  [195 195 193 186 193 189 186 177 192 192 200 181 198 190 171 172 201 172 187 191 196 195 173 190 185 178 187 181 184 176 186 200 195 192 173 174 190 184 192 184 198 182 181 179 199 183 196 190 189 188 183 188 193 179 193 176 188 199 182 180 196 181 184 201 189 183 181 197 202 199 200 185 187 187 209 186 191 184 186 188 201 178 190 197 183 197 195 185 189 194 190 186 202 179 189 192 195 183 191 190 193 190 195 176 196 183 184 170 167 193 187 191 204 187 185 183 188 189 181 190 181 192 190 200 186 182 178 184 196 196 176 184 180 194 194 179 175 176 194 198 183 196 186 178 189 193 190 165 177 187]
Requests/sec:  4982.254182942708 KB
Transfer/sec:  12153.73759765625 KB

2023-12-05 05:57:48.431017585 +0800 CST m=+55369.274601770
Running 1m0s myx-test @ https://192.168.12.127:6443/api/v1/namespaces/myx-test/serviceaccounts
300 connections
Requests/bytes (per Connection):  [1184975 1174172 1217696 1228625 1163269 1217716 1315607 1163249 1195964 1228623 1206747 1228471 1185075 1196006 1282990 1119739 1163235 1163387 1152444 1228585 1141501 1206721 1206879 1185027 1293863 1163321 1206879 1043628 1217752 1195968 1250213 1098057 1174102 1141643 1163333 1239496 1315607 1272117 1239342 1228625 1206835 1239338 1087272 1239496 1206729 1119803 1250255 1141641 1228625 1163393 1185097 1359017 1217654 1195958 1087216 1195928 1043790 1109018 1304734 1315487 1119897 1163279 1076385 1130678 1152514 1163347 1315569 1293861 1196008 1163389 1380687 1152516 1250281 1217674 1130768 1228617 1196006 1196006 1359099 1109024 1087260 1108920 1195848 1271989 1152516 1315451 1185001 1119897 1217752 1195890 1141641 1108866 1119897 1206867 1239498 1228475 1293863 1195848 1195926 1315549 1196006 1250249 1043790 1261084 1239338 1130658 1196006 1054659 1109024 1174112 1152356 1174156 1195884 1196006 1185107 1206879 1282950 1141641 1195978 1239496 1174200 1174140 1282928 1271985 1206879 1326362 1304656 1239414 1196006 1228595 1250369 1130638 1250371 1304734 1119873 1391702 1261154 1130670 1261132 1326460 1271983 1185013 1195928 1195872 1076379 1119765 1271957 1130620 1228625 1130768 1185067 1119897 1282868 1261084 1130620 1228625 1076405 1206721 1239496 1152372 1304616 1195970 1239498 1250211 1054659 1217634 1206721 1152356 1185029 1358939 1196006 1304734 1261244 1293759 1043772 1000296 1217664 1130734 1130610 1195972 1304608 1195848 1217752 1130684 1108922 1196006 1119887 1043788 1141633 1195928 1315609 1141485 1206845 1228615 1315607 1152516 1250309 1098127 1239458 1130770 1369972 1261120 1065488 1261154 1119887 1185035 1163393 989337 1184975 1380789 1119897 1293717 1163331 1195854 1206775 1108994 1217706 1163231 1174244 1141641 1130738 1239340 1130624 1130610 1293863 1163387 1206801 1217752 1185133 1217650 1087120 1282988 1282866 1032919 1174114 1098111 1239496 1152516 1206801 1195848 1293841 1098095 1293791 1206755 1195932 1293863 1228533 1304616 1163387 1315607 1141485 1119889 1109024 1228475 1282840 1282990 1163359 1054549 1163293 1326360 1196006 1250255 1196006 1119901 1261086 1185023 1228519 1206879 1043646 1163231 1358993 1282988 1185053 1250363 1261086 1185133 1174260 1196006 1130770 1195972 1206755 1293863 1195854 1293713 1391718 1272115 1152436 1108878 1326480 1184981 1185133 1152516 1250369 1195884 1174208 1087278 1152520 1228613 1228511 1109024]
Response/bytes (per Connection):  [1705759 1690144 1752760 1768438 1674479 1752770 1893637 1674469 1721467 1768437 1737072 1768361 1705809 1721488 1846688 1611860 1674462 1674538 1658853 1768418 1643168 1737059 1737138 1705785 1862338 1674505 1737138 1502310 1752788 1721469 1799659 1580592 1690109 1643239 1674511 1784087 1893637 1831038 1784010 1768438 1737116 1784008 1564986 1784087 1737063 1611892 1799680 1643238 1768438 1674541 1705820 1956196 1752739 1721464 1564958 1721449 1502391 1596286 1877987 1893577 1611939 1674484 1549329 1627543 1658888 1674518 1893618 1862337 1721489 1674539 1987458 1658889 1799693 1752749 1627588 1768434 1721488 1721488 1956237 1596289 1564980 1596237 1721409 1830974 1658889 1893559 1705772 1611939 1752788 1721430 1643238 1596210 1611939 1737132 1784088 1768363 1862338 1721409 1721448 1893608 1721488 1799677 1502391 1815308 1784008 1627533 1721488 1518039 1596289 1690114 1658809 1690136 1721427 1721488 1705825 1737138 1846668 1643238 1721474 1784087 1690158 1690128 1846657 1830972 1737138 1909228 1877948 1784046 1721488 1768423 1799737 1627523 1799738 1877987 1611927 2003179 1815343 1627539 1815332 1909277 1830971 1705778 1721449 1721421 1549326 1611873 1830958 1627514 1768438 1627588 1705805 1611939 1846627 1815308 1627514 1768438 1549339 1737059 1784087 1658817 1877928 1721470 1784088 1799658 1518039 1752729 1737059 1658809 1705786 1956157 1721488 1877987 1815388 1862286 1502382 1439790 1752744 1627571 1627509 1721471 1877924 1721409 1752788 1627546 1596238 1721488 1611934 1502390 1643234 1721449 1893638 1643160 1737121 1768433 1893637 1658889 1799707 1580627 1784068 1627589 1971887 1815326 1533667 1815343 1611934 1705789 1674541 1424097 1705759 1987509 1611939 1862265 1674510 1721412 1737086 1596274 1752765 1674460 1690180 1643238 1627573 1784009 1627516 1627509 1862338 1674538 1737099 1752788 1705838 1752737 1564910 1846687 1846626 1486742 1690115 1580619 1784087 1658889 1737099 1721409 1862327 1580611 1862302 1737076 1721451 1862338 1768392 1877928 1674538 1893637 1643160 1611935 1596289 1768363 1846613 1846688 1674524 1517984 1674491 1909227 1721488 1799680 1721488 1611941 1815309 1705783 1768385 1737138 1502319 1674460 1956184 1846687 1705798 1799734 1815309 1705838 1690188 1721488 1627589 1721471 1737076 1862338 1721412 1862263 2003187 1831037 1658849 1596216 1909287 1705762 1705838 1658889 1799737 1721427 1690162 1564989 1658891 1768432 1768381 1596289]
Requests Number (per Connection):  [109 108 112 113 107 112 121 107 110 113 111 113 109 110 118 103 107 107 106 113 105 111 111 109 119 107 111 96 112 110 115 101 108 105 107 114 121 117 114 113 111 114 100 114 111 103 115 105 113 107 109 125 112 110 100 110 96 102 120 121 103 107 99 104 106 107 121 119 110 107 127 106 115 112 104 113 110 110 125 102 100 102 110 117 106 121 109 103 112 110 105 102 103 111 114 113 119 110 110 121 110 115 96 116 114 104 110 97 102 108 106 108 110 110 109 111 118 105 110 114 108 108 118 117 111 122 120 114 110 113 115 104 115 120 103 128 116 104 116 122 117 109 110 110 99 103 117 104 113 104 109 103 118 116 104 113 99 111 114 106 120 110 114 115 97 112 111 106 109 125 110 120 116 119 96 92 112 104 104 110 120 110 112 104 102 110 103 96 105 110 121 105 111 113 121 106 115 101 114 104 126 116 98 116 103 109 107 91 109 127 103 119 107 110 111 102 112 107 108 105 104 114 104 104 119 107 111 112 109 112 100 118 118 95 108 101 114 106 111 110 119 101 119 111 110 119 113 120 107 121 105 103 102 113 118 118 107 97 107 122 110 115 110 103 116 109 113 111 96 107 125 118 109 115 116 109 108 110 104 110 111 119 110 119 128 117 106 102 122 109 109 106 115 110 108 100 106 113 113 102]
Requests/sec:  5852.489469401042 KB
Transfer/sec:  14276.635986328125 KB

