2023-12-05 07:09:02.381049417 +0800 CST m=+59643.224633586
Running 1m0s myx-test @ https://192.168.12.127:6443/api/v1/namespaces/myx-test/services
3 connections
Requests/bytes (per Connection):  [37453947 37334124 39814490]
Response/bytes (per Connection):  [55454482 55277228 58949533]
Requests Number (per Connection):  [3443 3432 3660]
Requests/sec:  1865.2760579427083 KB
Transfer/sec:  4627.0150390625 KB

2023-12-05 07:10:42.809787264 +0800 CST m=+59743.653371440
Running 1m0s myx-test @ https://192.168.12.127:6443/api/v1/namespaces/myx-test/services
6 connections
Requests/bytes (per Connection):  [27032535 26510353 25422475 25759722 27304374 26477720]
Response/bytes (per Connection):  [40024537 39251398 37640707 38140017 40427106 39203059]
Requests Number (per Connection):  [2485 2437 2337 2368 2510 2434]
Requests/sec:  2579.869449869792 KB
Transfer/sec:  6399.641975911459 KB

2023-12-05 07:12:23.200051558 +0800 CST m=+59844.043635729
Running 1m0s myx-test @ https://192.168.12.127:6443/api/v1/namespaces/myx-test/services
9 connections
Requests/bytes (per Connection):  [20701395 21256148 21267079 21071175 20407668 21321474 20418513 20973304 20472806]
Response/bytes (per Connection):  [30650596 31471953 31488146 31198163 30215692 31568649 30231788 31053170 30312260]
Requests Number (per Connection):  [1903 1954 1955 1937 1876 1960 1877 1928 1882]
Requests/sec:  3058.09833984375 KB
Transfer/sec:  7585.937158203125 KB

2023-12-05 07:14:03.625580025 +0800 CST m=+59944.469164195
Running 1m0s myx-test @ https://192.168.12.127:6443/api/v1/namespaces/myx-test/services
15 connections
Requests/bytes (per Connection):  [13391165 13793676 13434677 13924188 13967584 13924110 13608735 13195345 13826279 13771922 13750162 13445558 13663078 13130071 13826217]
Response/bytes (per Connection):  [19827013 20422986 19891465 20616214 20680588 20616183 20149184 19537102 20471260 20390734 20358575 19907571 20229679 19440468 20471229]
Requests Number (per Connection):  [1231 1268 1235 1280 1284 1280 1251 1213 1271 1266 1264 1236 1256 1207 1271]
Requests/sec:  3330.936962890625 KB
Transfer/sec:  8262.74443359375 KB

2023-12-05 07:15:44.073477932 +0800 CST m=+60044.917062117
Running 1m0s myx-test @ https://192.168.12.127:6443/api/v1/namespaces/myx-test/services
30 connections
Requests/bytes (per Connection):  [7734483 7897530 7767062 7560329 7429817 7614680 7451659 7375384 7636596 7778019 7821421 7690989 7734465 7908565 7582121 7647333 7549418 7843291 7625619 7854172 7941114 7745304 7843183 7593014 7843179 7777991 7723598 7951923 7669219 7821535]
Response/bytes (per Connection):  [11451662 11693198 11499934 11193913 11000685 11274446 11032907 10920117 11306765 11516164 11580463 11387309 11451703 11709411 11226182 11322773 11177804 11612803 11290591 11628895 11757644 11467724 11612719 11242240 11612715 11516088 11435600 11773740 11355031 11580574]
Requests Number (per Connection):  [711 726 714 695 683 700 685 678 702 715 719 707 711 727 697 703 694 721 701 722 730 712 721 698 721 715 710 731 705 719]
Requests/sec:  3766.487841796875 KB
Transfer/sec:  9343.177294921876 KB

2023-12-05 07:17:24.538082247 +0800 CST m=+60145.381666416
Running 1m0s myx-test @ https://192.168.12.127:6443/api/v1/namespaces/myx-test/services
60 connections
Requests/bytes (per Connection):  [4405757 4470893 4340479 4405751 4362237 4155422 4449269 4373028 4383995 4601425 4405753 4286050 4351348 4296963 4329548 4449171 4372976 4307726 4438294 4242570 4340479 4307844 4122903 4296911 4220654 4383883 4405645 4329604 4296963 4296963 4470887 4449267 4286084 4296925 4383915 4318705 4383995 4188101 4405669 4286046 4296963 4329548 4209811 4286084 4362177 4307842 4514481 4199054 4318721 4318721 4351316 4340423 4199058 4383843 4231535 4231691 4329600 4383995 4133786 4383991]
Response/bytes (per Connection):  [6523162 6619705 6426516 6523163 6458702 6152620 6587554 6474733 6490938 6812967 6523148 6345952 6442608 6362052 6410377 6587473 6474723 6378113 6571413 6281560 6426482 6378190 6104384 6362004 6249229 6490836 6523042 6410413 6362084 6362092 6619696 6587547 6345983 6362011 6490836 6394288 6490948 6200924 6523106 6345904 6362090 6410325 6233146 6345945 6458638 6378199 6684189 6217110 6394312 6394300 6442546 6426480 6217080 6490826 6265337 6265453 6410415 6490916 6120457 6490938]
Requests Number (per Connection):  [405 411 399 405 401 382 409 402 403 423 405 394 400 395 398 409 402 396 408 390 399 396 379 395 388 403 405 398 395 395 411 409 394 395 403 397 403 385 405 394 395 398 387 394 401 396 415 386 397 397 400 399 386 403 389 389 398 403 380 403]
Requests/sec:  4231.978157552084 KB
Transfer/sec:  10497.86650390625 KB

2023-12-05 07:19:05.042215261 +0800 CST m=+60245.885799465
Running 1m0s myx-test @ https://192.168.12.127:6443/api/v1/namespaces/myx-test/services
90 connections
Requests/bytes (per Connection):  [3143813 3350510 3067660 3165589 3045908 3165589 3122055 3241722 3165569 3230845 3013267 3154712 3132934 3067662 3165571 3296117 3230845 3078575 3078539 3154712 3143817 3176450 3002392 3122055 3089420 3252601 3024192 3317873 3132934 3154692 3176448 3111176 3154692 3176466 3045902 3176450 3111176 3176454 3317873 3209097 3154692 3132934 3056783 3078539 3132934 3122081 3089430 3187343 2893668 3078541 3154692 3089452 2839205 3143813 3078539 3165571 3154692 3089418 3045904 3241722 3078539 3132934 3154692 3143813 3067660 3132934 3035025 3230845 3143813 3078539 3013315 3187329 3328754 3002388 3132934 3176450 3143835 3230843 3372248 3252603 3198206 3241724 3111176 3100329 3132934 3154712 3100299 3198218 3143835 3132958]
Response/bytes (per Connection):  [4654758 4960787 4541995 4686981 4509788 4686973 4622546 4799718 4686967 4783612 4461473 4670885 4638643 4542024 4686962 4880251 4783612 4558130 4558112 4670869 4654752 4703075 4445360 4622544 4574214 4815821 4477613 4912464 4638655 4670871 4703078 4606435 4670863 4703091 4509797 4703075 4606429 4703075 4912462 4751403 4670855 4638641 4525899 4558112 4638649 4622549 4574225 4719187 4284345 4558113 4670869 4574240 4203790 4654758 4558108 4686968 4670869 4574221 4509808 4799718 4558126 4638649 4670867 4654760 4542019 4638649 4493687 4783606 4654764 4558118 4461517 4719186 4928572 4445358 4638643 4703073 4654763 4783609 4992985 4815822 4735286 4799717 4606439 4590336 4638655 4670875 4590331 4735298 4654771 4638667]
Requests Number (per Connection):  [289 308 282 291 280 291 287 298 291 297 277 290 288 282 291 303 297 283 283 290 289 292 276 287 284 299 278 305 288 290 292 286 290 292 280 292 286 292 305 295 290 288 281 283 288 287 284 293 266 283 290 284 261 289 283 291 290 284 280 298 283 288 290 289 282 288 279 297 289 283 277 293 306 276 288 292 289 297 310 299 294 298 286 285 288 290 285 294 289 288]
Requests/sec:  4600.068212890625 KB
Transfer/sec:  11410.960709635418 KB

2023-12-05 07:20:45.627232351 +0800 CST m=+60346.470816555
Running 1m0s myx-test @ https://192.168.12.127:6443/api/v1/namespaces/myx-test/services
150 connections
Requests/bytes (per Connection):  [2284386 2273513 2153840 2230115 2066814 2110454 2164723 2132092 2425947 2229995 2262678 2153844 2306148 2164841 2230121 2110382 2175672 2056089 2240960 2240870 2404057 2175624 2208239 2208347 2142967 2219118 2175744 2229997 2121235 2164725 2208237 2045060 2273507 2360687 2153844 2066814 2153972 2153894 2251775 2153844 2045056 2338785 2110328 2186481 2219118 2240876 2164821 2230061 2251753 2088730 2273507 2099449 2110410 2012573 2153880 2393178 2110412 2197360 2240992 2164723 2186479 2153844 2153964 2197492 2153844 1947249 2099585 2110388 2186513 2110356 2186511 2099451 2229995 2197360 2295269 2121245 2251771 2088706 2164807 2230071 2208319 2306204 2186631 2327902 2186479 2186559 2186565 2273511 2164841 2077851 2143017 2088728 2349664 2088600 2034305 2197470 2034185 2229997 2338839 2175600 2273527 2132238 2208233 2262744 2208235 2012419 2295269 2208397 2001690 2132086 2240974 2132142 2273513 1979850 1968909 2273669 2153844 2273511 2175722 2132088 2229995 2262656 2012577 2251769 2121207 2284388 2175602 2121307 2121219 2066936 2230099 2143081 2251869 2186639 2208269 2208313 2088570 2230033 2175602 2143033 2262744 2132086 2327902 2230051 2045056 2197482 2175760 2153980 2208239 2164725]
Response/bytes (per Connection):  [3382306 3366220 3189065 3301879 3060174 3124708 3205136 3156856 3591792 3301773 3350123 3189023 3414514 3205237 3301880 3124682 3221340 3044174 3317981 3317914 3559502 3221254 3269596 3269664 3172949 3285653 3221352 3301790 3140726 3205133 3269571 3027994 3366203 3495161 3189017 3060168 3189133 3189054 3334008 3189017 3027956 3462833 3124605 3237382 3285685 3317913 3205241 3301814 3333973 3092503 3366231 3108486 3124644 2979760 3189093 3543385 3124645 3253465 3317961 3205132 3237381 3189011 3189133 3253543 3189021 2883117 3108590 3124635 3237408 3124621 3237371 3108513 3301767 3253455 3398405 3140731 3334006 3092483 3205232 3301815 3269660 3414602 3237455 3446738 3237335 3237447 3237394 3366193 3205219 3076386 3172948 3092496 3478934 3092406 3011947 3253534 3011857 3301758 3462874 3221240 3366255 3156929 3269561 3350174 3269556 2979633 3398405 3269669 2963641 3156807 3317986 3156845 3366190 2931354 2915246 3366312 3189023 3366187 3221349 3156814 3301785 3350156 2979764 3334041 3140708 3382345 3221245 3140772 3140760 3060283 3301877 3172998 3334091 3237455 3269623 3269661 3092413 3301802 3221269 3172960 3350174 3156803 3446770 3301857 3027952 3253544 3221344 3189121 3269550 3205125]
Requests Number (per Connection):  [210 209 198 205 190 194 199 196 223 205 208 198 212 199 205 194 200 189 206 206 221 200 203 203 197 204 200 205 195 199 203 188 209 217 198 190 198 198 207 198 188 215 194 201 204 206 199 205 207 192 209 193 194 185 198 220 194 202 206 199 201 198 198 202 198 179 193 194 201 194 201 193 205 202 211 195 207 192 199 205 203 212 201 214 201 201 201 209 199 191 197 192 216 192 187 202 187 205 215 200 209 196 203 208 203 185 211 203 184 196 206 196 209 182 181 209 198 209 200 196 205 208 185 207 195 210 200 195 195 190 205 197 207 201 203 203 192 205 200 197 208 196 214 205 188 202 200 198 203 199]
Requests/sec:  5325.815104166667 KB
Transfer/sec:  13211.252506510416 KB

2023-12-05 07:22:26.215240139 +0800 CST m=+60447.058824306
Running 1m0s myx-test @ https://192.168.12.127:6443/api/v1/namespaces/myx-test/services
300 connections
Requests/bytes (per Connection):  [1196538 1261928 1359783 1251009 1251059 1218348 1338021 1522900 1250949 1174908 1327212 1261940 1294497 1348970 1240180 1240046 1261940 1174914 1261880 1229303 1403365 1185647 1327116 1229303 1425081 1251059 1174908 1251057 1348968 1142115 1229253 1185743 1468531 1196658 1305358 1207451 1327212 1305456 1131346 1425121 1142221 1251015 1337933 1196626 1207413 1294575 1163927 1229269 1240182 1370726 1120423 1185649 1229149 1338091 1218424 1327054 1283656 1207413 1261894 1272819 1327136 1316285 1305296 1359847 1185645 1348908 1305296 1338015 1436000 1327212 1142271 1316335 1294577 1272819 1316221 1294575 1294561 1196648 1359791 1272659 1272819 1381483 1218310 1163919 1185787 1207435 1327164 1272687 1142273 1207545 1294561 1261938 1207403 1240024 1337963 1392368 1229259 1348970 1272819 1348930 1359713 1272819 1381567 1272773 1359849 1359833 1381449 1142273 1272817 1370728 1283538 1218266 1218324 1109636 1250901 1174908 1261924 1359835 1283662 1370728 1359847 1229303 1316333 1272807 1403309 1479488 1305454 1446799 1251001 1359707 1294559 1098757 1229215 1327092 1381547 1337933 1229303 1348904 1272819 1251061 1283698 1316175 1240182 1229241 1283698 1131240 1251059 1425083 1196612 1337997 1359821 1272807 1316333 1229209 1261780 1196628 1055241 1403253 1174908 1283696 1272713 1316277 1261782 1305372 1207507 1131348 1207483 1272667 1251031 1283696 1250907 1316333 1207387 1338051 1425049 1229163 1251011 1283684 1446723 1109636 1305296 1305454 1327212 1261868 1207545 1425123 1305330 1120443 1283636 1229303 1142157 1283660 1196628 1381593 1196602 1229159 1250937 1348954 1250901 1348936 1272679 1337987 1229193 1229303 1250903 1414244 1218424 1316311 1207473 1348810 1164021 1338087 1283696 1272759 1316199 1142277 1152994 1414242 1294575 1272819 1120513 1261934 1152994 1359707 1403205 1207435 1294539 1229303 1305350 1272817 1348828 1294529 1272763 1120515 1240106 1229235 1294419 1207457 1218424 1327058 1164015 1185629 1403305 1272819 1403205 1272743 1272661 1207513 1359841 1240182 1240138 1185629 1174750 1240180 1283600 1163891 1207545 1316333 1164029 1348968 1240122 1294575 1218424 1250993 1251061 1348956 1283562 1327196 1370726 1348970 1251059 1283594 1229303 1087878 1240068 1305376 1131394 1207545 1305298 1098731 1251061 1207545 1218376 1261938 1283698 1359815 1283538 1359703 1196552 1283650 1261938 1294417 1261780 1229225 1131242 1240182 1338091 1316181 1338091 1174836]
Response/bytes (per Connection):  [1771668 1868360 2013327 1852269 1852302 1803932 1981111 2254830 1852217 1739556 1965045 1868404 1916611 1997243 1836195 1836090 1868410 1739549 1868366 1820089 2077798 1755539 1964981 1820075 2109941 1852290 1739542 1852297 1997250 1691119 1820000 1755577 2174310 1771750 1932713 1787754 1965023 1932796 1675085 2110011 1691142 1852222 1981037 1771690 1787775 1916734 1723330 1820014 1836174 2029478 1658954 1755536 1819956 1981154 1803978 1964934 1900539 1787747 1868375 1884499 1964935 1948852 1932718 2013339 1755552 1997166 1932720 1981108 2126114 1965055 1691233 1948945 1916723 1884475 1948856 1916714 1916709 1771701 2013271 1884393 1884477 2045454 1803863 1723358 1755641 1787786 1965019 1884385 1691228 1787859 1916677 1868403 1787750 1836081 1981058 2061604 1820055 1997247 1884487 1997183 2013268 1884493 2045506 1884432 2013328 2013316 2045463 1691220 1884516 2029469 1900486 1803865 1803908 1642889 1852187 1739552 1868350 2013357 1900594 2029467 2013369 1820087 1948926 1884497 2077704 2190534 1932795 2142177 1852259 2013241 1916672 1626802 1820027 1964919 2045484 1981037 1820093 1997164 1884515 1852297 1900580 1948823 1836194 1820040 1900580 1675010 1852306 2109944 1771725 1981033 2013352 1884497 1948900 1819968 1868272 1771689 1562334 2077666 1739548 1900611 1884436 1948904 1868293 1932718 1787842 1675088 1787824 1884387 1852278 1900621 1852170 1948920 1787752 1981078 2109895 1819977 1852270 1900607 2142103 1642901 1932718 1932843 1965021 1868294 1787827 2110010 1932711 1658966 1900523 1820051 1691142 1900539 1771689 2045533 1771664 1819965 1852179 1997207 1852187 1997194 1884407 1981078 1820004 1820091 1852184 2093903 1803938 1948879 1787823 1997129 1723429 1981156 1900599 1884475 1948837 1691186 1707228 2093910 1916698 1884499 1659017 1868403 1707220 2013241 2077666 1787788 1916700 1820043 1932709 1884510 1997154 1916697 1884481 1659024 1836078 1819979 1916594 1787811 1803966 1964932 1723428 1755530 2077698 1884503 2077666 1884461 1884398 1787847 2013366 1836192 1836160 1755544 1739437 1836177 1900497 1723340 1787873 1948942 1723449 1997256 1836098 1916716 1803984 1852251 1852301 1997252 1900516 1964993 2029478 1997261 1852282 1900498 1820087 1610697 1836109 1932718 1675083 1787879 1932721 1626739 1852295 1787877 1803894 1868367 1900622 2013349 1900502 2013237 1771649 1900590 1868407 1916591 1868286 1819968 1675001 1836192 1981154 1948806 1981130 1739440]
Requests Number (per Connection):  [110 116 125 115 115 112 123 140 115 108 122 116 119 124 114 114 116 108 116 113 129 109 122 113 131 115 108 115 124 105 113 109 135 110 120 111 122 120 104 131 105 115 123 110 111 119 107 113 114 126 103 109 113 123 112 122 118 111 116 117 122 121 120 125 109 124 120 123 132 122 105 121 119 117 121 119 119 110 125 117 117 127 112 107 109 111 122 117 105 111 119 116 111 114 123 128 113 124 117 124 125 117 127 117 125 125 127 105 117 126 118 112 112 102 115 108 116 125 118 126 125 113 121 117 129 136 120 133 115 125 119 101 113 122 127 123 113 124 117 115 118 121 114 113 118 104 115 131 110 123 125 117 121 113 116 110 97 129 108 118 117 121 116 120 111 104 111 117 115 118 115 121 111 123 131 113 115 118 133 102 120 120 122 116 111 131 120 103 118 113 105 118 110 127 110 113 115 124 115 124 117 123 113 113 115 130 112 121 111 124 107 123 118 117 121 105 106 130 119 117 103 116 106 125 129 111 119 113 120 117 124 119 117 103 114 113 119 111 112 122 107 109 129 117 129 117 117 111 125 114 114 109 108 114 118 107 111 121 107 124 114 119 112 115 115 124 118 122 126 124 115 118 113 100 114 120 104 111 120 101 115 111 112 116 118 125 118 125 110 118 116 119 116 113 104 114 123 121 123 108]
Requests/sec:  6204.73759765625 KB
Transfer/sec:  15391.501936848957 KB

