2023-12-05 16:14:01.09040507 +0800 CST m=+13991.597712930
Running 1m0s myx-test @ https://192.168.12.127:6443/apis/apps/v1/namespaces/myx-test/statefulsets
3 connections
Requests/bytes (per Connection):  [35195812 37570912 35118010]
Response/bytes (per Connection):  [55527120 59274238 55404383]
Requests Number (per Connection):  [3171 3385 3164]
Requests/sec:  1755.93642578125 KB
Transfer/sec:  4526.212158203125 KB

2023-12-05 16:15:41.582555321 +0800 CST m=+14092.089863180
Running 1m0s myx-test @ https://192.168.12.127:6443/apis/apps/v1/namespaces/myx-test/statefulsets
6 connections
Requests/bytes (per Connection):  [32876008 33153502 34474220 33064720 32987004 34329994]
Response/bytes (per Connection):  [51867256 52305047 54388702 52164978 52042370 54161157]
Requests Number (per Connection):  [2962 2987 3106 2979 2972 3093]
Requests/sec:  3269.619921875 KB
Transfer/sec:  8427.97783203125 KB

2023-12-05 16:17:22.374997498 +0800 CST m=+14192.882305354
Running 1m0s myx-test @ https://192.168.12.127:6443/apis/apps/v1/namespaces/myx-test/statefulsets
9 connections
Requests/bytes (per Connection):  [29024594 28092302 29057838 28847058 29235472 27759316 29235550 27970214 29057990]
Response/bytes (per Connection):  [45791021 44320175 45843473 45510925 46123716 43794836 46123833 44127561 45843701]
Requests Number (per Connection):  [2615 2531 2618 2599 2634 2501 2634 2520 2618]
Requests/sec:  4203.781477864583 KB
Transfer/sec:  10835.930582682291 KB

2023-12-05 16:19:02.886189941 +0800 CST m=+14293.393497805
Running 1m0s myx-test @ https://192.168.12.127:6443/apis/apps/v1/namespaces/myx-test/statefulsets
15 connections
Requests/bytes (per Connection):  [20733468 20977660 20933188 20000880 20167376 20766766 20888852 20866602 20744564 19923190 20922160 20833362 19900986 20222848 20822266]
Response/bytes (per Connection):  [32710418 33095670 33025514 31554644 31817318 32762951 32955562 32920463 32727924 31432075 33008110 32868017 31397045 31904836 32850511]
Requests Number (per Connection):  [1868 1890 1886 1802 1817 1871 1882 1880 1869 1795 1885 1877 1793 1822 1876]
Requests/sec:  5024.481901041667 KB
Transfer/sec:  12951.419694010418 KB

2023-12-05 16:20:43.387611151 +0800 CST m=+14393.894919015
Running 1m0s myx-test @ https://192.168.12.127:6443/apis/apps/v1/namespaces/myx-test/statefulsets
30 connections
Requests/bytes (per Connection):  [8013734 7769542 8180158 7802836 7847236 8257814 8046876 8091288 8046876 7891636 7924778 8224630 8169074 8013686 7913830 7791736 8047034 7913732 7625172 7924930 8191198 8013628 8180074 7924928 8013734 7947136 8080224 7858336 7780498 8202390]
Response/bytes (per Connection):  [12642965 12257713 12905531 12310240 12380288 13028049 12695264 12765330 12695264 12450336 12502635 12975687 12888043 12642893 12485351 12292728 12695501 12485204 12029952 12502863 12922953 12642806 12905405 12502860 12642965 12537896 12747872 12397800 12275009 12940603]
Requests Number (per Connection):  [722 700 737 703 707 744 725 729 725 711 714 741 736 722 713 702 725 713 687 714 738 722 737 714 722 716 728 708 701 739]
Requests/sec:  3901.183984375 KB
Transfer/sec:  10055.936686197916 KB

2023-12-05 16:22:23.942086728 +0800 CST m=+14494.449394586
Running 1m0s myx-test @ https://192.168.12.127:6443/apis/apps/v1/namespaces/myx-test/statefulsets
60 connections
Requests/bytes (per Connection):  [4373050 4362060 4384260 4439758 4328760 4251060 4461938 4339864 4406458 4317660 4439758 4284240 4206656 4395222 4295464 4517326 4517456 4406320 4361972 4284366 4539656 4428576 4495258 4417508 4328646 4384188 4206568 4373128 4373128 4384258 4395278 4362060 4495256 4539550 4262038 4506200 4439760 4328726 4417466 4450702 4428660 4317620 4306448 4317618 4428550 4417562 4361928 4406464 4528556 4306560 4339736 4417434 4473058 4350936 4417482 4495174 4350960 4295460 4528454 4373160]
Response/bytes (per Connection):  [6899203 6881856 6916880 7004437 6829320 6706736 7039431 6846838 6951901 6811808 7004437 6759092 6636682 6934185 6776790 7126823 7127018 6951694 6881724 6759281 7162042 6986802 7091997 6969338 6829149 6916772 6636550 6899320 6899320 6916877 6934269 6881856 7091994 7161883 6724065 7109272 7004440 6829269 6969275 7021715 6986928 6811748 6794128 6811745 6986763 6969419 6881658 6951910 7144530 6794296 6846646 6969227 7056973 6864308 6969299 7091871 6864344 6776784 7144377 6899368]
Requests Number (per Connection):  [394 393 395 400 390 383 402 391 397 389 400 386 379 396 387 407 407 397 393 386 409 399 405 398 390 395 379 394 394 395 396 393 405 409 384 406 400 390 398 401 399 389 388 389 399 398 393 397 408 388 391 398 403 392 398 405 392 387 408 394]
Requests/sec:  4286.51396484375 KB
Transfer/sec:  11049.187516276043 KB

2023-12-05 16:24:04.46121812 +0800 CST m=+14594.968525997
Running 1m0s myx-test @ https://192.168.12.127:6443/apis/apps/v1/namespaces/myx-test/statefulsets
90 connections
Requests/bytes (per Connection):  [3085620 2963486 2985686 2963486 2896888 2885866 3085584 2907988 2885868 3007924 2830326 2952390 2830288 2974586 2941304 2930188 2908022 2863592 2874686 2874726 2974650 3063384 2930262 2930186 2996844 2963500 2963552 2908062 2974586 2874690 2908062 2996786 3196582 2952390 3141084 2930188 2841388 2841388 3130020 2985690 2907990 2830288 3063434 2852574 2885790 3052334 2974586 3052284 2952388 2952456 2963500 2885790 2774836 2996786 3007884 2919088 3074484 2941314 2963490 2885866 2985686 2963486 2952406 2974620 2974592 2963552 2985686 2896892 2941290 2896888 2930258 2907988 2785890 3163284 3052284 2808106 2963486 2919158 2985686 2919086 2885788 2985686 2985686 2874688 3118922 3007886 2830288 3018984 2930198 3007884]
Response/bytes (per Connection):  [4868066 4675383 4710407 4675383 4570314 4552919 4868012 4587826 4552922 4745488 4465299 4657877 4465242 4692895 4640386 4622850 4587877 4517784 4535287 4535347 4692991 4832988 4622961 4622847 4728006 4675404 4675482 4587937 4692895 4535293 4587937 4727919 5043129 4657877 4955572 4622850 4482754 4482754 4938114 4710413 4587829 4465242 4833063 4500395 4552805 4815551 4692895 4815476 4657874 4657976 4675404 4552805 4377754 4727919 4745428 4605338 4850500 4640401 4675389 4552919 4710407 4675383 4657901 4692946 4692904 4675482 4710407 4570320 4640365 4570314 4622955 4587826 4395197 4990596 4815476 4430245 4675383 4605443 4710407 4605335 4552802 4710407 4710407 4535290 4920605 4745431 4465242 4762940 4622865 4745428]
Requests Number (per Connection):  [278 267 269 267 261 260 278 262 260 271 255 266 255 268 265 264 262 258 259 259 268 276 264 264 270 267 267 262 268 259 262 270 288 266 283 264 256 256 282 269 262 255 276 257 260 275 268 275 266 266 267 260 250 270 271 263 277 265 267 260 269 267 266 268 268 267 269 261 265 261 264 262 251 285 275 253 267 263 269 263 260 269 269 259 281 271 255 272 264 271]
Requests/sec:  4324.630436197916 KB
Transfer/sec:  11147.439013671876 KB

2023-12-05 16:25:45.050716843 +0800 CST m=+14695.558024711
Running 1m0s myx-test @ https://192.168.12.127:6443/apis/apps/v1/namespaces/myx-test/statefulsets
150 connections
Requests/bytes (per Connection):  [2308628 2108804 2097716 2131004 2153204 1909086 2075506 2042316 2086658 1975764 2186662 2186502 2086626 2142132 2175404 2119904 2175504 2075578 1986736 2086604 2175454 2142104 2042364 2075504 1920228 2175506 2075614 1986774 2097796 2153204 2064406 2075504 2119904 2053352 2053304 2086604 2219952 2231052 2186526 2086634 2042364 1975606 2131104 2075580 2131030 2208702 2119904 2108804 2197760 2086604 2164302 2197760 2175476 2208702 2020022 2008904 2031106 2075504 2097704 2108936 2142142 2242002 2208770 2086632 2020152 2131018 2119972 2075508 2053304 2097856 2020066 2164334 2120060 2053418 2120040 2064458 2064458 2231060 2075504 2131004 2208702 2075652 2131074 2108804 2086606 2086724 2142158 2164304 2131004 2164304 2064404 2242144 2219802 2164320 2042276 1986704 2053424 2153204 2064404 2397534 1997884 2108804 2164302 2020020 2119920 2131004 2131162 2075664 2053304 1997828 2064486 2053314 2086652 2075546 2042204 2131074 2008906 2286400 2164402 2086604 2219928 2053410 2097704 2175442 2097760 2208858 2131002 2131004 2164298 1953484 2097832 2219802 2131100 1986864 2142184 2186498 2042358 2164298 2064404 2175440 2097856 2075504 2053304 2108804 2242126 2031106 2086704 2031262 1997806 2142104]
Response/bytes (per Connection):  [3642238 3326986 3309492 3362010 3397034 3011893 3274453 3222082 3292043 3117082 3449807 3449567 3291995 3379564 3432058 3344498 3432208 3274561 3134402 3291962 3432133 3379522 3222154 3274450 3029468 3432211 3274615 3134459 3309612 3397034 3256941 3274450 3344498 3239498 3239426 3291962 3502328 3519840 3449603 3292007 3222154 3116845 3362160 3274564 3362049 3484591 3344498 3326986 3467316 3291962 3414543 3467316 3432166 3484591 3186917 3169378 3204405 3274450 3309474 3327184 3379579 3537127 3484693 3292004 3187112 3362031 3344600 3274456 3239426 3309702 3186983 3414591 3344732 3239597 3344702 3257019 3257019 3519852 3274450 3362010 3484591 3274672 3362115 3326986 3291965 3292142 3379603 3414546 3362010 3414546 3256938 3537340 3502103 3414570 3222022 3134354 3239606 3397034 3256938 3782493 3151986 3326986 3414543 3186914 3344522 3362010 3362247 3274690 3239426 3151902 3257061 3239441 3292034 3274513 3221914 3362115 3169381 3607172 3414693 3291962 3502292 3239585 3309474 3432115 3309558 3484825 3362007 3362010 3414537 3081938 3309666 3502103 3362154 3134594 3379642 3449561 3222145 3414537 3256938 3432112 3309702 3274450 3239426 3326986 3537313 3204405 3292112 3204639 3151869 3379522]
Requests Number (per Connection):  [208 190 189 192 194 172 187 184 188 178 197 197 188 193 196 191 196 187 179 188 196 193 184 187 173 196 187 179 189 194 186 187 191 185 185 188 200 201 197 188 184 178 192 187 192 199 191 190 198 188 195 198 196 199 182 181 183 187 189 190 193 202 199 188 182 192 191 187 185 189 182 195 191 185 191 186 186 201 187 192 199 187 192 190 188 188 193 195 192 195 186 202 200 195 184 179 185 194 186 216 180 190 195 182 191 192 192 187 185 180 186 185 188 187 184 192 181 206 195 188 200 185 189 196 189 199 192 192 195 176 189 200 192 179 193 197 184 195 186 196 189 187 185 190 202 183 188 183 180 193]
Requests/sec:  5148.38916015625 KB
Transfer/sec:  13270.812386067708 KB

2023-12-05 16:27:25.787256533 +0800 CST m=+14796.294564384
Running 1m0s myx-test @ https://192.168.12.127:6443/apis/apps/v1/namespaces/myx-test/statefulsets
300 connections
Requests/bytes (per Connection):  [1254276 1287530 1398414 1098878 1154376 1220830 1287576 1231960 1087766 1054336 1165382 1065534 1165442 1254182 1342930 1176548 1320716 1243176 1276402 1232016 1209872 1209856 1154264 1243176 1320866 1287574 1187662 1065580 1054480 1165344 1198618 1298608 1287576 1243156 1243176 1209736 1165402 1209720 1265316 1254222 1176502 1165466 1209842 1176462 1243118 1209820 1232076 1076678 1198706 1254228 1276466 1076540 1331880 1243174 1120944 1176534 1265218 1165482 1254266 1143276 1298564 1220976 1120978 1231918 1220976 1098746 1243078 1220950 1065578 1298662 1176518 1220866 1331974 1232076 1165374 1276474 1109882 1176578 1220818 1165320 1176576 1143268 1276454 1276476 1287466 1254276 1287504 1109822 1220976 1354024 1231960 1165478 1165444 1265356 1243176 1220858 1220878 1265218 1087782 1143278 1209844 1232076 1198728 1209870 1154342 1209756 1187618 1065578 1220840 1243082 1198762 1265216 1198650 1198634 1309686 1098864 1132178 1121082 1254276 1187620 1243056 1198716 1154380 1431714 1176542 1187578 1287460 1176420 1265370 1176506 1132178 1132020 1132086 1220976 1198722 1198770 1232076 1276474 1298676 1209718 1298674 1143278 1187676 1220946 1132178 1121082 1231920 1276400 1143282 1054430 1220850 1087650 1209718 1065500 1076678 1243098 1209810 1176522 1209784 1243176 1098878 1198770 1254210 1176578 1198770 1276476 1176576 1209728 1198776 1165476 1187676 1043384 1232076 1209876 1320874 1220844 1087630 1198668 1220976 1187518 1243174 1176528 1154378 1132178 1243174 1165436 1187676 1209794 1209876 1209772 1298676 1243018 1143230 1220850 1176458 1154326 1331966 1087620 1265374 1154354 1098832 1243104 1121076 1298674 1254276 1032160 1165476 1176520 1287448 1287436 1087780 1376372 1176418 1165476 1154328 1132052 1198652 1254230 1098882 1243018 1187676 1121078 1154350 1165318 1276400 1176418 1276394 1187624 1154334 1154380 1154326 1154378 1043232 1154378 1343074 1287576 1320804 1198776 1132178 1109978 1298644 1320724 1154382 1343020 1176436 1198778 1220886 1298642 1143278 1165392 1120980 1121078 1276436 1220840 1254218 1220818 1220976 1187678 1298620 1198776 1276476 1309618 1232076 1265270 1287418 1265354 1187528 1254164 1176478 1198776 1276318 1309738 1132090 1132080 1254276 1065578 1154376 1220978 1132094 1287574 1187634 1243176 1276374 1298676 1209814 1309618 1287454 1220922 1243176 1376374 1143216 1287552 1243032 1187678 1198776 1343064 1098720 1243176 1220818 1120980]
Response/bytes (per Connection):  [1978820 2031287 2206233 1733655 1821212 1926065 2031356 1943622 1716125 1663394 1838583 1681053 1838673 1978679 2118697 1856194 2083652 1961308 2013733 1943706 1908766 1908742 1821044 1961308 2083877 2031353 1873727 1681122 1663610 1838526 1891023 2048766 2031356 1961278 1961308 1908562 1838613 1908538 1996242 1978739 1856125 1838709 1908721 1856065 1961221 1908688 1943796 1698631 1891155 1978748 2013829 1698424 2101260 1961305 1768478 1856173 1996095 1838733 1978805 1803700 2048700 1926284 1768529 1943559 1926284 1733457 1961161 1926245 1681119 2048847 1856149 1926119 2101401 1943796 1838571 2013841 1751023 1856239 1926047 1838490 1856236 1803688 2013811 2013844 2031191 1978820 2031248 1750933 1926284 2136200 1943622 1838727 1838676 1996302 1961308 1926107 1926137 1996095 1716149 1803703 1908724 1943796 1891188 1908763 1821161 1908592 1873661 1681119 1926080 1961167 1891239 1996092 1891071 1891047 2066245 1733634 1786191 1768685 1978820 1873664 1961128 1891170 1821218 2258769 1856185 1873601 2031182 1856002 1996323 1856131 1786191 1785954 1786053 1926284 1891179 1891251 1943796 2013841 2048868 1908535 2048865 1803703 1873748 1926239 1786191 1768685 1943562 2013730 1803709 1663535 1926095 1715951 1908535 1681002 1698631 1961191 1908673 1856155 1908634 1961308 1733655 1891251 1978721 1856239 1891251 2013844 1856236 1908550 1891260 1838724 1873748 1646104 1943796 1908772 2083889 1926086 1715921 1891098 1926284 1873511 1961305 1856164 1821215 1786191 1961305 1838664 1873748 1908649 1908772 1908616 2048868 1961071 1803631 1926095 1856059 1821137 2101389 1715906 1996329 1821179 1733586 1961200 1768676 2048865 1978820 1628406 1838724 1856152 2031164 2031146 1716146 2171446 1855999 1838724 1821140 1786002 1891074 1978751 1733661 1961071 1873748 1768679 1821173 1838487 2013730 1855999 2013721 1873670 1821149 1821218 1821137 1821215 1645876 1821215 2118913 2031356 2083784 1891260 1786191 1751167 2048820 2083664 1821221 2118832 1856026 1891263 1926149 2048817 1803703 1838598 1768532 1768679 2013784 1926080 1978733 1926047 1926284 1873751 2048784 1891260 2013844 2066143 1943796 1996173 2031119 1996299 1873526 1978652 1856089 1891260 2013607 2066323 1786059 1786044 1978820 1681119 1821212 1926287 1786065 2031353 1873685 1961308 2013691 2048868 1908679 2066143 2031173 1926203 1961308 2171449 1803610 2031320 1961092 1873751 1891260 2118898 1733418 1961308 1926047 1768532]
Requests Number (per Connection):  [113 116 126 99 104 110 116 111 98 95 105 96 105 113 121 106 119 112 115 111 109 109 104 112 119 116 107 96 95 105 108 117 116 112 112 109 105 109 114 113 106 105 109 106 112 109 111 97 108 113 115 97 120 112 101 106 114 105 113 103 117 110 101 111 110 99 112 110 96 117 106 110 120 111 105 115 100 106 110 105 106 103 115 115 116 113 116 100 110 122 111 105 105 114 112 110 110 114 98 103 109 111 108 109 104 109 107 96 110 112 108 114 108 108 118 99 102 101 113 107 112 108 104 129 106 107 116 106 114 106 102 102 102 110 108 108 111 115 117 109 117 103 107 110 102 101 111 115 103 95 110 98 109 96 97 112 109 106 109 112 99 108 113 106 108 115 106 109 108 105 107 94 111 109 119 110 98 108 110 107 112 106 104 102 112 105 107 109 109 109 117 112 103 110 106 104 120 98 114 104 99 112 101 117 113 93 105 106 116 116 98 124 106 105 104 102 108 113 99 112 107 101 104 105 115 106 115 107 104 104 104 104 94 104 121 116 119 108 102 100 117 119 104 121 106 108 110 117 103 105 101 101 115 110 113 110 110 107 117 108 115 118 111 114 116 114 107 113 106 108 115 118 102 102 113 96 104 110 102 116 107 112 115 117 109 118 116 110 112 124 103 116 112 107 108 121 99 112 110 101]
Requests/sec:  5890.887239583333 KB
Transfer/sec:  15184.720670572917 KB

