2023-12-06 08:22:36.612683514 +0800 CST m=+42410.777420883
Running 1m0s myx-test @ https://192.168.12.127:6443/api/v1/namespaces
3 connections
Requests/bytes (per Connection):  [3355090 5502418 5921818]
Response/bytes (per Connection):  [4829780 7920980 8524730]
Requests Number (per Connection):  [400 656 706]
Requests/sec:  240.54892578125 KB
Transfer/sec:  586.8296875 KB

2023-12-06 08:40:58.189563759 +0800 CST m=+43512.354301128
Running 1m0s myx-test @ https://192.168.12.127:6443/api/v1/namespaces
6 connections
Requests/bytes (per Connection):  [4177114 4730722 2549842 2533066 4210666 4755886]
Response/bytes (per Connection):  [6013130 6810080 3670580 3646430 6061430 6846305]
Requests Number (per Connection):  [498 564 304 302 502 567]
Requests/sec:  373.65390625 KB
Transfer/sec:  911.543798828125 KB

2023-12-06 09:00:32.320805294 +0800 CST m=+44686.485542671
Running 1m0s myx-test @ https://192.168.12.127:6443/api/v1/namespaces
9 connections
Requests/bytes (per Connection):  [2197546 3304762 3992578 2180770 4000966 4017742 2197546 3338314 3321538]
Response/bytes (per Connection):  [3163430 4757330 5747480 3139280 5759555 5783705 3163430 4805630 4781480]
Requests Number (per Connection):  [262 394 476 260 477 479 262 398 396]
Requests/sec:  464.70966796875 KB
Transfer/sec:  1133.67646484375 KB

2023-12-06 09:20:52.085496 +0800 CST m=+45906.250233371
Running 1m0s myx-test @ https://192.168.12.127:6443/api/v1/namespaces
15 connections
Requests/bytes (per Connection):  [3589954 3053122 1870414 3598342 3606730 1862026 1853638 3564790 3036346 3078286 3103820 3070264 1887415 1837081 3581993]
Response/bytes (per Connection):  [5167880 4395080 2692505 5179955 5192030 2680430 2668355 5131655 4370930 4431305 4468270 4419962 2717105 2644643 5156659]
Requests Number (per Connection):  [428 364 223 429 430 222 221 425 362 367 370 366 225 219 427]
Requests/sec:  693.2653157552083 KB
Transfer/sec:  1691.259521484375 KB

2023-12-06 09:42:57.251959828 +0800 CST m=+47231.416697200
Running 1m0s myx-test @ https://192.168.12.127:6443/api/v1/namespaces
30 connections
Requests/bytes (per Connection):  [1274866 2340142 2373694 2155606 2390470 1258090 1258090 2172382 1249702 1274866 2181030 2365588 1249851 2382366 2172641 2147474 2172641 2348810 1258240 2365588 2172641 2365588 2357199 1249851 2357199 1249851 2155863 1249851 2172641 2172641]
Response/bytes (per Connection):  [1835180 3368705 3417005 3103055 3441155 1811030 1811030 3127205 1798955 1835180 3139800 3405494 1799253 3429648 3127723 3091492 3127723 3381340 1811330 3405494 3127723 3405494 3393417 1799253 3393417 1799253 3103569 1799253 3127723 3127723]
Requests Number (per Connection):  [152 279 283 257 285 150 150 259 149 152 260 282 149 284 259 256 259 280 150 282 259 282 281 149 281 149 257 149 259 259]
Requests/sec:  942.3089518229167 KB
Transfer/sec:  2298.8294921875 KB

2023-12-06 10:11:08.34266139 +0800 CST m=+360.741195926
Running 1m0s myx-test @ https://192.168.12.127:6443/api/v1/namespaces
60 connections
Requests/bytes (per Connection):  [1300030 1300030 1291642 1308418 1266478 637402 1182598 637402 1190986 1291642 637478 1182739 620702 1182739 1300185 1174350 1191128 637478 629090 1182739 1191128 629090 629090 1275018 1291796 1174350 1316963 1275018 1182739 1182739 654254 1342130 1350519 1258240 654254 1283407 1266629 1266629 1258240 654254 654254 662642 1350519 654254 654254 1358908 1350519 1350519 645866 1258240 1258240 654254 1358908 654254 1333741 1241462 654254 1358908 662642 1249851]
Response/bytes (per Connection):  [1366285 1366285 1342730 1366880 1306505 687928 1185755 687928 1197830 1342730 688080 1197517 686890 1197517 1355115 1173960 1198114 688080 687485 1186037 1198114 687485 687485 1318884 1343038 1173960 1379269 1318884 1186037 1186037 941830 1932100 1944177 1811330 941830 1847561 1823407 1823407 1811330 941830 941830 953905 1944177 941830 941830 1956254 1944177 1944177 929755 1811330 1811330 941830 1956254 941830 1920023 1787176 941830 1956254 953905 1799253]
Requests Number (per Connection):  [155 155 154 156 151 76 141 76 142 154 76 141 74 141 155 140 142 76 75 141 142 75 75 152 154 140 157 152 141 141 78 160 161 150 78 153 151 151 150 78 78 79 161 78 78 162 161 161 77 150 150 78 162 78 159 148 78 162 79 149]
Requests/sec:  1035.9412760416667 KB
Transfer/sec:  2314.043424479167 KB

2023-12-06 10:33:42.629717176 +0800 CST m=+361.027719113
Running 1m0s myx-test @ https://192.168.12.127:6443/api/v1/namespaces
90 connections
Requests/bytes (per Connection):  [427727 880630 419340 872242 796755 880630 796755 805142 796755 427727 427778 427778 796850 796850 805238 880735 813626 872346 419390 796850 863957 419390 880735 872346 863957 872346 436166 427778 872346 427778 780074 763298 427778 419390 754910 830402 427778 754910 419390 419390 419390 771686 411002 419390 780074 763298 763298 419390 763298 763298 838790 855568 838790 419390 830402 754910 855568 763298 855568 838790 427778 805238 872346 880735 796850 872346 872346 880735 419390 427778 805238 427778 872346 796850 419390 805238 419390 880735 805238 427778 880735 805238 427778 805238 427778 419390 880735 805238 880735 889124]
Response/bytes (per Connection):  [615703 1267655 603630 1255580 1146915 1267655 1146915 1158988 1146915 615703 615805 615805 1147105 1147105 1159180 1267865 1171255 1255788 603730 1147105 1243711 603730 1267865 1255788 1243711 1255788 627880 615805 1255788 615805 790035 616645 569885 557810 753810 621405 569885 616050 557810 557810 557810 766480 545735 557810 790035 616645 616645 557810 777365 616645 622000 898714 622000 557810 609925 616050 887234 616645 875754 610520 615805 1159180 1255788 1267865 1147105 1255788 1255788 1267865 603730 615805 1159180 615805 1255788 1147105 603730 1159180 603730 1267865 1159180 615805 1267865 1159180 615805 1159180 615805 603730 1267865 1159180 1267865 1279942]
Requests Number (per Connection):  [51 105 50 104 95 105 95 96 95 51 51 51 95 95 96 105 97 104 50 95 103 50 105 104 103 104 52 51 104 51 93 91 51 50 90 99 51 90 50 50 50 92 49 50 93 91 91 50 91 91 100 102 100 50 99 90 102 91 102 100 51 96 104 105 95 104 104 105 50 51 96 51 104 95 50 96 50 105 96 51 105 96 51 96 51 50 105 96 105 106]
Requests/sec:  1014.6154459635417 KB
Transfer/sec:  2321.606884765625 KB

2023-12-06 11:15:40.75885011 +0800 CST m=+61.620984024
Running 1m0s myx-test @ https://192.168.12.127:6443/api/v1/namespaces
150 connections
Requests/bytes (per Connection):  [251600 519984 519984 436114 519984 519984 251600 511597 436114 519984 251630 427778 251630 251630 436166 260018 436166 260018 520046 251630 427778 520046 528434 520046 436166 520046 436166 260018 444554 260018 520046 520046 520046 520046 427778 528434 251630 260018 520046 251630 520046 436166 436166 436166 444554 251630 520046 520046 436166 436166 528434 251630 427778 436166 436166 436166 520046 436166 520046 251630 251630 520046 436166 520046 520046 520046 520046 260018 528434 520046 436166 436166 251630 260018 528434 427778 436166 260018 520046 520046 260018 251630 251630 260018 251630 427778 436166 520046 251630 260018 520046 520046 511658 251630 251630 427778 251630 427778 436166 427778 251660 436218 436218 520108 436218 251660 251660 251660 520108 520108 251660 427829 251660 260049 520108 436218 436218 260049 427829 520108 520108 260049 427829 520108 520108 251660 427829 260049 427829 260049 436218 436218 436218 251660 251660 520108 251660 436218 260049 511719 520108 436218 427829 251660 511719 444607 251660 436218 260049 520108]
Response/bytes (per Connection):  [362170 748506 748506 627776 748506 748506 362170 736433 627776 748506 362230 615805 362230 362230 627880 374305 627880 374305 748630 362230 615805 748630 760705 748630 627880 748630 627880 374305 639955 374305 748630 748630 748630 748630 615805 760705 362230 374305 748630 362230 748630 627880 627880 627880 639955 362230 748630 748630 627880 627880 760705 362230 615805 627880 627880 627880 748630 627880 748630 362230 362230 748630 627880 748630 748630 748630 748630 374305 760705 748630 627880 627880 362230 374305 760705 615805 627880 374305 748630 748630 374305 362230 362230 374305 362230 615805 627880 748630 362230 374305 748630 748630 736555 362230 362230 615805 362230 615805 627880 615805 362290 627984 627984 748754 627984 362290 362290 362290 748754 748754 362290 615907 362290 374367 748754 627984 627984 374367 615907 748754 748754 374367 615907 748754 748754 362290 615907 374367 615907 374367 627984 627984 627984 362290 362290 748754 362290 627984 374367 736677 748754 627984 615907 362290 736677 640061 362290 627984 374367 748754]
Requests Number (per Connection):  [30 62 62 52 62 62 30 61 52 62 30 51 30 30 52 31 52 31 62 30 51 62 63 62 52 62 52 31 53 31 62 62 62 62 51 63 30 31 62 30 62 52 52 52 53 30 62 62 52 52 63 30 51 52 52 52 62 52 62 30 30 62 52 62 62 62 62 31 63 62 52 52 30 31 63 51 52 31 62 62 31 30 30 31 30 51 52 62 30 31 62 62 61 30 30 51 30 51 52 51 30 52 52 62 52 30 30 30 62 62 30 51 30 31 62 52 52 31 51 62 62 31 51 62 62 30 51 31 51 31 52 52 52 30 30 62 30 52 31 61 62 52 51 30 61 53 30 52 31 62]
Requests/sec:  983.9289225260417 KB
Transfer/sec:  2400.352734375 KB

2023-12-06 12:15:13.04072658 +0800 CST m=+62.852079432
Running 1m0s myx-test @ https://192.168.12.127:6443/api/v1/namespaces
300 connections
Requests/bytes (per Connection):  [226439 259987 259987 276761 142569 125795 259987 285148 134182 134182 142586 134198 218078 226466 268406 134198 142586 276794 260018 234854 243242 134198 276794 276794 226466 234854 234854 260018 276794 142586 285182 142586 260018 134198 243242 234854 285182 260018 134198 285182 218078 125810 276794 134198 260018 226466 134198 218078 276794 226466 268406 243242 134198 226466 251630 134198 134198 142586 142586 260018 226466 134198 243242 125810 243242 276794 268406 125810 234854 226466 142586 234854 226466 268406 226466 268406 234854 134198 134198 134198 234854 234854 260018 234854 276794 268406 125810 134198 276794 134198 134198 268406 134198 218078 142586 134198 276794 134198 226466 142586 134214 251660 142603 226493 260049 134214 142603 268438 226493 218104 125825 226493 260049 134214 134214 268438 268438 134214 268438 234882 134214 260049 134214 134214 251660 260049 142603 276827 251660 260049 234882 234882 276827 276827 134214 226493 134214 276827 218104 226493 276827 268438 234882 285216 134214 226493 260049 234882 260049 268438 134214 125825 234882 234882 260049 226493 234882 125825 134214 260049 134214 234882 268438 226493 234882 142603 234882 234882 268438 134214 234882 134214 276827 125825 134214 134214 226493 243271 293605 234882 234882 285216 268438 234882 218104 251660 218104 134214 268438 285216 125825 134214 218104 134214 268438 125825 142603 226493 134214 226493 142603 260049 226493 234882 142603 276827 251660 226493 276827 218104 285216 260049 268438 134214 234882 276827 234882 134214 260049 234882 142603 234882 243271 226493 260049 234882 125825 134214 218104 243271 218104 142603 268438 260049 268438 293605 218104 226493 226493 234882 134214 134214 260049 268438 218104 125825 251660 226493 243271 243271 226493 268438 226493 226493 260049 226493 293605 234882 234882 251660 134214 234882 134214 134214 134214 134214 134214 285216 134214 234882 125825 260049 226493 218104 276827 134214 134214 234882 226493 134214 125825 134214 251660 134214 268438 276827 234882 142603 234882 134214 134214 226493 134214 276827 276827 134214 226493 234882 226493 268438]
Response/bytes (per Connection):  [325951 374243 374243 398389 205221 181075 374243 410462 193148 193148 205255 193180 313930 326005 386380 193180 205255 398455 374305 338080 350155 193180 398455 398455 326005 338080 338080 374305 398455 205255 410530 205255 374305 193180 350155 338080 410530 374305 193180 410530 313930 181105 398455 193180 374305 326005 193180 313930 398455 326005 386380 350155 193180 326005 362230 193180 193180 205255 205255 374305 326005 193180 350155 181105 350155 398455 386380 181105 338080 326005 205255 338080 326005 386380 326005 386380 338080 193180 193180 193180 338080 338080 374305 338080 398455 386380 181105 193180 398455 193180 193180 386380 193180 313930 205255 193180 398455 193180 326005 205255 193212 362290 205289 326059 374367 193212 205289 386444 326059 313982 181135 326059 374367 193212 193212 386444 386444 193212 386444 338136 193212 374367 193212 193212 362290 374367 205289 398521 362290 374367 338136 338136 398521 398521 193212 326059 193212 398521 313982 326059 398521 386444 338136 410598 193212 326059 374367 338136 374367 386444 193212 181135 338136 338136 374367 326059 338136 181135 193212 374367 193212 338136 386444 326059 338136 205289 338136 338136 386444 193212 338136 193212 398521 181135 193212 193212 326059 350213 422675 338136 338136 410598 386444 338136 313982 362290 313982 193212 386444 410598 181135 193212 313982 193212 386444 181135 205289 326059 193212 326059 205289 374367 326059 338136 205289 398521 362290 326059 398521 313982 410598 374367 386444 193212 338136 398521 338136 193212 374367 338136 205289 338136 350213 326059 374367 338136 181135 193212 313982 350213 313982 205289 386444 374367 386444 422675 313982 326059 326059 338136 193212 193212 374367 386444 313982 181135 362290 326059 350213 350213 326059 386444 326059 326059 374367 326059 422675 338136 338136 362290 193212 338136 193212 193212 193212 193212 193212 410598 193212 338136 181135 374367 326059 313982 398521 193212 193212 338136 326059 193212 181135 193212 362290 193212 386444 398521 338136 205289 338136 193212 193212 326059 193212 398521 398521 193212 326059 338136 326059 386444]
Requests Number (per Connection):  [27 31 31 33 17 15 31 34 16 16 17 16 26 27 32 16 17 33 31 28 29 16 33 33 27 28 28 31 33 17 34 17 31 16 29 28 34 31 16 34 26 15 33 16 31 27 16 26 33 27 32 29 16 27 30 16 16 17 17 31 27 16 29 15 29 33 32 15 28 27 17 28 27 32 27 32 28 16 16 16 28 28 31 28 33 32 15 16 33 16 16 32 16 26 17 16 33 16 27 17 16 30 17 27 31 16 17 32 27 26 15 27 31 16 16 32 32 16 32 28 16 31 16 16 30 31 17 33 30 31 28 28 33 33 16 27 16 33 26 27 33 32 28 34 16 27 31 28 31 32 16 15 28 28 31 27 28 15 16 31 16 28 32 27 28 17 28 28 32 16 28 16 33 15 16 16 27 29 35 28 28 34 32 28 26 30 26 16 32 34 15 16 26 16 32 15 17 27 16 27 17 31 27 28 17 33 30 27 33 26 34 31 32 16 28 33 28 16 31 28 17 28 29 27 31 28 15 16 26 29 26 17 32 31 32 35 26 27 27 28 16 16 31 32 26 15 30 27 29 29 27 32 27 27 31 27 35 28 28 30 16 28 16 16 16 16 16 34 16 28 15 31 27 26 33 16 16 28 27 16 15 16 30 16 32 33 28 17 28 16 16 27 16 33 33 16 27 28 27 32]
Requests/sec:  1029.6891438802083 KB
Transfer/sec:  2512.001318359375 KB

