2023-12-27 06:50:51.062180637 +0000 UTC m=+61302.273616448
Running 1m0s myx-test @ https://192.168.12.127:6443/api/v1/namespaces/myx-test/secrets
3 connections
Requests/bytes (per Connection):  [10164090 10164090 10164090]
Response/bytes (per Connection):  [14436090 14436090 14436090]
Requests Number (per Connection):  [1200 1200 1200]
Requests/sec:  496.29345703125 KB
Transfer/sec:  1201.1806640625 KB

2023-12-27 06:58:35.119669966 +0000 UTC m=+61766.331105718
Running 1m0s myx-test @ https://192.168.12.127:6443/api/v1/namespaces/myx-test/secrets
6 connections
Requests/bytes (per Connection):  [10164090 10164090 10164090 10164090 10164090 10164090]
Response/bytes (per Connection):  [14436090 14436090 14436090 14436090 14436090 14436090]
Requests Number (per Connection):  [1200 1200 1200 1200 1200 1200]
Requests/sec:  992.5869140625 KB
Transfer/sec:  2402.361328125 KB

2023-12-27 07:06:35.109004513 +0000 UTC m=+62246.320440257
Running 1m0s myx-test @ https://192.168.12.127:6443/api/v1/namespaces/myx-test/secrets
9 connections
Requests/bytes (per Connection):  [10155619 10164090 10164090 10155619 10155619 10164090 10164090 10164090 10164090]
Response/bytes (per Connection):  [14424059 14436090 14436090 14424059 14424059 14436090 14436090 14436090 14436090]
Requests Number (per Connection):  [1199 1200 1200 1199 1199 1200 1200 1200 1200]
Requests/sec:  1488.466748046875 KB
Transfer/sec:  3602.54091796875 KB

2023-12-27 07:14:59.532392504 +0000 UTC m=+62750.743828254
Running 1m0s myx-test @ https://192.168.12.127:6443/api/v1/namespaces/myx-test/secrets
15 connections
Requests/bytes (per Connection):  [10155619 10155619 10164090 10155619 10164090 10155619 10164090 10164090 10164090 10164090 10165290 10165290 10165290 10165290 10165290]
Response/bytes (per Connection):  [14424059 14424059 14436090 14424059 14436090 14424059 14436090 14436090 14436090 14436090 14437290 14437290 14437290 14437290 14437290]
Requests Number (per Connection):  [1199 1199 1200 1199 1200 1199 1200 1200 1200 1200 1200 1200 1200 1200 1200]
Requests/sec:  2481.0134440104166 KB
Transfer/sec:  6004.7638671875 KB

2023-12-27 07:23:37.135603842 +0000 UTC m=+63268.347039585
Running 1m0s myx-test @ https://192.168.12.127:6443/api/v1/namespaces/myx-test/secrets
30 connections
Requests/bytes (per Connection):  [10164090 10164090 10164090 10164090 10164090 10164090 10164090 10164090 10164090 10164090 10165290 10165290 10165290 10165290 10165290 10165290 10165290 10165290 10165290 10165290 10165290 10165290 10165290 10165290 10165290 10165290 10165290 10165290 10165290 10165290]
Response/bytes (per Connection):  [14134996 13949705 14088672 14007609 14053929 14053930 14007604 14042346 14007607 14111829 14078259 14055100 13962442 14043515 13904534 13985606 13974024 14066680 14043517 14020351 14113007 14055097 14055096 13962445 14066679 14020354 14170913 14055097 13962444 14066675]
Requests Number (per Connection):  [1200 1200 1200 1200 1200 1200 1200 1200 1200 1200 1200 1200 1200 1200 1200 1200 1200 1200 1200 1200 1200 1200 1200 1200 1200 1200 1200 1200 1200 1200]
Requests/sec:  4963.3251953125 KB
Transfer/sec:  11817.49287109375 KB

2023-12-27 07:32:37.158157657 +0000 UTC m=+63808.369593412
Running 1m0s myx-test @ https://192.168.12.127:6443/api/v1/namespaces/myx-test/secrets
60 connections
Requests/bytes (per Connection):  [10130206 10130206 10130206 10130206 10130206 10130206 10130206 10130206 10130206 10130206 10131402 10131402 10131402 10131402 10131402 10131402 10131402 10131402 10131402 10131402 10131402 10131402 10131402 10131402 10131402 10131402 10131402 10131402 10131402 10131402 10131402 10131402 10131402 10131402 10122930 10131402 10122930 10131402 10131402 10122930 10131402 10122930 10131402 10122930 10131402 10131402 10122930 10131402 10122930 10122930 10122930 10114458 10114458 10131402 10122930 10114458 10114458 10114458 10131402 10131402]
Response/bytes (per Connection):  [9014325 8261553 9164883 8388952 8875359 8724781 9292287 8319439 8551070 8713208 8806577 9130868 8621261 9061399 8493854 8621287 8806573 8053756 8366458 8609676 8088488 8435957 8690752 9130861 8354861 8609700 8401207 8713929 9397277 8876084 8262229 8818162 8250641 8737095 8667136 8632858 8945110 8910822 8389619 8817742 8296960 8261781 8876084 8991435 9119304 8378042 8516585 8505431 8551334 8771398 8157535 8249725 8284484 7891604 8273350 8400319 8492984 9048913 9258277 9397296]
Requests Number (per Connection):  [1196 1196 1196 1196 1196 1196 1196 1196 1196 1196 1196 1196 1196 1196 1196 1196 1196 1196 1196 1196 1196 1196 1196 1196 1196 1196 1196 1196 1196 1196 1196 1196 1196 1196 1195 1196 1195 1196 1196 1195 1196 1195 1196 1195 1196 1196 1195 1196 1195 1195 1195 1194 1194 1196 1195 1194 1194 1194 1196 1196]
Requests/sec:  9890.994791666666 KB
Transfer/sec:  18333.88113606771 KB

