2023-12-01 16:46:22.007758404 +0800 CST m=+1312.768599390
Running 1m0s myx-test @ https://192.168.12.127:6443/api/v1/namespaces/myx-test/configmaps
3 connections
Requests/bytes (per Connection):  [20453987 19004408 17810637]
Response/bytes (per Connection):  [26475809 24599462 23054235]
Requests Number (per Connection):  [5757 5349 5013]
Requests/sec:  932.1131510416667 KB
Transfer/sec:  2138.6480794270833 KB

2023-12-01 16:48:32.378169062 +0800 CST m=+1443.139010043
Running 1m0s myx-test @ https://192.168.12.127:6443/api/v1/namespaces/myx-test/configmaps
6 connections
Requests/bytes (per Connection):  [27499368 29226074 26685755 26554300 27502922 29506749]
Response/bytes (per Connection):  [35595408 37830470 34542261 34372104 35600008 38193779]
Requests Number (per Connection):  [7740 8226 7511 7474 7741 8305]
Requests/sec:  2717.694791666667 KB
Transfer/sec:  6235.50126953125 KB

2023-12-01 16:50:42.788231323 +0800 CST m=+1573.549072298
Running 1m0s myx-test @ https://192.168.12.127:6443/api/v1/namespaces/myx-test/configmaps
9 connections
Requests/bytes (per Connection):  [22727837 22955224 20262132 21239176 21224965 20198180 22948118 20255028 21271152]
Response/bytes (per Connection):  [29419099 29713430 26227470 27492164 27473769 26144690 29704232 26218274 27533554]
Requests Number (per Connection):  [6397 6461 5703 5978 5974 5685 6459 5701 5987]
Requests/sec:  3142.6076171875 KB
Transfer/sec:  7210.42470703125 KB

2023-12-01 16:52:53.156777184 +0800 CST m=+1703.917618176
Running 1m0s myx-test @ https://192.168.12.127:6443/api/v1/namespaces/myx-test/configmaps
15 connections
Requests/bytes (per Connection):  [15614951 15629161 14588166 16172754 14605931 14570402 15735751 14645013 16101696 16066167 14520661 16119463 15629163 15881420 15721538]
Response/bytes (per Connection):  [20212121 20230515 18883042 20934146 18906037 18860048 20368485 18956625 20842168 20796179 18795663 20865165 20230517 20557040 20350088]
Requests Number (per Connection):  [4395 4399 4106 4552 4111 4101 4429 4122 4532 4522 4087 4537 4399 4470 4425]
Requests/sec:  3769.567659505208 KB
Transfer/sec:  8648.927018229168 KB

2023-12-01 16:55:03.606362415 +0800 CST m=+1834.367203391
Running 1m0s myx-test @ https://192.168.12.127:6443/api/v1/namespaces/myx-test/configmaps
30 connections
Requests/bytes (per Connection):  [9770446 9766895 9059868 8981708 9848611 9727812 9649652 8921305 9749129 9802423 9884140 9898352 8978155 9706494 9063422 9631885 9653200 9791767 9638991 9603462 9681626 9688729 9045657 8931964 8917754 9774000 9653202 9059870 9052765 9777552]
Response/bytes (per Connection):  [12646946 12642349 11727168 11625996 12748123 12591760 12490588 11547811 12619353 12688337 12794112 12812508 11621397 12564166 11731768 12467591 12495182 12674543 12476789 12430800 12531976 12541171 11708773 11561608 11543214 12651546 12495184 11727170 11717973 12656144]
Requests Number (per Connection):  [2750 2749 2550 2528 2772 2738 2716 2511 2744 2759 2782 2786 2527 2732 2551 2711 2717 2756 2713 2703 2725 2727 2546 2514 2510 2751 2717 2550 2548 2752]
Requests/sec:  4633.9654296875 KB
Transfer/sec:  10632.208365885417 KB

2023-12-01 16:57:14.004055822 +0800 CST m=+1964.764896795
Running 1m0s myx-test @ https://192.168.12.127:6443/api/v1/namespaces/myx-test/configmaps
60 connections
Requests/bytes (per Connection):  [5201430 5780555 5570931 5499872 5329337 5684626 5318679 5265381 5773445 5389735 5641989 5578038 5777000 5549615 5663304 5641989 5716601 5339992 5517639 5574483 5411050 5268933 5482108 5467897 5563826 5418156 5617121 5894244 5279592 5929774 5535402 5229854 5688175 5610011 5801870 5446583 5268935 5236959 5681069 5087740 5666857 5247618 5560274 5226301 5727257 5489214 5578036 5791209 5535404 5329334 5538955 5059318 5187220 5713049 5151690 5833845 5713046 5322231 5695285 5752131]
Response/bytes (per Connection):  [6732774 7482397 7211059 7119080 6898337 7358226 6884541 6815553 7473195 6976517 7303037 7220258 7477796 7183467 7330628 7303037 7399615 6912130 7142077 7215657 7004108 6820151 7096086 7077691 7201862 7013306 7270847 7629558 6833948 7675548 7165070 6769566 7362821 7261645 7509988 7050101 6820153 6778763 7353623 6585612 7335227 6792560 7197264 6764967 7413409 7105284 7220256 7496189 7165072 6898334 7169669 6548822 6714380 7395017 6668390 7551377 7395014 6889139 7372023 7445605]
Requests Number (per Connection):  [1464 1627 1568 1548 1500 1600 1497 1482 1625 1517 1588 1570 1626 1562 1594 1588 1609 1503 1553 1569 1523 1483 1543 1539 1566 1525 1581 1659 1486 1669 1558 1472 1601 1579 1633 1533 1483 1474 1599 1432 1595 1477 1565 1471 1612 1545 1570 1630 1558 1500 1559 1424 1460 1608 1450 1642 1608 1498 1603 1619]
Requests/sec:  5384.964420572916 KB
Transfer/sec:  12355.306640625 KB

2023-12-01 16:59:24.386919738 +0800 CST m=+2095.147760722
Running 1m0s myx-test @ https://192.168.12.127:6443/api/v1/namespaces/myx-test/configmaps
90 connections
Requests/bytes (per Connection):  [3847780 3755406 3616842 3549338 3702110 3766065 3812253 3808698 3591972 3609737 3879756 3513808 3613289 3812253 3755406 3975682 3865546 3638160 3851331 3478279 3876203 3524467 3531573 3684348 3591970 3762512 3655924 3556442 3574208 3584867 3641713 3382350 3606184 3577760 3556443 3677242 3861991 3787380 3631054 3695006 3602631 3901073 3790935 3744747 3691453 3801592 3599078 3478279 3595525 3577760 3684348 3524466 3783827 3581311 3449858 3687900 3755404 3652371 3510256 3766062 3780276 3663030 3577760 3691454 3790934 3769617 3606183 3687900 3535126 3410778 3506702 3780275 3673689 3773168 3641713 3638158 3673689 3638158 3488939 3503150 3485385 3588419 3481832 3663030 3513808 3471173 3716322 3591972 3577760 3748300]
Response/bytes (per Connection):  [4980598 4861028 4681670 4594292 4792042 4874825 4934611 4930010 4649478 4672473 5021988 4548302 4677071 4934611 4861028 5146156 5003594 4709264 4985195 4502313 5017389 4562099 4571297 4769050 4649476 4870226 4732258 4603488 4626484 4640281 4713863 4378142 4667874 4631082 4603489 4759852 4998993 4902416 4700066 4782846 4663275 5049581 4907017 4847231 4778247 4920812 4658676 4502313 4654077 4631082 4769050 4562098 4897817 4635679 4465524 4773648 4861026 4727659 4543704 4874822 4893220 4741456 4631082 4778248 4907016 4879423 4667873 4773648 4575896 4414938 4539104 4893219 4755253 4884020 4713863 4709262 4755253 4709262 4516111 4534506 4511511 4644879 4506912 4741456 4548302 4493115 4810438 4649478 4631082 4851830]
Requests Number (per Connection):  [1083 1057 1018 999 1042 1060 1073 1072 1011 1016 1092 989 1017 1073 1057 1119 1088 1024 1084 979 1091 992 994 1037 1011 1059 1029 1001 1006 1009 1025 952 1015 1007 1001 1035 1087 1066 1022 1040 1014 1098 1067 1054 1039 1070 1013 979 1012 1007 1037 992 1065 1008 971 1038 1057 1028 988 1060 1064 1031 1007 1039 1067 1061 1015 1038 995 960 987 1064 1034 1062 1025 1024 1034 1024 982 986 981 1010 980 1031 989 977 1046 1011 1007 1055]
Requests/sec:  5355.646549479166 KB
Transfer/sec:  12288.03935546875 KB

2023-12-01 17:01:34.925728175 +0800 CST m=+2225.686569151
Running 1m0s myx-test @ https://192.168.12.127:6443/api/v1/namespaces/myx-test/configmaps
150 connections
Requests/bytes (per Connection):  [2696643 2590058 2654010 2689537 2742830 2590055 2778359 2654008 2654008 2579400 2622032 2685986 2664667 2764150 2636243 2710854 2650458 2671772 2607820 2582951 2636244 2540314 2636243 2749936 2820995 2696643 2671772 2888502 2746385 2689539 2618480 2774807 2682431 2575844 2760597 2558081 2632690 2742831 2586504 2540315 2767701 2817443 2693091 2774807 2714407 2739278 2607823 2618478 2689537 2643349 2611375 2590057 2593612 2689537 2689537 2607822 2632691 2582952 2806783 2671775 2799675 2646904 2742830 2774807 2547423 2678878 2803230 2863628 2629141 2604269 2767701 2540315 2661114 2568740 2835207 2618481 2685988 2778362 2693090 2799675 2558081 2881394 2700197 2661114 2664666 2675325 2572291 2767701 2778359 2689538 2607820 2518999 2572293 2540317 2678878 2629139 2671772 2693090 2824548 2803230 2714407 2675328 2547423 2629142 2735725 2629139 2714410 2668221 2550973 2618481 2668222 2558080 2668222 2625585 2678880 2742831 2650457 2643349 2622032 2767701 2565187 2696643 2597163 2561636 2664669 2554527 2796124 2547422 2714411 2568740 2586505 2487023 2707301 2820995 2575846 2753489 2437282 2714409 2725066 2558083 2671776 2590058 2536762 2817441 2515447 2742833 2696643 2611373 2632690 2547422]
Response/bytes (per Connection):  [3490557 3352592 3435372 3481359 3550342 3352589 3596331 3435370 3435370 3338796 3393980 3476762 3449167 3577938 3412375 3508952 3430774 3458364 3375584 3343393 3412376 3288204 3412375 3559540 3651519 3490557 3458364 3738900 3554943 3481361 3389382 3591733 3472161 3334194 3573339 3311201 3407776 3550343 3347992 3288205 3582535 3646921 3485959 3591733 3513551 3545744 3375587 3389380 3481359 3421573 3380185 3352591 3357192 3481359 3481359 3375586 3407777 3343394 3633123 3458367 3623923 3426174 3550342 3591733 3297405 3467562 3628524 3706704 3403181 3370987 3582535 3288205 3444568 3324998 3669915 3389383 3476764 3596334 3485958 3623923 3311201 3729700 3495157 3444568 3449166 3462963 3329595 3582535 3596331 3481360 3375584 3260613 3329597 3288207 3467562 3403179 3458364 3485958 3656118 3628524 3513551 3462966 3297405 3403182 3541145 3403179 3513554 3453767 3302001 3389383 3453768 3311200 3453768 3398579 3467564 3550343 3430773 3421573 3393980 3582535 3320399 3490557 3361789 3315802 3449169 3306601 3619326 3297404 3513555 3324998 3347993 3219223 3504353 3651519 3334196 3564139 3154838 3513553 3527348 3311203 3458368 3352592 3283606 3646919 3256015 3550345 3490557 3380183 3407776 3297404]
Requests Number (per Connection):  [759 729 747 757 772 729 782 747 747 726 738 756 750 778 742 763 746 752 734 727 742 715 742 774 794 759 752 813 773 757 737 781 755 725 777 720 741 772 728 715 779 793 758 781 764 771 734 737 757 744 735 729 730 757 757 734 741 727 790 752 788 745 772 781 717 754 789 806 740 733 779 715 749 723 798 737 756 782 758 788 720 811 760 749 750 753 724 779 782 757 734 709 724 715 754 740 752 758 795 789 764 753 717 740 770 740 764 751 718 737 751 720 751 739 754 772 746 744 738 779 722 759 731 721 750 719 787 717 764 723 728 700 762 794 725 775 686 764 767 720 752 729 714 793 708 772 759 735 741 717]
Requests/sec:  6509.583870442709 KB
Transfer/sec:  14935.64267578125 KB

2023-12-01 17:03:45.371921417 +0800 CST m=+2356.132762400
Running 1m0s myx-test @ https://192.168.12.127:6443/api/v1/namespaces/myx-test/configmaps
300 connections
Requests/bytes (per Connection):  [1414052 1655646 1442472 1499320 1517084 1531294 1488661 1538402 1545508 1648542 1481555 1431815 1584587 1538400 1502871 1524190 1623672 1609460 1488659 1531294 1492213 1524189 1552613 1662754 1502871 1513532 1602355 1573930 1545506 1534849 1652095 1563273 1545508 1513531 1478005 1485107 1460240 1566823 1517083 1506424 1499318 1470896 1588143 1573930 1502875 1549059 1506428 1616566 1485108 1474448 1541955 1438918 1556165 1513529 1499318 1438922 1463789 1566824 1527743 1460238 1449582 1438920 1549059 1453132 1591694 1485109 1563270 1627225 1545508 1570378 1403392 1581037 1581035 1414048 1517084 1613011 1463791 1513532 1470898 1509978 1556167 1417601 1502873 1474450 1463791 1520635 1513531 1559719 1509978 1406947 1517085 1556167 1470897 1502873 1371414 1499322 1545506 1534848 1474450 1502871 1570379 1449577 1609457 1527741 1499320 1538401 1534849 1556165 1552612 1474449 1669859 1453130 1492213 1591694 1406947 1524189 1541955 1431815 1549061 1431813 1474448 1531296 1442474 1463791 1456683 1520636 1534851 1666303 1616566 1563271 1463789 1563270 1552613 1616566 1545508 1669857 1453134 1492214 1559717 1591695 1421156 1453130 1570378 1438920 1513530 1566825 1410496 1524190 1406946 1492215 1485110 1627224 1517084 1581035 1598800 1549063 1403392 1431815 1577484 1410498 1520638 1467341 1630775 1506426 1566825 1506426 1570376 1605907 1492212 1588140 1602353 1556167 1620117 1620117 1492215 1588141 1513529 1538400 1527743 1517086 1552613 1570378 1549059 1460236 1566826 1513530 1517083 1421154 1492214 1474448 1488659 1684069 1517087 1538402 1506426 1577484 1609456 1552611 1602352 1350096 1556164 1389180 1513530 1403393 1524190 1456683 1549058 1524190 1534851 1502871 1524189 1502873 1659201 1577482 1478003 1467342 1442472 1520637 1463789 1549061 1630776 1588143 1506426 1446024 1499320 1556164 1414048 1453134 1520637 1591696 1509981 1481554 1463793 1470896 1492216 1463789 1584590 1474449 1527741 1506424 1595247 1620117 1506425 1513531 1559719 1531296 1538404 1421156 1552612 1478002 1538402 1513530 1538402 1538400 1499320 1438922 1502873 1573929 1641435 1442471 1602352 1495767 1581037 1630776 1534851 1499318 1431813 1541955 1470899 1613011 1495769 1634327 1552612 1478003 1509979 1449580 1652093 1449579 1598799 1453131 1492215 1520636 1485109 1563273 1517083 1552614 1531298 1410499 1573931 1481556 1513529 1641436 1570376 1392734 1691177 1623672 1435366 1534848 1488661 1673411]
Response/bytes (per Connection):  [1830360 2143082 1867148 1940732 1963726 1982120 1926935 1991320 2000518 2133886 1917737 1853353 2051103 1991318 1945329 1972924 2101694 2083298 1926933 1982120 1931533 1972923 2009715 2152282 1945329 1959128 2074101 2037308 2000516 1986721 2138485 2023513 2000518 1959127 1913141 1922335 1890146 2028109 1963725 1949928 1940730 1903940 2055705 2037308 1945333 2005115 1949932 2092496 1922336 1908538 1995919 1862548 2014313 1959125 1940730 1862552 1894741 2028110 1977523 1890144 1876350 1862550 2005115 1880946 2060302 1922337 2023510 2106293 2000518 2032710 1816562 2046507 2046505 1830356 1963726 2087895 1894743 1959128 1903942 1954528 2014315 1834955 1945331 1908540 1894743 1968323 1959127 2018913 1954528 1821163 1963727 2014315 1903941 1945331 1775170 1940734 2000516 1986720 1908540 1945329 2032711 1876345 2083295 1977521 1940732 1991319 1986721 2014313 2009714 1908539 2161479 1880944 1931533 2060302 1821163 1972923 1995919 1853353 2005117 1853351 1908538 1982122 1867150 1894743 1885543 1968324 1986723 2156877 2092496 2023511 1894741 2023510 2009715 2092496 2000518 2161477 1880948 1931534 2018911 2060303 1839556 1880944 2032710 1862550 1959126 2028111 1825758 1972924 1821162 1931535 1922338 2106292 1963726 2046505 2069500 2005119 1816562 1853353 2041908 1825760 1968326 1899339 2110889 1949930 2028111 1949930 2032708 2078699 1931532 2055702 2074099 2014315 2097093 2097093 1931535 2055703 1959125 1991318 1977523 1963728 2009715 2032710 2005115 1890142 2028112 1959126 1963725 1839554 1931534 1908538 1926933 2179873 1963729 1991320 1949930 2041908 2083294 2009713 2074098 1747576 2014312 1798166 1959126 1816563 1972924 1885543 2005114 1972924 1986723 1945329 1972923 1945331 2147683 2041906 1913139 1899340 1867148 1968325 1894741 2005117 2110890 2055705 1949930 1871746 1940732 2014312 1830356 1880948 1968325 2060304 1954531 1917736 1894745 1903940 1931536 1894741 2051106 1908539 1977521 1949928 2064901 2097093 1949929 1959127 2018913 1982122 1991322 1839556 2009714 1913138 1991320 1959126 1991320 1991318 1940732 1862552 1945331 2037307 2124687 1867147 2074098 1936133 2046507 2110890 1986723 1940730 1853351 1995919 1903943 2087895 1936135 2115487 2009714 1913139 1954529 1876348 2138483 1876347 2069499 1880945 1931535 1968324 1922337 2023513 1963725 2009716 1982124 1825761 2037309 1917738 1959125 2124688 2032708 1802766 2189073 2101694 1857950 1986720 1926935 2166077]
Requests Number (per Connection):  [398 466 406 422 427 431 419 433 435 464 417 403 446 433 423 429 457 453 419 431 420 429 437 468 423 426 451 443 435 432 465 440 435 426 416 418 411 441 427 424 422 414 447 443 423 436 424 455 418 415 434 405 438 426 422 405 412 441 430 411 408 405 436 409 448 418 440 458 435 442 395 445 445 398 427 454 412 426 414 425 438 399 423 415 412 428 426 439 425 396 427 438 414 423 386 422 435 432 415 423 442 408 453 430 422 433 432 438 437 415 470 409 420 448 396 429 434 403 436 403 415 431 406 412 410 428 432 469 455 440 412 440 437 455 435 470 409 420 439 448 400 409 442 405 426 441 397 429 396 420 418 458 427 445 450 436 395 403 444 397 428 413 459 424 441 424 442 452 420 447 451 438 456 456 420 447 426 433 430 427 437 442 436 411 441 426 427 400 420 415 419 474 427 433 424 444 453 437 451 380 438 391 426 395 429 410 436 429 432 423 429 423 467 444 416 413 406 428 412 436 459 447 424 407 422 438 398 409 428 448 425 417 412 414 420 412 446 415 430 424 449 456 424 426 439 431 433 400 437 416 433 426 433 433 422 405 423 443 462 406 451 421 445 459 432 422 403 434 414 454 421 460 437 416 425 408 465 408 450 409 420 428 418 440 427 437 431 397 443 417 426 462 442 392 476 457 404 432 419 471]
Requests/sec:  7436.202945963541 KB
Transfer/sec:  17061.68525390625 KB

