2023-12-03 01:24:48.006370789 +0800 CST m=+21443.284306149
Running 1m0s myx-test @ https://192.168.12.127:6443/apis/apps/v1/namespaces/myx-test/controllerrevisions
3 connections
Requests/bytes (per Connection):  [27736779 25905567 24922000]
Response/bytes (per Connection):  [35693409 33336885 32071168]
Requests Number (per Connection):  [7755 7243 6968]
Requests/sec:  1278.7165690104166 KB
Transfer/sec:  2924.2481770833333 KB

2023-12-03 01:26:28.18435125 +0800 CST m=+21543.462286638
Running 1m0s myx-test @ https://192.168.12.127:6443/apis/apps/v1/namespaces/myx-test/controllerrevisions
6 connections
Requests/bytes (per Connection):  [19281628 20830345 20762368 19335282 19031286 19031246]
Response/bytes (per Connection):  [24812794 26805769 26718298 24881838 24490632 24490592]
Requests Number (per Connection):  [5391 5824 5805 5406 5321 5321]
Requests/sec:  1925.0025227864583 KB
Transfer/sec:  4402.214811197917 KB

2023-12-03 01:28:08.521706572 +0800 CST m=+21643.799641959
Running 1m0s myx-test @ https://192.168.12.127:6443/apis/apps/v1/namespaces/myx-test/controllerrevisions
9 connections
Requests/bytes (per Connection):  [15730007 14921719 16631366 14961053 16552693 15733661 15680010 14853745 16634882]
Response/bytes (per Connection):  [20242355 19202191 21402266 19252811 21301021 20247035 20177994 19114723 21406808]
Requests Number (per Connection):  [4398 4172 4650 4183 4628 4399 4384 4153 4651]
Requests/sec:  2306.3010416666666 KB
Transfer/sec:  5274.191731770833 KB

2023-12-03 01:29:48.949877213 +0800 CST m=+21744.227812590
Running 1m0s myx-test @ https://192.168.12.127:6443/apis/apps/v1/namespaces/myx-test/controllerrevisions
15 connections
Requests/bytes (per Connection):  [10579670 11570390 10640477 11738506 11613313 11616890 11506008 11559660 10733476 11895864 11795736 10590400 11738506 10633340 11706340]
Response/bytes (per Connection):  [13614578 14889500 13692827 15105838 14944735 14949338 14806650 14875692 13812502 15308340 15179484 13628386 15105838 13683638 15064438]
Requests Number (per Connection):  [2958 3235 2975 3282 3247 3248 3217 3232 3001 3326 3298 2961 3282 2973 3273]
Requests/sec:  2765.6018229166666 KB
Transfer/sec:  6324.550130208333 KB

2023-12-03 01:31:29.313507877 +0800 CST m=+21844.591443263
Running 1m0s myx-test @ https://192.168.12.127:6443/apis/apps/v1/namespaces/myx-test/controllerrevisions
30 connections
Requests/bytes (per Connection):  [6663276 6241210 6209018 6409325 6820666 6205503 6817042 6237635 6720514 6684709 6791981 6824177 6259145 6713350 6230481 6792016 6631091 6280556 6681166 6763439 6827822 6681170 6216173 6827806 6173255 6713362 6570250 6845690 6684745 6634670]
Response/bytes (per Connection):  [8574714 8031580 7990154 8247917 8777248 7985613 8772598 8026979 8648368 8602303 8740355 8781785 8054645 8639152 8017773 8740390 8533295 8082212 8597734 8703605 8786456 8597738 7999361 8786440 7944131 8639164 8455012 8809454 8602339 8537900]
Requests Number (per Connection):  [1863 1745 1736 1792 1907 1735 1906 1744 1879 1869 1899 1908 1750 1877 1742 1899 1854 1756 1868 1891 1909 1868 1738 1909 1726 1877 1837 1914 1869 1855]
Requests/sec:  3208.841845703125 KB
Transfer/sec:  7338.17802734375 KB

2023-12-03 01:33:09.945116455 +0800 CST m=+21945.223051830
Running 1m0s myx-test @ https://192.168.12.127:6443/apis/apps/v1/namespaces/myx-test/controllerrevisions
60 connections
Requests/bytes (per Connection):  [3837694 3887842 3891361 3848425 3623159 3680374 3637402 3705359 3694618 3834118 3816312 3787618 3547977 3583813 3784107 3791242 3641016 3887851 3859235 3741131 3909233 3970119 3691120 3762579 3712530 3884194 3626731 3698195 3701812 3691041 3469354 3569505 3701851 3719736 3626680 3594485 3648162 3862733 3780499 3823396 3891382 3576659 3633810 3862733 3526523 3723275 3759053 3877040 3762658 3837733 3734008 3991533 3751859 3576639 3791263 3894966 3755450 3519370 3637436 3562294]
Response/bytes (per Connection):  [4938592 5003104 5007649 4952401 4662497 4736128 4680844 4768295 4754476 4933990 4911054 4874152 4565769 4611865 4869615 4878802 4685484 5003113 4966289 4814327 5030651 5108979 4749952 4841931 4777518 4998430 4667095 4759079 4763722 4749873 4464574 4593453 4763761 4786776 4667044 4625615 4694682 4970813 4864981 4920190 5007670 4602659 4676226 4970813 4538159 4791341 4837379 4989224 4842010 4938631 4805152 5136549 4828133 4602639 4878823 5012280 4832750 4528954 4680878 4584190]
Requests Number (per Connection):  [1073 1087 1088 1076 1013 1029 1017 1036 1033 1072 1067 1059 992 1002 1058 1060 1018 1087 1079 1046 1093 1110 1032 1052 1038 1086 1014 1034 1035 1032 970 998 1035 1040 1014 1005 1020 1080 1057 1069 1088 1000 1016 1080 986 1041 1051 1084 1052 1073 1044 1116 1049 1000 1060 1089 1050 984 1017 996]
Requests/sec:  3648.9305501302083 KB
Transfer/sec:  8344.601529947917 KB

2023-12-03 01:34:50.586507179 +0800 CST m=+22045.864442567
Running 1m0s myx-test @ https://192.168.12.127:6443/apis/apps/v1/namespaces/myx-test/controllerrevisions
90 connections
Requests/bytes (per Connection):  [2821935 2793326 3040144 3047326 2814781 2932826 3007934 3111679 2875588 3065164 2889964 3004355 2879198 2957856 3007932 3072357 2843397 3165316 3086661 2975809 2846974 3183211 3122393 2918512 2764704 2961435 2986471 3029447 3036587 3100961 2775465 3111663 2929279 3000838 3061622 3018687 3136701 3043701 3047278 2864902 3065173 3161739 2739679 3025816 2925665 2768342 3007991 2864907 3097389 3097356 3007934 2829148 3018663 3193932 2965011 2814787 2743248 3050855 3065206 2914959 2836242 3079473 2804107 3054432 3040125 2904204 2857702 2986470 2997201 3000782 2889924 3043701 2904250 3032987 3007932 3015133 2911358 3068740 3133124 3000831 3154586 2850575 3115240 2872066 2850609 2932872 3072317 2868435 2861339 2836242]
Response/bytes (per Connection):  [3631449 3594632 3912244 3921478 3622243 3774146 3870800 4004299 3700492 3944446 3718972 3866195 3705128 3806358 3870798 3953691 3659067 4073326 3972099 3829441 3663670 4096351 4018091 3755728 3557802 3810963 3843181 3898469 3907661 3990503 3571641 4004283 3769573 3861652 3939878 3884631 4036503 3916827 3921430 3686728 3944455 4068723 3525595 3893812 3764933 3562466 3870857 3686733 3985905 3985872 3870800 3640714 3884607 4110150 3815565 3622249 3530190 3926033 3944488 3751149 3649860 3962859 3608491 3930636 3912225 3737316 3677476 3843180 3856989 3861596 3718932 3916827 3737362 3903035 3870798 3880051 3746522 3949048 4031900 3861645 4059518 3668297 4008886 3695944 3668331 3774192 3953651 3691287 3682139 3649860]
Requests Number (per Connection):  [789 781 850 852 787 820 841 870 804 857 808 840 805 827 841 859 795 885 863 832 796 890 873 816 773 828 835 847 849 867 776 870 819 839 856 844 877 851 852 801 857 884 766 846 818 774 841 801 866 866 841 791 844 893 829 787 767 853 857 815 793 861 784 854 850 812 799 835 838 839 808 851 812 848 841 843 814 858 876 839 882 797 871 803 797 820 859 802 800 793]
Requests/sec:  4356.692350260417 KB
Transfer/sec:  9963.154231770834 KB

2023-12-03 01:36:30.764281516 +0800 CST m=+22146.042216914
Running 1m0s myx-test @ https://192.168.12.127:6443/apis/apps/v1/namespaces/myx-test/controllerrevisions
150 connections
Requests/bytes (per Connection):  [1877712 1892019 1981442 1977891 1867045 1845592 1859854 1874135 2024365 2006481 1956456 2006480 1970729 1838366 1938538 1981488 1995791 1924265 1949250 1956414 2013671 1938574 2020802 1967177 2010058 1784792 1959980 2024399 1959980 1952838 1938519 1927839 2020799 1985032 1956413 1967161 1895596 2027965 1881293 1988606 2035110 2070865 1917058 1913501 1927849 1909906 2045847 1967154 1884937 1945675 2002922 2067307 2049403 1956405 1959981 1874137 1834790 1974288 2113788 1831225 1924212 1927829 1906327 2002903 1942098 1874137 2056558 1881353 1977913 1895596 2024400 1934942 2103057 1995752 1963561 1938568 1881290 1913483 1956403 1999327 1927789 1909904 2095904 1888473 1834789 1959981 1909970 1945709 1841943 2020788 2088750 2060134 1863406 1899174 1952827 1934943 1917060 1985019 1927822 1999327 1938519 1959981 2017244 2017211 1956423 1906351 1913541 2017211 1970758 2081595 1967148 2020788 1942098 1999342 1899222 2017214 1942096 1974313 1831214 1927788 1884923 1995791 1931413 2042251 1888470 1942098 1888443 1949252 2067288 2035098 1909906 1856283 2006480 1813333 1992173 1927807 2074442 1974288 1949250 2060134 1945673 1985020 1967157 1863432 1920682 1895598 1841942 1881290 1906327 1988596]
Response/bytes (per Connection):  [2416362 2434773 2549846 2545269 2402617 2375008 2393374 2411759 2605081 2582067 2517678 2582066 2536055 2365730 2494630 2549892 2568299 2476253 2508420 2517636 2591309 2494666 2600492 2531477 2586670 2296766 2522228 2605115 2522228 2513034 2494611 2480853 2600489 2554462 2517635 2531461 2439376 2609707 2420969 2559062 2618904 2664919 2466994 2462411 2480863 2457790 2632719 2531454 2425639 2503819 2577482 2660335 2637301 2517627 2522229 2411761 2361128 2540640 2720154 2356537 2476200 2480843 2453185 2577463 2499216 2411761 2646508 2421029 2545291 2439376 2605116 2490008 2706345 2568260 2526835 2494660 2420966 2462393 2517625 2572861 2480803 2457788 2697140 2430201 2361127 2522229 2457854 2503853 2370333 2600478 2687934 2651110 2397952 2443980 2513023 2490009 2466996 2554449 2480836 2572861 2494611 2522229 2595908 2595875 2517645 2453209 2462451 2595875 2536084 2678727 2531448 2600478 2499216 2572876 2444028 2595878 2499214 2540665 2356526 2480802 2425625 2568299 2485453 2628097 2430198 2499216 2430171 2508422 2660316 2618892 2457790 2388777 2582066 2333515 2563655 2480821 2669522 2540640 2508420 2651110 2503817 2554450 2531457 2397978 2471644 2439378 2370332 2420966 2453185 2559052]
Requests Number (per Connection):  [525 529 554 553 522 516 520 524 566 561 547 561 551 514 542 554 558 538 545 547 563 542 565 550 562 499 548 566 548 546 542 539 565 555 547 550 530 567 526 556 569 579 536 535 539 534 572 550 527 544 560 578 573 547 548 524 513 552 591 512 538 539 533 560 543 524 575 526 553 530 566 541 588 558 549 542 526 535 547 559 539 534 586 528 513 548 534 544 515 565 584 576 521 531 546 541 536 555 539 559 542 548 564 564 547 533 535 564 551 582 550 565 543 559 531 564 543 552 512 539 527 558 540 571 528 543 528 545 578 569 534 519 561 507 557 539 580 552 545 576 544 555 550 521 537 530 515 526 533 556]
Requests/sec:  4768.494026692709 KB
Transfer/sec:  10904.887858072916 KB

2023-12-03 01:38:10.956070562 +0800 CST m=+22246.234005940
Running 1m0s myx-test @ https://192.168.12.127:6443/apis/apps/v1/namespaces/myx-test/controllerrevisions
300 connections
Requests/bytes (per Connection):  [1341257 1276849 1233951 1237483 1273295 1155257 1330463 1280436 1205299 1384179 1226779 1198163 1230330 1284027 1165990 1233951 1126629 1244636 1273297 1223220 1187419 1294757 1237528 1309040 1248239 1309022 1391310 1241058 1230374 1266143 1244682 1248220 1212489 1330527 1269665 1191017 1351971 1287603 1223218 1251836 1276872 1233906 1276873 1344792 1212490 1309064 1216066 1326951 1298335 1258990 1298335 1273240 1201759 1441361 1305487 1323372 1362717 1326949 1244652 1216066 1280451 1244643 1248231 1212489 1194603 1255383 1226795 1262567 1244643 1305487 1355566 1316218 1430672 1319789 1165990 1205334 1244681 1251835 1273287 1216067 1194605 1330477 1312579 1205336 1244656 1223208 1269699 1183864 1359104 1312641 1251835 1230372 1183843 1301910 1248257 1255413 1373422 1191028 1269720 1305427 1266141 1298315 1273297 1169539 1226754 1223180 1301912 1237526 1212489 1391333 1276872 1176721 1262513 1326948 1262566 1316220 1233927 1276874 1165990 1312643 1190995 1187451 1305487 1258937 1241103 1316206 1165990 1237526 1255412 1244682 1180297 1273273 1212460 1287602 1187449 1326900 1180295 1341258 1219644 1255397 1369830 1294721 1344763 1205336 1337613 1205336 1233927 1208904 1341259 1187419 1201757 1344816 1255362 1319787 1309066 1291181 1258950 1194571 1291181 1201735 1280420 1255380 1216058 1387752 1355564 1298276 1244682 1233949 1276837 1191028 1251834 1330518 1305489 1309064 1191017 1201756 1359076 1219643 1251836 1262514 1244646 1255383 1233906 1205303 1194605 1266110 1276871 1173143 1355513 1269720 1262566 1165990 1230368 1230372 1251833 1294758 1319776 1312643 1248259 1337681 1212490 1180295 1301865 1309022 1305490 1298293 1326949 1294713 1241103 1219619 1230374 1262524 1309064 1305487 1287603 1262514 1233938 1241105 1316216 1262556 1208907 1273285 1294757 1269685 1165964 1201759 1201723 1377015 1205336 1169557 1276831 1255403 1319794 1255413 1380523 1230374 1359141 1148084 1244632 1244675 1258988 1298271 1198181 1280432 1233950 1244682 1226797 1241103 1412794 1223220 1216038 1266136 1330527 1337635 1201723 1226797 1248248 1223220 1341200 1301912 1205336 1287605 1226757 1216066 1334086 1276867 1284027 1244679 1219602 1198180 1251836 1216064 1309025 1298333 1187425 1294726 1280410 1237525 1309064 1280449 1251811 1212450 1301869 1155239 1276823 1262566 1309066 1198147 1169567 1298335 1284028 1244655 1301912 1301912 1377025 1176692 1223221 1301913 1262558 1319797]
Response/bytes (per Connection):  [1726007 1643131 1587921 1592479 1638551 1486655 1712135 1647744 1551061 1781241 1578697 1541873 1583274 1652361 1500466 1587921 1449819 1601684 1638553 1574112 1528051 1666169 1592524 1684556 1606313 1684538 1790424 1597080 1583318 1629347 1601730 1606294 1560303 1712199 1633895 1532675 1739799 1656963 1574110 1610936 1643154 1587876 1643155 1730568 1560304 1684580 1564906 1707597 1670773 1620142 1670773 1638496 1546495 1854839 1679977 1702992 1753623 1707595 1601700 1564906 1647759 1601691 1606305 1560303 1537287 1615509 1578713 1624745 1601691 1679977 1744420 1693786 1841072 1698383 1500466 1551096 1601729 1610935 1638543 1564907 1537289 1712149 1689121 1551098 1601704 1574100 1633929 1523470 1748984 1689183 1610935 1583316 1523449 1675374 1606331 1615539 1767406 1532686 1633950 1679917 1629345 1670753 1638553 1505041 1578672 1574072 1675376 1592522 1560303 1790447 1643154 1514275 1624691 1707594 1624744 1693788 1587897 1643156 1500466 1689185 1532653 1528083 1679977 1620089 1597125 1693774 1500466 1592522 1615538 1601730 1518877 1638529 1560274 1656962 1528081 1707546 1518875 1726008 1569510 1615523 1762788 1666133 1730539 1551098 1721337 1551098 1587897 1555692 1726009 1528051 1546493 1730592 1615488 1698381 1684582 1661567 1620102 1537255 1661567 1546471 1647728 1615506 1564898 1785840 1744418 1670714 1601730 1587919 1643119 1532686 1610934 1712190 1679979 1684580 1532675 1546492 1748956 1569509 1610936 1624692 1601694 1615509 1587876 1551065 1537289 1629314 1643153 1509671 1744367 1633950 1624744 1500466 1583312 1583316 1610933 1666170 1698370 1689185 1606333 1721405 1560304 1518875 1675329 1684538 1679980 1670731 1707595 1666125 1597125 1569485 1583318 1624702 1684580 1679977 1656963 1624692 1587908 1597127 1693784 1624734 1555695 1638541 1666169 1633915 1500440 1546495 1546459 1772025 1551098 1505059 1643113 1615529 1698388 1615539 1776559 1583318 1749021 1477430 1601680 1601723 1620140 1670709 1541891 1647740 1587920 1601730 1578715 1597125 1818064 1574112 1564878 1629340 1712199 1721359 1546459 1578715 1606322 1574112 1725950 1675376 1551098 1656965 1578675 1564906 1716784 1643149 1652361 1601727 1569468 1541890 1610936 1564904 1684541 1670771 1528057 1666138 1647718 1592521 1684580 1647757 1610911 1560264 1675333 1486637 1643105 1624744 1684582 1541857 1505069 1670773 1652362 1601703 1675376 1675376 1772035 1514246 1574113 1675377 1624736 1698391]
Requests Number (per Connection):  [375 357 345 346 356 323 372 358 337 387 343 335 344 359 326 345 315 348 356 342 332 362 346 366 349 366 389 347 344 354 348 349 339 372 355 333 378 360 342 350 357 345 357 376 339 366 340 371 363 352 363 356 336 403 365 370 381 371 348 340 358 348 349 339 334 351 343 353 348 365 379 368 400 369 326 337 348 350 356 340 334 372 367 337 348 342 355 331 380 367 350 344 331 364 349 351 384 333 355 365 354 363 356 327 343 342 364 346 339 389 357 329 353 371 353 368 345 357 326 367 333 332 365 352 347 368 326 346 351 348 330 356 339 360 332 371 330 375 341 351 383 362 376 337 374 337 345 338 375 332 336 376 351 369 366 361 352 334 361 336 358 351 340 388 379 363 348 345 357 333 350 372 365 366 333 336 380 341 350 353 348 351 345 337 334 354 357 328 379 355 353 326 344 344 350 362 369 367 349 374 339 330 364 366 365 363 371 362 347 341 344 353 366 365 360 353 345 347 368 353 338 356 362 355 326 336 336 385 337 327 357 351 369 351 386 344 380 321 348 348 352 363 335 358 345 348 343 347 395 342 340 354 372 374 336 343 349 342 375 364 337 360 343 340 373 357 359 348 341 335 350 340 366 363 332 362 358 346 366 358 350 339 364 323 357 353 366 335 327 363 359 348 364 364 385 329 342 364 353 369]
Requests/sec:  6163.987141927083 KB
Transfer/sec:  14096.187760416668 KB

