2023-12-03 08:27:46.081430968 +0800 CST m=+46821.359366343
Running 1m0s myx-test @ https://192.168.12.127:6443/apis/batch/v1/namespaces/myx-test/cronjobs
3 connections
Requests/bytes (per Connection):  [24992501 22834297 24011158]
Response/bytes (per Connection):  [40020503 36564533 38449072]
Requests Number (per Connection):  [7029 6422 6753]
Requests/sec:  1169.2375651041666 KB
Transfer/sec:  3041.5375 KB

2023-12-03 08:29:26.223365414 +0800 CST m=+46921.501300795
Running 1m0s myx-test @ https://192.168.12.127:6443/apis/batch/v1/namespaces/myx-test/cronjobs
6 connections
Requests/bytes (per Connection):  [17091931 16729310 17131046 18421699 18389731 16462570]
Response/bytes (per Connection):  [27369297 26788600 27431930 29498677 29447467 26361510]
Requests Number (per Connection):  [4807 4705 4818 5181 5172 4630]
Requests/sec:  1696.3913899739584 KB
Transfer/sec:  4412.821744791667 KB

2023-12-03 08:31:06.368935858 +0800 CST m=+47021.646871230
Running 1m0s myx-test @ https://192.168.12.127:6443/apis/batch/v1/namespaces/myx-test/cronjobs
9 connections
Requests/bytes (per Connection):  [15029670 14492758 15139903 14396759 15922120 15922142 16050133 15026112 14442946]
Response/bytes (per Connection):  [24066996 23207246 24243507 23053521 25496084 25496106 25701065 24061300 23127502]
Requests Number (per Connection):  [4227 4076 4258 4049 4478 4478 4514 4226 4062]
Requests/sec:  2220.418994140625 KB
Transfer/sec:  5775.974446614583 KB

2023-12-03 08:32:46.529644524 +0800 CST m=+47121.807579918
Running 1m0s myx-test @ https://192.168.12.127:6443/apis/batch/v1/namespaces/myx-test/cronjobs
15 connections
Requests/bytes (per Connection):  [10819787 11790485 11964722 11797596 11954057 11666027 11843821 10770021 11673155 11680252 10858865 10844696 11836697 10890920 11818932]
Response/bytes (per Connection):  [17325721 18880093 19159092 18891480 19142013 18680805 18965499 17246023 18692209 18703582 17388317 17365596 18954099 17439614 18925644]
Requests Number (per Connection):  [3043 3316 3365 3318 3362 3281 3331 3029 3283 3285 3054 3050 3329 3063 3324]
Requests/sec:  2802.897672526042 KB
Transfer/sec:  7291.175455729167 KB

2023-12-03 08:34:27.104790508 +0800 CST m=+47222.382725886
Running 1m0s myx-test @ https://192.168.12.127:6443/apis/batch/v1/namespaces/myx-test/cronjobs
30 connections
Requests/bytes (per Connection):  [6058826 6137011 6876551 6748610 6449923 6833959 6826847 6457019 6403696 6001944 6471258 6023214 6154785 6873024 6019659 6115689 6777026 5984100 6457019 6378804 6794811 6841066 6474814 6393028 6556600 6051662 6137077 6428580 6727257 6830389]
Response/bytes (per Connection):  [9701978 9827199 11011443 10806534 10328255 10943195 10931807 10339627 10254234 9610888 10362418 9644986 9855663 11005778 9639293 9793049 10852054 9582354 10339627 10214376 10880529 10954578 10368112 10237152 10499072 9690538 9827265 10294084 10772353 10937487]
Requests Number (per Connection):  [1704 1726 1934 1898 1814 1922 1920 1816 1801 1688 1820 1694 1731 1933 1693 1720 1906 1683 1816 1794 1911 1924 1821 1798 1844 1702 1726 1808 1892 1921]
Requests/sec:  3145.9024739583333 KB
Transfer/sec:  8183.433854166667 KB

2023-12-03 08:36:07.586281681 +0800 CST m=+47322.864217056
Running 1m0s myx-test @ https://192.168.12.127:6443/apis/batch/v1/namespaces/myx-test/cronjobs
60 connections
Requests/bytes (per Connection):  [3555659 3559215 3488069 3722787 3512926 3772569 3900582 3537824 3644515 3573438 3797421 3804573 3736932 3857911 3989456 3580548 3640943 3747659 3705007 3680053 3701423 3779675 3939618 3758267 3840132 3754790 3932532 3772515 3840116 3772526 3594774 3751223 3822281 3857832 3968135 3548522 3587655 3861388 3765457 3744122 3733435 3754711 3818797 3761841 3768950 3801014 3793895 3473875 3573441 3576953 3808098 3889893 3832955 3619605 3882723 3729823 3825908 3637375 3598251 3815186]
Response/bytes (per Connection):  [5693659 5699353 5585447 5961273 5625270 6040987 6245968 5665134 5835965 5722128 6080805 6092233 5983970 6177641 6388292 5733514 5830255 6001111 5932803 5892883 5927081 6052369 6308522 6018133 6149172 6012518 6297160 6040933 6149156 6040944 5756292 6006813 6120631 6177562 6354143 5682246 5744897 6183256 6029599 5995436 5978335 6012439 6115009 6023845 6035230 6086536 6075141 5562701 5722131 5727781 6097896 6228865 6137719 5796089 6217419 5972585 6126396 5824549 5761907 6109260]
Requests Number (per Connection):  [1000 1001 981 1047 988 1061 1097 995 1025 1005 1068 1070 1051 1085 1122 1007 1024 1054 1042 1035 1041 1063 1108 1057 1080 1056 1106 1061 1080 1061 1011 1055 1075 1085 1116 998 1009 1086 1059 1053 1050 1056 1074 1058 1060 1069 1067 977 1005 1006 1071 1094 1078 1018 1092 1049 1076 1023 1012 1073]
Requests/sec:  3647.425113932292 KB
Transfer/sec:  9488.04013671875 KB

2023-12-03 08:37:47.818138191 +0800 CST m=+47423.096073582
Running 1m0s myx-test @ https://192.168.12.127:6443/apis/batch/v1/namespaces/myx-test/cronjobs
90 connections
Requests/bytes (per Connection):  [2677354 2424933 2648918 2531640 2748512 2837381 2538752 2730721 2485413 2584923 2712991 2531640 2698689 2535167 2446267 2698689 2666755 2624087 2506670 2638264 2538694 2652462 2716547 2492461 2563573 2616961 2503114 2652541 2723659 2496080 2705801 2616909 2673877 2823145 2648920 2616964 2599151 2513861 2613347 2606314 2652504 2638239 2503162 2542307 2496080 2560057 2730771 2574311 2560087 2531640 2535196 2620458 2552929 2549412 2613425 2510225 2691649 2552901 2584942 2652462 2673819 2602758 2659574 2737875 2688032 2609831 2712991 2606265 2723659 2613425 2602758 2638294 2819590 2570676 2613412 2609807 2720103 2599182 2641795 2670301 2616923 2606235 2684526 2588535 2599139 2552971 2599124 2659574 2677432 2652525]
Response/bytes (per Connection):  [4287268 3883049 4241728 4053896 4401186 4543505 4065284 4372705 3979875 4139249 4344285 4053896 4321431 4059561 3917211 4321431 4270255 4201931 4013960 4224660 4065226 4247410 4349979 3991199 4105071 4190529 4008266 4247489 4361367 3996956 4332819 4190477 4281653 4520717 4241730 4190532 4162029 4025427 4184777 4173468 4247452 4224635 4008314 4070977 3996956 4099417 4372755 4122223 4099447 4053896 4059590 4196164 4088013 4082358 4184855 4019653 4310115 4087985 4139268 4247410 4281595 4167774 4258798 4384135 4304360 4179123 4344285 4173419 4361367 4184855 4167774 4224690 4515024 4116450 4184842 4179099 4355673 4162060 4230329 4275939 4190491 4173389 4298716 4144999 4162017 4088055 4162002 4258798 4287346 4247473]
Requests Number (per Connection):  [753 682 745 712 773 798 714 768 699 727 763 712 759 713 688 759 750 738 705 742 714 746 764 701 721 736 704 746 766 702 761 736 752 794 745 736 731 707 735 733 746 742 704 715 702 720 768 724 720 712 713 737 718 717 735 706 757 718 727 746 752 732 748 770 756 734 763 733 766 735 732 742 793 723 735 734 765 731 743 751 736 733 755 728 731 718 731 748 753 746]
Requests/sec:  3835.3846842447915 KB
Transfer/sec:  9976.983756510417 KB

2023-12-03 08:39:28.067357502 +0800 CST m=+47523.345292879
Running 1m0s myx-test @ https://192.168.12.127:6443/apis/batch/v1/namespaces/myx-test/cronjobs
150 connections
Requests/bytes (per Connection):  [1991144 1994702 2080041 1984032 1884467 2023147 2080041 2016035 1952080 1937805 1952029 1912914 1962699 2040926 2048062 2129824 1916472 2158264 1976922 2012513 1980500 2087153 1937834 1884529 2026733 2044484 1973365 2026703 2051594 2005367 2055167 1994700 2069378 2051596 2072947 2065818 2076485 1905801 1984034 2016068 2051599 1912913 2055150 2055160 1920027 1934250 2033843 1994738 1852482 2044482 2065817 1930750 1948478 2008923 2023149 1891633 1994713 1930695 1927189 1984032 2051594 1891580 1880910 2058727 1948472 2048039 1991143 1877356 1848935 1973364 1923621 2044482 2008923 2090709 2019599 1909391 1980476 2012479 1966253 1998255 2083597 2072946 1962696 2136936 1927137 1987588 2176044 2072929 1966257 2058706 1941413 1905802 2040952 2019590 1973372 1976921 2012506 1941394 2069391 1873834 1905808 1895201 2030259 1969808 1859575 2005403 1920041 1831158 2016036 1991145 2083611 1927140 1891646 2012497 2019591 2069373 1937807 1923624 1966253 1898690 1941361 1923582 2012479 1984074 1920031 1976920 1962744 2026712 2083597 1952059 2062277 1909407 1930694 1987589 1987588 2133380 1909357 1994699 2136936 2030258 1976922 1966267 1909358 1930750 1987629 1944917 1888093 1991144 2126268 1941363]
Response/bytes (per Connection):  [3188424 3194120 3330771 3177036 3017607 3239669 3330771 3228281 3125842 3103015 3125791 3063158 3142875 3268138 3279550 3410486 3068854 3456030 3165650 3222621 3171366 3342159 3103044 3017669 3245393 3273834 3159955 3245363 3285220 3211199 3290931 3194118 3313694 3285222 3319401 3307996 3325077 3051769 3177038 3228314 3285225 3063157 3290914 3290924 3074547 3097322 3256779 3194156 2966380 3273832 3307995 3091684 3120102 3216893 3239671 3029049 3194131 3091629 3085985 3177036 3285220 3028996 3011912 3296629 3120096 3279527 3188423 3006220 2960695 3159954 3080279 3273832 3216893 3347853 3233983 3057497 3171342 3222587 3148567 3199811 3336465 3319400 3142872 3421874 3085933 3182730 3484500 3319383 3148571 3296608 3108761 3051770 3268164 3233974 3159962 3165649 3222614 3108742 3313707 3000560 3051776 3034755 3251057 3154260 2977749 3211235 3074561 2932228 3228282 3188425 3336479 3085936 3029062 3222605 3233975 3313689 3103017 3080282 3148567 3040382 3108709 3080240 3222587 3177078 3074551 3165648 3142920 3245372 3336465 3125821 3302317 3057513 3091628 3182731 3182730 3416180 3057463 3194117 3421874 3251056 3165650 3148581 3057464 3091684 3182771 3114403 3023371 3188424 3404792 3108711]
Requests Number (per Connection):  [560 561 585 558 530 569 585 567 549 545 549 538 552 574 576 599 539 607 556 566 557 587 545 530 570 575 555 570 577 564 578 561 582 577 583 581 584 536 558 567 577 538 578 578 540 544 572 561 521 575 581 543 548 565 569 532 561 543 542 558 577 532 529 579 548 576 560 528 520 555 541 575 565 588 568 537 557 566 553 562 586 583 552 601 542 559 612 583 553 579 546 536 574 568 555 556 566 546 582 527 536 533 571 554 523 564 540 515 567 560 586 542 532 566 568 582 545 541 553 534 546 541 566 558 540 556 552 570 586 549 580 537 543 559 559 600 537 561 601 571 556 553 537 543 559 547 531 560 598 546]
Requests/sec:  4855.66142578125 KB
Transfer/sec:  12631.0291015625 KB

2023-12-03 08:41:08.293017455 +0800 CST m=+47623.570952833
Running 1m0s myx-test @ https://192.168.12.127:6443/apis/batch/v1/namespaces/myx-test/cronjobs
300 connections
Requests/bytes (per Connection):  [1173365 1194701 1219593 1105805 1187591 1201815 1091581 1134252 1237374 1144919 1098693 1159142 1176892 1262235 1198221 1212442 1262265 1116459 1205332 1223150 1152025 1198257 1187591 1141359 1258660 1208924 1169812 1116471 1144920 1208927 1187557 1201814 1230262 1219578 1137808 1216038 1187591 1201815 1216039 1255140 1088025 1212480 1212454 1173365 1169811 1137788 1173365 1173368 1102249 1155572 1155581 1095137 1130697 1205368 1152028 1191147 1201786 1226661 1148476 1198259 1127140 1240928 1205371 1159144 1191145 1166243 1262230 1063135 1116471 1180479 1248039 1130686 1269377 1105805 1194703 1184035 1152032 1134233 1198221 1073801 1230262 1137808 1194703 1127133 1162699 1201813 1152007 1031130 1184035 1162694 1230232 1212480 1255151 1130696 1262228 1105805 1287157 1187589 1191126 1187589 1287106 1312047 1155572 1219595 1148476 1137789 1169811 1137808 1166227 1248026 1112917 1198259 1283601 1176923 1191141 1223148 1169782 1116473 1162691 1159144 1141342 1219595 1208927 1159118 1226661 1226706 1109361 1148476 1162700 1230216 1223145 1240928 1155588 1226706 1159118 1248041 1240925 1120029 1109349 1137808 1354681 1248025 1247990 1276487 1080914 1208907 1212480 1127123 1134252 1223150 1144920 1169812 1198259 1084469 1080914 1201790 1137809 1194667 1166255 1212482 1240904 1187591 1279999 1127140 1184022 1176895 1120013 1187589 1215996 1173367 1240900 1255151 1265821 1148476 1237347 1187591 1258671 1038251 1120029 1315604 1166255 1194703 1173368 1201814 1237326 1155586 1265765 1322644 1134252 1152016 1148476 1223148 1176892 1127141 1205346 1159144 1180477 1191147 1141364 1159123 1176899 1134253 1294268 1223150 1240929 1176923 1226706 1276448 1155588 1198221 1212481 1134247 1180447 1194702 1116459 1208924 1240928 1326270 1166254 1070245 1120026 1198259 1144920 1198259 1230237 1173367 1212465 1219592 1162699 1169792 1269353 1173337 1159117 1283568 1109353 1208927 1180471 1230259 1162673 1187557 1141365 1180479 1194703 1194703 1166248 1123569 1187591 1159144 1212440 1091581 1141364 1127140 1226706 1219592 1173368 1173365 1155563 1191119 1194703 1258655 1233770 1279994 1070246 1208925 1116473 1120029 1088025 1294205 1105805 1088020 1162699 1184035 1244484 1194666 1169812 1191145 1169811 1208922 1255110 1148476 1187591 1144920 1212444 1020477 1148474 1230262 1265821 1237340 1191141 1109361 1176923 1223150 1290710 1184002 1169812 1137789 1187591 1201776 1258700 1123577]
Response/bytes (per Connection):  [1878905 1913069 1952927 1770723 1901683 1924459 1747947 1816274 1981398 1833355 1759335 1856130 1884570 2021225 1918727 1941500 2021255 1787791 1930114 1958622 1844737 1918763 1901683 1827657 2015512 1935844 1873214 1787803 1833356 1935847 1901649 1924458 1970010 1952912 1821968 1947234 1901683 1924459 1947235 2009854 1742253 1941538 1941512 1878905 1873213 1821948 1878905 1878908 1765029 1850422 1850431 1753641 1810581 1930150 1844740 1907377 1924430 1964271 1839050 1918765 1804886 1987090 1930153 1856132 1907375 1867507 2021220 1702397 1787803 1890295 1998477 1810570 2032643 1770723 1913071 1895989 1844744 1816255 1918727 1719477 1970010 1821968 1913071 1804879 1861825 1924457 1844719 1651150 1895989 1861820 1969980 1941538 2009865 1810580 2021218 1770723 2061113 1901681 1907356 1901681 2061062 2100969 1850422 1952929 1839050 1821949 1873213 1821968 1867491 1998464 1782111 1918765 2055419 1884601 1907371 1958620 1873184 1787805 1861817 1856132 1827640 1952929 1935847 1856106 1964271 1964316 1776417 1839050 1861826 1969964 1958617 1987090 1850438 1964316 1856106 1998479 1987087 1793499 1776405 1821968 2169259 1998463 1998428 2044029 1730866 1935827 1941538 1804869 1816274 1958622 1833356 1873214 1918765 1736559 1730866 1924434 1821969 1913035 1867519 1941540 1987066 1901683 2049679 1804886 1895976 1884573 1793483 1901681 1947192 1878907 1987062 2009865 2026949 1839050 1981371 1901683 2015523 1662547 1793499 2106664 1867519 1913071 1878908 1924458 1981350 1850436 2026893 2117980 1816274 1844728 1839050 1958620 1884570 1804887 1930128 1856132 1890293 1907377 1827662 1856111 1884577 1816275 2072500 1958622 1987091 1884601 1964316 2043990 1850438 1918727 1941539 1816269 1890263 1913070 1787791 1935844 1987090 2123744 1867518 1713783 1793496 1918765 1833356 1918765 1969985 1878907 1941523 1952926 1861825 1873194 2032619 1878877 1856105 2055386 1776409 1935847 1890287 1970007 1861799 1901649 1827663 1890295 1913071 1913071 1867512 1799177 1901683 1856132 1941498 1747947 1827662 1804886 1964316 1952926 1878908 1878905 1850413 1907349 1913071 2015507 1975656 2049674 1713784 1935845 1787805 1793499 1742253 2072437 1770723 1742248 1861825 1895989 1992784 1913034 1873214 1907375 1873213 1935842 2009824 1839050 1901683 1833356 1941502 1634083 1839048 1970010 2026949 1981364 1907371 1776417 1884601 1958622 2066804 1895956 1873214 1821949 1901683 1924420 2015552 1799185]
Requests Number (per Connection):  [330 336 343 311 334 338 307 319 348 322 309 326 331 355 337 341 355 314 339 344 324 337 334 321 354 340 329 314 322 340 334 338 346 343 320 342 334 338 342 353 306 341 341 330 329 320 330 330 310 325 325 308 318 339 324 335 338 345 323 337 317 349 339 326 335 328 355 299 314 332 351 318 357 311 336 333 324 319 337 302 346 320 336 317 327 338 324 290 333 327 346 341 353 318 355 311 362 334 335 334 362 369 325 343 323 320 329 320 328 351 313 337 361 331 335 344 329 314 327 326 321 343 340 326 345 345 312 323 327 346 344 349 325 345 326 351 349 315 312 320 381 351 351 359 304 340 341 317 319 344 322 329 337 305 304 338 320 336 328 341 349 334 360 317 333 331 315 334 342 330 349 353 356 323 348 334 354 292 315 370 328 336 330 338 348 325 356 372 319 324 323 344 331 317 339 326 332 335 321 326 331 319 364 344 349 331 345 359 325 337 341 319 332 336 314 340 349 373 328 301 315 337 322 337 346 330 341 343 327 329 357 330 326 361 312 340 332 346 327 334 321 332 336 336 328 316 334 326 341 307 321 317 345 343 330 330 325 335 336 354 347 360 301 340 314 315 306 364 311 306 327 333 350 336 329 335 329 340 353 323 334 322 341 287 323 346 356 348 335 312 331 344 363 333 329 320 334 338 354 316]
Requests/sec:  5780.274674479167 KB
Transfer/sec:  15036.22607421875 KB

