2023-12-03 02:49:28.808879196 +0800 CST m=+26524.086814573
Running 1m0s myx-test @ https://192.168.12.127:6443/apis/apps/v1/namespaces/myx-test/daemonsets
3 connections
Requests/bytes (per Connection):  [21931829 22864175 20985234]
Response/bytes (per Connection):  [38787553 40436713 37113471]
Requests Number (per Connection):  [6163 6425 5897]
Requests/sec:  1070.6581705729166 KB
Transfer/sec:  2964.176025390625 KB

2023-12-03 02:51:08.984885075 +0800 CST m=+26624.262820452
Running 1m0s myx-test @ https://192.168.12.127:6443/apis/apps/v1/namespaces/myx-test/daemonsets
6 connections
Requests/bytes (per Connection):  [18056498 16565459 17508507 16640151 18184609 17597470]
Response/bytes (per Connection):  [31933589 29296152 30963793 29428902 32160150 31121198]
Requests Number (per Connection):  [5074 4655 4920 4676 5110 4945]
Requests/sec:  1701.70400390625 KB
Transfer/sec:  4711.205696614584 KB

2023-12-03 02:52:49.15538728 +0800 CST m=+26724.433322654
Running 1m0s myx-test @ https://192.168.12.127:6443/apis/apps/v1/namespaces/myx-test/daemonsets
9 connections
Requests/bytes (per Connection):  [15010321 13658030 13515679 13743470 14241677 15006761 15045882 14316347 14312855]
Response/bytes (per Connection):  [26546108 24154715 23903069 24305269 25186386 26539834 26609416 25319466 25312174]
Requests Number (per Connection):  [4218 3838 3798 3862 4002 4217 4228 4023 4022]
Requests/sec:  2097.184602864583 KB
Transfer/sec:  5806.110986328125 KB

2023-12-03 02:54:29.319470558 +0800 CST m=+26824.597405942
Running 1m0s myx-test @ https://192.168.12.127:6443/apis/apps/v1/namespaces/myx-test/daemonsets
15 connections
Requests/bytes (per Connection):  [10690132 10782667 10836051 10971288 10750637 10878758 9796879 10889414 9711518 9747108 10892994 10882315 9679488 9764875 10775550]
Response/bytes (per Connection):  [18905858 19069332 19163666 19402691 19012726 19239136 17326742 19258316 17174979 17237859 19264288 19245463 17118373 17269724 19056742]
Requests Number (per Connection):  [3004 3030 3045 3083 3021 3057 2753 3060 2729 2739 3061 3058 2720 2744 3028]
Requests/sec:  2556.147037760417 KB
Transfer/sec:  7076.750797526041 KB

2023-12-03 02:56:09.500748762 +0800 CST m=+26924.778684135
Running 1m0s myx-test @ https://192.168.12.127:6443/apis/apps/v1/namespaces/myx-test/daemonsets
30 connections
Requests/bytes (per Connection):  [5722311 5690212 6320126 6085319 5725861 6202685 6224035 6149313 5807645 6167124 6241876 6192023 6092385 6216920 6184919 6113712 5796975 6160025 5814785 6256072 5843313 5697385 6199126 6156445 6248993 6085248 5804123 5690280 6224049 6117328]
Response/bytes (per Connection):  [10119594 10064046 11177450 10761110 10126034 10969836 11007646 10875338 10271757 10906543 11038398 10950740 10774495 10995017 10937983 10812623 10252784 10893679 10283977 11064143 10333442 10075771 10963563 10887681 11050977 10762207 10264907 10063002 11007413 10818032]
Requests Number (per Connection):  [1608 1599 1776 1710 1609 1743 1749 1728 1632 1733 1754 1740 1712 1747 1738 1718 1629 1731 1634 1758 1642 1601 1742 1730 1756 1710 1631 1599 1749 1719]
Requests/sec:  2949.717008463542 KB
Transfer/sec:  8166.354182942709 KB

2023-12-03 02:57:49.686675323 +0800 CST m=+27024.964610695
Running 1m0s myx-test @ https://192.168.12.127:6443/apis/apps/v1/namespaces/myx-test/daemonsets
60 connections
Requests/bytes (per Connection):  [3928759 3818412 3857529 3782791 3594248 3914471 3836175 3807762 3829057 3729408 3882441 3900294 3580012 3839772 3523069 3807703 3601317 3868212 3679636 3579946 3587059 3743722 3804219 3547913 3896717 3821944 3903873 3797027 3565777 3775702 3597807 3807751 3747202 3782870 3822019 3636955 3811341 3811342 3626238 3896677 3587059 3551541 3547941 3882441 3839812 3740163 3857589 3683169 3576374 3512395 3750761 3722355 3886047 3626229 3757950 3829058 3882440 3619160 3843293 3519432]
Response/bytes (per Connection):  [6947675 6752995 6822659 6690597 6356054 6923295 6784931 6733746 6772355 6596249 6866689 6897236 6330902 6790654 6230280 6734627 6369386 6841413 6507380 6331892 6344564 6620206 6727223 6275354 6891222 6759698 6903222 6715749 6305736 6677556 6362342 6733911 6627703 6689388 6758556 6431524 6739706 6739692 6413279 6891841 6344564 6280599 6274903 6866689 6790024 6613918 6821738 6514054 6325823 6211363 6633991 6582682 6872275 6413416 6645507 6772341 6866703 6400084 6797507 6225187]
Requests Number (per Connection):  [1104 1073 1084 1063 1010 1100 1078 1070 1076 1048 1091 1096 1006 1079 990 1070 1012 1087 1034 1006 1008 1052 1069 997 1095 1074 1097 1067 1002 1061 1011 1070 1053 1063 1074 1022 1071 1071 1019 1095 1008 998 997 1091 1079 1051 1084 1035 1005 987 1054 1046 1092 1019 1056 1076 1091 1017 1080 989]
Requests/sec:  3654.954069010417 KB
Transfer/sec:  10118.867724609376 KB

2023-12-03 02:59:30.367791414 +0800 CST m=+27125.645726801
Running 1m0s myx-test @ https://192.168.12.127:6443/apis/apps/v1/namespaces/myx-test/daemonsets
90 connections
Requests/bytes (per Connection):  [2747294 2782900 2978558 2896730 2882477 2708153 2658338 2665377 2996411 2975000 2889658 2921616 2757908 2975000 3039060 2775703 2900305 2953647 2960766 2886029 2996403 2779327 2967884 2903823 2875400 2907381 2786395 2740190 2825595 2886029 2939450 2683172 2978611 3024854 2733071 2854040 2907383 2896706 2800615 3028383 2708163 2800616 2878925 2960785 3053296 2757945 2715202 2903824 2839763 2733074 2967884 2967882 3028433 3003508 2992796 2825572 2814890 2900265 2839788 2761546 2928736 2693924 2857564 2942969 2996353 2978562 2750790 2750869 2950129 2960764 2839764 2565787 2825528 2989238 2982118 2747276 2861116 3003503 2797095 2878909 2960764 3014194 2939413 2725878 2967882 2871842 3024825 2992796 2857558 2864709]
Response/bytes (per Connection):  [4858201 4920809 5267981 5122892 5098000 4788910 4700687 4714472 5298554 5261679 5109654 5167345 4878002 5261679 5374891 4909442 5128971 5223937 5236488 5104412 5298640 4914754 5249049 5135866 5084806 5142179 4928085 4845392 4996484 5104412 5198169 4745897 5267184 5349260 4832830 5047199 5142140 5123276 4953457 5356027 4788748 4953458 5091603 5236211 5400043 4877451 4802518 5135852 5022654 4832777 5249064 5249103 5355272 5311435 5293094 4996813 4978045 5129564 5022282 4883081 5179882 4763649 5054010 5205087 5299406 5267914 4865426 4864232 5217031 5236527 5022640 4537448 4997488 5286792 5274255 4858449 5060396 5311516 4946579 5091875 5236527 5330147 5198746 4821396 5249103 5078530 5349725 5293094 5054094 5066160]
Requests Number (per Connection):  [772 782 837 814 810 761 747 749 842 836 812 821 775 836 854 780 815 830 832 811 842 781 834 816 808 817 783 770 794 811 826 754 837 850 768 802 817 814 787 851 761 787 809 832 858 775 763 816 798 768 834 834 851 844 841 794 791 815 798 776 823 757 803 827 842 837 773 773 829 832 798 721 794 840 838 772 804 844 786 809 832 847 826 766 834 807 850 841 803 805]
Requests/sec:  4212.90126953125 KB
Transfer/sec:  11663.57353515625 KB

2023-12-03 03:01:10.797125743 +0800 CST m=+27226.075061160
Running 1m0s myx-test @ https://192.168.12.127:6443/apis/apps/v1/namespaces/myx-test/daemonsets
150 connections
Requests/bytes (per Connection):  [1978595 2085369 1943007 2035532 2103155 1996422 1939440 1932354 2152969 1978588 2185004 1946560 2074681 2021295 2195681 2024873 1999942 2046207 2031971 1911031 1992864 1989300 2234828 2128064 1975029 1999979 2014211 1957253 2046207 2152974 1996383 1992825 2003537 2142298 2110268 2010618 2120944 1967912 2071119 2067560 2031981 2199241 2007059 1935881 2195682 2135180 2017736 2096032 2078237 1943037 2007059 1918137 1960842 1957236 2117391 2010653 1971470 2003524 2028443 1992825 1989265 2071137 2096032 1999941 2042650 1953676 1903851 1918107 1846911 2039117 2103149 2014177 1971501 2081809 1957235 1985706 1903894 2128064 2199240 2081796 1822028 2167210 2007059 1875379 2117391 2024870 2024854 2085356 1928781 1910997 2017738 2007059 1985706 1950162 1932322 2096032 2024885 2088927 2014211 1957234 1989295 2099591 1907474 1971495 2067563 1967958 1921645 1992823 2014211 2017769 2213476 2081811 2003520 1989265 2113826 2096032 2188563 2049791 2067561 2003537 2160093 2056884 2014177 2110267 2081811 2039095 1967958 1985716 2099591 1996389 1939440 2042648 1939440 1932322 2117386 2149416 1911031 2014212 2259742 1967911 2167210 1985706 1914529 2007095 1935935 1957234 1935881 2113826 1978632 2035530]
Response/bytes (per Connection):  [3499293 3687877 3436359 3599999 3719443 3530252 3430220 3417137 3807665 3499402 3864205 3442757 3669167 3574872 3883054 3580846 3537130 3618902 3593750 3378968 3523950 3517732 3952261 3763526 3493114 3536579 3561787 3461360 3618902 3807584 3530842 3524529 3542881 3788706 3732100 3556008 3750978 3480524 3662932 3656644 3593573 3889328 3549720 3423932 3883040 3776130 3568584 3706948 3675508 3435906 3549720 3391697 3467232 3461635 3744595 3555485 3486826 3543048 3586995 3524529 3518266 3662669 3706948 3537144 3612575 3455372 3367326 3392150 3266651 3605901 3719538 3562296 3486359 3681592 3461660 3511978 3366654 3763526 3889342 3681796 3222193 3832736 3549720 3317022 3744595 3580888 3581160 3688070 3411056 3379477 3568545 3549720 3511978 3448399 3417644 3706948 3580693 3694179 3561787 3461674 3517813 3713236 3372652 3486443 3656591 3479836 3398780 3524568 3561761 3568089 3914494 3681575 3543104 3518266 3738402 3706948 3870493 3624807 3656630 3542881 3820146 3637766 3562296 3732114 3681575 3606231 3479836 3511827 3713236 3530721 3430220 3612614 3430220 3417644 3744676 3801282 3378979 3561762 3996252 3480523 3832736 3511978 3386165 3549183 3423121 3461674 3423932 3738402 3498742 3600038]
Requests Number (per Connection):  [556 586 546 572 591 561 545 543 605 556 614 547 583 568 617 569 562 575 571 537 560 559 628 598 555 562 566 550 575 605 561 560 563 602 593 565 596 553 582 581 571 618 564 544 617 600 567 589 584 546 564 539 551 550 595 565 554 563 570 560 559 582 589 562 574 549 535 539 519 573 591 566 554 585 550 558 535 598 618 585 512 609 564 527 595 569 569 586 542 537 567 564 558 548 543 589 569 587 566 550 559 590 536 554 581 553 540 560 566 567 622 585 563 559 594 589 615 576 581 563 607 578 566 593 585 573 553 558 590 561 545 574 545 543 595 604 537 566 635 553 609 558 538 564 544 550 544 594 556 572]
Requests/sec:  4948.962679036458 KB
Transfer/sec:  13701.24384765625 KB

2023-12-03 03:02:51.61658138 +0800 CST m=+27326.894516770
Running 1m0s myx-test @ https://192.168.12.127:6443/apis/apps/v1/namespaces/myx-test/daemonsets
300 connections
Requests/bytes (per Connection):  [1359418 1220623 1252652 1341624 1206387 1327391 1252653 1181475 1291799 1249074 1274005 1120974 1284684 1306030 1241977 1320234 1231285 1306037 1256212 1231300 1220621 1088938 1252651 1302476 1234856 1334439 1284632 1270448 1224182 1227741 1227741 1202811 1202829 1274005 1217063 1302427 1217064 1213476 1259754 1249080 1241977 1259769 1323797 1170776 1238415 1345139 1338067 1199233 1302478 1224182 1370095 1238418 1213505 1323832 1217024 1217064 1163656 1231298 1273976 1149445 1256199 1366524 1256210 1195708 1284683 1352301 1263328 1313154 1195675 1334473 1327388 1181473 1263275 1302456 1263327 1327316 1256212 1295315 1263330 1163653 1213504 1288224 1277549 1412796 1160106 1142327 1341626 1241977 1274007 1348742 1245486 1135207 1238370 1334506 1220623 1352301 1316694 1270424 1309596 1238417 1224182 1156538 1288240 1163667 1231267 1359416 1238409 1334508 1277551 1256158 1238377 1256176 1170799 1231279 1156558 1217063 1224180 1156560 1217064 1234859 1199270 1270446 1323760 1295345 1334506 1152980 1327358 1302476 1199264 1284681 1135209 1220606 1220623 1345185 1124517 1274007 1291799 1394937 1195709 1145886 1231258 1298874 1142327 1320272 1181475 1352301 1213503 1352262 1149443 1088937 1231299 1355855 1153004 1441195 1412791 1434156 1416361 1266889 1145886 1277565 1245533 1327383 1270448 1209926 1185034 1224170 1288240 1174358 1270404 1334508 1245536 1377215 1202800 1313155 1444814 1263328 1277564 1209947 1309528 1202829 1234827 1259717 1366523 1295359 1249092 1298910 1252653 1202829 1202829 1224173 1241975 1224180 1330947 1309596 1270448 1213506 1256158 1195711 1238377 1213506 1153004 1181474 1195711 1167240 1224138 1345183 1241977 1295359 1266843 1192152 1306037 1274007 1291792 1202829 1270448 1227696 1192141 1320224 1263328 1245536 1195710 1213505 1274005 1217064 1120974 1192117 1209947 1256210 1163654 1359373 1170770 1302476 1362979 1277533 1298877 1330893 1209946 1202828 1281120 1298919 1270391 1316706 1234857 1220587 1224182 1195711 1234817 1174358 1309536 1185032 1273976 1231283 1142327 1195674 1199233 1224182 1298866 1330947 1202820 1366468 1213470 1270445 1281120 1313086 1277564 1213503 1238418 1181444 1338047 1234833 1113856 1245533 1227696 1170783 1199243 1135210 1152997 1202829 1288203 1224172 1213505 1245519 1359421 1135209 1234811 1305985 1266887 1206388 1170798 1323774 1263275 1217062 1241961 1320207 1209947 1334500 1281100 1213489 1192150 1103174]
Response/bytes (per Connection):  [2403832 2158505 2215136 2372378 2133353 2347173 2215111 2089323 2284332 2209151 2252878 1982399 2271703 2309554 2196233 2335187 2177627 2309445 2221399 2177369 2158544 1925877 2215150 2303196 2183710 2360806 2272486 2246551 2164793 2171081 2171081 2127351 2127051 2252878 2152242 2303926 2152217 2146368 2227947 2209041 2196233 2227726 2341419 2070815 2189998 2379326 2366051 2121314 2303157 2164793 2422696 2189945 2145929 2340885 2152821 2152217 2058252 2177408 2253332 2032717 2221618 2416587 2221438 2114528 2271717 2391242 2234014 2322035 2115012 2360312 2347226 2089362 2234800 2303513 2234028 2348311 2221399 2291266 2233975 2058294 2145954 2278279 2259413 2498250 2051827 2020141 2372339 2196233 2252839 2384954 2203265 2007604 2190661 2359802 2158505 2391242 2328611 2246920 2315733 2189959 2164793 2045665 2278044 2058087 2177890 2403886 2190082 2359763 2259359 2222221 2190589 2221947 2070445 2177711 2045400 2152242 2164832 2045346 2152217 2183657 2120763 2246590 2341959 2290813 2359802 2039363 2347668 2303196 2120884 2271756 2007565 2158765 2158505 2378627 1988922 2252839 2284332 2467798 2114514 2026429 2178001 2297569 2020141 2334611 2089323 2391242 2145983 2391847 2032756 1925902 2177383 2397626 2039005 2549679 2498331 2535894 2504454 2240263 2026429 2259141 2202574 2347322 2246551 2139969 2095611 2164983 2278044 2076748 2247211 2359763 2202521 2435233 2127516 2322021 2555061 2234014 2259166 2139627 2316762 2127051 2184164 2228498 2416601 2290606 2208862 2297032 2215111 2127066 2127051 2164930 2196272 2164832 2353514 2315733 2246551 2145915 2222221 2114475 2190589 2145915 2039005 2089348 2114475 2064157 2165453 2378666 2196233 2290606 2240977 2108187 2309445 2252839 2284456 2127051 2246551 2171755 2108378 2335338 2234014 2202521 2114489 2145929 2252878 2152217 1982399 2108710 2139627 2221438 2058269 2404506 2070873 2303196 2410081 2259648 2297501 2354325 2139641 2127065 2265496 2296869 2247404 2328458 2183696 2159053 2164793 2114475 2184289 2076733 2316665 2095665 2253332 2177655 2020141 2115037 2121314 2164793 2297692 2353514 2127214 2417452 2146463 2246604 2265522 2323053 2259166 2145968 2189945 2089779 2366379 2184054 1969823 2202574 2171755 2070717 2121200 2007551 2039140 2127051 2278595 2164970 2145929 2202781 2403779 2007565 2184384 2310254 2240302 2133339 2070459 2341778 2234800 2152256 2196479 2335587 2139627 2359886 2265813 2146201 2108226 1951040]
Requests Number (per Connection):  [382 343 352 377 339 373 352 332 363 351 358 315 361 367 349 371 346 367 353 346 343 306 352 366 347 375 361 357 344 345 345 338 338 358 342 366 342 341 354 351 349 354 372 329 348 378 376 337 366 344 385 348 341 372 342 342 327 346 358 323 353 384 353 336 361 380 355 369 336 375 373 332 355 366 355 373 353 364 355 327 341 362 359 397 326 321 377 349 358 379 350 319 348 375 343 380 370 357 368 348 344 325 362 327 346 382 348 375 359 353 348 353 329 346 325 342 344 325 342 347 337 357 372 364 375 324 373 366 337 361 319 343 343 378 316 358 363 392 336 322 346 365 321 371 332 380 341 380 323 306 346 381 324 405 397 403 398 356 322 359 350 373 357 340 333 344 362 330 357 375 350 387 338 369 406 355 359 340 368 338 347 354 384 364 351 365 352 338 338 344 349 344 374 368 357 341 353 336 348 341 324 332 336 328 344 378 349 364 356 335 367 358 363 338 357 345 335 371 355 350 336 341 358 342 315 335 340 353 327 382 329 366 383 359 365 374 340 338 360 365 357 370 347 343 344 336 347 330 368 333 358 346 321 336 337 344 365 374 338 384 341 357 360 369 359 341 348 332 376 347 313 350 345 329 337 319 324 338 362 344 341 350 382 319 347 367 356 339 329 372 355 342 349 371 340 375 360 341 335 310]
Requests/sec:  6111.88779296875 KB
Transfer/sec:  16920.871175130207 KB

