2023-12-03 04:14:09.787236908 +0800 CST m=+31605.065172284
Running 1m0s myx-test @ https://192.168.12.127:6443/apis/apps/v1/namespaces/myx-test/deployments
3 connections
Requests/bytes (per Connection):  [14637802 17439977 17172939]
Response/bytes (per Connection):  [28412560 33851700 33333370]
Requests Number (per Connection):  [4111 4898 4823]
Requests/sec:  801.60673828125 KB
Transfer/sec:  2357.5577473958333 KB

2023-12-03 04:15:49.95637106 +0800 CST m=+31705.234306438
Running 1m0s myx-test @ https://192.168.12.127:6443/apis/apps/v1/namespaces/myx-test/deployments
6 connections
Requests/bytes (per Connection):  [17212076 16809730 16653129 17233437 18234009 18159230]
Response/bytes (per Connection):  [33409340 32628368 32324390 33450800 35392948 35247800]
Requests Number (per Connection):  [4834 4721 4677 4840 5121 5100]
Requests/sec:  1697.6173665364583 KB
Transfer/sec:  4992.761344401041 KB

2023-12-03 04:17:30.126272535 +0800 CST m=+31805.404207912
Running 1m0s myx-test @ https://192.168.12.127:6443/apis/apps/v1/namespaces/myx-test/deployments
9 connections
Requests/bytes (per Connection):  [15154027 14705416 15303607 13808130 15396131 13939869 14584355 13914957 14666228]
Response/bytes (per Connection):  [29414584 28543808 29704920 26802140 29884520 27057850 28308824 27009494 28467744]
Requests Number (per Connection):  [4256 4130 4298 3878 4324 3915 4096 3908 4119]
Requests/sec:  2139.85546875 KB
Transfer/sec:  6293.4017578125 KB

2023-12-03 04:19:10.304301143 +0800 CST m=+31905.582236518
Running 1m0s myx-test @ https://192.168.12.127:6443/apis/apps/v1/namespaces/myx-test/deployments
15 connections
Requests/bytes (per Connection):  [10471806 9734751 10710387 9549613 10532342 9660002 10710388 10738858 9656429 10845672 9599467 10582204 10514544 10799393 10475421]
Response/bytes (per Connection):  [20326202 18895548 20789294 18536186 20443704 18750454 20789296 20844560 18743520 21051890 18632954 20540486 20409156 20962060 20333210]
Requests Number (per Connection):  [2941 2734 3008 2682 2958 2713 3008 3016 2712 3046 2696 2972 2953 3033 2942]
Requests/sec:  2515.9713053385417 KB
Transfer/sec:  7399.573518880208 KB

2023-12-03 04:20:50.48106276 +0800 CST m=+32005.758998134
Running 1m0s myx-test @ https://192.168.12.127:6443/apis/apps/v1/namespaces/myx-test/deployments
30 connections
Requests/bytes (per Connection):  [5960546 6669062 6715378 6665487 6387775 6416261 6786554 5985394 6676176 5996153 6697556 6782989 6013881 6024564 6494602 6512407 5964088 6562252 6070915 6501701 6515966 6455432 5967589 5917790 6832821 5885767 6416262 6768790 6612104 6601404]
Response/bytes (per Connection):  [11569654 12944920 13034816 12937982 12398930 12454222 13172976 11617896 12958728 11638770 13000228 13166058 11673190 11693926 12606284 12640844 11576534 12737596 11783888 12620068 12647754 12530254 11583336 11486668 13262786 11424506 12454224 13138492 12834362 12813594]
Requests Number (per Connection):  [1674 1873 1886 1872 1794 1802 1906 1681 1875 1684 1881 1905 1689 1692 1824 1829 1675 1843 1705 1826 1830 1813 1676 1662 1919 1653 1802 1901 1857 1854]
Requests/sec:  3122.6833658854166 KB
Transfer/sec:  9183.938020833333 KB

2023-12-03 04:22:31.024594733 +0800 CST m=+32106.302530111
Running 1m0s myx-test @ https://192.168.12.127:6443/apis/apps/v1/namespaces/myx-test/deployments
60 connections
Requests/bytes (per Connection):  [3941657 3909586 3571279 3916671 3621194 3980770 3977228 3952280 3742230 4051985 4101837 3517930 3923792 3642481 3884694 3578416 3884674 3970151 3902427 4016374 3617554 3710138 4048422 4041303 4005724 3631857 3692348 3980767 4005710 3614002 3991517 3952337 3756509 3631802 4016375 3884622 3941598 3934511 4119641 3628276 3660292 3863336 3881107 3589146 4005694 3859697 3834795 3970083 3963007 3984326 3692334 3970082 3763623 3959424 3735065 3920231 3962998 3962961 3895384 3763581]
Response/bytes (per Connection):  [7650912 7588662 6932000 7602420 7028880 7726838 7719960 7671538 7263820 7865068 7961834 6828440 7616242 7070210 7540342 6945854 7540308 7706218 7574772 7795948 7021826 7201534 7858154 7844334 7775270 7049580 7167000 7726832 7775246 7014930 7747690 7671640 7291530 7049480 7795950 7540212 7650804 7637044 7996392 7042632 7104780 7498884 7533384 6966674 7775216 7491832 7443492 7706096 7692354 7733742 7166976 7706094 7305342 7685402 7249918 7609330 7692338 7692272 7561090 7305262]
Requests Number (per Connection):  [1107 1098 1003 1100 1017 1118 1117 1110 1051 1138 1152 988 1102 1023 1091 1005 1091 1115 1096 1128 1016 1042 1137 1135 1125 1020 1037 1118 1125 1015 1121 1110 1055 1020 1128 1091 1107 1105 1157 1019 1028 1085 1090 1008 1125 1084 1077 1115 1113 1119 1037 1115 1057 1112 1049 1101 1113 1113 1094 1057]
Requests/sec:  3768.3892415364585 KB
Transfer/sec:  11082.985986328125 KB

2023-12-03 04:24:11.227375679 +0800 CST m=+32206.505311063
Running 1m0s myx-test @ https://192.168.12.127:6443/apis/apps/v1/namespaces/myx-test/deployments
90 connections
Requests/bytes (per Connection):  [3129791 2777263 2745214 2741667 2951818 2777292 3055014 3012280 2994528 2884090 2844920 2969552 2930380 2798628 3015842 2784415 2923258 2656257 2791506 3087060 3012297 2830674 3275788 2748775 3136913 2802192 2905503 3087060 2948220 2837847 3005159 2948213 2862725 2681197 3190327 2905453 2880527 3140489 2955330 3254423 2748855 3158289 3115547 3129801 2834270 2681197 3005160 2691827 3165400 2866318 2802246 3037207 2887725 3065733 2905453 2787945 2723893 2706045 2905456 3012281 3094182 2795089 2720352 3076377 2791507 3033648 2834292 3051451 2916197 2941065 3129791 3051450 3069293 2819994 2709606 2720350 2795105 2844921 2642028 2990920 3022964 2894821 2820067 2941063 2848560 2798628 2859163 3133351 2727454 3122669]
Response/bytes (per Connection):  [6075052 5390784 5328576 5321688 5729590 5390836 5929906 5846960 5812494 5598138 5522108 5764022 5687990 5432254 5853874 5404662 5674166 5155900 5418430 5992110 5846988 5494458 6358436 5335488 6088876 5439170 5639694 5992110 5722612 5508372 5833138 5722600 5556668 5204306 6192554 5639606 5591224 6095814 5736414 6316966 5335632 6130366 6047404 6075070 5501432 5204306 5833140 5224946 6144170 5563638 5439270 5895344 5605186 5950710 5639606 5411518 5287186 5252548 5639610 5846962 6005934 5425382 5280312 5971374 5418432 5888434 5501472 5922992 5660450 5708728 6075052 5922990 5957620 5473726 5259460 5280308 5425412 5522110 5128278 5805498 5867698 5618962 5473860 5708726 5529162 5432254 5549754 6081962 5294098 6061228]
Requests Number (per Connection):  [879 780 771 770 829 780 858 846 841 810 799 834 823 786 847 782 821 746 784 867 846 795 920 772 881 787 816 867 828 797 844 828 804 753 896 816 809 882 830 914 772 887 875 879 796 753 844 756 889 805 787 853 811 861 816 783 765 760 816 846 869 785 764 864 784 852 796 857 819 826 879 857 862 792 761 764 785 799 742 840 849 813 792 826 800 786 803 880 766 877]
Requests/sec:  4275.828336588542 KB
Transfer/sec:  12575.384749348957 KB

2023-12-03 04:25:51.586228775 +0800 CST m=+32306.864164151
Running 1m0s myx-test @ https://192.168.12.127:6443/apis/apps/v1/namespaces/myx-test/deployments
150 connections
Requests/bytes (per Connection):  [1876435 2011771 1865751 1922726 1915605 1876435 1862190 1990383 1944137 1951259 2018903 2025991 2150624 2097210 2018903 1986822 2072284 1993984 1840896 1865804 1922778 1915625 1983261 2125698 1780352 1972578 2008190 1862218 1912043 1969017 1944108 1855070 2132820 1801711 1815946 2050918 2090101 1983261 1958384 1972578 2058040 1790984 1847948 2001103 2100771 1951215 2001065 1908509 1976139 2061622 2100773 2015309 1837265 1830144 2029552 1915604 1887116 2050918 1801657 2018876 1940532 1961898 1901362 2061600 1915625 2008189 2086527 2132819 1983277 1890678 2090101 1766088 1951265 2054502 1976139 1912045 1951213 1851523 1926286 2065162 1986822 1783852 2072301 1826610 1958373 1947654 1958334 1947661 1862267 1847948 2104332 1801656 2040246 1958384 1883592 2075849 1908482 1979700 2018870 2001089 2015340 2054479 2001066 1904933 1926310 1790974 1862190 2079407 2122136 1908481 1872873 1929847 1979722 1929847 1929850 1951213 2079406 1979700 1922746 1826581 2047357 2008211 1958335 1965457 2068722 2018870 1912048 2036675 1847956 1951213 2015343 1879997 1990383 1936969 1879996 2082966 1979708 2050923 1812363 1869312 1936969 1997505 1880019 1954774 1933454 1851563 2075844 1862192 2086541 1858631]
Response/bytes (per Connection):  [3642238 3904926 3621502 3732092 3718268 3642238 3614590 3863416 3773644 3787468 3918770 3932532 4174448 4070770 3918770 3856504 4022388 3870400 3573248 3621596 3732184 3718306 3849592 4126066 3455730 3828856 3897978 3614640 3711356 3821944 3773592 3600768 4139890 3497190 3524822 3980916 4056970 3849592 3801300 3828856 3994740 3476374 3586944 3884220 4077682 3787388 3884150 3704490 3835768 4001690 4077684 3911798 3566208 3552386 3939444 3718268 3662972 3980916 3497092 3918718 3766652 3808124 3690622 4001650 3718306 3897976 4050034 4139888 3849620 3669886 4056970 3428048 3787480 3987870 3835768 3711358 3787386 3593882 3739002 4008564 3856504 3462532 4022420 3545522 3801276 3780476 3801208 3780490 3614730 3586944 4084594 3497090 3960198 3801300 3656126 4029304 3704444 3842680 3918710 3884192 3911854 3987828 3884152 3697552 3739044 3476356 3614590 4036212 4119152 3704442 3635326 3745914 3842720 3745914 3745918 3787386 4036212 3842680 3732126 3545472 3974004 3898016 3801210 3815034 4015474 3918710 3711362 3953270 3586958 3787386 3911860 3649152 3863416 3759738 3649150 4043122 3842692 3980924 3517870 3628414 3759738 3877240 3649192 3794298 3752908 3593954 4029298 3614592 4050060 3607680]
Requests Number (per Connection):  [527 565 524 540 538 527 523 559 546 548 567 569 604 589 567 558 582 560 517 524 540 538 557 597 500 554 564 523 537 553 546 521 599 506 510 576 587 557 550 554 578 503 519 562 590 548 562 536 555 579 590 566 516 514 570 538 530 576 506 567 545 551 534 579 538 564 586 599 557 531 587 496 548 577 555 537 548 520 541 580 558 501 582 513 550 547 550 547 523 519 591 506 573 550 529 583 536 556 567 562 566 577 562 535 541 503 523 584 596 536 526 542 556 542 542 548 584 556 540 513 575 564 550 552 581 567 537 572 519 548 566 528 559 544 528 585 556 576 509 525 544 561 528 549 543 520 583 523 586 522]
Requests/sec:  4780.885904947917 KB
Transfer/sec:  14060.7798828125 KB

2023-12-03 04:27:32.235987762 +0800 CST m=+32407.513923136
Running 1m0s myx-test @ https://192.168.12.127:6443/apis/apps/v1/namespaces/myx-test/deployments
300 connections
Requests/bytes (per Connection):  [1267593 1093116 1278228 1214158 1178578 1196356 1253357 1128708 1196383 1189259 1078872 1210587 1221307 1207065 1221266 1142970 1171434 1267601 1167895 1246233 1160774 1142969 1274718 1096677 1182139 1178578 1178579 1210587 1157213 1132287 1135847 1160773 1171427 1189260 1292487 1146508 1267555 1139409 1388670 1221274 1132277 1310332 1192820 1210625 1324507 1239098 1235553 1199906 1164326 1207027 1135846 1271162 1374426 1128725 1153652 1217710 1324575 1231992 1285350 1345895 1217723 1135829 1296088 1196383 1142970 1093116 1153652 1135848 1231979 1207066 1324574 1246235 1150081 1278284 1278225 1328085 1135845 1078873 1192822 1142948 1118043 1242674 1103799 1207041 1171435 1128726 1313891 1175018 1085989 1299633 1210625 1239114 1306771 1242644 1085990 1360151 1228431 1274664 1328075 1246233 1118043 1317452 1313893 1121604 1174994 1164335 1210626 1153652 1128709 1171427 1150091 1203505 1285400 1210627 1271160 1260479 1224846 1160774 1310302 1292527 1132287 1207036 1235553 1274722 1221307 1128726 1160774 1150091 1271137 1046824 1278284 1135834 1338776 1199943 1182137 1328099 1121604 1118043 1132269 1164335 1167895 1150091 1246236 1150091 1082433 1121604 1100238 1146530 1281845 1125164 1228431 1128726 1150091 1157213 1320946 1228431 1303144 1345939 1385070 1093116 1349484 1153652 1164335 1267551 1313891 1178578 1239066 1306704 1142969 1189227 1171428 1178578 1192822 1360150 1335256 1221309 1164334 1203505 1135845 1349468 1303210 1171447 1370865 1221272 1260461 1178576 1128715 1331633 1192822 1093116 1328107 1313872 1107358 1103799 1142970 1231992 1135847 1235510 1196382 1342315 1267601 1303144 1189261 1114478 1139408 1235551 1231992 1146511 1103799 1164334 1253315 1150091 1356575 1395722 1125165 1253355 1100238 1210626 1096677 1296081 1128726 1182139 1128709 1182108 1125148 1178578 1338820 1160774 1128726 1296079 1118029 1178578 1189261 1249785 1189259 1392173 1171428 1078873 1096677 1118043 1192820 1349501 1256906 1345939 1089555 1171428 1142948 1246234 1068190 1221309 1274723 1260443 1285398 1100238 1278279 1078870 1142969 1306771 1171427 1249794 1068190 1057507 1224868 1228431 1217707 1242673 1107348 1192822 1157211 1175018 1189232 1192787 1199907 1239113 1125165 1121589 1231990 1324541 1324575 1249796 1160773 1121603 1224870 1402916 1118035 1363737 1242674 1296088 1203467 1260438 1385073 1139394 1296087 1167896 1182107 1221309 1135845 1374428 1096677 1046824]
Response/bytes (per Connection):  [2460448 2121782 2481098 2356732 2287666 2322180 2432814 2190870 2322226 2308400 2094134 2349800 2370606 2342960 2370530 2218550 2273804 2460462 2266930 2418988 2253108 2218548 2474278 2128694 2294578 2287666 2287668 2349802 2246196 2197814 2204724 2253106 2273790 2308400 2508772 2225420 2460380 2211638 2695462 2370546 2197796 2543404 2315312 2349872 2570928 2405142 2398256 2329070 2260006 2342890 2204724 2467374 2667814 2190900 2239284 2363628 2571050 2391344 2494922 2612440 2363652 2204690 2515756 2322226 2218550 2121782 2239284 2204726 2391322 2342962 2571050 2418990 2232354 2481198 2481090 2577872 2204722 2094136 2315314 2218510 2170166 2412078 2142518 2342918 2273806 2190902 2550314 2280756 2107952 2522640 2349872 2405168 2536492 2412024 2107950 2640110 2384432 2474180 2577854 2418988 2170166 2557226 2550316 2177078 2280714 2260020 2349872 2239284 2190870 2273790 2232372 2336050 2495014 2349874 2467372 2446638 2377478 2253108 2543350 2508844 2197814 2342910 2398256 2474284 2370606 2190902 2253108 2232372 2467330 2031928 2481198 2204702 2598620 2329136 2294576 2577898 2177078 2170166 2197780 2260020 2266930 2232372 2418992 2232372 2101046 2177078 2135606 2225460 2488110 2183988 2384432 2190902 2232372 2246196 2564016 2384432 2529460 2612520 2688480 2121782 2619402 2239284 2260020 2460374 2550314 2287666 2405080 2536370 2218548 2308340 2273792 2287666 2315314 2640108 2591784 2370608 2260018 2336050 2204722 2619374 2529580 2273828 2660902 2370542 2446606 2287664 2190884 2584760 2315314 2121782 2577910 2550280 2149428 2142518 2218550 2391344 2204724 2398180 2322224 2605492 2460462 2529460 2308402 2163250 2211636 2398254 2391344 2225428 2142518 2260018 2432740 2232372 2633170 2709160 2183990 2432812 2135606 2349872 2128694 2515744 2190902 2294578 2190870 2294520 2183960 2287666 2598700 2253108 2190902 2515740 2170140 2287666 2308402 2425884 2308400 2702270 2273790 2094136 2128694 2170166 2315312 2619432 2439706 2612520 2114870 2273790 2218510 2418990 2073400 2370608 2474286 2446574 2495008 2135606 2481190 2094130 2218548 2536492 2273790 2425900 2073400 2052664 2377518 2384432 2363620 2412078 2149410 2315314 2246194 2280756 2308350 2315250 2329070 2405166 2183990 2177050 2391342 2570990 2571050 2425902 2253106 2177076 2377520 2723112 2170154 2647066 2412078 2515756 2335980 2446564 2688486 2211612 2515756 2266932 2294520 2370608 2204722 2667816 2128694 2031928]
Requests Number (per Connection):  [356 307 359 341 331 336 352 317 336 334 303 340 343 339 343 321 329 356 328 350 326 321 358 308 332 331 331 340 325 318 319 326 329 334 363 322 356 320 390 343 318 368 335 340 372 348 347 337 327 339 319 357 386 317 324 342 372 346 361 378 342 319 364 336 321 307 324 319 346 339 372 350 323 359 359 373 319 303 335 321 314 349 310 339 329 317 369 330 305 365 340 348 367 349 305 382 345 358 373 350 314 370 369 315 330 327 340 324 317 329 323 338 361 340 357 354 344 326 368 363 318 339 347 358 343 317 326 323 357 294 359 319 376 337 332 373 315 314 318 327 328 323 350 323 304 315 309 322 360 316 345 317 323 325 371 345 366 378 389 307 379 324 327 356 369 331 348 367 321 334 329 331 335 382 375 343 327 338 319 379 366 329 385 343 354 331 317 374 335 307 373 369 311 310 321 346 319 347 336 377 356 366 334 313 320 347 346 322 310 327 352 323 381 392 316 352 309 340 308 364 317 332 317 332 316 331 376 326 317 364 314 331 334 351 334 391 329 303 308 314 335 379 353 378 306 329 321 350 300 343 358 354 361 309 359 303 321 367 329 351 300 297 344 345 342 349 311 335 325 330 334 335 337 348 316 315 346 372 372 351 326 315 344 394 314 383 349 364 338 354 389 320 364 328 332 343 319 386 308 294]
Requests/sec:  5893.298274739584 KB
Transfer/sec:  17332.428548177082 KB

