2023-12-01 18:41:59.811790182 +0800 CST m=+8250.572631155
Running 1m0s myx-test @ https://192.168.12.127:6443/api/v1/namespaces/myx-test/endpoints
3 connections
Requests/bytes (per Connection):  [15905364 16942514 18373926]
Response/bytes (per Connection):  [20329628 21655274 23484850]
Requests Number (per Connection):  [4478 4770 5173]
Requests/sec:  833.6882161458333 KB
Transfer/sec:  1899.2766276041666 KB

2023-12-01 18:44:10.206665455 +0800 CST m=+8380.967506436
Running 1m0s myx-test @ https://192.168.12.127:6443/api/v1/namespaces/myx-test/endpoints
6 connections
Requests/bytes (per Connection):  [26188086 28130967 24472522 24511595 26227156 28077691]
Response/bytes (per Connection):  [33472610 35955927 31279842 31329783 33522548 35887831]
Requests Number (per Connection):  [7373 7920 6890 6901 7384 7905]
Requests/sec:  2565.234651692708 KB
Transfer/sec:  5844.019498697917 KB

2023-12-01 18:46:20.597420399 +0800 CST m=+8511.358261378
Running 1m0s myx-test @ https://192.168.12.127:6443/api/v1/namespaces/myx-test/endpoints
9 connections
Requests/bytes (per Connection):  [17287048 18178571 18416551 16583774 16377767 17347431 16502080 18253164 17461094]
Response/bytes (per Connection):  [22095644 23235155 23539331 21196746 20933435 22172823 21092328 23330496 22318102]
Requests Number (per Connection):  [4867 5118 5185 4669 4611 4884 4646 5139 4916]
Requests/sec:  2545.6946614583335 KB
Transfer/sec:  5799.504231770833 KB

2023-12-01 18:48:31.217163706 +0800 CST m=+8641.978004681
Running 1m0s myx-test @ https://192.168.12.127:6443/api/v1/namespaces/myx-test/endpoints
15 connections
Requests/bytes (per Connection):  [15905365 14392260 16022576 15887605 15908913 16054541 15788152 14569852 15763289 14445536 16004817 14569851 15752635 16022576 14559197]
Response/bytes (per Connection):  [20329629 18395636 20479444 20306929 20334165 20520301 20179812 18622628 20148033 18463732 20456745 18622627 20134415 20479444 18609009]
Requests Number (per Connection):  [4478 4052 4511 4473 4479 4520 4445 4102 4438 4067 4506 4102 4435 4511 4099]
Requests/sec:  3770.2989095052085 KB
Transfer/sec:  8589.350813802082 KB

2023-12-01 18:50:41.974192005 +0800 CST m=+8772.735032978
Running 1m0s myx-test @ https://192.168.12.127:6443/api/v1/namespaces/myx-test/endpoints
30 connections
Requests/bytes (per Connection):  [8908142 8258145 8766065 8773167 8883275 8314973 8254593 8787374 9018250 8222625 8780270 8865518 9004040 8830000 8805136 8897484 8112517 8929454 8737651 8719889 8197762 8858413 8833548 8737649 8442844 8119620 8876171 8297216 8808689 8350491]
Response/bytes (per Connection):  [11386046 10555245 11204449 11213527 11354263 10627881 10550705 11231686 11526782 10509845 11222606 11331566 11508620 11286168 11254388 11372424 10369109 11413286 11168131 11145429 10478066 11322485 11290704 11168129 10791320 10378188 11345183 10605184 11258929 10673279]
Requests Number (per Connection):  [2508 2325 2468 2470 2501 2341 2324 2474 2539 2315 2472 2496 2535 2486 2479 2505 2284 2514 2460 2455 2308 2494 2487 2460 2377 2286 2499 2336 2480 2351]
Requests/sec:  4221.858251953125 KB
Transfer/sec:  9618.07607421875 KB

2023-12-01 18:52:52.39078483 +0800 CST m=+8903.151625824
Running 1m0s myx-test @ https://192.168.12.127:6443/api/v1/namespaces/myx-test/endpoints
60 connections
Requests/bytes (per Connection):  [4905162 5033026 5310077 5189311 5285214 5477015 4727564 4926471 5228384 5263903 5178655 5285210 5299419 5246139 5324281 4873193 5324283 4940678 5253243 5345595 5246141 5182209 5050790 5263901 5388219 5548052 5182207 5249693 4944229 4958439 5260349 5281662 5437944 4965542 4961988 5345597 5274559 5235485 5278108 5405977 5033030 5320731 5089857 5249691 5075650 5288766 5050788 5327835 5409527 5260347 5164450 5214174 4940678 5025924 5022373 5004613 5228383 5256795 5082757 5260349]
Response/bytes (per Connection):  [6269590 6433022 6787137 6632779 6755358 7000511 6042592 6296827 6682720 6728119 6619159 6755354 6773515 6705415 6805293 6228729 6805295 6314986 6714495 6832535 6705417 6623701 6455726 6728117 6887015 7091308 6623699 6709957 6319525 6337687 6723577 6750818 6950572 6346766 6342224 6832537 6741739 6691797 6746276 6909713 6433026 6800755 6505661 6709955 6487502 6759898 6455724 6809835 6914251 6723575 6601002 6664558 6314986 6423944 6419405 6396705 6682719 6719035 6496585 6723577]
Requests Number (per Connection):  [1381 1417 1495 1461 1488 1542 1331 1387 1472 1482 1458 1488 1492 1477 1499 1372 1499 1391 1479 1505 1477 1459 1422 1482 1517 1562 1459 1478 1392 1396 1481 1487 1531 1398 1397 1505 1485 1474 1486 1522 1417 1498 1433 1478 1429 1489 1422 1500 1523 1481 1454 1468 1391 1415 1414 1409 1472 1480 1431 1481]
Requests/sec:  5064.854036458333 KB
Transfer/sec:  11538.5568359375 KB

2023-12-01 18:55:02.953851038 +0800 CST m=+9033.714692043
Running 1m0s myx-test @ https://192.168.12.127:6443/api/v1/namespaces/myx-test/endpoints
90 connections
Requests/bytes (per Connection):  [3999425 3857352 3775658 3768553 3860904 3885768 4020740 3971013 3843145 3722380 3924838 3871558 3715277 3864458 3967462 3917735 3871560 3725931 3782762 3868010 3765005 3633582 3892871 3914183 3654896 3836041 3821835 3782763 3999428 3786316 3725934 3843144 3871561 3811177 3779212 3850248 3669101 3907079 3722382 3839592 3868008 3729486 3605166 3821833 4010084 3871560 3782764 3963910 3733037 3686863 3899975 3708174 3697518 3903527 3736589 3903527 3669101 3811179 3733037 3725934 3786316 3899973 3946150 3896423 3754348 3896423 3779210 3622928 3690414 3896423 3729485 3907079 3839593 3757897 3885769 3946150 3814731 3804074 3899973 3832489 4024290 3661999 3885767 3871562 3665550 3765002 3843147 3931943 3878664 3793418]
Response/bytes (per Connection):  [5111913 4930320 4825902 4816821 4934860 4966640 5139156 5075597 4912161 4757804 5016578 4948478 4748725 4939402 5071058 5007499 4948480 4762343 4834982 4943942 4812285 4644306 4975719 5002959 4671548 4903081 4884923 4834983 5111916 4839524 4762346 4912160 4948481 4871301 4830444 4921240 4689705 4993879 4757806 4907620 4943940 4766886 4607986 4884921 5125536 4948480 4834984 5066518 4771425 4712407 4984799 4739646 4726026 4989339 4775965 4989339 4689705 4871303 4771425 4762346 4839524 4984797 5043818 4980259 4798664 4980259 4830442 4630688 4716946 4980259 4766885 4993879 4907621 4803201 4966641 5043818 4875843 4862222 4984797 4898541 5143694 4680627 4966639 4948482 4685166 4812282 4912163 5025659 4957560 4848602]
Requests Number (per Connection):  [1126 1086 1063 1061 1087 1094 1132 1118 1082 1048 1105 1090 1046 1088 1117 1103 1090 1049 1065 1089 1060 1023 1096 1102 1029 1080 1076 1065 1126 1066 1049 1082 1090 1073 1064 1084 1033 1100 1048 1081 1089 1050 1015 1076 1129 1090 1065 1116 1051 1038 1098 1044 1041 1099 1052 1099 1033 1073 1051 1049 1066 1098 1111 1097 1057 1097 1064 1020 1039 1097 1050 1100 1081 1058 1094 1111 1074 1071 1098 1079 1133 1031 1094 1090 1032 1060 1082 1107 1092 1068]
Requests/sec:  5600.412451171875 KB
Transfer/sec:  12758.645540364583 KB

2023-12-01 18:57:13.389805335 +0800 CST m=+9164.150646327
Running 1m0s myx-test @ https://192.168.12.127:6443/api/v1/namespaces/myx-test/endpoints
150 connections
Requests/bytes (per Connection):  [2599984 2383318 2589326 2365558 2514736 2454353 2418836 2532498 2568017 2539600 2379766 2536050 2454355 2539604 2479218 2575118 2440148 2702988 2578675 2429493 2418837 2571569 2489873 2486325 2429493 2401077 2393973 2472116 2273210 2507634 2511184 2436598 2443702 2397527 2521842 2514738 2642606 2500529 2411733 2475667 2507632 2486323 2436596 2379768 2447254 2475665 2528946 2543152 2386870 2543152 2475667 2362008 2393975 2521842 2521842 2461458 2507637 2582225 2457910 2383317 2322935 2486321 2507635 2422391 2628400 2493427 2319388 2418835 2422389 2465012 2443700 2465011 2475669 2415285 2440148 2468564 2599986 2465012 2489875 2468563 2344246 2379766 2433044 2433045 2514740 2411735 2443700 2496979 2624848 2465012 2532496 2521842 2433044 2532496 2454356 2543155 2539604 2358455 2493429 2468564 2465011 2457906 2376214 2436596 2550256 2383318 2571567 2401077 2468561 2518293 2443700 2450804 2496978 2575121 2422387 2482773 2603536 2450804 2440149 2514738 2433045 2457906 2411733 2465012 2667471 2496979 2511189 2433047 2337145 2514736 2493424 2404629 2457906 2393973 2347798 2404631 2472115 2358454 2322937 2397525 2315831 2518291 2532498 2507632 2568019 2457909 2450806 2518290 2475668 2468566]
Response/bytes (per Connection):  [3323200 3046266 3309578 3023566 3214240 3137061 3091664 3236942 3282341 3246020 3041726 3241482 3137063 3246024 3168842 3291418 3118904 3454856 3295963 3105285 3091665 3286881 3182461 3177925 3105285 3068965 3059885 3159764 2905530 3205162 3209700 3114366 3123446 3064427 3223322 3214242 3377678 3196081 3082585 3164303 3205160 3177923 3114364 3041728 3127986 3164301 3232402 3250560 3050806 3250560 3164303 3019028 3059887 3223322 3223322 3146142 3205165 3300501 3141606 3046265 2969087 3177921 3205163 3096207 3359520 3187003 2964552 3091663 3096205 3150684 3123444 3150683 3164305 3087125 3118904 3155224 3323202 3150684 3182463 3155223 2996326 3041726 3109824 3109825 3214244 3082587 3123444 3191543 3354980 3150684 3236940 3223322 3109824 3236940 3137064 3250563 3246024 3014487 3187005 3155224 3150683 3141602 3037186 3114364 3259640 3046266 3286879 3068965 3155221 3218785 3123444 3132524 3191542 3291421 3096203 3173385 3327740 3132524 3118905 3214242 3109825 3141602 3082585 3150684 3409459 3191543 3209705 3109827 2987249 3214240 3187000 3073505 3141602 3059885 3000866 3073507 3159763 3014486 2969089 3064425 2960007 3218783 3236942 3205160 3282343 3141605 3132526 3218782 3164304 3155226]
Requests Number (per Connection):  [732 671 729 666 708 691 681 713 723 715 670 714 691 715 698 725 687 761 726 684 681 724 701 700 684 676 674 696 640 706 707 686 688 675 710 708 744 704 679 697 706 700 686 670 689 697 712 716 672 716 697 665 674 710 710 693 706 727 692 671 654 700 706 682 740 702 653 681 682 694 688 694 697 680 687 695 732 694 701 695 660 670 685 685 708 679 688 703 739 694 713 710 685 713 691 716 715 664 702 695 694 692 669 686 718 671 724 676 695 709 688 690 703 725 682 699 733 690 687 708 685 692 679 694 751 703 707 685 658 708 702 677 692 674 661 677 696 664 654 675 652 709 713 706 723 692 690 709 697 695]
Requests/sec:  6030.813297526041 KB
Transfer/sec:  13739.16826171875 KB

2023-12-01 18:59:23.793279625 +0800 CST m=+9294.554120598
Running 1m0s myx-test @ https://192.168.12.127:6443/api/v1/namespaces/myx-test/endpoints
300 connections
Requests/bytes (per Connection):  [1491795 1669388 1658730 1658732 1559278 1534415 1520210 1662286 1715563 1566384 1623211 1655182 1591248 1658732 1584144 1481141 1591247 1520209 1736874 1598352 1491794 1537969 1566383 1715563 1488242 1587695 1701355 1594799 1520209 1569936 1552174 1644524 1569934 1623213 1566383 1648078 1648078 1555727 1658734 1562832 1587694 1577038 1651628 1619663 1577038 1601901 1545071 1669388 1559279 1559278 1640974 1584142 1509553 1715563 1495347 1612559 1548624 1690701 1523761 1569936 1580592 1609005 1619663 1697802 1562832 1562830 1506002 1584143 1704905 1676492 1733324 1609007 1616111 1601902 1633869 1530864 1694251 1495344 1555728 1687147 1566384 1456273 1562832 1591247 1626765 1591248 1594800 1594800 1669389 1768841 1704906 1594800 1516655 1594799 1516658 1513107 1566384 1690701 1523761 1434962 1466931 1591247 1619659 1580590 1534415 1474033 1587696 1687147 1619661 1697801 1758187 1587696 1637420 1623213 1513105 1459826 1566385 1626767 1587694 1555728 1552175 1534417 1640972 1569936 1701357 1516656 1577040 1552175 1520209 1509554 1594798 1640974 1474035 1676494 1630319 1690698 1434964 1584142 1726218 1609005 1701357 1548625 1548624 1640975 1559280 1537967 1722668 1704907 1712011 1665838 1662284 1633871 1552177 1662286 1616109 1577038 1516658 1726220 1548625 1527315 1562830 1601903 1672937 1683597 1534417 1609007 1644526 1676493 1502450 1704909 1680045 1580590 1601904 1545071 1580590 1612558 1463377 1463378 1619661 1609006 1491794 1562830 1484693 1669388 1559280 1598351 1520207 1506004 1591247 1655182 1584142 1552175 1566383 1523763 1584144 1541521 1761736 1523760 1605455 1658732 1598352 1498896 1495344 1424310 1701356 1584144 1466931 1676492 1665836 1680044 1580592 1598350 1612555 1548625 1509554 1626766 1626765 1562830 1523761 1662284 1559280 1708458 1658734 1573486 1573488 1605455 1559279 1509554 1676494 1509554 1648077 1743977 1651628 1594799 1545073 1516657 1459825 1410098 1640973 1541519 1655180 1527313 1566382 1520209 1651630 1577040 1559279 1623212 1658732 1509556 1545073 1523761 1594800 1619663 1545072 1580592 1523762 1573486 1665834 1648078 1644525 1587694 1598351 1601904 1676489 1598350 1658732 1484688 1548625 1708457 1648076 1580592 1601903 1616107 1594798 1491794 1516655 1701357 1516656 1587694 1609007 1648077 1548624 1587696 1534417 1637423 1537967 1680046 1680045 1722668 1488243 1488244 1555728 1516655 1601899 1619663 1584141 1594798 1619663 1566384]
Response/bytes (per Connection):  [1906755 2133748 2120126 2120128 1993010 1961231 1943074 2124670 2192767 2002092 2074727 2115590 2033872 2120128 2024792 1893137 2033871 1943073 2220006 2042952 1906754 1965773 2002091 2192767 1902214 2029331 2174607 2038411 1943073 2006632 1983930 2101968 2006630 2074729 2002091 2106510 2106510 1988471 2120130 1997552 2029330 2015710 2111048 2070191 2015710 2047489 1974851 2133748 1993011 1993010 2097430 2024790 1929453 2192767 1911295 2061111 1979392 2160989 1947613 2006632 2020252 2056569 2070191 2170066 1997552 1997550 1924914 2024791 2179145 2142828 2215468 2056571 2065651 2047490 2088349 1956692 2165527 1911292 1988472 2156447 2002092 1861353 1997552 2033871 2079269 2033872 2038412 2038412 2133749 2260865 2179146 2038412 1938531 2038411 1938534 1933995 2002092 2160989 1947613 1834114 1874975 2033871 2070187 2020250 1961231 1884053 2029332 2156447 2070189 2170065 2247247 2029332 2092888 2074729 1933993 1865894 2002093 2079271 2029330 1988472 1983931 1961233 2097428 2006632 2174609 1938532 2015712 1983931 1943073 1929454 2038410 2097430 1884055 2142830 2083811 2160986 1834116 2024790 2206386 2056569 2174609 1979393 1979392 2097431 1993012 1965771 2201848 2179147 2188227 2129210 2124668 2088351 1983933 2124670 2065649 2015710 1938534 2206388 1979393 1952155 1997550 2047491 2138285 2151909 1961233 2056571 2101970 2142829 1920374 2179149 2147369 2020250 2047492 1974851 2020250 2061110 1870433 1870434 2070189 2056570 1906754 1997550 1897677 2133748 1993012 2042951 1943071 1924916 2033871 2115590 2024790 1983931 2002091 1947615 2024792 1970313 2251784 1947612 2052031 2120128 2042952 1915832 1911292 1820498 2174608 2024792 1874975 2142828 2129208 2147368 2020252 2042950 2061107 1979393 1929454 2079270 2079269 1997550 1947613 2124668 1993012 2183686 2120130 2011170 2011172 2052031 1993011 1929454 2142830 1929454 2106509 2229085 2111048 2038411 1974853 1938533 1865893 1802334 2097429 1970311 2115588 1952153 2002090 1943073 2111050 2015712 1993011 2074728 2120128 1929456 1974853 1947613 2038412 2070191 1974852 2020252 1947614 2011170 2129206 2106510 2101969 2029330 2042951 2047492 2142825 2042950 2120128 1897672 1979393 2183685 2106508 2020252 2047491 2065647 2038410 1906754 1938531 2174609 1938532 2029330 2056571 2106509 1979392 2029332 1961233 2092891 1965771 2147370 2147369 2201848 1902215 1902216 1988472 1938531 2047487 2070191 2024789 2038410 2070191 2002092]
Requests Number (per Connection):  [420 470 467 467 439 432 428 468 483 441 457 466 448 467 446 417 448 428 489 450 420 433 441 483 419 447 479 449 428 442 437 463 442 457 441 464 464 438 467 440 447 444 465 456 444 451 435 470 439 439 462 446 425 483 421 454 436 476 429 442 445 453 456 478 440 440 424 446 480 472 488 453 455 451 460 431 477 421 438 475 441 410 440 448 458 448 449 449 470 498 480 449 427 449 427 426 441 476 429 404 413 448 456 445 432 415 447 475 456 478 495 447 461 457 426 411 441 458 447 438 437 432 462 442 479 427 444 437 428 425 449 462 415 472 459 476 404 446 486 453 479 436 436 462 439 433 485 480 482 469 468 460 437 468 455 444 427 486 436 430 440 451 471 474 432 453 463 472 423 480 473 445 451 435 445 454 412 412 456 453 420 440 418 470 439 450 428 424 448 466 446 437 441 429 446 434 496 429 452 467 450 422 421 401 479 446 413 472 469 473 445 450 454 436 425 458 458 440 429 468 439 481 467 443 443 452 439 425 472 425 464 491 465 449 435 427 411 397 462 434 466 430 441 428 465 444 439 457 467 425 435 429 449 456 435 445 429 443 469 464 463 447 450 451 472 450 467 418 436 481 464 445 451 455 449 420 427 479 427 447 453 464 436 447 432 461 433 473 473 485 419 419 438 427 451 456 446 449 456 441]
Requests/sec:  7776.8701171875 KB
Transfer/sec:  17716.9681640625 KB

