2023-12-03 09:52:21.484674077 +0800 CST m=+51896.762609471
Running 1m0s myx-test @ https://192.168.12.127:6443/apis/batch/v1/namespaces/myx-test/jobs
3 connections
Requests/bytes (per Connection):  [22938962 22655175 21108426]
Response/bytes (per Connection):  [41750210 41233729 38418578]
Requests Number (per Connection):  [6466 6386 5950]
Requests/sec:  1085.6536946614583 KB
Transfer/sec:  3061.6061197916665 KB

2023-12-03 09:54:01.641151953 +0800 CST m=+51996.919087327
Running 1m0s myx-test @ https://192.168.12.127:6443/apis/batch/v1/namespaces/myx-test/jobs
6 connections
Requests/bytes (per Connection):  [17685001 19100469 19068522 17904905 17333758 17248611]
Response/bytes (per Connection):  [32187793 34763983 34705816 32587973 31548478 31393501]
Requests Number (per Connection):  [4985 5384 5375 5047 4886 4862]
Requests/sec:  1763.3669596354166 KB
Transfer/sec:  4972.799641927083 KB

2023-12-03 09:55:41.830198737 +0800 CST m=+52097.108134113
Running 1m0s myx-test @ https://192.168.12.127:6443/apis/batch/v1/namespaces/myx-test/jobs
9 connections
Requests/bytes (per Connection):  [14786527 14346588 14275708 14939087 14240229 13622895 13598062 13676114 14825565]
Response/bytes (per Connection):  [26912333 26111580 25982660 27190015 25918083 24794445 24749248 24891312 26983401]
Requests Number (per Connection):  [4168 4044 4024 4211 4014 3840 3833 3855 4179]
Requests/sec:  2088.3915201822915 KB
Transfer/sec:  5889.385611979166 KB

2023-12-03 09:57:22.008204918 +0800 CST m=+52197.286140293
Running 1m0s myx-test @ https://192.168.12.127:6443/apis/batch/v1/namespaces/myx-test/jobs
15 connections
Requests/bytes (per Connection):  [9897867 10901896 10926730 9922748 10781267 10809652 9940419 10717407 10834468 10834444 10752859 10706762 10869912 9915606 9961782]
Response/bytes (per Connection):  [18014661 19842110 19887310 18060002 19622547 19674214 18092085 19506315 19719360 19719288 19570811 19486938 19783832 18046948 18131058]
Requests Number (per Connection):  [2790 3073 3080 2797 3039 3047 2802 3021 3054 3054 3031 3018 3064 2795 2808]
Requests/sec:  2567.933251953125 KB
Transfer/sec:  7241.720345052084 KB

2023-12-03 09:59:02.504230079 +0800 CST m=+52297.782165446
Running 1m0s myx-test @ https://192.168.12.127:6443/apis/batch/v1/namespaces/myx-test/jobs
30 connections
Requests/bytes (per Connection):  [6431863 5882018 6027404 5857139 6524070 6396384 5913897 6520538 6424755 6470889 6552444 5889110 6300590 5882018 5892587 6002598 6414116 6492175 6438959 6463794 6488629 5952935 6492147 6332521 6446052 6382192 5931636 6424767 6538294 6307688]
Response/bytes (per Connection):  [11706371 10705666 10970198 10660331 11874156 11641794 10763629 11867746 11693419 11777403 11925790 10718570 11467434 10705666 10724815 10925082 11674060 11816145 11719287 11764490 11809693 10834697 11816061 11525553 11732194 11615962 10795916 11693455 11900084 11480356]
Requests Number (per Connection):  [1813 1658 1699 1651 1839 1803 1667 1838 1811 1824 1847 1660 1776 1658 1661 1692 1808 1830 1815 1822 1829 1678 1830 1785 1817 1799 1672 1811 1843 1778]
Requests/sec:  3061.103662109375 KB
Transfer/sec:  8632.490755208333 KB

2023-12-03 10:00:42.970533683 +0800 CST m=+52398.248469085
Running 1m0s myx-test @ https://192.168.12.127:6443/apis/batch/v1/namespaces/myx-test/jobs
60 connections
Requests/bytes (per Connection):  [3033218 3192870 3075789 3363167 3026165 3203514 3001283 3224793 2990640 3263820 2951612 3026118 2990692 3317047 2983587 3210610 3178682 3320593 3270924 3008379 3214151 3217699 3111269 3036762 3228349 3348978 3246089 3285115 3221253 3224792 3249633 3171588 2941011 3260273 3203514 3175131 3171588 3235445 3267375 3164495 2940984 3235445 2969352 2962295 3199965 3026118 2979998 3189322 3210609 3022570 3015476 3175135 3363170 2987093 3182227 2965806 3019024 3143199 3228349 3129008]
Response/bytes (per Connection):  [5520624 5811210 5598105 6121173 5507837 5830584 5462493 5869305 5443122 5940340 5372084 5507696 5443278 6037231 5430335 5843500 5785390 6043683 5953280 5475409 5849937 5856395 5662685 5527070 5875787 6095350 5908077 5979109 5862871 5869302 5914523 5772480 5352839 5933885 5830584 5778923 5772480 5888703 5946819 5759573 5352758 5888703 5404374 5391575 5824123 5507696 5423754 5804752 5843497 5501238 5488328 5778935 6121182 5436667 5791839 5397922 5494786 5720801 5875787 5694972]
Requests Number (per Connection):  [855 900 867 948 853 903 846 909 843 920 832 853 843 935 841 905 896 936 922 848 906 907 877 856 910 944 915 926 908 909 916 894 829 919 903 895 894 912 921 892 829 912 837 835 902 853 840 899 905 852 850 895 948 842 897 836 851 886 910 882]
Requests/sec:  3068.8990559895833 KB
Transfer/sec:  8654.474576822917 KB

2023-12-03 10:02:23.127734661 +0800 CST m=+52498.405670055
Running 1m0s myx-test @ https://192.168.12.127:6443/apis/batch/v1/namespaces/myx-test/jobs
90 connections
Requests/bytes (per Connection):  [2756514 2816794 2618189 2664292 2745906 2777783 2859369 2646494 2855820 2774260 2855857 2866502 2802657 2930360 2838149 2696164 2781315 2788413 2905489 2696189 2703288 3026166 2653589 2923229 2685521 2752931 2593334 2710356 2841629 2603998 2827485 2724604 2717504 2628766 2660690 2852273 2635929 2909095 2643023 2799123 2827478 2937444 2792037 2717531 2657198 2735262 2880669 2674878 2898394 2862915 2845204 2830989 2689074 2738808 2795507 2866541 2823893 2713983 2905491 2870037 2841652 2830987 2887750 2745910 2731712 2820416 2848791 2799096 2823889 2678492 2777766 2721026 2862915 2696165 2813246 2944519 2838130 2937432 2628833 2639398 2784936 2696193 2923229 2834577 2852273 2713904 2660710 2887814 2905535 2781368]
Response/bytes (per Connection):  [5017020 5126698 4765299 4849190 4997754 5055711 5204191 4816726 5197730 5049328 5197841 5217218 5101031 5333444 5165647 4907132 5062121 5075043 5288133 4907207 4920132 5507840 4829639 5320423 4887761 5010457 4720036 4932964 5171901 4739470 5146213 4958964 4946036 4784472 4842570 5191275 4797589 5294765 4810499 5094615 5146192 5346324 5081729 4946117 4836280 4978380 5242975 4868390 5275220 5210643 5178440 5152539 4894234 4984832 5087953 5217335 5139623 4939659 5288139 5223637 5171970 5152533 5255846 4997766 4971916 5133378 5185015 5094534 5139611 4875046 5055660 4952416 5210643 4907135 5120240 5359177 5165590 5346288 4784673 4803810 5068798 4907219 5320423 5159117 5191275 4939422 4842630 5256038 5288271 5062280]
Requests Number (per Connection):  [777 794 738 751 774 783 806 746 805 782 805 808 790 826 800 760 784 786 819 760 762 853 748 824 757 776 731 764 801 734 797 768 766 741 750 804 743 820 745 789 797 828 787 766 749 771 812 754 817 807 802 798 758 772 788 808 796 765 819 809 801 798 814 774 770 795 803 789 796 755 783 767 807 760 793 830 800 828 741 744 785 760 824 799 804 765 750 814 819 784]
Requests/sec:  4077.81650390625 KB
Transfer/sec:  11499.682486979167 KB

2023-12-03 10:04:03.384942352 +0800 CST m=+52598.662877746
Running 1m0s myx-test @ https://192.168.12.127:6443/apis/batch/v1/namespaces/myx-test/jobs
150 connections
Requests/bytes (per Connection):  [1841223 1880235 1869607 1858939 1887368 1979568 1880289 1898022 1986703 1827011 1986704 1937043 1926406 1883843 1869601 1880226 1809268 1798705 1883843 2061170 1823464 2004428 2036360 1841221 1986663 1929897 2082458 2068265 1858941 1837651 1798630 2036360 1986671 1798626 1834103 1816364 1802200 2029238 1848326 2071815 1848297 1908619 1823513 1958281 2032789 1787982 2000884 1788062 1954782 1802222 1905083 2096649 1972512 2050526 1883843 2032786 1901515 1812829 2015047 1933445 2000871 1738312 1805797 1873141 1834106 2022143 2007973 2039882 2011499 1834103 1990211 2057622 1816387 1805722 1897968 2064717 1816366 1773870 1827045 1993759 1802174 1805801 2025690 1766696 1905062 2071814 1883809 1929897 1968926 2114389 1834143 1894420 1897985 1926378 2036360 1961828 1827059 1972516 1922860 1855455 1968937 1972472 2064719 1908671 2015049 2039907 2050546 1944091 1965380 1897966 2000856 1929945 1944141 2075362 1947636 2139224 1855449 2086005 2022155 2039883 1869585 1929953 1979568 1869603 2007966 1894473 1834156 1965376 1724194 1901513 2050548 1791576 1933445 1876679 2004404 2082470 1954732 1983117 1766728 1951216 2132127 2068266 1912198 2004403 1855393 1837686 1937039 1883774 1940587 1784435]
Response/bytes (per Connection):  [3351135 3422125 3402799 3383353 3435152 3602916 3422287 3454556 3615949 3325243 3615952 3525573 3506220 3428763 3402781 3422098 3292944 3273813 3428763 3751444 3318788 3648194 3706316 3351129 3615829 3512507 3790192 3764357 3383359 3344605 3273588 3706316 3615853 3273576 3338147 3305860 3280112 3693322 3364072 3770821 3363985 3473789 3318935 3564171 3699789 3254202 3641748 3254442 3557860 3280178 3467367 3816021 3590120 3732070 3428763 3699780 3460849 3299441 3667493 3518965 3641709 3163796 3286717 3409215 3338156 3680409 3654643 3712696 3661035 3338147 3622287 3744986 3305929 3286492 3454394 3757899 3305866 3228610 3325345 3628745 3280034 3286729 3686864 3215460 3467304 3770818 3428661 3512507 3583548 3848311 3338267 3447936 3454445 3506136 3706316 3570626 3325387 3590132 3499768 3377087 3583581 3590000 3757905 3473945 3667499 3712771 3732130 3538345 3577096 3454388 3641664 3512651 3538495 3777276 3544794 3893514 3377069 3796647 3680445 3712699 3402733 3512675 3602916 3402787 3654622 3448095 3338306 3577084 3138186 3460843 3732136 3260798 3518965 3415643 3648122 3790228 3557710 3609377 3215556 3551348 3880595 3764360 3480340 3648119 3376901 3344710 3525561 3428556 3532019 3247747]
Requests Number (per Connection):  [519 530 527 524 532 558 530 535 560 515 560 546 543 531 527 530 510 507 531 581 514 565 574 519 560 544 587 583 524 518 507 574 560 507 517 512 508 572 521 584 521 538 514 552 573 504 564 504 551 508 537 591 556 578 531 573 536 511 568 545 564 490 509 528 517 570 566 575 567 517 561 580 512 509 535 582 512 500 515 562 508 509 571 498 537 584 531 544 555 596 517 534 535 543 574 553 515 556 542 523 555 556 582 538 568 575 578 548 554 535 564 544 548 585 549 603 523 588 570 575 527 544 558 527 566 534 517 554 486 536 578 505 545 529 565 587 551 559 498 550 601 583 539 565 523 518 546 531 547 503]
Requests/sec:  4706.339208984375 KB
Transfer/sec:  13272.16181640625 KB

2023-12-03 10:05:43.864724563 +0800 CST m=+52699.142659957
Running 1m0s myx-test @ https://192.168.12.127:6443/apis/batch/v1/namespaces/myx-test/jobs
300 connections
Requests/bytes (per Connection):  [1202659 1138776 1216836 1152988 1074934 1117509 1195562 1085577 1103317 1266519 1298450 1113961 1135246 1099769 1266521 1160057 1167178 1177823 1238137 1142344 1145892 1149438 1064290 1195526 1181365 1160083 1142323 1128152 1117494 1113961 1067838 1117494 1223946 1106853 1089126 1234590 1014619 1181338 1220397 1216850 1191977 1071384 1138796 1259381 1216850 1057194 1074934 1238126 1216850 1160083 1262965 1060743 1199073 1103308 1174244 1113961 1152963 1124605 1131700 1287758 1078482 1245234 1131681 1213267 1160057 1163603 1138782 1184919 1124603 1184888 1174248 1067838 1092673 1142344 1131681 1142339 1060743 1231000 1106865 1082029 1227487 1128150 1209734 1135248 1174275 1152988 1074931 1181371 1195561 1043009 1131700 1170725 1195563 1252327 1124604 1142344 1131700 1057194 1156535 1057194 1181371 1202624 1089125 1223944 1195526 1287744 1121056 1078482 1181371 1106864 1170728 1089125 1188467 1152986 1149440 1220372 1082030 1113961 1106853 1089118 1160084 1121056 1177823 1209730 1113960 1280713 1106865 1085571 1142329 1113961 1050098 1142344 1135248 1216850 1103306 1167179 1284199 1156536 1177823 1135248 1184884 1124592 1074933 1103306 1124605 1231000 1124604 1113947 1152988 1266519 1099769 1131694 1121054 1230995 1227493 1128153 1174275 1216816 1103317 1053649 1152963 1064290 1174276 1160060 1188457 1145892 1089126 1106865 1206204 1106865 1113961 1046556 1113947 1096221 1050102 1078482 1142344 1209755 1092673 1149440 1213295 1167179 1181360 1174275 1099769 1170727 1082025 1117509 1071386 1160083 1117494 1021715 1117508 1156536 1156536 1117506 1202638 1064290 1128153 1089119 1220396 1121041 1174269 1060742 1160057 1145892 1089125 1184919 1096221 1160084 1117509 1238116 1039454 1184917 1220398 1195541 1131700 1092673 1230995 1234542 1213292 1252276 1255868 1213302 1078478 1192015 1018167 1092673 1057196 1050102 1046550 1191977 1128133 1167180 1050099 1230999 1167179 1184919 1160084 1241685 1152988 1138796 1209755 1284259 1131681 1156535 1213261 1160084 1174271 1050098 1113961 1131701 1064290 1103315 1053649 1142344 1177823 1035906 1106865 1248775 1145892 1202658 1184919 1152986 1106852 1110413 1117494 1195562 1156536 1192015 1234550 1092673 1099769 1110400 1099769 1167179 1248774 1039455 1181371 1213300 1117508 1103317 1209754 1298433 1298424 1099769 1142344 1160057 1110413 1181338 1121050 1231041 1089118 1113960 1103316 1092673 1170727 1092673 1071384 1113961]
Response/bytes (per Connection):  [2188923 2072622 2214710 2098514 1956444 2033937 2176004 1975815 2008105 2305155 2363274 2027479 2066218 2001647 2305161 2111349 2124340 2143717 2253497 2079140 2085598 2092050 1937070 2175896 2150157 2111427 2079077 2053308 2033892 2027479 1943528 2033892 2227668 2014527 1982276 2247042 1846661 2150076 2221207 2214752 2169435 1949980 2072682 2292113 2214752 1924154 1956444 2253464 2214752 2111427 2298679 1930615 2182351 2008078 2137166 2027479 2098439 2046853 2059766 2343756 1962902 2266416 2059709 2208189 2111349 2117801 2072640 2156633 2046847 2156540 2137178 1943528 1988731 2079140 2059709 2079125 1930615 2240458 2014563 1969357 2234105 2053302 2201776 2066224 2137259 2098514 1956435 2150175 2176001 1898343 2059766 2130795 2176007 2279323 2046850 2079140 2059766 1924154 2104969 1924154 2150175 2188818 1982273 2227662 2175896 2343714 2040392 1962902 2150175 2014560 2130804 1982273 2163091 2098508 2092056 2221132 1969360 2027479 2014527 1982252 2111430 2040392 2143717 2201764 2027476 2330993 2014563 1975797 2079095 2027479 1911238 2079140 2066224 2214752 2008072 2124343 2337265 2104972 2143717 2066224 2156528 2046814 1956441 2008072 2046853 2240458 2046850 2027437 2098514 2305155 2001647 2059748 2040386 2240443 2234123 2053311 2137259 2214650 2008105 1917705 2098439 1937070 2137262 2111358 2163061 2085598 1982276 2014563 2195372 2014563 2027479 1904798 2027437 1995189 1911250 1962902 2079140 2201839 1988731 2092056 2208273 2124343 2150142 2137259 2001647 2130801 1969345 2033937 1949986 2111427 2033892 1859577 2033934 2104972 2104972 2033928 2188860 1937070 2053311 1982255 2221204 2040347 2137241 1930612 2111349 2085598 1982273 2156633 1995189 2111430 2033937 2253434 1891864 2156627 2221210 2175941 2059766 1988731 2240443 2246898 2208264 2279170 2285760 2208294 1962890 2169549 1853119 1988731 1924160 1911250 1904780 2169435 2053251 2124346 1911241 2240455 2124343 2156633 2111430 2259955 2098514 2072682 2201839 2337445 2059709 2104969 2208171 2111430 2137247 1911238 2027479 2059769 1937070 2008099 1917705 2079140 2143717 1885406 2014563 2272853 2085598 2188920 2156633 2098508 2014524 2021021 2033892 2176004 2104972 2169549 2246922 1988731 2001647 2020982 2001647 2124343 2272850 1891867 2150175 2208288 2033934 2008105 2201836 2363223 2363196 2001647 2079140 2111349 2021021 2150076 2040374 2240581 1982252 2027476 2008102 1988731 2130801 1988731 1949980 2027479]
Requests Number (per Connection):  [339 321 343 325 303 315 337 306 311 357 366 314 320 310 357 327 329 332 349 322 323 324 300 337 333 327 322 318 315 314 301 315 345 312 307 348 286 333 344 343 336 302 321 355 343 298 303 349 343 327 356 299 338 311 331 314 325 317 319 363 304 351 319 342 327 328 321 334 317 334 331 301 308 322 319 322 299 347 312 305 346 318 341 320 331 325 303 333 337 294 319 330 337 353 317 322 319 298 326 298 333 339 307 345 337 363 316 304 333 312 330 307 335 325 324 344 305 314 312 307 327 316 332 341 314 361 312 306 322 314 296 322 320 343 311 329 362 326 332 320 334 317 303 311 317 347 317 314 325 357 310 319 316 347 346 318 331 343 311 297 325 300 331 327 335 323 307 312 340 312 314 295 314 309 296 304 322 341 308 324 342 329 333 331 310 330 305 315 302 327 315 288 315 326 326 315 339 300 318 307 344 316 331 299 327 323 307 334 309 327 315 349 293 334 344 337 319 308 347 348 342 353 354 342 304 336 287 308 298 296 295 336 318 329 296 347 329 334 327 350 325 321 341 362 319 326 342 327 331 296 314 319 300 311 297 322 332 292 312 352 323 339 334 325 312 313 315 337 326 336 348 308 310 313 310 329 352 293 333 342 315 311 341 366 366 310 322 327 313 333 316 347 307 314 311 308 330 308 302 314]
Requests/sec:  5605.074593098959 KB
Transfer/sec:  15806.636393229166 KB

