2023-12-01 21:16:16.869416708 +0800 CST m=+1301.585549132
Running 1m0s myx-test @ https://192.168.12.127:6443/api/v1/namespaces/myx-test/limitranges
3 connections
Requests/bytes (per Connection):  [25544669 25089642 27378881]
Response/bytes (per Connection):  [33111527 32521716 35489087]
Requests Number (per Connection):  [7186 7058 7702]
Requests/sec:  1269.7459635416667 KB
Transfer/sec:  2915.617220052083 KB

2023-12-01 21:18:27.115161468 +0800 CST m=+1431.831293888
Running 1m0s myx-test @ https://192.168.12.127:6443/api/v1/namespaces/myx-test/limitranges
6 connections
Requests/bytes (per Connection):  [24304051 24456873 22043215 22050314 23262486 23162946]
Response/bytes (per Connection):  [31503412 31701513 28572868 28582073 30153318 30024294]
Requests Number (per Connection):  [6837 6880 6201 6203 6544 6516]
Requests/sec:  2266.9252115885415 KB
Transfer/sec:  5205.360725911459 KB

2023-12-01 21:20:37.341193523 +0800 CST m=+1562.057325945
Running 1m0s myx-test @ https://192.168.12.127:6443/api/v1/namespaces/myx-test/limitranges
9 connections
Requests/bytes (per Connection):  [17151849 18669733 18854532 16927836 17585490 18939887 17713467 17180289 17809449]
Response/bytes (per Connection):  [22232574 24200089 24439644 21942222 22794681 24550271 22960566 22269438 23084979]
Requests Number (per Connection):  [4825 5252 5304 4762 4947 5328 4983 4833 5010]
Requests/sec:  2617.7169921875 KB
Transfer/sec:  6010.8560546875 KB

2023-12-01 21:22:47.571481862 +0800 CST m=+1692.287614324
Running 1m0s myx-test @ https://192.168.12.127:6443/api/v1/namespaces/myx-test/limitranges
15 connections
Requests/bytes (per Connection):  [12800774 13664556 14279553 13703660 12765227 14251114 12747452 14148022 12743895 13646782 12814993 13781868 14233340 14094698 13572185]
Response/bytes (per Connection):  [16592627 17712288 18509454 17762975 16546550 18472591 16523510 18338962 16518900 17689249 16611058 17864349 18449552 18269843 17592539]
Requests Number (per Connection):  [3601 3844 4017 3855 3591 4009 3586 3980 3585 3839 3605 3877 4004 3965 3818]
Requests/sec:  3308.074853515625 KB
Transfer/sec:  7596.07041015625 KB

2023-12-01 21:24:57.822021746 +0800 CST m=+1822.538154178
Running 1m0s myx-test @ https://192.168.12.127:6443/api/v1/namespaces/myx-test/limitranges
30 connections
Requests/bytes (per Connection):  [8243515 8570565 8250633 8300394 8293304 7859587 7959122 8485304 8268439 7912966 7912921 7880971 8005393 8545680 8439062 7930683 8353773 8691430 8311057 7930696 8595483 7877416 8471038 8492394 8275507 8677212 7962678 8247126 8335986 8581227]
Response/bytes (per Connection):  [10685422 11109348 10694646 10759149 10749953 10187770 10316789 10998815 10717717 10256944 10256899 10215472 10376749 11077092 10938884 10279926 10828323 11266015 10772971 10279939 11141637 10210864 10980337 11008011 10726891 11247585 10321398 10690086 10805271 11123169]
Requests Number (per Connection):  [2319 2411 2321 2335 2333 2211 2239 2387 2326 2226 2226 2217 2252 2404 2374 2231 2350 2445 2338 2231 2418 2216 2383 2389 2328 2441 2240 2320 2345 2414]
Requests/sec:  4030.94990234375 KB
Transfer/sec:  9255.95107421875 KB

2023-12-01 21:27:08.073556361 +0800 CST m=+1952.789688782
Running 1m0s myx-test @ https://192.168.12.127:6443/api/v1/namespaces/myx-test/limitranges
60 connections
Requests/bytes (per Connection):  [4870036 4692315 4909138 4521711 4791826 4766979 4898473 4628301 4791850 4841595 4887808 4820267 4788288 4539486 4884253 4685215 4550151 4670959 4905583 4816710 4535931 4809600 4802547 4589198 4738559 4415065 4436337 4624747 4596313 4542984 4731448 4482551 4834485 4845188 4887808 4820306 4834485 4845188 4795380 4489661 4994453 4809600 4873588 4703001 4937577 4663851 4557204 4667461 4553706 4830930 4539429 4791832 4866479 4763435 4500325 4813155 5001565 4550094 4695844 4866514]
Response/bytes (per Connection):  [6312646 6082275 6363331 5861127 6211270 6179052 6349507 5999307 6211294 6275781 6335683 6248135 6206679 5884167 6331075 6073069 5897991 6054601 6358723 6243525 5879559 6234309 6225150 5948621 6142208 5722891 5750481 5994700 5957842 5888718 6132991 5810384 6266565 6280427 6335683 6248174 6266565 6280427 6215877 5819600 6473918 6234309 6317251 6096120 6400194 6045387 5907150 6050050 5902599 6261957 5884110 6211276 6308036 6174455 5833423 6238917 6483136 5897934 6086857 6308071]
Requests Number (per Connection):  [1370 1320 1381 1272 1348 1341 1378 1302 1348 1362 1375 1356 1347 1277 1374 1318 1280 1314 1380 1355 1276 1353 1351 1291 1333 1242 1248 1301 1293 1278 1331 1261 1360 1363 1375 1356 1360 1363 1349 1263 1405 1353 1371 1323 1389 1312 1282 1313 1281 1359 1277 1348 1369 1340 1266 1354 1407 1280 1321 1369]
Requests/sec:  4620.748177083334 KB
Transfer/sec:  10610.259244791667 KB

2023-12-01 21:29:18.368715213 +0800 CST m=+2083.084847634
Running 1m0s myx-test @ https://192.168.12.127:6443/api/v1/namespaces/myx-test/limitranges
90 connections
Requests/bytes (per Connection):  [3192238 3145991 3451716 3220620 3295271 3291731 3259738 3366371 3348618 3348595 3114030 3103366 3362847 3341485 3177961 3359262 3238395 3273943 3398364 3181574 3394830 3394809 3401919 3373479 3284609 3327266 3124637 3362816 3167345 3202846 3121083 3234838 3366369 3224175 3288162 3462354 3160187 3220620 3416165 3288161 3206400 3131805 3362814 3320158 3369925 3249058 3377044 3163762 3263336 3426822 3341488 3149580 3387701 3273942 3046487 3273944 3252648 3238395 3238445 3192193 3209977 3313046 3391255 3380589 3323711 3462353 3149522 3302383 3288162 3394809 3291718 3217065 3387701 3373480 3263279 3263278 3366370 3167297 3124694 3266834 3284606 3309491 3071314 3298828 3224176 3291719 3377035 3231288 3295272 3160209]
Response/bytes (per Connection):  [4137832 4077896 4474179 4174638 4271402 4266809 4225339 4363562 4340544 4340521 4036458 4022635 4358985 4331305 4119343 4354347 4197678 4243756 4405032 4124009 4400445 4400424 4409640 4372776 4257581 4312874 4050224 4358954 4105568 4151599 4045617 4193068 4363560 4179246 4262187 4487976 4096304 4174638 4428098 4262186 4156206 4059498 4358952 4303660 4368169 4211500 4377394 4100932 4229990 4441914 4331308 4082538 4391210 4243755 3948908 4243757 4216143 4197678 4197728 4137787 4160836 4294442 4395817 4381992 4308266 4487975 4082480 4280620 4262187 4400424 4266796 4170030 4391210 4372777 4229933 4229932 4363561 4105520 4050281 4234541 4257578 4289834 3981106 4276012 4179247 4266797 4377385 4188465 4271403 4096326]
Requests Number (per Connection):  [898 885 971 906 927 926 917 947 942 942 876 873 946 940 894 945 911 921 956 895 955 955 957 949 924 936 879 946 891 901 878 910 947 907 925 974 889 906 961 925 902 881 946 934 948 914 950 890 918 964 940 886 953 921 857 921 915 911 911 898 903 932 954 951 935 974 886 929 925 955 926 905 953 949 918 918 947 891 879 919 924 931 864 928 907 926 950 909 927 889]
Requests/sec:  4802.02138671875 KB
Transfer/sec:  11026.501123046875 KB

2023-12-01 21:31:28.82905455 +0800 CST m=+2213.545186988
Running 1m0s myx-test @ https://192.168.12.127:6443/api/v1/namespaces/myx-test/limitranges
150 connections
Requests/bytes (per Connection):  [2342617 2445654 2374602 2442099 2506142 2395940 2413717 2307068 2555911 2470594 2381721 2303457 2413715 2285719 2531027 2470594 2381723 2445711 2157763 2395890 2292793 2403053 2488368 2445709 2367501 2467016 2392345 2267908 2392331 2271521 2342617 2417215 2452819 2587878 2378145 2356782 2484756 2367503 2449238 2324806 2438545 2331954 2353227 2459873 2381722 2431435 2434996 2335471 2527423 2317735 2342616 2399465 2399495 2371058 2406607 2445657 2463461 2378166 2449264 2452819 2406607 2399492 2420769 2317732 2371056 2470593 2427934 2449266 2403027 2417229 2378111 2260838 2420822 2442154 2431433 2491902 2317710 2200371 2385221 2289295 2449264 2303459 2335452 2431470 2239507 2353281 2367447 2541691 2349728 2413717 2420784 2481258 2498989 2435044 2474150 2402993 2488313 2399497 2324834 2363891 2562995 2548802 2388776 2349728 2346172 2307013 2267927 2435046 2452818 2403052 2424380 2360391 2449264 2431434 2214641 2371058 2463486 2442097 2410157 2417215 2395934 2442155 2328355 2434990 2406607 2438546 2417272 2381720 2481260 2420776 2410160 2356838 2271518 2406567 2488368 2459930 2520342 2449266 2523917 2331953 2477646 2463484 2246636 2399497 2456374 2403050 2459874 2474093 2449250 2442146]
Response/bytes (per Connection):  [3036544 3170118 3078006 3165510 3248507 3105662 3128704 2990465 3313018 3202429 3087231 2985801 3128702 2962798 3280763 3202429 3087233 3170175 2796934 3105612 2971978 3114881 3225468 3170173 3068799 3197798 3101014 2939722 3101000 2944388 3036544 3133255 3179389 3354462 3082602 3054921 3220803 3068801 3174755 3013468 3160903 3022722 3050313 3188549 3087232 3151687 3156301 3027292 3276106 3004291 3036543 3110240 3110270 3073409 3119488 3170121 3193190 3082623 3174781 3179389 3119488 3110267 3137862 3004288 3073407 3202428 3147133 3174783 3114855 3133269 3082568 2930546 3137915 3165565 3151685 3230055 3004266 2852178 3091784 2967427 3174781 2985803 3027273 3151722 2902897 3050367 3068745 3294586 3045761 3128704 3137877 3216252 3239248 3156349 3207038 3114821 3225413 3110272 3013496 3064136 3322208 3303803 3096392 3045761 3041152 2990410 2939741 3156351 3179388 3114880 3142526 3059583 3174781 3151686 2870660 3073409 3193215 3165508 3124091 3133255 3105656 3165566 3018070 3156295 3119488 3160904 3133312 3087230 3216254 3137869 3124094 3054977 2944385 3119448 3225468 3188606 3266919 3174783 3271547 3022721 3211587 3193213 2912132 3110272 3183997 3114878 3188550 3206981 3174767 3165557]
Requests Number (per Connection):  [659 688 668 687 705 674 679 649 719 695 670 648 679 643 712 695 670 688 607 674 645 676 700 688 666 694 673 638 673 639 659 680 690 728 669 663 699 666 689 654 686 656 662 692 670 684 685 657 711 652 659 675 675 667 677 688 693 669 689 690 677 675 681 652 667 695 683 689 676 680 669 636 681 687 684 701 652 619 671 644 689 648 657 684 630 662 666 715 661 679 681 698 703 685 696 676 700 675 654 665 721 717 672 661 660 649 638 685 690 676 682 664 689 684 623 667 693 687 678 680 674 687 655 685 677 686 680 670 698 681 678 663 639 677 700 692 709 689 710 656 697 693 632 675 691 676 692 696 689 687]
Requests/sec:  5868.396223958333 KB
Transfer/sec:  13475.133658854167 KB

2023-12-01 21:33:39.137727695 +0800 CST m=+2343.853860116
Running 1m0s myx-test @ https://192.168.12.127:6443/api/v1/namespaces/myx-test/limitranges
300 connections
Requests/bytes (per Connection):  [1389906 1421901 1446843 1350803 1336603 1436158 1368578 1564096 1325935 1429068 1457450 1421901 1450340 1482391 1443230 1350802 1429011 1421934 1464560 1350829 1375716 1429010 1315254 1450384 1493043 1418346 1489481 1404126 1411237 1421958 1503713 1379242 1329525 1386352 1517881 1318808 1464560 1407738 1542768 1421901 1450379 1414796 1418385 1549876 1393511 1361468 1532102 1343693 1411237 1318809 1517936 1382797 1357925 1343750 1471668 1453952 1336583 1279704 1453895 1418344 1404127 1489489 1379242 1357912 1421907 1368577 1365022 1421917 1333028 1361469 1468129 1432566 1354358 1496554 1492999 1361468 1478808 1450340 1286815 1382797 1439676 1361524 1325919 1382797 1343750 1425456 1471670 1393490 1286815 1397032 1365022 1450340 1311756 1446785 1421901 1439733 1347304 1432566 1365023 1478784 1308144 1347248 1382797 1315259 1397016 1308198 1382812 1425456 1425456 1354415 1372132 1478813 1304591 1521441 1404127 1482335 1386409 1329473 1361468 1400628 1421901 1425456 1464577 1276150 1397041 1365022 1379242 1379299 1368577 1517883 1343700 1325976 1365022 1340138 1475225 1517884 1329473 1429037 1471670 1286815 1414795 1429011 1393462 1489444 1439676 1336583 1322363 1510789 1393519 1446785 1496554 1503662 1368584 1333028 1311698 1450340 1464560 1446783 1354415 1549876 1343693 1475282 1425456 1389907 1496552 1418403 1361468 1361514 1450340 1461056 1375688 1517918 1507276 1439732 1429031 1542766 1446783 1379293 1443287 1293981 1436121 1400581 1372172 1464560 1489470 1425455 1382815 1343693 1365073 1297536 1375688 1375687 1468113 1286815 1482364 1350847 1336583 1436121 1461005 1489444 1375688 1379296 1382802 1507217 1386352 1361524 1361495 1393462 1446785 1357913 1389907 1478829 1478777 1517883 1574760 1379242 1432565 1361492 1507219 1336583 1510831 1329473 1503664 1393461 1450341 1340138 1528548 1414791 1372132 1468115 1528549 1443231 1450398 1450340 1265535 1425456 1404127 1446785 1315254 1354358 1500109 1404126 1386375 1485890 1421943 1500107 1478836 1372132 1382797 1425456 1397017 1418346 1293949 1475271 1471727 1382797 1375687 1439675 1514327 1372132 1475224 1386408 1336584 1414837 1478779 1389943 1365060 1581870 1372132 1357959 1368577 1340138 1386352 1379242 1343750 1404127 1436121 1350802 1389907 1379299 1382797 1450341 1357912 1450359 1443230 1368577 1443231 1368578 1450338 1372132 1400569 1375732 1350803 1343693 1393462 1368578 1308168 1446824 1318808 1368578]
Response/bytes (per Connection):  [1801629 1843101 1875414 1750943 1732531 1861570 1773983 2027416 1718704 1852374 1889180 1843101 1879964 1921492 1870748 1750942 1852317 1843134 1898396 1750969 1783227 1852316 1704864 1880008 1935303 1838493 1930688 1820061 1829278 1843158 1949132 1787806 1723347 1797022 1967512 1709471 1898396 1824726 1999770 1843101 1880003 1833890 1838532 2008984 1806287 1764767 1985945 1741727 1829278 1709472 1967567 1792414 1760171 1741784 1907610 1884629 1732511 1658784 1884572 1838491 1820062 1930696 1787806 1760158 1843107 1773982 1769374 1843117 1727903 1764768 1903018 1856925 1755551 1939867 1935259 1764767 1916856 1879964 1668001 1792414 1866141 1764823 1718688 1792414 1741784 1847709 1907612 1806266 1668001 1810861 1769374 1879964 1700313 1875356 1843101 1866198 1746391 1856925 1769375 1916832 1695648 1746335 1792414 1704869 1810845 1695702 1792429 1847709 1847709 1755608 1778590 1916861 1691042 1972125 1820062 1921436 1797079 1723295 1764767 1815510 1843101 1847709 1898413 1654177 1810870 1769374 1787806 1787863 1773982 1967514 1741734 1718745 1769374 1737119 1912220 1967515 1723295 1852343 1907612 1668001 1833889 1852317 1806238 1930651 1866141 1732511 1714079 1958314 1806295 1875356 1939867 1949081 1773989 1727903 1700255 1879964 1898396 1875354 1755608 2008984 1741727 1912277 1847709 1801630 1939865 1838550 1764767 1764813 1879964 1893839 1783199 1967549 1953748 1866197 1852337 1999768 1875354 1787857 1870805 1677273 1861533 1815463 1778630 1898396 1930677 1847708 1792432 1741727 1769425 1681881 1783199 1783198 1903002 1668001 1921465 1750987 1732511 1861533 1893788 1930651 1783199 1787860 1792419 1953689 1797022 1764823 1764794 1806238 1875356 1760159 1801630 1916877 1916825 1967514 2041239 1787806 1856924 1764791 1953691 1732511 1958356 1723295 1949083 1806237 1879965 1737119 1981338 1833885 1778590 1903004 1981339 1870749 1880022 1879964 1640403 1847709 1820062 1875356 1704864 1755551 1944475 1820061 1797045 1926044 1843143 1944473 1916884 1778590 1792414 1847709 1810846 1838493 1677241 1912266 1907669 1792414 1783198 1866140 1962905 1778590 1912219 1797078 1732512 1833931 1916827 1801666 1769412 2050455 1778590 1760205 1773982 1737119 1797022 1787806 1741784 1820062 1861533 1750942 1801630 1787863 1792414 1879965 1760158 1879983 1870748 1773982 1870749 1773983 1879962 1778590 1815451 1783243 1750943 1741727 1806238 1773983 1695672 1875395 1709471 1773983]
Requests Number (per Connection):  [391 400 407 380 376 404 385 440 373 402 410 400 408 417 406 380 402 400 412 380 387 402 370 408 420 399 419 395 397 400 423 388 374 390 427 371 412 396 434 400 408 398 399 436 392 383 431 378 397 371 427 389 382 378 414 409 376 360 409 399 395 419 388 382 400 385 384 400 375 383 413 403 381 421 420 383 416 408 362 389 405 383 373 389 378 401 414 392 362 393 384 408 369 407 400 405 379 403 384 416 368 379 389 370 393 368 389 401 401 381 386 416 367 428 395 417 390 374 383 394 400 401 412 359 393 384 388 388 385 427 378 373 384 377 415 427 374 402 414 362 398 402 392 419 405 376 372 425 392 407 421 423 385 375 369 408 412 407 381 436 378 415 401 391 421 399 383 383 408 411 387 427 424 405 402 434 407 388 406 364 404 394 386 412 419 401 389 378 384 365 387 387 413 362 417 380 376 404 411 419 387 388 389 424 390 383 383 392 407 382 391 416 416 427 443 388 403 383 424 376 425 374 423 392 408 377 430 398 386 413 430 406 408 408 356 401 395 407 370 381 422 395 390 418 400 422 416 386 389 401 393 399 364 415 414 389 387 405 426 386 415 390 376 398 416 391 384 445 386 382 385 377 390 388 378 395 404 380 391 388 389 408 382 408 406 385 406 385 408 386 394 387 380 378 392 385 368 407 371 385]
Requests/sec:  6879.178043619791 KB
Transfer/sec:  15796.109895833333 KB

