2023-11-30 21:48:11.763763462 +0800 CST m=+1231.878631382
Running 1m0s myx-test @ https://192.168.12.127:6443/api/v1/namespaces
3 connections
Requests/bytes (per Connection):  [7462574 6112740 5159055]
Response/bytes (per Connection):  [9864796 8080400 6819950]
Requests Number (per Connection):  [2112 1730 1460]
Requests/sec:  304.92137044270834 KB
Transfer/sec:  707.9999186197916 KB

2023-11-30 21:50:22.467665751 +0800 CST m=+1362.582533649
Running 1m0s myx-test @ https://192.168.12.127:6443/api/v1/namespaces
6 connections
Requests/bytes (per Connection):  [25719753 25048346 23511387 23518475 25327361 25868707]
Response/bytes (per Connection):  [33999022 33111448 31079790 31089174 33480194 34196298]
Requests Number (per Connection):  [7279 7089 6654 6656 7168 7321]
Requests/sec:  2425.033024088542 KB
Transfer/sec:  5630.695882161458 KB

2023-11-30 21:52:33.31201215 +0800 CST m=+1493.426880060
Running 1m0s myx-test @ https://192.168.12.127:6443/api/v1/namespaces
9 connections
Requests/bytes (per Connection):  [20352643 22829334 22808591 21327891 21448042 22780320 20338400 20571817 21387912]
Response/bytes (per Connection):  [26904326 30178112 30151002 28193526 28352364 30113628 26885424 27194122 28272836]
Requests Number (per Connection):  [5760 6461 6455 6036 6070 6447 5756 5822 6053]
Requests/sec:  3155.0284830729165 KB
Transfer/sec:  7325.688313802083 KB

2023-11-30 21:54:44.027520373 +0800 CST m=+1624.142388274
Running 1m0s myx-test @ https://192.168.12.127:6443/api/v1/namespaces
15 connections
Requests/bytes (per Connection):  [14897101 16426758 16221775 16144180 16324228 14840560 16070046 16448003 14812287 14935973 16363481 14914549 16052577 16306573 16130429]
Response/bytes (per Connection):  [19692666 21714512 21443514 21341036 21578936 19617920 21243084 21742626 19580542 19744054 21631086 19715582 21220126 21555606 21323118]
Requests Number (per Connection):  [4216 4649 4591 4569 4620 4200 4548 4655 4192 4227 4631 4221 4543 4615 4565]
Requests/sec:  3855.607421875 KB
Transfer/sec:  8952.358854166667 KB

2023-11-30 21:56:54.814477416 +0800 CST m=+1754.929345321
Running 1m0s myx-test @ https://192.168.12.127:6443/api/v1/namespaces
30 connections
Requests/bytes (per Connection):  [9571856 8685004 9561320 8593531 9074127 9437549 9236701 8745365 8660379 9512221 8603698 9243767 9427279 9515754 8586463 8791408 9233164 9084172 9399142 9275421 9101834 8650073 9515257 8741955 9639563 8855039 9070457 9434237 9271669 9253891]
Response/bytes (per Connection):  [12652948 11480640 12639064 11359990 11995326 12475382 12210258 11560630 11448162 12574410 11373136 12219598 12462030 12579080 11350646 11621568 12205580 12008228 12424924 12261342 12031572 11434738 12578086 11556206 12742838 11705702 11990382 12471154 12256234 12232658]
Requests Number (per Connection):  [2709 2458 2706 2432 2568 2671 2614 2475 2451 2692 2435 2616 2668 2693 2430 2488 2613 2571 2660 2625 2576 2448 2693 2474 2728 2506 2567 2670 2624 2619]
Requests/sec:  4455.929296875 KB
Transfer/sec:  10346.269661458333 KB

2023-11-30 21:59:05.639677562 +0800 CST m=+1885.754545476
Running 1m0s myx-test @ https://192.168.12.127:6443/api/v1/namespaces
60 connections
Requests/bytes (per Connection):  [5116734 5130317 5271671 4929422 4759912 5084377 5190923 5349417 5119716 5212120 5172790 4960692 5254002 4936294 5501376 4918806 5311022 4946854 5292875 5140919 5265114 4854767 5074339 5212027 5296911 5360502 5236335 5017460 5194367 5353435 4858298 4837005 5311044 4879642 5346255 5261543 5275206 4936343 5458969 5187345 5151534 5381436 5399310 5077652 5028103 5084629 5261072 4900615 5378167 4964820 5257810 4936011 5399051 4833471 5332136 5014279 5296912 5342376 5190780 5180128]
Response/bytes (per Connection):  [6764060 6781642 6968510 6516424 6292412 6720910 6862122 7071290 6767628 6890140 6837836 6557400 6945152 6525376 7272180 6502380 7020856 6539308 6996542 6795658 6960188 6417430 6708022 6889954 7002218 7086272 6921798 6632600 6866614 7076930 6422096 6393886 7020900 6450408 7067362 6955442 6973184 6525474 7216118 6857362 6809700 7113764 7137532 6712252 6646698 6721414 6954500 6477978 7109622 6563260 6950372 6524810 7137014 6389214 7048708 6628634 7002220 7062000 6861836 6847720]
Requests Number (per Connection):  [1448 1452 1492 1395 1347 1439 1469 1514 1449 1475 1464 1404 1487 1397 1557 1392 1503 1400 1498 1455 1490 1374 1436 1475 1499 1517 1482 1420 1470 1515 1375 1369 1503 1381 1513 1489 1493 1397 1545 1468 1458 1523 1528 1437 1423 1439 1489 1387 1522 1405 1488 1397 1528 1368 1509 1419 1499 1512 1469 1466]
Requests/sec:  5032.998665364584 KB
Transfer/sec:  11686.177897135416 KB

2023-11-30 22:01:16.620263994 +0800 CST m=+2016.735131928
Running 1m0s myx-test @ https://192.168.12.127:6443/api/v1/namespaces
90 connections
Requests/bytes (per Connection):  [3020914 2979006 2936589 3045861 2978232 2972004 2858222 3049436 2692333 2904622 3010671 3056680 2837308 2925552 2943088 2978544 2968470 2936665 2826859 3148213 2798049 2946499 2829944 2946563 3147863 2950009 2967929 3013558 3060245 2869179 3021294 2953884 3003345 3052444 2950801 2961188 3133777 2833706 2943733 3038596 2826477 2967737 3173226 2890667 3094822 2830388 2823016 3112805 2879658 2950371 2995896 2932360 3038965 2992758 2904220 3148383 2882981 2886502 2788241 2975361 2904858 3081003 2879527 3038738 2943594 2798218 3014255 2918751 2982431 3087888 3014144 3024968 2844747 2791715 2964537 2989096 2960863 2798081 2805788 2826346 2873054 3003595 2946588 3049618 2781108 2936316 2936248 2925453 2876517 2897760]
Response/bytes (per Connection):  [3993248 3938184 3882102 4026370 3936636 3928972 3778080 4031124 3558914 3839732 3979950 4040820 3750628 3867216 3890308 3937260 3924300 3882254 3736918 4161590 3698466 3894734 3740692 3894862 4160890 3899358 3923218 3983328 4045554 3792806 3994008 3904712 3970090 4034744 3900942 3914528 4142302 3745820 3891598 4016632 3736154 3922834 4194844 3821406 4090748 3741580 3731628 4114734 3806576 3900082 3959984 3876040 4017370 3956104 3838928 4161930 3810826 3815472 3686038 3933290 3840204 4072694 3806314 4016916 3891320 3698804 3984722 3858406 3942638 4081672 3984500 3998960 3760714 3690590 3918830 3951176 3913878 3698530 3709152 3735892 3798160 3970590 3894912 4031488 3676564 3881556 3881420 3867018 3802690 3830800]
Requests Number (per Connection):  [855 843 831 862 843 841 809 863 762 822 852 865 803 828 833 843 840 831 800 891 792 834 801 834 891 835 840 853 866 812 855 836 850 864 835 838 887 802 833 860 800 840 898 818 876 801 799 881 815 835 848 830 860 847 822 891 816 817 789 842 822 872 815 860 833 792 853 826 844 874 853 856 805 790 839 846 838 792 794 800 813 850 834 863 787 831 831 828 814 820]
Requests/sec:  4321.004459635416 KB
Transfer/sec:  10032.94404296875 KB

2023-11-30 22:03:27.541408732 +0800 CST m=+2147.656276658
Running 1m0s myx-test @ https://192.168.12.127:6443/api/v1/namespaces
150 connections
Requests/bytes (per Connection):  [1770481 1713870 1674589 1742182 1692510 1794720 1773626 1823490 1773874 1781082 1721006 1847704 1752313 1650303 1858827 1763413 1702884 1791177 1805530 1890491 1749277 1724161 1720519 1911294 1875966 1735142 1791598 1727798 1745315 1865847 1844691 1748780 1628902 1699590 1721006 1787645 1805818 1791282 1784616 1735142 1649861 1795196 1741907 1713938 1784616 1770184 1734649 1777344 1724236 1809274 1752315 1851359 1844169 1844691 1844169 1568860 1653860 1827022 1819956 1770339 1720807 1709920 1713937 1752405 1816422 1685387 1872631 1872953 1759567 1770481 1696269 1759382 1819512 1749277 1815954 1763411 1770473 1763230 1841157 1950709 1791684 1847702 1745744 1812813 1915101 1713938 1879498 1667523 1784110 1646328 1925428 1812375 1809352 1815908 1738675 1833796 1819456 1756178 1766899 1798750 1823490 1717280 1816379 1766890 1724477 1862276 1759879 1724540 1985873 1819782 1834091 1834091 1802108 1808980 1745248 1745744 1763413 1728074 1703337 1713470 1741716 1685190 1805305 1752641 1749276 1763411 1819791 1738183 1728074 1784279 1787642 1798752 1755849 1851615 1706783 1809017 1731607 1731414 1900926 1748780 1724050 1703005 1784532 1710061 1798243 1773923 1812585 1862361 1773578 1876496]
Response/bytes (per Connection):  [2340566 2265680 2213474 2303136 2237336 2372272 2344460 2410644 2344956 2354580 2275160 2442300 2316210 2181674 2457358 2331222 2250896 2367582 2386704 2499122 2312534 2279074 2274186 2526352 2479656 2293848 2368424 2283952 2307006 2466606 2438670 2311540 2153248 2246704 2275160 2362914 2387280 2367792 2359252 2293848 2180790 2373224 2302586 2265816 2359252 2339972 2292862 2349500 2279224 2391796 2316214 2447214 2437626 2438670 2437626 2073896 2186392 2415312 2405972 2340282 2274762 2260176 2265814 2316394 2401300 2227882 2475382 2476026 2325926 2340566 2242458 2325556 2405084 2312534 2400364 2331218 2340550 2330856 2433998 2578826 2368596 2442296 2307864 2396478 2531570 2265816 2484324 2204134 2358240 2176120 2545036 2395602 2391952 2400272 2298518 2424068 2404972 2321544 2335798 2377936 2410644 2270104 2401214 2335780 2279706 2461860 2326550 2279832 2625194 2405624 2424658 2424658 2382256 2391208 2306872 2307864 2331222 2284504 2251802 2264880 2302204 2227488 2386254 2316866 2312532 2331218 2405642 2297534 2284504 2358578 2362908 2377940 2320886 2447726 2256298 2391282 2289174 2288788 2512804 2311540 2278852 2251138 2359084 2260458 2376922 2345054 2396022 2462030 2344364 2480716]
Requests Number (per Connection):  [501 485 474 493 479 508 502 516 502 504 487 523 496 467 526 499 482 507 511 535 495 488 487 541 531 491 507 489 494 528 522 495 461 481 487 506 511 507 505 491 467 508 493 485 505 501 491 503 488 512 496 524 522 522 522 444 468 517 515 501 487 484 485 496 514 477 530 530 498 501 480 498 515 495 514 499 501 499 521 552 507 523 494 513 542 485 532 472 505 466 545 513 512 514 492 519 515 497 500 509 516 486 514 500 488 527 498 488 562 515 519 519 510 512 494 494 499 489 482 485 493 477 511 496 495 499 515 492 489 505 506 509 497 524 483 512 490 490 538 495 488 482 505 484 509 502 513 527 502 531]
Requests/sec:  4335.450113932292 KB
Transfer/sec:  10066.531656901041 KB

2023-11-30 22:05:38.266938558 +0800 CST m=+2278.381806466
Running 1m0s myx-test @ https://192.168.12.127:6443/api/v1/namespaces
300 connections
Requests/bytes (per Connection):  [1218847 1222378 1236561 1254532 1258030 1293286 1222696 1205057 1286210 1254532 1218848 1183844 1215597 1229446 1225913 1229795 1190922 1197925 1325132 1264776 1190615 1190585 1232979 1250644 1357015 1169551 1169718 1278907 1197989 1229793 1254309 1240046 1141436 1314236 1233014 1215659 1155582 1205057 1279185 1127117 1208249 1300292 1240046 1233058 1339042 1254174 1250762 1226253 1208250 1190584 1261540 1282803 1261576 1197672 1176786 1232993 1240308 1215659 1222684 1190922 1229795 1194456 1374369 1229794 1285974 1261254 1187075 1254362 1126995 1247464 1282803 1219193 1137611 1194318 1204715 1236863 1236713 1190921 1179986 1187333 1158788 1236863 1272202 1222710 1187388 1243602 1187155 1258066 1293405 1275375 1218847 1289506 1088438 1279264 1268667 1162321 1179986 1236512 1342880 1236862 1342507 1300473 1271917 1304005 1155284 1190922 1353482 1289871 1265134 1300473 1208250 1208591 1215564 1197784 1254177 1113176 1311073 1194117 1169391 1289871 1219193 1240321 1144981 1233328 1158789 1116710 1208382 1169719 1257742 1261598 1261600 1215553 1264776 1229578 1289869 1250644 1236862 1197651 1197650 1197989 1151808 1258004 1159117 1211782 1169718 1236863 1222509 1211782 1215314 1180320 1325210 1236669 1201183 1254532 1208591 1194147 1148207 1105872 1314363 1152049 1176453 1205057 1233329 1229794 1275442 1317769 1106108 1296939 1257710 1282509 1158942 1240311 1183519 1208477 1205058 1222441 1120197 1218848 1229795 1166184 1278907 1222727 1190584 1144981 1304006 1310704 1275375 1236838 1222725 1176786 1187388 1144657 1201392 1155255 1208591 1222379 1180320 1201183 1346258 1197650 1300103 1257771 1183848 1236512 1250998 1247464 1285972 1148190 1250922 1243713 1254177 1211783 1187192 1360549 1173252 1300105 1211782 1098729 1279270 1364083 1317770 1300472 1197651 1247180 1176717 1233329 1258066 1127261 1173083 1254532 1335772 1268307 1229613 1205057 1300415 1275734 1176476 1272202 1190922 1205058 1194456 1158788 1222727 1194333 1240046 1254284 1307365 1261599 1201425 1194453 1275735 1215442 1243902 1243928 1247111 1130675 1190593 1229795 1236863 1208570 1229794 1233245 1250998 1222381 1257827 1194303 1201183 1137885 1335771 1335796 1137913 1173029 1219027 1275387 1321676 1226261 1098731 1240397 1240122 1268668 1254307 1317963 1172920 1332023 1240190 1289506 1346349 1197990 1318140 1236513 1279201 1317770 1243835 1254177 1187310 1293365 1211956 1183854 1183519 1190872]
Response/bytes (per Connection):  [1611074 1615740 1634522 1658484 1663084 1709636 1616376 1593078 1700276 1658484 1611076 1565028 1606970 1625084 1620414 1625782 1574392 1583606 1751764 1671784 1573778 1573718 1629754 1653104 1793966 1546026 1546360 1690462 1583734 1625778 1658038 1639096 1508964 1737160 1629824 1607094 1527672 1593078 1691018 1489910 1597066 1718856 1639096 1629912 1770000 1657768 1653340 1621094 1597068 1573716 1667708 1695858 1667780 1583100 1555704 1629782 1639620 1607094 1616352 1574392 1625782 1579064 1816694 1625780 1699804 1667136 1569094 1658144 1489666 1649140 1695858 1611766 1503710 1578788 1592394 1635126 1634826 1574390 1559708 1569610 1531688 1635126 1681844 1616404 1569720 1643812 1569254 1663156 1709874 1685794 1611074 1704472 1438908 1691176 1677170 1536358 1559708 1634424 1775280 1635124 1774534 1719218 1681274 1723886 1527076 1574392 1789296 1705202 1672500 1719218 1597068 1597750 1606904 1583324 1657774 1471612 1733230 1578386 1545706 1705202 1611766 1639646 1513658 1630452 1531690 1476284 1597332 1546362 1662508 1667824 1667828 1606882 1671784 1625348 1705198 1653104 1635124 1583058 1583056 1583734 1522520 1663032 1532346 1601736 1546360 1635126 1616002 1601736 1606404 1560376 1751920 1634738 1587726 1658484 1597750 1578446 1517714 1461796 1737414 1523002 1555038 1593078 1630454 1625780 1685928 1741830 1462268 1714546 1662444 1695270 1531996 1639626 1564378 1597522 1593080 1615866 1480862 1611076 1625782 1541688 1690462 1616438 1573716 1513658 1723888 1732492 1685794 1635076 1616434 1555704 1569720 1513010 1588144 1527018 1597750 1615742 1560376 1587726 1779640 1583056 1718478 1662566 1565036 1634424 1653812 1649140 1699800 1517680 1653660 1644034 1657774 1601738 1569328 1798638 1551032 1718482 1601736 1452302 1691188 1803310 1741832 1719216 1583058 1648572 1555566 1630454 1663156 1490198 1550694 1658484 1765856 1676450 1625418 1593078 1719102 1686512 1555084 1681844 1574392 1593080 1579064 1531688 1616438 1578818 1639096 1657988 1728210 1667826 1588210 1579058 1686514 1606660 1644412 1644464 1648434 1494630 1573734 1625782 1635126 1597708 1625780 1630286 1653812 1615746 1662678 1578758 1587726 1504258 1765854 1765904 1504314 1550586 1611434 1685818 1747248 1621110 1452306 1639798 1639248 1677172 1658034 1742218 1550368 1760754 1639384 1704472 1779822 1583736 1742572 1634426 1691050 1741832 1644278 1657774 1569564 1709794 1602084 1565048 1564378 1574292]
Requests Number (per Connection):  [345 346 350 355 356 366 346 341 364 355 345 335 344 348 347 348 337 339 375 358 337 337 349 354 384 331 331 362 339 348 355 351 323 372 349 344 327 341 362 319 342 368 351 349 379 355 354 347 342 337 357 363 357 339 333 349 351 344 346 337 348 338 389 348 364 357 336 355 319 353 363 345 322 338 341 350 350 337 334 336 328 350 360 346 336 352 336 356 366 361 345 365 308 362 359 329 334 350 380 350 380 368 360 369 327 337 383 365 358 368 342 342 344 339 355 315 371 338 331 365 345 351 324 349 328 316 342 331 356 357 357 344 358 348 365 354 350 339 339 339 326 356 328 343 331 350 346 343 344 334 375 350 340 355 342 338 325 313 372 326 333 341 349 348 361 373 313 367 356 363 328 351 335 342 341 346 317 345 348 330 362 346 337 324 369 371 361 350 346 333 336 324 340 327 342 346 334 340 381 339 368 356 335 350 354 353 364 325 354 352 355 343 336 385 332 368 343 311 362 386 373 368 339 353 333 349 356 319 332 355 378 359 348 341 368 361 333 360 337 341 338 328 346 338 351 355 370 357 340 338 361 344 352 352 353 320 337 348 350 342 348 349 354 346 356 338 340 322 378 378 322 332 345 361 374 347 311 351 351 359 355 373 332 377 351 365 381 339 373 350 362 373 352 355 336 366 343 335 335 337]
Requests/sec:  6004.055159505208 KB
Transfer/sec:  13940.876350911458 KB

