2023-12-01 12:23:07.601994896 +0800 CST m=+1232.725763177
Running 1m0s myx-test @ https://192.168.12.127:6443/api/v1/nodes
3 connections
Requests/bytes (per Connection):  [11167561 13492669 14313503]
Response/bytes (per Connection):  [22109462 26719654 28340587]
Requests Number (per Connection):  [3170 3830 4063]
Requests/sec:  634.3381022135417 KB
Transfer/sec:  1890.3554036458333 KB

2023-12-01 12:25:18.533267365 +0800 CST m=+1363.657035644
Running 1m0s myx-test @ https://192.168.12.127:6443/api/v1/nodes
6 connections
Requests/bytes (per Connection):  [21574179 23550520 21457923 23406082 22162501 22232959]
Response/bytes (per Connection):  [42716123 46637484 42486572 46352252 43886104 44027813]
Requests Number (per Connection):  [6124 6685 6091 6644 6291 6311]
Requests/sec:  2187.242252604167 KB
Transfer/sec:  6518.400260416666 KB

2023-12-01 12:27:29.018214666 +0800 CST m=+1494.141982954
Running 1m0s myx-test @ https://192.168.12.127:6443/api/v1/nodes
9 connections
Requests/bytes (per Connection):  [19594313 20640612 18512784 19354756 18477555 19347710 20580724 20485604 18523357]
Response/bytes (per Connection):  [38797472 40872528 36665068 38331615 36596240 38319402 40754220 40566460 36672716]
Requests Number (per Connection):  [5562 5859 5255 5494 5245 5492 5842 5815 5258]
Requests/sec:  2856.728759765625 KB
Transfer/sec:  8513.885677083334 KB

2023-12-01 12:29:39.482373212 +0800 CST m=+1624.606141491
Running 1m0s myx-test @ https://192.168.12.127:6443/api/v1/nodes
15 connections
Requests/bytes (per Connection):  [13594834 15197748 14915915 15282297 14870119 14915917 13468008 15447870 14841936 13468007 15257635 15232977 14930005 13598355 13341184]
Response/bytes (per Connection):  [26921247 30086793 29533795 30253833 29439775 29532714 26670983 30584896 29384165 26671030 30219743 30159599 29570939 26928313 26420523]
Requests Number (per Connection):  [3859 4314 4234 4338 4221 4234 3823 4385 4213 3823 4331 4324 4238 3860 3787]
Requests/sec:  3554.0821451822917 KB
Transfer/sec:  10591.490152994791 KB

2023-12-01 12:31:50.016635174 +0800 CST m=+1755.140403459
Running 1m0s myx-test @ https://192.168.12.127:6443/api/v1/nodes
30 connections
Requests/bytes (per Connection):  [9244062 8578238 9265199 9332137 8567671 9363841 8511302 9367366 9423730 9247584 9462481 9384980 8564144 9476574 9166562 9300431 8585284 9360318 9427254 8504256 9434299 9247587 8631082 9251108 9384980 8454938 9402593 8535961 9289860 8571190]
Response/bytes (per Connection):  [18310909 16977426 18352755 18484657 16956521 18547405 16845400 18547113 18649040 18317976 18742242 18581120 16968232 18770011 18144778 18415754 16992228 18526306 18672537 16831465 18686609 18306969 17085218 18324799 18570626 16738835 18623934 16912568 18395535 16980868]
Requests Number (per Connection):  [2624 2435 2630 2649 2432 2658 2416 2659 2675 2625 2686 2664 2431 2690 2602 2640 2437 2657 2676 2414 2678 2625 2450 2626 2664 2400 2669 2423 2637 2433]
Requests/sec:  4432.5685546875 KB
Transfer/sec:  13209.584114583333 KB

2023-12-01 12:34:00.534140499 +0800 CST m=+1885.657908787
Running 1m0s myx-test @ https://192.168.12.127:6443/api/v1/nodes
60 connections
Requests/bytes (per Connection):  [4995459 5678901 5809245 5456955 5326610 5671853 5407639 5087052 5298426 5030687 5379454 5340701 5048302 5728222 5407637 5742311 5812768 5083530 5090577 5404112 5224447 4953181 5104667 5404112 5273766 5009548 5227971 5414682 5548551 5058871 5294906 4988413 5400591 5700034 5287856 5812772 5284337 5146942 5886749 5738788 5728220 5330133 5759923 5735265 5108189 5027163 5626056 5428775 5717651 5199787 5090575 5823336 5692989 5044777 5157512 5809244 5400593 5062392 5273767 5738786]
Response/bytes (per Connection):  [9883588 11236310 11509279 10813649 10556093 11228877 10703768 10072121 10482077 9953282 10649191 10579453 9987971 11330503 10699707 11377000 11516143 10076019 10071457 10709248 10335786 9806405 10117766 10709182 10433283 9930040 10342612 10711580 10994415 10022036 10492643 9888148 10702173 11293659 10479685 11497457 10453982 10201222 11662232 11370118 11330672 10554977 11411968 11363110 10124905 9964780 11138891 10754040 11322947 10290451 10090010 11537100 11266933 9999618 10203626 11496846 10700879 10019904 10433218 11370176]
Requests Number (per Connection):  [1418 1612 1649 1549 1512 1610 1535 1444 1504 1428 1527 1516 1433 1626 1535 1630 1650 1443 1445 1534 1483 1406 1449 1534 1497 1422 1484 1537 1575 1436 1503 1416 1533 1618 1501 1650 1500 1461 1671 1629 1626 1513 1635 1628 1450 1427 1597 1541 1623 1476 1445 1653 1616 1432 1464 1649 1533 1437 1497 1629]
Requests/sec:  5262.317024739584 KB
Transfer/sec:  15683.137516276041 KB

2023-12-01 12:36:11.001981352 +0800 CST m=+2016.125749654
Running 1m0s myx-test @ https://192.168.12.127:6443/api/v1/nodes
90 connections
Requests/bytes (per Connection):  [3758925 4090074 4107689 3628578 3899840 4125304 3709604 3882224 4090073 3702558 3663806 3815290 4280312 3751877 3758925 3642667 4167578 3632100 3706081 4206330 3991435 3903362 3783583 3734263 3787106 4149962 3949160 4149964 4090075 3875177 4093597 3942115 4121779 4195764 3899839 4160535 3878701 3706079 3762446 3815290 3709604 4054845 3885748 3526413 3815290 4083031 3558119 4104168 3903362 4149962 3780063 3882225 3783585 3758925 3780060 3716650 3899839 3769492 4199285 4178149 3903363 3836429 3670850 3667330 4023140 3684944 3832904 3843471 4139395 3829381 3984389 3709602 4128828 4153489 4100643 3931545 4065414 3970297 3730742 3741309 3878702 3780060 4375430 3861088 4153487 3751879 4023141 3660283 4269743 3706082]
Response/bytes (per Connection):  [7447900 8102439 8142756 7184174 7719914 8177187 7346120 7685311 8099846 7330385 7253868 7552990 8471315 7434992 7441609 7212188 8259904 7194601 7341635 8328300 7901711 7726948 7490449 7393011 7497430 8231469 7817388 8213984 8095618 7678371 8112342 7803376 8162350 8304270 7720036 8234698 7678360 7337451 7448693 7552960 7344275 8026189 7692134 6982525 7552990 8086215 7045152 8140850 7726981 8227401 7483276 7696436 7490364 7441609 7483510 7364195 7720036 7462829 8323330 8285979 7726859 7594628 7267861 7260691 7973310 7295538 7590297 7615747 8193119 7580892 7886960 7350177 8172193 8220808 8116632 7782627 8047060 7859129 7385945 7406877 7678244 7483519 8659196 7644873 8220929 7427737 7963432 7246911 8450411 7337208]
Requests Number (per Connection):  [1067 1161 1166 1030 1107 1171 1053 1102 1161 1051 1040 1083 1215 1065 1067 1034 1183 1031 1052 1194 1133 1108 1074 1060 1075 1178 1121 1178 1161 1100 1162 1119 1170 1191 1107 1181 1101 1052 1068 1083 1053 1151 1103 1001 1083 1159 1010 1165 1108 1178 1073 1102 1074 1067 1073 1055 1107 1070 1192 1186 1108 1089 1042 1041 1142 1046 1088 1091 1175 1087 1131 1053 1172 1179 1164 1116 1154 1127 1059 1062 1101 1073 1242 1096 1179 1065 1142 1039 1212 1052]
Requests/sec:  5721.94404296875 KB
Transfer/sec:  17052.419873046874 KB

2023-12-01 12:38:21.516819941 +0800 CST m=+2146.640588239
Running 1m0s myx-test @ https://192.168.12.127:6443/api/v1/nodes
150 connections
Requests/bytes (per Connection):  [2631600 2427269 2557616 2349769 2811266 2828881 2515342 2427269 2596370 2589325 2522392 2631598 2772515 2511818 2561142 2596368 2709102 2786608 2406135 2649214 2585800 2585800 2427271 2434317 2592848 2638645 2811268 2550573 2399086 2483636 2589325 2733762 2568185 2818312 2511820 2536483 2497729 2522390 2716148 2494206 2603416 2504775 2642169 2515344 2353290 2797175 2462498 2603415 2543526 2642167 2547050 2402612 2501252 2497727 2730240 2554096 2673875 2462502 2529434 2695010 2455456 2525913 2550575 2490684 2719672 2522389 2490682 2807743 2814787 2596370 2476591 2790129 2444885 2642170 2494209 2776037 2712625 2543525 2790128 2328630 2716148 2568188 2434315 2807745 2747855 2413179 2384996 2797174 2444885 2448406 2473069 2525911 2779562 2547050 2413180 2525912 2723195 2596369 2473067 2515343 2413179 2423748 2719671 2811264 2416702 2395565 2613985 2747854 2501250 2501252 2413177 2416700 2483637 2684441 2455452 2645689 2497730 2705581 2705579 2850018 2476592 2536482 2515342 2842972 2652736 2628077 2469544 2783083 2441363 2547048 2797176 2525912 2642167 2726716 2540003 2536481 2807743 2649214 2557621 2716148 2363859 2776038 2466023 2776037 2532960 2441361 2599891 2821835 2758423 2797175]
Response/bytes (per Connection):  [5215386 4812081 5053646 4658715 5556578 5604977 4985944 4812027 5145876 5131864 4984676 5215447 5493691 4972677 5070128 5145997 5368481 5507246 4753774 5243021 5125040 5125040 4811906 4825796 5130568 5221463 5566093 5055416 4756357 4923269 5131864 5417248 5073281 5584214 4969388 5010109 4932603 4998927 5382389 4944105 5152740 4964940 5232267 4985775 4665817 5542350 4875695 5159519 5041456 5236282 5048402 4745104 4944561 4951171 5410151 5054174 5280323 4880481 5013676 5340731 4849008 5006610 5036752 4937101 5389317 4999787 4921085 5563373 5577318 5145894 4899945 5528532 4828303 5222269 4929366 5500743 5375426 5041578 5528582 4617080 5382431 5090072 4825929 5544718 5426525 4773332 4711410 5542472 4828300 4849883 4902313 5006731 5502626 5048402 4784004 5006762 5387901 5145917 4902488 4985897 4784165 4804961 5381567 5570373 4791146 4749351 5170779 5445016 4954180 4944561 4784328 4772838 4923270 5313716 4867709 5243412 4951003 5357509 5361602 5646769 4909282 5027445 4985896 5632879 5257186 5208441 4895573 5514642 4839686 5048523 5528323 4988282 5236282 5395948 5030452 5027567 5563379 5250173 5064028 5382407 4686652 5500558 4888177 5484246 5006740 4839813 5152954 5591087 5465893 5532147]
Requests Number (per Connection):  [747 689 726 667 798 803 714 689 737 735 716 747 787 713 727 737 769 791 683 752 734 734 689 691 736 749 798 724 681 705 735 776 729 800 713 720 709 716 771 708 739 711 750 714 668 794 699 739 722 750 723 682 710 709 775 725 759 699 718 765 697 717 724 707 772 716 707 797 799 737 703 792 694 750 708 788 770 722 792 661 771 729 691 797 780 685 677 794 694 695 702 717 789 723 685 717 773 737 702 714 685 688 772 798 686 680 742 780 710 710 685 686 705 762 697 751 709 768 768 809 703 720 714 807 753 746 701 790 693 723 794 717 750 774 721 720 797 752 726 771 671 788 700 788 719 693 738 801 783 794]
Requests/sec:  6316.374039713542 KB
Transfer/sec:  18825.19599609375 KB

2023-12-01 12:40:32.02532058 +0800 CST m=+2277.149088888
Running 1m0s myx-test @ https://192.168.12.127:6443/api/v1/nodes
300 connections
Requests/bytes (per Connection):  [1321085 1497229 1451431 1373927 1532457 1483137 1345744 1659279 1416202 1423248 1602916 1409154 1539504 1363358 1528935 1687466 1602914 1458477 1426772 1419726 1507797 1377450 1331653 1500750 1613483 1486658 1430294 1433816 1634622 1514841 1571208 1321081 1391540 1535979 1458477 1356312 1532457 1518366 1352788 1384496 1409156 1595868 1419725 1546549 1423246 1447908 1395066 1419723 1655758 1588824 1662804 1398589 1433817 1627577 1416200 1543026 1500750 1617007 1521891 1539502 1627576 1567685 1504276 1645189 1321085 1402108 1398587 1377448 1620528 1416203 1377450 1592348 1592348 1419726 1458475 1599393 1409156 1588825 1359833 1486658 1426771 1617005 1405635 1627577 1479615 1342223 1528933 1268242 1426770 1631099 1479612 1662805 1472566 1655758 1465523 1469045 1412677 1398587 1447908 1289379 1461998 1465522 1564162 1303469 1465522 1486660 1638143 1476091 1641666 1338699 1433816 1278808 1451429 1426770 1447908 1356310 1391543 1588822 1447910 1338697 1356311 1588824 1454954 1535981 1557117 1521887 1493706 1366879 1366879 1398589 1416202 1458477 1680418 1437339 1349266 1405632 1557118 1370404 1433819 1451429 1511320 1433817 1447906 1483139 1507797 1472566 1458479 1380974 1380975 1395066 1698035 1486660 1539504 1426771 1398587 1426770 1416200 1356314 1437341 1571207 1588825 1310515 1483139 1458476 1462002 1331650 1483139 1532458 1550071 1669849 1412679 1595868 1504277 1345746 1370406 1366883 1613484 1433816 1324606 1454952 1627573 1535981 1416204 1409154 1426771 1433816 1507797 1472568 1324604 1331650 1585299 1454952 1578255 1535980 1476093 1564164 1595868 1373925 1444387 1606439 1370406 1409156 1585300 1356315 1444385 1472566 1426768 1620531 1521887 1574733 1581779 1388018 1405633 1539503 1437339 1377448 1306994 1571210 1476093 1620529 1500752 1472567 1472571 1356312 1567687 1486658 1469045 1405635 1574733 1535978 1314038 1564164 1687462 1405633 1444385 1609960 1373927 1553593 1539503 1447909 1437337 1458475 1574732 1437339 1613485 1507798 1483136 1437339 1567687 1391542 1486658 1613485 1430292 1447906 1373925 1398587 1409156 1373925 1363358 1627576 1469045 1500752 1493706 1567687 1465520 1405634 1588824 1454956 1638145 1514843 1497227 1571208 1557118 1564162 1377449 1303471 1560641 1518364 1395063 1539504 1514841 1430293 1469048 1437341 1412679 1454954 1606439 1514843 1437339 1521889 1578254 1430296 1395064 1405634 1476091 1659280 1447908 1539501 1384497 1440862]
Response/bytes (per Connection):  [2608817 2956667 2877348 2713304 3026433 2936345 2657622 3290907 2796766 2829103 3165398 2786633 3053641 2702864 3032446 3332337 3184032 2889024 2821784 2803634 2977633 2720249 2631319 2982279 3204807 2954427 2824474 2831613 3228088 3010163 3114457 2627563 2766615 3051812 2893542 2687558 3044913 2998537 2690101 2734139 2782807 3170082 2803711 3054171 2829242 2859393 2754975 2822297 3288269 3137681 3302216 2766594 2831428 3214076 2815349 3047238 2982255 3209437 3005349 3046964 3214198 3111817 2988150 3267479 2608886 2787572 2780461 2738838 3218855 2796767 2720186 3144447 3144498 2803712 2898814 3168830 2796550 3137493 2704089 2936067 2817535 3193427 2775735 3228830 2940345 2650556 3037964 2504467 2817723 3235537 2940567 3297444 2915847 3272795 2904390 2916179 2808386 2761981 2859318 2546211 2905753 2894177 3107455 2592580 2912648 2935910 3235094 2924423 3260489 2643721 2832474 2530501 2884930 2824119 2859393 2697162 2749998 3156192 2859272 2662139 2682934 3137627 2873238 3033193 3093491 3005879 2968214 2703051 2715840 2761908 2796766 2887362 3318598 2838558 2672438 2794389 3084888 2724806 2831319 2884924 2988091 2831467 2864350 2928763 2987173 2926653 2880029 2727195 2727073 2754924 3366654 2935865 3058654 2817583 2770837 2817699 2815322 2678458 2838437 3119991 3137559 2606485 2945998 2898797 2887052 2648434 2928838 3026272 3062999 3316246 2789821 3170082 2970430 2657501 2706196 2699209 3186364 2831568 2623824 2887735 3214234 3033181 2800335 2801459 2828365 2831595 2977702 2918804 2620309 2631439 3147033 2891836 3131840 3033384 2914903 3088866 3170127 2731335 2852276 3172652 2706238 2793025 3149149 2678336 2854416 2926641 2830084 3218300 3023993 3121773 3123627 2741206 2794387 3040323 2838558 2724006 2580903 3102828 2914873 3218745 2963690 2926600 2907806 2678555 3095889 2940507 2901185 2793084 3109761 3039541 2613427 3098292 3351095 2788285 2852406 3180948 2713304 3073066 3049185 2859343 2852026 2898781 3124775 2840280 3186242 2977580 2947432 2838501 3095865 2747966 2954466 3190109 2836661 2877985 2731896 2770717 2791672 2715261 2699105 3214198 2901185 2963630 2949800 3095826 2896917 2794268 3137681 2873162 3235033 2991592 2975319 3114334 3075009 3107494 2720308 2575515 3081999 3017054 2773563 3040207 3006905 2838462 2900888 2838437 2789821 2873226 3186200 2991556 2840772 3005437 3135313 2839299 2764753 2788283 2915012 3295336 2859351 3058924 2734095 2854482]
Requests Number (per Connection):  [375 425 412 390 435 421 382 471 402 404 455 400 437 387 434 479 455 414 405 403 428 391 378 426 458 422 406 407 464 430 446 375 395 436 414 385 435 431 384 393 400 453 403 439 404 411 396 403 470 451 472 397 407 462 402 438 426 459 432 437 462 445 427 467 375 398 397 391 460 402 391 452 452 403 414 454 400 451 386 422 405 459 399 462 420 381 434 360 405 463 420 472 418 470 416 417 401 397 411 366 415 416 444 370 416 422 465 419 466 380 407 363 412 405 411 385 395 451 411 380 385 451 413 436 442 432 424 388 388 397 402 414 477 408 383 399 442 389 407 412 429 407 411 421 428 418 414 392 392 396 482 422 437 405 397 405 402 385 408 446 451 372 421 414 415 378 421 435 440 474 401 453 427 382 389 388 458 407 376 413 462 436 402 400 405 407 428 418 376 378 450 413 448 436 419 444 453 390 410 456 389 400 450 385 410 418 405 460 432 447 449 394 399 437 408 391 371 446 419 460 426 418 418 385 445 422 417 399 447 436 373 444 479 399 410 457 390 441 437 411 408 414 447 408 458 428 421 408 445 395 422 458 406 411 390 397 400 390 387 462 417 426 424 445 416 399 451 413 465 430 425 446 442 444 391 370 443 431 396 437 430 406 417 408 401 413 456 430 408 432 448 406 396 399 419 471 411 437 393 409]
Requests/sec:  7208.736686197916 KB
Transfer/sec:  21480.992154947915 KB

2023-12-26 10:00:33.723124356 +0000 UTC m=+60.764405801
Running 1m0s myx-test @ https://192.168.12.127:6443/api/v1/nodes
3 connections
Requests/bytes (per Connection):  [22098373 22584533 25230169]
Response/bytes (per Connection):  [43951588 44917445 50175075]
Requests Number (per Connection):  [6273 6411 7162]
Requests/sec:  1137.9081217447917 KB
Transfer/sec:  3400.995817057292 KB

