2023-12-01 23:11:28.935505906 +0800 CST m=+8213.651638329
Running 1m0s myx-test @ https://192.168.12.127:6443/api/v1/namespaces/myx-test/persistentvolumeclaims
3 connections
Requests/bytes (per Connection):  [22565942 25416610 23735527]
Response/bytes (per Connection):  [30637123 34508203 32225640]
Requests Number (per Connection):  [6309 7106 6636]
Requests/sec:  1167.2864420572917 KB
Transfer/sec:  2752.100341796875 KB

2023-12-01 23:13:39.177788492 +0800 CST m=+8343.893920913
Running 1m0s myx-test @ https://192.168.12.127:6443/api/v1/namespaces/myx-test/persistentvolumeclaims
6 connections
Requests/bytes (per Connection):  [23467210 22337019 21263952 21317606 22369155 23585298]
Response/bytes (per Connection):  [31862813 30326600 28870364 28943143 30371549 32021861]
Requests Number (per Connection):  [6561 6245 5945 5960 6254 6594]
Requests/sec:  2186.52734375 KB
Transfer/sec:  5155.217610677083 KB

2023-12-01 23:15:49.438797427 +0800 CST m=+8474.154929851
Running 1m0s myx-test @ https://192.168.12.127:6443/api/v1/namespaces/myx-test/persistentvolumeclaims
9 connections
Requests/bytes (per Connection):  [17075579 17122022 16975380 17211444 17129176 17086253 15358699 15265728 15305017]
Response/bytes (per Connection):  [23182945 23247301 23047938 23368598 23257005 23198782 20852727 20725714 20780366]
Requests Number (per Connection):  [4774 4787 4746 4812 4789 4777 4294 4268 4279]
Requests/sec:  2417.46904296875 KB
Transfer/sec:  5699.718001302083 KB

2023-12-01 23:17:59.726404692 +0800 CST m=+8604.442537114
Running 1m0s myx-test @ https://192.168.12.127:6443/api/v1/namespaces/myx-test/persistentvolumeclaims
15 connections
Requests/bytes (per Connection):  [11402769 11985772 12558076 12465076 12515153 12257618 12389962 12060887 11953580 11982195 11302637 11299058 11338413 11420679 11925020]
Response/bytes (per Connection):  [15481964 16273684 17050211 16924061 16991988 16642430 16822172 16375574 16230017 16268832 15345686 15340609 15393766 15505580 16190142]
Requests Number (per Connection):  [3188 3351 3511 3485 3499 3427 3464 3372 3342 3350 3160 3159 3170 3193 3334]
Requests/sec:  2911.082275390625 KB
Transfer/sec:  6863.502783203125 KB

2023-12-01 23:20:09.957614659 +0800 CST m=+8734.673747080
Running 1m0s myx-test @ https://192.168.12.127:6443/api/v1/namespaces/myx-test/persistentvolumeclaims
30 connections
Requests/bytes (per Connection):  [7307365 7067714 7225098 6427508 7332405 6946104 7228675 7264444 7239382 6484682 6516929 7364595 6452544 7153560 6545488 7310942 6516890 6524028 6506141 7064162 7021214 7103483 7028403 6452545 6996176 7192904 7228673 7096329 6470375 7242983]
Response/bytes (per Connection):  [9921333 9596034 9809518 8725819 9955075 9430628 9814370 9862889 9829348 8804731 8847338 9998963 8760003 9712480 8887435 9926185 8848191 8858102 8834063 9590761 9532959 9644553 9542029 8760004 9498996 9766072 9814591 9634849 8785324 9833778]
Requests Number (per Connection):  [2043 1976 2020 1797 2050 1942 2021 2031 2024 1813 1822 2059 1804 2000 1830 2044 1822 1824 1819 1975 1963 1986 1965 1804 1956 2011 2021 1984 1809 2025]
Requests/sec:  3390.490576171875 KB
Transfer/sec:  7993.785188802083 KB

2023-12-01 23:22:20.280680667 +0800 CST m=+8864.996813096
Running 1m0s myx-test @ https://192.168.12.127:6443/api/v1/namespaces/myx-test/persistentvolumeclaims
60 connections
Requests/bytes (per Connection):  [4485312 4270642 4138353 4524600 4392308 4503195 4492408 4460218 4360078 4166969 4238447 4510292 4188429 4428023 4481684 4521023 4227719 4478132 4113315 4445908 4202735 4610446 4553269 4614023 4485255 4177651 4528178 4531754 4614080 4245660 4374427 4406564 4417293 4528234 4528178 4424504 4474523 4177696 4563988 4488832 4102527 4331504 4428023 4510349 4163391 4478100 4252755 4449485 4206257 4227719 4488832 4381551 4141929 4420914 4588984 4331448 4134719 4578311 4392255 4149081]
Response/bytes (per Connection):  [6089068 5799013 5618211 6143719 5963137 6113326 6100052 6056164 5920101 5657027 5755566 6124311 5686137 6012717 6085057 6138867 5740790 6080007 5584248 6036977 5705766 6260165 6181473 6265017 6090349 5672872 6148572 6153423 6263736 5763768 5938658 5983385 5998162 6147290 6148572 6006585 6075792 5671802 6196463 6095201 5570973 5880435 6012717 6123030 5652174 6080644 5774974 6041829 5711678 5740790 6095201 5949001 5623062 6002166 6231053 5881717 5614640 6215217 5964199 5632987]
Requests Number (per Connection):  [1254 1194 1157 1265 1228 1259 1256 1247 1219 1165 1185 1261 1171 1238 1253 1264 1182 1252 1150 1243 1175 1289 1273 1290 1254 1168 1266 1267 1290 1187 1223 1232 1235 1266 1266 1237 1251 1168 1276 1255 1147 1211 1238 1261 1164 1252 1189 1244 1176 1182 1255 1225 1158 1236 1283 1211 1156 1280 1228 1160]
Requests/sec:  4282.755192057291 KB
Transfer/sec:  10097.697135416667 KB

2023-12-01 23:24:30.538240669 +0800 CST m=+8995.254373093
Running 1m0s myx-test @ https://192.168.12.127:6443/api/v1/namespaces/myx-test/persistentvolumeclaims
90 connections
Requests/bytes (per Connection):  [3498088 3329975 3276322 3451588 3490934 3358588 3494518 3265591 3501667 3555318 3262014 3355012 3541011 3426574 3505242 3515985 3312091 3269166 3426552 3344281 3494527 3161918 3304935 3465896 3537434 3387204 3322819 3526717 3526703 3372897 3237030 3583933 3412242 3490934 3226243 3262014 3419398 3455167 3383629 3583934 3279898 3612547 3523126 3358590 3448047 3430129 3276343 3355011 3505242 3465896 3548165 3262029 3469490 3444435 3530281 3226245 3623280 3344281 3526703 3519561 3380050 3244130 3490935 3355066 3519565 3233410 3358606 3422973 3172592 3601811 3519549 3594665 3476627 3483781 3644741 3265602 3444435 3422973 3240552 3558896 3326399 3462319 3515973 3344305 3512395 3580356 3258493 3591087 3419396 3269168]
Response/bytes (per Connection):  [4749498 4521237 4448459 4686423 4739794 4560273 4744430 4433903 4754129 4827128 4429051 4555422 4807721 4651815 4759202 4773324 4496978 4438976 4652239 4540866 4743993 4291917 4487495 4705831 4802869 4599089 4511754 4788104 4788313 4579682 4394027 4865943 4633052 4739794 4380753 4429051 4642535 4691054 4594016 4865944 4453310 4904980 4783461 4560052 4680938 4657091 4448034 4555421 4759202 4705831 4817425 4428620 4710031 4676720 4793166 4380532 4919315 4540866 4788313 4778175 4589385 4404792 4739795 4554361 4778402 4390024 4559845 4647608 4307754 4890419 4778609 4880500 4720387 4730091 4948426 4433691 4676720 4647608 4399939 4831981 4516386 4700979 4773758 4540221 4768905 4861091 4422917 4875647 4642756 4438755]
Requests Number (per Connection):  [978 931 916 965 976 939 977 913 979 994 912 938 990 958 980 983 926 914 958 935 977 884 924 969 989 947 929 986 986 943 905 1002 954 976 902 912 956 966 946 1002 917 1010 985 939 964 959 916 938 980 969 992 912 970 963 987 902 1013 935 986 984 945 907 976 938 984 904 939 957 887 1007 984 1005 972 974 1019 913 963 957 906 995 930 968 983 935 982 1001 911 1004 956 914]
Requests/sec:  5009.704427083333 KB
Transfer/sec:  11811.451155598957 KB

2023-12-01 23:26:40.814979644 +0800 CST m=+9125.531112090
Running 1m0s myx-test @ https://192.168.12.127:6443/api/v1/namespaces/myx-test/persistentvolumeclaims
150 connections
Requests/bytes (per Connection):  [2192522 2138925 2106733 1995849 2056658 2163952 2174695 2206886 2074542 2206887 2078118 2128140 2217617 2181848 2206886 2063810 2096003 2096002 2146079 2163928 2024409 2196155 2113876 2099522 2256942 2056656 2192546 2135312 2210463 2142491 2267694 2106716 2099580 2167542 2221194 2285522 2142456 1974383 2185425 2113830 2110310 2067349 2156780 2206886 2171117 2188955 2264115 2081637 2117464 2246218 2081681 2020887 2056638 2196156 2192579 2020889 2096002 2106733 2106733 2106733 2267694 2088848 2096002 1992274 2121041 2106733 2153181 2274848 2063812 2188954 2128137 2117449 2096002 2239030 2113889 2096002 2364230 2020867 2196156 2221186 2203310 2138925 2070907 2010157 2178271 2160387 2092426 2042349 2224771 2167540 2053079 2099581 2310617 2121041 2092426 2167540 2135348 2185425 2060233 2031618 2260483 2188966 2121041 2256938 2181849 2196120 2146081 2167540 2210463 2239079 2296310 2070939 2221174 2135349 2171107 2135292 2099579 2178271 2192521 2281984 2088851 2085272 2060233 2231924 2121041 2199676 2203267 2035173 2060235 2103139 2206887 2085261 2149656 2181791 2078114 2135348 2106677 2242599 2085247 2271214 2292731 2135342 2235502 2221194 2231925 2135350 2038753 2203309 2167540 2249810]
Response/bytes (per Connection):  [2977888 2903828 2860161 2709752 2792013 2938003 2952348 2996014 2816272 2996015 2821346 2890333 3010570 2962051 2996014 2801938 2845606 2845605 2913532 2938648 2749627 2981458 2870077 2851738 3064589 2792234 2977243 2899609 3000866 2908892 3078497 2860367 2850458 2942422 3015422 3104038 2909526 2680859 2966903 2871146 2865013 2807644 2928727 2996014 2947495 2972600 3073866 2827478 2874717 3049817 2826630 2743715 2792662 2981459 2976607 2743494 2845605 2860161 2860161 2860161 3078497 2835901 2845605 2704679 2879569 2860161 2924076 3088201 2801717 2972599 2890553 2875148 2845605 3040748 2869644 2845605 3210573 2744141 2981459 3015860 2991163 2903828 2812923 2729160 2957199 2932940 2840754 2772827 3020274 2942643 2787382 2850236 3136720 2879569 2840754 2942643 2898976 2966903 2797086 2758271 3070074 2972388 2879569 3064585 2962052 2982092 2913311 2942643 3000866 3039682 3117313 2812286 3015848 2898977 2947708 2900258 2850457 2957199 2977887 3098333 2835681 2831050 2797086 3029977 2879569 2987592 2992012 2763547 2796865 2855738 2996015 2831262 2918384 2963332 2821565 2898976 2861443 3045815 2831694 3084630 3112682 2898970 3034830 3015422 3029978 2898755 2768402 2991162 2942643 3054238]
Requests Number (per Connection):  [613 598 589 558 575 605 608 617 580 617 581 595 620 610 617 577 586 586 600 605 566 614 591 587 631 575 613 597 618 599 634 589 587 606 621 639 599 552 611 591 590 578 603 617 607 612 633 582 592 628 582 565 575 614 613 565 586 589 589 589 634 584 586 557 593 589 602 636 577 612 595 592 586 626 591 586 661 565 614 621 616 598 579 562 609 604 585 571 622 606 574 587 646 593 585 606 597 611 576 568 632 612 593 631 610 614 600 606 618 626 642 579 621 597 607 597 587 609 613 638 584 583 576 624 593 615 616 569 576 588 617 583 601 610 581 597 589 627 583 635 641 597 625 621 624 597 570 616 606 629]
Requests/sec:  5243.670068359375 KB
Transfer/sec:  12363.191048177083 KB

2023-12-01 23:28:51.321638816 +0800 CST m=+9256.037771232
Running 1m0s myx-test @ https://192.168.12.127:6443/api/v1/namespaces/myx-test/persistentvolumeclaims
300 connections
Requests/bytes (per Connection):  [1241134 1233971 1173221 1191105 1326971 1212509 1226819 1230418 1198259 1173165 1223240 1216107 1319874 1269742 1212510 1255446 1212511 1251856 1237605 1230427 1148128 1352011 1298391 1230418 1183895 1319817 1226874 1144548 1180317 1234028 1273374 1237548 1144605 1180317 1205355 1241125 1241125 1173166 1194625 1266163 1173220 1223277 1255432 1287624 1090906 1137396 1298356 1198239 1269741 1237548 1319817 1166067 1237550 1244751 1234028 1173163 1248279 1334125 1169587 1187492 1205413 1248278 1216089 1284048 1230443 1180320 1212509 1198202 1169587 1334151 1223297 1233971 1148131 1144593 1323450 1187529 1326971 1083740 1259066 1101627 1330547 1291258 1269797 1280471 1337759 1223298 1266163 1212512 1280499 1237605 1115990 1244702 1194627 1183918 1169588 1233973 1241127 1162492 1187471 1326970 1205358 1230423 1259009 1230394 1094530 1183896 1269742 1212560 1233973 1216088 1226844 1140973 1133877 1226856 1183909 1248278 1266163 1233973 1294779 1166011 1251872 1298355 1166066 1212509 1155279 1269740 1273374 1158876 1241182 1176790 1259066 1158913 1169643 1233973 1255433 1158856 1212566 1269740 1259009 1180317 1141030 1276894 1155281 1233972 1176771 1291202 1198256 1280471 1233971 1309090 1126686 1176749 1237605 1183896 1255481 1230394 1237548 1194625 1248333 1334151 1062336 1216086 1301932 1226817 1201783 1266220 1312663 1319816 1316240 1155279 1205358 1187471 1244759 1294781 1234028 1298406 1237549 1223241 1276951 1180375 1158856 1212510 1191058 1237605 1173164 1166012 1187501 1223242 1241125 1187471 1241126 1201779 1280471 1219663 1244749 1226866 1205412 1233973 1169644 1269775 1262643 1105203 1230394 1201836 1248336 1155279 1183896 1208935 1216143 1219663 1212510 1301989 1244734 1155279 1194670 1194627 1273369 1366316 1298355 1155336 1284048 1219663 1248335 1130297 1158913 1194673 1326971 1273374 1191105 1130278 1201779 1309086 1259010 1262595 1244737 1276894 1148125 1205413 1226818 1212510 1251857 1262604 1180374 1219721 1301984 1191105 1162490 1183951 1316240 1255473 1216088 1180349 1158913 1280473 1244702 1187528 1155336 1180318 1226836 1180319 1205413 1155279 1158913 1205413 1176741 1316240 1237548 1119525 1316240 1233971 1273329 1226856 1255462 1251855 1330550 1183897 1205356 1187526 1230396 1166010 1226817 1198259 1180321 1273317 1226875 1212510 1201779 1176740 1276898 1173221 1294836 1226819 1205363 1219665 1255433 1298355 1180318 1187473 1119510 1187472]
Response/bytes (per Connection):  [1685120 1675853 1592090 1616349 1802003 1646741 1665928 1670356 1626053 1593149 1661297 1650945 1791018 1724151 1646742 1704532 1646520 1700113 1679424 1670142 1559187 1835745 1762554 1670356 1607927 1792299 1664868 1554555 1603074 1674572 1727943 1680705 1553274 1603074 1637037 1685557 1685557 1593150 1622482 1719520 1592089 1660442 1704964 1748631 1481342 1544630 1763188 1626256 1724373 1680705 1792299 1582386 1680484 1689566 1674572 1593370 1695261 1811707 1588519 1612353 1635757 1695260 1651373 1743780 1669935 1602854 1646741 1627334 1588519 1811287 1660016 1675853 1558967 1553485 1795869 1611498 1802003 1472072 1708535 1496111 1806854 1752202 1723091 1738928 1815278 1660017 1719520 1646521 1738064 1679424 1514459 1690409 1622261 1607281 1588297 1675632 1685336 1577313 1612778 1802002 1636817 1670361 1709816 1671001 1485126 1607705 1724151 1645677 1675632 1651372 1665284 1549482 1538498 1665296 1607495 1695260 1719520 1675632 1758336 1583445 1699460 1763187 1582385 1646741 1569111 1724372 1727943 1573314 1684276 1596934 1708535 1572682 1587237 1675632 1704965 1573963 1645460 1724372 1709816 1603074 1548201 1734076 1568890 1675631 1597584 1753484 1626273 1738928 1675853 1777524 1529649 1597785 1679424 1607705 1703898 1671001 1680705 1622482 1694200 1811287 1441680 1651593 1768039 1666149 1631967 1718239 1782595 1792298 1787447 1569111 1636817 1612778 1689128 1758115 1674572 1762346 1680483 1661298 1732795 1601794 1573963 1646742 1617417 1679424 1593371 1583446 1612139 1661076 1685557 1612778 1685335 1632186 1738928 1656445 1689341 1665083 1635756 1675632 1587238 1723515 1713387 1501185 1671001 1630905 1693980 1569111 1607705 1641669 1650312 1656445 1646742 1766758 1689772 1569111 1621412 1622261 1728161 1855373 1763187 1567830 1743780 1656445 1693979 1533866 1572682 1621415 1802003 1727943 1616349 1534293 1632186 1777743 1709817 1714231 1689552 1734076 1559407 1635757 1666150 1646742 1699891 1714017 1601793 1655165 1767199 1616349 1577534 1606645 1787447 1704113 1651372 1602214 1572682 1738707 1690409 1611497 1567830 1603075 1665499 1602853 1635757 1569111 1572682 1635757 1598223 1787447 1680705 1520161 1787447 1675853 1728790 1665073 1704102 1700112 1806634 1607706 1637038 1611495 1670780 1583667 1666149 1626053 1602855 1729224 1664869 1646742 1632186 1598222 1733634 1592090 1757055 1665928 1636822 1656224 1704965 1763187 1603075 1612557 1520592 1612779]
Requests Number (per Connection):  [347 345 328 333 371 339 343 344 335 328 342 340 369 355 339 351 339 350 346 344 321 378 363 344 331 369 343 320 330 345 356 346 320 330 337 347 347 328 334 354 328 342 351 360 305 318 363 335 355 346 369 326 346 348 345 328 349 373 327 332 337 349 340 359 344 330 339 335 327 373 342 345 321 320 370 332 371 303 352 308 372 361 355 358 374 342 354 339 358 346 312 348 334 331 327 345 347 325 332 371 337 344 352 344 306 331 355 339 345 340 343 319 317 343 331 349 354 345 362 326 350 363 326 339 323 355 356 324 347 329 352 324 327 345 351 324 339 355 352 330 319 357 323 345 329 361 335 358 345 366 315 329 346 331 351 344 346 334 349 373 297 340 364 343 336 354 367 369 368 323 337 332 348 362 345 363 346 342 357 330 324 339 333 346 328 326 332 342 347 332 347 336 358 341 348 343 337 345 327 355 353 309 344 336 349 323 331 338 340 341 339 364 348 323 334 334 356 382 363 323 359 341 349 316 324 334 371 356 333 316 336 366 352 353 348 357 321 337 343 339 350 353 330 341 364 333 325 331 368 351 340 330 324 358 348 332 323 330 343 330 337 323 324 337 329 368 346 313 368 345 356 343 351 350 372 331 337 332 344 326 343 335 330 356 343 339 336 329 357 328 362 343 337 341 351 363 330 332 313 332]
Requests/sec:  5971.785367838542 KB
Transfer/sec:  14079.619645182293 KB

