2023-12-01 14:34:19.639079669 +0800 CST m=+1231.941048223
Running 1m0s myx-test @ https://192.168.12.127:6443/api/v1/persistentvolumes
3 connections
Requests/bytes (per Connection):  [17510996 15475081 16755511]
Response/bytes (per Connection):  [25435885 22478738 24338295]
Requests Number (per Connection):  [4937 4363 4724]
Requests/sec:  809.5961588541667 KB
Transfer/sec:  1985.5876627604166 KB

2023-12-01 14:36:30.082638228 +0800 CST m=+1362.384606789
Running 1m0s myx-test @ https://192.168.12.127:6443/api/v1/persistentvolumes
6 connections
Requests/bytes (per Connection):  [24633150 26715178 24686353 26637142 24299742 24264273]
Response/bytes (per Connection):  [35781525 38805402 35858773 38692544 35297213 35245714]
Requests Number (per Connection):  [6945 7532 6960 7510 6851 6841]
Requests/sec:  2461.52080078125 KB
Transfer/sec:  6037.060693359375 KB

2023-12-01 14:38:40.510677411 +0800 CST m=+1492.812645977
Running 1m0s myx-test @ https://192.168.12.127:6443/api/v1/persistentvolumes
9 connections
Requests/bytes (per Connection):  [19263160 18053670 19798737 19770365 19117737 19263160 17947262 18014654 19848394]
Response/bytes (per Connection):  [27981041 26224262 28759337 28717919 27769895 27981041 26069764 26167613 28831436]
Requests Number (per Connection):  [5431 5090 5582 5574 5390 5431 5060 5079 5596]
Requests/sec:  2784.458642578125 KB
Transfer/sec:  6829.092561848958 KB

2023-12-01 14:40:51.435592902 +0800 CST m=+1623.737561469
Running 1m0s myx-test @ https://192.168.12.127:6443/api/v1/persistentvolumes
15 connections
Requests/bytes (per Connection):  [10771906 11580595 11665721 11488377 10640670 11765034 10764810 10654858 11509657 10658404 11765032 11711828 11754393 11548671 11484831]
Response/bytes (per Connection):  [15646877 16821716 16945314 16687598 15456330 17089511 15636797 15476930 16718718 15482079 17089731 17012482 17074061 16775587 16682449]
Requests Number (per Connection):  [3037 3265 3289 3239 3000 3317 3035 3004 3245 3005 3317 3302 3314 3256 3238]
Requests/sec:  2763.0987467447917 KB
Transfer/sec:  6776.708447265625 KB

2023-12-01 14:43:01.87648875 +0800 CST m=+1754.178457308
Running 1m0s myx-test @ https://192.168.12.127:6443/api/v1/persistentvolumes
30 connections
Requests/bytes (per Connection):  [9058758 8842398 9009101 8306816 8267799 8920429 8945257 8959445 9002009 8388396 9026836 8938163 8462881 9012646 8388392 8863677 8927523 8214597 8938163 8906243 8281987 9030381 9083584 8363567 8970083 8909790 9005557 8377756 8888506 8402580]
Response/bytes (per Connection):  [13158370 12844005 13086271 12066370 12009720 12957524 12993573 13014173 13075751 12184597 13112021 12983273 12292745 13091641 12185037 12875346 12967824 11932251 12983273 12936704 12030320 13117391 13194639 12148547 13029842 12941854 13080902 12169148 12911174 12205637]
Requests Number (per Connection):  [2554 2493 2540 2342 2331 2515 2522 2526 2538 2365 2545 2520 2386 2541 2365 2499 2517 2316 2520 2511 2335 2546 2561 2358 2529 2512 2539 2362 2506 2369]
Requests/sec:  4275.607421875 KB
Transfer/sec:  10486.218147786458 KB

2023-12-01 14:45:12.401497575 +0800 CST m=+1884.703466138
Running 1m0s myx-test @ https://192.168.12.127:6443/api/v1/persistentvolumes
60 connections
Requests/bytes (per Connection):  [3387279 3419202 3642655 3727780 3575265 3426299 3571718 3741968 3298606 3632016 3734876 3295059 3507874 3663938 3422749 3493686 3702952 3472409 3780986 3295062 3745515 3451124 3759705 3514968 3635563 3564624 3412108 3713592 3405014 3397920 3731329 3766797 3436938 3603639 3706501 3405015 3635563 3717140 3422748 3582359 3514968 3706501 3405014 3543343 3475952 3550437 3759701 3405015 3575266 3681670 3674577 3373091 3507874 3663936 3851920 3564625 3617826 3419203 3383732 3553984]
Response/bytes (per Connection):  [4920364 4966714 5291378 5414975 5193309 4976573 5188159 5435575 4791616 5275708 5425055 4786466 5095461 5322057 4971864 5074861 5378926 5043522 5492004 4786247 5440725 5013063 5461105 5105761 5280858 5177859 4956414 5394375 4946114 4935814 5419905 5471625 4992243 5234729 5383856 4945893 5280858 5399526 4971863 5203609 5105761 5383856 4946114 5146960 5049112 5157260 5461545 4945893 5193310 5348026 5337727 4899764 5095461 5322277 5595442 5177860 5255328 4966493 4915214 5162410]
Requests Number (per Connection):  [955 964 1027 1051 1008 966 1007 1055 930 1024 1053 929 989 1033 965 985 1044 979 1066 929 1056 973 1060 991 1025 1005 962 1047 960 958 1052 1062 969 1016 1045 960 1025 1048 965 1010 991 1045 960 999 980 1001 1060 960 1008 1038 1036 951 989 1033 1086 1005 1020 964 954 1002]
Requests/sec:  3477.0373697916666 KB
Transfer/sec:  8527.702115885417 KB

2023-12-01 14:47:22.831604689 +0800 CST m=+2015.133573300
Running 1m0s myx-test @ https://192.168.12.127:6443/api/v1/persistentvolumes
90 connections
Requests/bytes (per Connection):  [3149639 3231217 3050327 3256046 3202842 3103528 2975841 3316343 3263141 3163825 3224123 2982933 2940375 3199296 3146093 3259590 3266686 2975840 3156733 3085794 3121263 3220576 3217030 3234764 3199293 3234762 3135450 3160280 3153185 3174466 3305703 3007761 3085794 3117718 3043235 3167373 2911997 3209935 3092888 3369546 3167372 3287967 3138997 3287968 3220574 3188654 3053872 2933277 3224123 3071606 3206388 3156732 3046780 2979387 3227670 3195748 2919093 3046778 3089341 2993576 3121263 2975841 3071606 3089341 3043230 3280874 3107076 3068060 3149638 3068063 2979387 3202842 3021950 3305702 2915544 3007761 2993576 3050327 3245405 3174469 3220575 3227670 3153185 3227669 3170919 3004214 3124810 3099983 3167375 3188654]
Response/bytes (per Connection):  [4575101 4693548 4430683 4729598 4652349 4508151 4322534 4817146 4739677 4595699 4683248 4333054 4270816 4646978 4569730 4734967 4745047 4322755 4585179 4482402 4533901 4678098 4672949 4698698 4647419 4698918 4554500 4590329 4580250 4611149 4801697 4369103 4482402 4528531 4420163 4600850 4229836 4662648 4492702 4894394 4600849 4775946 4559650 4775947 4678318 4631749 4436053 4260956 4683248 4461802 4657498 4585400 4425533 4327905 4688398 4642049 4239916 4425753 4487552 4348284 4533901 4322534 4461802 4487552 4420602 4765647 4513302 4456653 4575100 4456212 4327905 4652349 4389704 4801696 4234986 4369103 4348284 4430683 4714148 4610930 4678319 4688398 4580250 4688619 4605999 4363953 4539051 4502781 4600630 4631749]
Requests Number (per Connection):  [888 911 860 918 903 875 839 935 920 892 909 841 829 902 887 919 921 839 890 870 880 908 907 912 902 912 884 891 889 895 932 848 870 879 858 893 821 905 872 950 893 927 885 927 908 899 861 827 909 866 904 890 859 840 910 901 823 859 871 844 880 839 866 871 858 925 876 865 888 865 840 903 852 932 822 848 844 860 915 895 908 910 889 910 894 847 881 874 893 899]
Requests/sec:  4589.943733723959 KB
Transfer/sec:  11257.14501953125 KB

2023-12-01 14:49:33.273972089 +0800 CST m=+2145.575940663
Running 1m0s myx-test @ https://192.168.12.127:6443/api/v1/persistentvolumes
150 connections
Requests/bytes (per Connection):  [2266463 2273557 2152962 2309027 2348040 2191978 2337402 2149416 2202617 2216805 2230995 2238088 2270010 2287743 2372868 2284198 2447356 2355135 2245184 2188431 2262916 2475727 2131682 2145871 2252278 2227445 2277102 2500557 2344496 2170697 2433168 2195526 2319665 2326763 2266465 2440260 2177790 2234542 2330306 2259367 2333855 2372871 2191979 2273555 2266463 2337400 2223900 2170695 2156507 2259369 2110399 2379963 2287744 2355136 2514747 2348042 2170695 2309027 2376415 2301930 2245180 2262915 2316118 2294837 2145866 2238088 2316122 2333854 2262917 2291292 2245184 2298386 2344493 2160058 2348040 2227448 2252274 2394152 2266464 2167150 2408338 2429620 2255823 2362228 2092663 2262917 2291290 2270011 2379963 2277105 2156512 2156509 2277104 2298385 2174246 2358683 2262917 2113948 2291290 2266462 2238087 2287743 2475731 2181335 2259370 2209713 2241635 2252276 2131681 2404791 2340946 2277104 2131680 2216805 2454445 2238089 2230994 2362228 2259371 2191979 2312571 2457997 2262915 2074931 2195525 2273559 2372871 2124587 2255825 2450901 2362230 2387058 2298385 2230995 2401244 2298384 2216807 2433166 2245182 2223902 2436713 2191979 2337402 2259367 2259372 2333855 2362228 2333852 2259369 2259368]
Response/bytes (per Connection):  [3292112 3302412 3127315 3353912 3410780 3183964 3395111 3122166 3199634 3220234 3240614 3250913 3297262 3323232 3446829 3317862 3554758 3421081 3260993 3178814 3286962 3596397 3096195 3116796 3271293 3235683 3307782 3632226 3405411 3153065 3534158 3189115 3369581 3379441 3291892 3544678 3163364 3245764 3385031 3282032 3389961 3446610 3183965 3302632 3292112 3395331 3230313 3153285 3132685 3281812 3065516 3457130 3323011 3420860 3652606 3410560 3153285 3353912 3451979 3343831 3261433 3287183 3364431 3333532 3117235 3250913 3363991 3389960 3286963 3328162 3260993 3338462 3405630 3137395 3410780 3235464 3271733 3477509 3292113 3147915 3498329 3529229 3276663 3431380 3039987 3286963 3328382 3297263 3457130 3307563 3132246 3132465 3307562 3338461 3157995 3426010 3286963 3070446 3328382 3292333 3251134 3323232 3595957 3168734 3281813 3209714 3256063 3271513 3096416 3493179 3400480 3307562 3096415 3220234 3565497 3250914 3240613 3431380 3281592 3183965 3359281 3570208 3287183 3014018 3189114 3302192 3446610 3086116 3276443 3560128 3431160 3467209 3338461 3240614 3488029 3338682 3220014 3534378 3261213 3230093 3539528 3183965 3395111 3282032 3281593 3389961 3431380 3390180 3281812 3282033]
Requests Number (per Connection):  [639 641 607 651 662 618 659 606 621 625 629 631 640 645 669 644 690 664 633 617 638 698 601 605 635 628 642 705 661 612 686 619 654 656 639 688 614 630 657 637 658 669 618 641 639 659 627 612 608 637 595 671 645 664 709 662 612 651 670 649 633 638 653 647 605 631 653 658 638 646 633 648 661 609 662 628 635 675 639 611 679 685 636 666 590 638 646 640 671 642 608 608 642 648 613 665 638 596 646 639 631 645 698 615 637 623 632 635 601 678 660 642 601 625 692 631 629 666 637 618 652 693 638 585 619 641 669 599 636 691 666 673 648 629 677 648 625 686 633 627 687 618 659 637 637 658 666 658 637 637]
Requests/sec:  5566.031656901042 KB
Transfer/sec:  13651.008170572917 KB

2023-12-01 14:51:43.824694316 +0800 CST m=+2276.126662885
Running 1m0s myx-test @ https://192.168.12.127:6443/api/v1/persistentvolumes
300 connections
Requests/bytes (per Connection):  [1436491 1340724 1397475 1308803 1503882 1397476 1549991 1365551 1500333 1347818 1443586 1422302 1464866 1386834 1393929 1393926 1560632 1383285 1496788 1500333 1408115 1475508 1308804 1397475 1344271 1386836 1308804 1479053 1383285 1422303 1322990 1276882 1333630 1507427 1379740 1422305 1443585 1436489 1461319 1404567 1390383 1322991 1525165 1443584 1432941 1443584 1447134 1340726 1475504 1482600 1447131 1390381 1386834 1496788 1447131 1468413 1319442 1322990 1411664 1383285 1549990 1461319 1347820 1440036 1422305 1450678 1376193 1393927 1411665 1393927 1390378 1383289 1330085 1372646 1372645 1418754 1330084 1464864 1379741 1475507 1408114 1560631 1390381 1482601 1404571 1496788 1393930 1340726 1379738 1514523 1422301 1344273 1369102 1518069 1539351 1514521 1369099 1422302 1404570 1500334 1397476 1425848 1379742 1432945 1486147 1539349 1418758 1450679 1436491 1464866 1518070 1489696 1454227 1440040 1390383 1319443 1415209 1518071 1432944 1362007 1344270 1390379 1386833 1372648 1425849 1418756 1347818 1376193 1464866 1408114 1464866 1457770 1464866 1532257 1397477 1291067 1489694 1454223 1425849 1411660 1379740 1401020 1493241 1202394 1280428 1457772 1447132 1344269 1422303 1379738 1283974 1354909 1507429 1291067 1376195 1358460 1404569 1340724 1372648 1308800 1493239 1344273 1326538 1454225 1436492 1333630 1365554 1404568 1486148 1447133 1422303 1432942 1450676 1326535 1415209 1386834 1429399 1440036 1401022 1560630 1429395 1383289 1415211 1401021 1532257 1447131 1333631 1418756 1393930 1404567 1464866 1525163 1390381 1379740 1408118 1340722 1404568 1471961 1404567 1432946 1411660 1351362 1287520 1447132 1436490 1365550 1482600 1440037 1432945 1447133 1450676 1525161 1418756 1269788 1298163 1486147 1464868 1542900 1503880 1390381 1347818 1354911 1383287 1358457 1365554 1464868 1365551 1510975 1425848 1468411 1397477 1411662 1564179 1276880 1386834 1450678 1422301 1425852 1358458 1401021 1362005 1493239 1404566 1369099 1308803 1408113 1347818 1443584 1539353 1337179 1397474 1369101 1308802 1354913 1464866 1557084 1358460 1415211 1397477 1397475 1429395 1507427 1344273 1457770 1440035 1528710 1461321 1358460 1457774 1415211 1443586 1461317 1518070 1333632 1486148 1354910 1376195 1436490 1479054 1457770 1330085 1510975 1358460 1401021 1337179 1425848 1376191 1496786 1326535 1461321 1383287 1418754 1369102 1475509 1418754 1436488 1411664 1354909 1312349 1404571]
Response/bytes (per Connection):  [2086594 1947546 2029945 1900976 2184442 2029724 2251390 1983816 2179512 1957846 2096673 2065993 2127793 2014495 2024574 2025015 2266840 2009565 2174142 2179512 2045394 2143022 1900977 2029945 1952696 2014275 1900977 2148392 2009565 2065994 1921797 1854628 1937246 2189812 2004195 2065774 2096894 2086814 2122643 2040465 2019425 1921576 2215121 2096893 2081663 2096893 2101824 1947326 2143462 2153542 2102043 2019645 2014495 2174142 2102043 2132943 1916646 1921797 2050324 2009565 2251611 2122643 1957626 2091964 2065774 2107193 1999045 2024794 2050325 2024794 2019864 2009125 1931876 1993895 1994116 2061064 1932097 2128013 2003974 2143243 2045615 2267061 2019645 2153543 2040025 2174142 2024575 1947326 2004415 2199892 2066214 1952476 1988526 2205041 2235941 2200112 1988745 2065993 2040024 2179291 2029724 2071364 2003975 2081223 2158692 2236161 2060624 2107194 2086594 2127793 2205042 2163622 2112123 2091524 2019425 1916647 2055694 2204821 2081444 1978225 1952695 2019865 2014494 1993675 2071143 2060844 1957846 1999045 2127793 2045615 2127793 2117713 2127793 2225641 2029725 1875447 2163842 2112563 2071143 2050764 2004195 2035315 2168992 1746699 1859777 2117493 2102044 1952916 2065994 2004415 1865148 1968365 2189592 1875447 1998825 1973075 2040245 1947546 1993675 1901417 2169212 1952476 1926726 2112343 2086373 1937246 1983375 2040244 2158693 2101823 2065994 2081664 2107413 1927167 2055694 2014495 2076074 2091964 2035095 2267060 2076514 2009125 2055474 2035094 2225641 2102043 1937247 2060844 2024575 2040465 2127793 2215341 2019645 2004195 2045175 1947766 2040244 2137872 2040465 2081224 2050764 1963215 1870297 2102044 2086593 1983815 2153542 2091743 2081223 2101823 2107413 2215561 2060844 1844328 1885527 2158692 2127573 2240871 2184662 2019645 1957846 1968145 2009345 1973516 1983375 2127573 1983816 2194741 2071364 2133163 2029725 2050544 2271990 1854848 2014495 2107193 2066214 2070924 1973295 2035094 1978445 2169212 2040464 1988745 1900976 2045614 1957846 2096893 2235721 1942176 2029944 1988525 1901197 1967925 2127793 2261911 1973075 2055474 2029725 2029945 2076514 2189812 1952476 2117713 2091963 2220491 2122423 1973075 2117273 2055474 2096673 2122863 2205042 1937026 2158693 1968366 1998825 2086593 2148393 2117713 1931876 2194741 1973075 2035094 1942176 2071364 1999265 2174362 1927167 2122423 2009345 2061064 1988526 2143023 2061064 2086813 2050324 1968365 1906347 2040025]
Requests Number (per Connection):  [405 378 394 369 424 394 437 385 423 380 407 401 413 391 393 393 440 390 422 423 397 416 369 394 379 391 369 417 390 401 373 360 376 425 389 401 407 405 412 396 392 373 430 407 404 407 408 378 416 418 408 392 391 422 408 414 372 373 398 390 437 412 380 406 401 409 388 393 398 393 392 390 375 387 387 400 375 413 389 416 397 440 392 418 396 422 393 378 389 427 401 379 386 428 434 427 386 401 396 423 394 402 389 404 419 434 400 409 405 413 428 420 410 406 392 372 399 428 404 384 379 392 391 387 402 400 380 388 413 397 413 411 413 432 394 364 420 410 402 398 389 395 421 339 361 411 408 379 401 389 362 382 425 364 388 383 396 378 387 369 421 379 374 410 405 376 385 396 419 408 401 404 409 374 399 391 403 406 395 440 403 390 399 395 432 408 376 400 393 396 413 430 392 389 397 378 396 415 396 404 398 381 363 408 405 385 418 406 404 408 409 430 400 358 366 419 413 435 424 392 380 382 390 383 385 413 385 426 402 414 394 398 441 360 391 409 401 402 383 395 384 421 396 386 369 397 380 407 434 377 394 386 369 382 413 439 383 399 394 394 403 425 379 411 406 431 412 383 411 399 407 412 428 376 419 382 388 405 417 411 375 426 383 395 377 402 388 422 374 412 390 400 386 416 400 405 398 382 370 396]
Requests/sec:  6908.353759765625 KB
Transfer/sec:  16943.186588541666 KB

