2023-12-02 12:02:56.907998072 +0800 CST m=+60.096519900
Running 1m0s myx-test @ https://192.168.12.127:6443/api/v1/namespaces/myx-test/pods
3 connections
Requests/bytes (per Connection):  [23017631 21219013 22932650]
Response/bytes (per Connection):  [46528880 42878487 46360778]
Requests Number (per Connection):  [6501 5993 6477]
Requests/sec:  1093.2502278645834 KB
Transfer/sec:  3303.018212890625 KB

2023-12-02 12:04:32.066455558 +0800 CST m=+155.254977418
Running 1m0s myx-test @ https://192.168.12.127:6443/api/v1/namespaces/myx-test/pods
6 connections
Requests/bytes (per Connection):  [24865900 24823398 24207293 24203754 22592772 22461746]
Response/bytes (per Connection):  [50224477 50141682 48926108 48918368 45662250 45413752]
Requests Number (per Connection):  [7023 7011 6837 6836 6381 6344]
Requests/sec:  2329.9945149739583 KB
Transfer/sec:  7038.435872395833 KB

2023-12-02 12:06:07.256747451 +0800 CST m=+250.445269286
Running 1m0s myx-test @ https://192.168.12.127:6443/api/v1/namespaces/myx-test/pods
9 connections
Requests/bytes (per Connection):  [21675789 21608454 19225647 21187146 21764299 21307536 19158359 19161898 21162359]
Response/bytes (per Connection):  [43778561 43682023 38843598 42814712 43954393 43052646 38717584 38726995 42766419]
Requests Number (per Connection):  [6122 6103 5430 5984 6147 6018 5411 5412 5977]
Requests/sec:  3031.436962890625 KB
Transfer/sec:  9156.712532552083 KB

2023-12-02 12:07:42.44662735 +0800 CST m=+345.635149181
Running 1m0s myx-test @ https://192.168.12.127:6443/api/v1/namespaces/myx-test/pods
15 connections
Requests/bytes (per Connection):  [13727051 14120064 12310750 13812011 12342644 14251067 13872207 12371024 14176704 13712867 12381647 12448843 13822633 14251082 14325439]
Response/bytes (per Connection):  [27725208 28520464 24897388 27909306 24940115 28785829 28027431 24964132 28635062 27713609 24984829 25170658 27930845 28774885 28922289]
Requests Number (per Connection):  [3877 3988 3477 3901 3486 4025 3918 3494 4004 3873 3497 3516 3904 4025 4046]
Requests/sec:  3286.5565266927083 KB
Transfer/sec:  9925.587288411458 KB

2023-12-02 12:09:17.598274372 +0800 CST m=+440.786796218
Running 1m0s myx-test @ https://192.168.12.127:6443/api/v1/namespaces/myx-test/pods
30 connections
Requests/bytes (per Connection):  [9832360 9198600 9311846 9184439 9311848 8586042 9800481 9842947 9343775 9818197 9768565 8568339 8479820 8518766 8741843 8554159 8532929 9237487 8493980 8646236 9396858 9318930 8479815 9460565 9793403 9761521 9800492 9818156 9896043 9400369]
Response/bytes (per Connection):  [19854168 18566181 18829069 18527632 18828228 17345713 19799654 19894248 18844825 19825730 19766214 17309534 17136222 17212106 17651795 17294567 17240544 18682506 17163814 17464679 18973598 18842026 17136217 19121353 19779116 19730500 19791235 19856886 20020460 19003228]
Requests Number (per Connection):  [2777 2598 2630 2594 2630 2425 2768 2780 2639 2773 2759 2420 2395 2406 2469 2416 2410 2609 2399 2442 2654 2632 2395 2672 2766 2757 2768 2773 2795 2655]
Requests/sec:  4506.816585286459 KB
Transfer/sec:  13613.132470703125 KB

2023-12-02 12:10:52.767748558 +0800 CST m=+535.956270373
Running 1m0s myx-test @ https://192.168.12.127:6443/api/v1/namespaces/myx-test/pods
60 connections
Requests/bytes (per Connection):  [6040296 5339268 5689747 5905742 5781817 5470249 5955388 5877493 5413636 5923526 5703980 5427798 6174905 5367605 5824360 5456114 5969478 5881005 5919923 5888037 5385309 5842038 5438423 6157204 6036784 5739359 5321570 5997881 5909361 5388828 5300327 5863290 5449044 5367605 6100490 5519862 6100490 5353429 5721694 6171308 6135901 6121737 5572976 6061590 5824373 5714553 5888116 5431341 6033215 5845586 6160685 5990724 5856211 5381768 6143045 5374685 5388828 6104031 6107572 5817236]
Response/bytes (per Connection):  [12221951 10789406 11530530 11956421 11710751 11077516 12005835 11849006 10934292 11938693 11507579 10962729 12446193 10842921 11758991 11019598 12082287 11869388 11979810 11921926 10878258 11806137 10982585 12415917 12200723 11598486 10754924 12087781 11911939 10901995 10710998 11842476 11004123 10842921 12340917 11143787 12340917 10824592 11541240 12480581 12409908 12382312 11248114 12226292 11745516 11564511 11869703 10968787 12207311 11815545 12459884 12123681 11834555 10871359 12382425 10857560 10902007 12347816 12354715 11778055]
Requests Number (per Connection):  [1706 1508 1607 1668 1633 1545 1682 1660 1529 1673 1611 1533 1744 1516 1645 1541 1686 1661 1672 1663 1521 1650 1536 1739 1705 1621 1503 1694 1669 1522 1497 1656 1539 1516 1723 1559 1723 1512 1616 1743 1733 1729 1574 1712 1645 1614 1663 1534 1704 1651 1740 1692 1654 1520 1735 1518 1522 1724 1725 1643]
Requests/sec:  5633.607356770834 KB
Transfer/sec:  17016.536653645835 KB

2023-12-02 12:12:27.944735261 +0800 CST m=+631.133257092
Running 1m0s myx-test @ https://192.168.12.127:6443/api/v1/namespaces/myx-test/pods
90 connections
Requests/bytes (per Connection):  [4740912 4330199 4687831 4153155 4719637 4425806 4107164 4992271 4160237 4354982 4553253 4174401 4832991 4266465 4340822 4177942 4418676 4326638 4808186 4128369 4528467 4843573 4131910 4149614 4333742 4064634 4719620 4160237 4659504 4107131 4779894 4266465 4365610 4185041 4436428 4195648 4011568 4737373 4418713 4666584 4089421 4779894 4393932 4167319 4500159 4114206 4783396 4429347 4818845 4114243 4783436 3986733 4493040 4840090 4446996 4238137 4422264 4121290 4376233 4673657 4064633 4680724 4124828 4082337 4687763 4878961 4879011 4100074 4358526 4408088 4326660 4825854 4705517 4673592 4160238 4666514 4917981 4496624 4691334 4673667 4517867 4333742 4666586 4252301 4163778 4447051 4107164 4117746 4213356 4004442]
Response/bytes (per Connection):  [9580522 8746558 9450935 8397399 9553463 8933674 8276527 10102366 8411197 8796533 9203927 8438793 9749790 8619851 8767255 8445692 8956947 8755659 9714970 8348264 9147226 9802501 8355163 8390500 8752616 8222399 9566091 8411197 9394901 8300977 9632835 8619851 8815549 8446019 8955213 8480188 8081019 9564376 8928295 9409540 8270692 9632835 8873264 8424995 9084446 8319826 9670049 8940573 9708724 8291195 9638892 8068936 9090873 9750960 9009611 8564659 8927617 8332783 8836246 9425015 8222398 9448092 8341365 8257735 9501483 9879914 9849580 8267812 8802592 8908439 8738818 9770536 9491321 9473037 8410355 9460086 9911157 9073338 9478901 9423339 9116415 8752616 9408699 8592255 8418096 8975910 8275702 8327567 8512157 8100906]
Requests Number (per Connection):  [1339 1223 1324 1173 1333 1250 1160 1410 1175 1230 1286 1179 1365 1205 1226 1180 1248 1222 1358 1166 1279 1368 1167 1172 1224 1148 1333 1175 1316 1160 1350 1205 1233 1182 1253 1185 1133 1338 1248 1318 1155 1350 1241 1177 1271 1162 1351 1251 1361 1162 1351 1126 1269 1367 1256 1197 1249 1164 1236 1320 1148 1322 1165 1153 1324 1378 1378 1158 1231 1245 1222 1363 1329 1320 1175 1318 1389 1270 1325 1320 1276 1224 1318 1201 1176 1256 1160 1163 1190 1131]
Requests/sec:  6482.117350260417 KB
Transfer/sec:  19577.48828125 KB

2023-12-02 12:14:03.121613741 +0800 CST m=+726.310135584
Running 1m0s myx-test @ https://192.168.12.127:6443/api/v1/namespaces/myx-test/pods
150 connections
Requests/bytes (per Connection):  [3002493 2814776 3101612 3108670 2807694 2680268 2889175 2945846 2751085 2885595 2690917 3083886 2921040 2793531 2981197 2761742 3034354 2733336 2701511 2839583 2832514 3144079 2779367 2722746 2708585 3126375 2995363 2860809 3168866 3122834 2733404 2712092 2793531 2906838 2793531 2935228 2786449 2899758 3016654 2673186 2680238 2853727 3037854 3087424 2697939 3147631 2790007 2786449 3186570 2896218 3101596 2878510 2747499 3115752 2874994 2758129 3002495 2726311 2825450 2818331 2726332 3044933 3094533 2726253 2917463 3098048 3168865 3062640 2921001 2931624 2935216 2595255 2913959 3030792 3200734 2609483 2729874 2775826 2782983 3062638 2857265 2719245 2931694 2782966 2928148 3044935 2825433 2906876 3020160 2800678 3013065 3059098 2782987 2921025 3140552 2800647 2821887 2949364 2722792 2623580 3090965 2871495 3090992 2719251 3090966 3236143 2970630 2797093 2772325 2853727 2786459 2853727 2938719 3207816 2818318 3083884 2722738 2740453 2807694 3133460 2825412 2747500 2726289 2949329 2744013 3105129 2843159 2751072 2708605 3083886 2864373 2928100 3069722 3059099 2804224 2867890 2698006 2680294 3136997 2772286 2928136 2708623 2899795 2984740 3044934 2758139 2960001 2814776 3044934 2867890]
Response/bytes (per Connection):  [6046568 5706203 6253211 6285555 5692405 5413710 5821609 5921040 5545810 5845025 5414198 6235579 5895474 5663967 6034665 5548811 6106149 5545000 5449227 5746911 5715438 6355387 5636371 5506603 5468918 6320050 6061420 5795890 6403680 6313151 5494452 5502765 5663967 5888102 5663967 5896121 5650169 5873463 6067444 5399912 5437311 5782092 6145050 6244161 5474337 6353867 5652018 5650169 6439017 5865722 6270079 5832910 5573438 6299353 5815056 5592456 6036466 5487405 5695724 5710584 5479821 6160531 6237739 5532044 5907958 6264016 6404522 6194185 5916540 5937237 5913803 5262469 5880834 6123667 6466613 5248786 5485878 5629472 5593572 6195026 5790674 5466861 5885005 5607043 5880636 6159690 5700798 5859472 6102136 5635644 6097598 6187285 5591047 5898861 6338377 5651663 5705672 5953194 5472080 5320187 6251060 5767723 6230006 5465181 6250218 6536445 5979425 5662436 5591416 5782092 5649336 5782092 5949362 6480411 5712260 6236420 5513348 5540257 5692405 6332165 5716797 5572596 5504258 5971732 5524429 6278656 5726851 5563482 5461321 6235579 5785109 5917710 6207983 6187286 5634118 5810530 5422945 5393501 6341589 5621731 5889915 5447851 5853238 6040723 6159689 5589085 5955377 5706203 6159689 5810530]
Requests Number (per Connection):  [848 795 876 878 793 757 816 832 777 815 760 871 825 789 842 780 857 772 763 802 800 888 785 769 765 883 846 808 895 882 772 766 789 821 789 829 787 819 852 755 757 806 858 872 762 889 788 787 900 818 876 813 776 880 812 779 848 770 798 796 770 860 874 770 824 875 895 865 825 828 829 733 823 856 904 737 771 784 786 865 807 768 828 786 827 860 798 821 853 791 851 864 786 825 887 791 797 833 769 741 873 811 873 768 873 914 839 790 783 806 787 806 830 906 796 871 769 774 793 885 798 776 770 833 775 877 803 777 765 871 809 827 867 864 792 810 762 757 886 783 827 765 819 843 860 779 836 795 860 810]
Requests/sec:  7067.036149088542 KB
Transfer/sec:  21345.011393229168 KB

2023-12-02 12:15:38.350350894 +0800 CST m=+821.538872747
Running 1m0s myx-test @ https://192.168.12.127:6443/api/v1/namespaces/myx-test/pods
300 connections
Requests/bytes (per Connection):  [1554375 1589705 1788051 1611029 1681784 1504742 1703092 1518900 1734882 1642869 1533107 1589750 1511830 1777416 1639277 1625116 1582700 1522506 1529527 1802238 1518886 1515425 1561456 1508263 1731341 1635737 1653518 1557837 1646359 1501234 1479976 1720718 1763209 1547235 1497650 1462311 1734961 1703092 1557843 1745504 1511883 1593324 1586186 1508271 1479977 1741964 1543706 1632196 1511867 1547214 1547223 1625144 1777373 1554317 1547214 1596852 1373788 1526047 1586223 1483556 1572028 1575581 1525968 1628655 1568534 1611029 1600398 1745505 1610950 1575541 1536670 1678274 1628663 1706590 1621616 1526003 1593317 1703014 1657061 1490600 1494100 1710095 1738502 1628654 1543672 1600407 1678285 1777378 1579138 1720718 1564998 1497680 1738502 1554374 1642819 1511841 1490590 1518904 1572024 1451612 1596786 1724259 1554309 1593246 1625144 1660540 1614535 1692391 1600406 1780973 1667605 1479995 1773832 1472855 1480016 1777373 1812828 1561426 1572000 1667684 1611029 1724336 1423292 1572000 1642818 1547271 1646376 1593316 1632195 1557863 1660523 1479998 1536669 1575584 1681768 1621622 1547256 1572039 1685388 1703092 1628654 1720777 1618048 1706583 1557836 1465851 1522433 1713637 1724323 1550783 1483483 1547214 1543752 1763242 1671156 1635737 1455160 1579161 1469392 1607409 1515374 1773855 1596865 1582702 1593324 1706618 1441012 1586242 1649900 1600362 1561447 1738423 1444606 1660601 1547293 1536604 1582622 1607409 1621616 1621652 1501200 1487069 1557916 1593246 1550782 1795115 1497717 1497694 1515425 1788053 1706566 1579123 1582702 1656982 1710146 1564997 1646438 1508269 1742000 1589784 1533093 1596786 1603895 1550834 1649944 1717177 1600328 1405639 1483521 1692413 1572071 1522506 1522496 1533087 1462232 1550811 1603873 1536632 1607488 1497708 1695932 1603895 1547214 1504723 1575541 1526047 1784502 1656994 1476469 1639278 1589704 1614561 1557895 1586163 1717205 1621605 1660523 1543683 1550754 1575572 1724323 1572037 1497715 1483527 1508310 1660523 1540211 1504799 1653441 1731341 1635758 1554315 1603947 1483557 1703066 1572011 1533129 1610978 1462235 1667665 1688885 1674687 1579161 1529509 1678247 1462310 1540210 1600328 1674687 1564933 1497719 1600384 1745564 1703022 1710096 1745513 1703093 1557836 1518886 1706623 1611029 1575541 1717190 1586208 1490559 1674687 1494179 1642840 1497708 1610989 1554361 1685359 1586170 1618074 1515346 1540132 1536646 1515375 1476461 1780914]
Response/bytes (per Connection):  [3116245 3238300 3586744 3228313 3416838 3056728 3410213 3096960 3524527 3303887 3091689 3203773 3066317 3582877 3336570 3307291 3173120 3054154 3115126 3605069 3099478 3039514 3130885 3078781 3517628 3328829 3312784 3175367 3350368 3024560 3000839 3496931 3580561 3138674 3050507 2935187 3472304 3410213 3173687 3546066 3033457 3193818 3222972 3076260 2999997 3538325 3130917 3321930 3037665 3154670 3152993 3285401 3608157 3152472 3154670 3202393 2761028 3061053 3185914 2977423 3191164 3188796 3113276 3315031 3146365 3228313 3213509 3545224 3280536 3210704 3081750 3385496 3314196 3449952 3275953 3094738 3194654 3461594 3318842 3012288 3050343 3476234 3479203 3315873 3148613 3206774 3377074 3607319 3174651 3496931 3136942 3027770 3479203 3117087 3342627 3057895 3019871 3086008 3186126 2965030 3252940 3503830 3159208 3245199 3284555 3373757 3253753 3440897 3207616 3569569 3391762 2978112 3601258 3008107 2969682 3608157 3651026 3154462 3203805 3339539 3228313 3452448 2903102 3203805 3343469 3110873 3337740 3194653 3322772 3164413 3377964 2975574 3082592 3177864 3420200 3263335 3122672 3174333 3374876 3410213 3315873 3459862 3282548 3446603 3176209 2942928 3103854 3482291 3462551 3140522 3027123 3154670 3095548 3562864 3391084 3328829 2971936 3165380 2949827 3273637 3070690 3583578 3200717 3172279 3193818 3419629 2926653 3180020 3357267 3233738 3132562 3531426 2900692 3326583 3102447 3132297 3225344 3273637 3268393 3249010 3050671 3006212 3123144 3245199 3149773 3614021 3006702 3025225 3039514 3585057 3467658 3186447 3172279 3371065 3445058 3137784 3298145 3076258 3518942 3186077 3094234 3252940 3254942 3109346 3331145 3490032 3258997 2837432 3004367 3431625 3157475 3054154 3061731 3099289 2987410 3118617 3264214 3111223 3221414 3006693 3447796 3254942 3154670 3071040 3210704 3061053 3585744 3370234 2967835 3335728 3239142 3241947 3130725 3232243 3476548 3285221 3377964 3140194 3162411 3187131 3462551 3176020 3008386 2991752 3043413 3377964 3088649 3020500 3364166 3517628 3321245 3162574 3214515 2976581 3421167 3202130 3074851 3259489 2985727 3345430 3415457 3405560 3165380 3120175 3405716 2936029 3089491 3258997 3405560 3179063 3005861 3216045 3499737 3459916 3475392 3538488 3409371 3176209 3099478 3417945 3228313 3210704 3479929 3197716 3043444 3405560 2998120 3326631 3014280 3250221 3118763 3396765 3227192 3269896 3091737 3140872 3091863 3069848 2965301 3615056]
Requests Number (per Connection):  [439 449 505 455 475 425 481 429 490 464 433 449 427 502 463 459 447 430 432 509 429 428 441 426 489 462 467 440 465 424 418 486 498 437 423 413 490 481 440 493 427 450 448 426 418 492 436 461 427 437 437 459 502 439 437 451 388 431 448 419 444 445 431 460 443 455 452 493 455 445 434 474 460 482 458 431 450 481 468 421 422 483 491 460 436 452 474 502 446 486 442 423 491 439 464 427 421 429 444 410 451 487 439 450 459 469 456 478 452 503 471 418 501 416 418 502 512 441 444 471 455 487 402 444 464 437 465 450 461 440 469 418 434 445 475 458 437 444 476 481 460 486 457 482 440 414 430 484 487 438 419 437 436 498 472 462 411 446 415 454 428 501 451 447 450 482 407 448 466 452 441 491 408 469 437 434 447 454 458 458 424 420 440 450 438 507 423 423 428 505 482 446 447 468 483 442 465 426 492 449 433 451 453 438 466 485 452 397 419 478 444 430 430 433 413 438 453 434 454 423 479 453 437 425 445 431 504 468 417 463 449 456 440 448 485 458 469 436 438 445 487 444 423 419 426 469 435 425 467 489 462 439 453 419 481 444 433 455 413 471 477 473 446 432 474 413 435 452 473 442 423 452 493 481 483 493 481 440 429 482 455 445 485 448 421 473 422 464 423 455 439 476 448 457 428 435 434 428 417 503]
Requests/sec:  7809.606591796875 KB
Transfer/sec:  23598.658349609374 KB

