2023-12-02 13:40:03.128468493 +0800 CST m=+1148.730992865
Running 1m0s myx-test @ https://192.168.12.127:6443/api/v1/namespaces/myx-test/podtemplates
3 connections
Requests/bytes (per Connection):  [29946858 27528325 26753002]
Response/bytes (per Connection):  [44757638 41142985 39984200]
Requests Number (per Connection):  [8420 7740 7522]
Requests/sec:  1370.9014485677083 KB
Transfer/sec:  3419.808072916667 KB

2023-12-02 13:41:43.269411824 +0800 CST m=+1248.871936174
Running 1m0s myx-test @ https://192.168.12.127:6443/api/v1/namespaces/myx-test/podtemplates
6 connections
Requests/bytes (per Connection):  [25767821 25814058 28606019 28634447 26553849 26632079]
Response/bytes (per Connection):  [38511776 38580880 42753656 42796156 39686543 39803471]
Requests Number (per Connection):  [7245 7258 8043 8051 7466 7488]
Requests/sec:  2636.8534016927083 KB
Transfer/sec:  6577.811767578125 KB

2023-12-02 13:43:23.433713786 +0800 CST m=+1349.036238131
Running 1m0s myx-test @ https://192.168.12.127:6443/api/v1/namespaces/myx-test/podtemplates
9 connections
Requests/bytes (per Connection):  [24309571 22598861 21435809 24291852 22360559 24419835 21450064 22495712 21521203]
Response/bytes (per Connection):  [36332336 33775547 32037302 36305822 33419392 36497129 32058593 33621387 32164912]
Requests Number (per Connection):  [6835 6354 6027 6830 6287 6866 6031 6325 6051]
Requests/sec:  3334.691829427083 KB
Transfer/sec:  8318.617936197918 KB

2023-12-02 13:45:03.597453749 +0800 CST m=+1449.199978096
Running 1m0s myx-test @ https://192.168.12.127:6443/api/v1/namespaces/myx-test/podtemplates
15 connections
Requests/bytes (per Connection):  [16001294 14308298 15738081 14390130 15798551 14230117 15706072 14461315 15898143 15716740 14329651 15794992 15997736 15987066 15709694]
Response/bytes (per Connection):  [23915035 21384755 23521656 21507044 23612029 21267876 23473816 21613409 23760873 23489761 21416662 23606711 23909718 23893771 23479197]
Requests Number (per Connection):  [4499 4023 4425 4046 4442 4001 4416 4066 4470 4419 4029 4441 4498 4495 4417]
Requests/sec:  3744.5944010416665 KB
Transfer/sec:  9341.148974609376 KB

2023-12-02 13:46:43.781595224 +0800 CST m=+1549.384119580
Running 1m0s myx-test @ https://192.168.12.127:6443/api/v1/namespaces/myx-test/podtemplates
30 connections
Requests/bytes (per Connection):  [7924212 7593386 7664560 7593394 7984617 8365219 8322524 7668117 8468339 8141105 8222965 7774803 7870859 8290518 7774771 7675187 7931300 8265597 7796164 7966844 7856578 7824597 7796164 7757037 8194520 7746337 8141105 7760520 8301230 7952589]
Response/bytes (per Connection):  [11843264 11348851 11455205 11348859 11933572 12502387 12438584 11460521 12656518 12167456 12289773 11619977 11763526 12390747 11619945 11471109 11853870 12353513 11651892 11907004 11742209 11694397 11651892 11593416 12247256 11577439 12167456 11598658 12406736 11885713]
Requests Number (per Connection):  [2228 2135 2155 2135 2245 2352 2340 2156 2381 2289 2312 2186 2213 2331 2186 2158 2230 2324 2192 2240 2209 2200 2192 2181 2304 2178 2289 2182 2334 2236]
Requests/sec:  3883.873014322917 KB
Transfer/sec:  9688.588916015626 KB

2023-12-02 13:48:24.023452616 +0800 CST m=+1649.625977018
Running 1m0s myx-test @ https://192.168.12.127:6443/api/v1/namespaces/myx-test/podtemplates
60 connections
Requests/bytes (per Connection):  [4918870 4911757 5029100 5288710 5217605 4904566 4847687 4943732 5032655 4961476 5053984 5295824 4922411 4936579 5317165 4950876 5484340 5310058 5295826 5334950 5021966 5046843 4997124 5025572 4947249 4993535 5288710 4929464 4922430 4908125 5043334 5050441 5153547 5064662 4933050 5125092 5078880 5278040 5267370 4908192 4993488 4936635 5071781 5231800 5046903 5260255 5014877 4890338 5274482 4957948 5025551 5224697 5338507 4975779 5029058 5071740 5377633 5007774 5068222 5086029]
Response/bytes (per Connection):  [7351567 7340936 7516326 7904343 7798058 7330227 7245204 7388742 7521640 7415281 7553523 7914975 7356867 7378071 7946870 7399404 8196718 7936245 7914977 7973450 7505674 7542864 7468519 7511039 7394018 7463171 7904343 7367438 7356886 7335545 7537596 7548221 7702338 7569478 7372783 7659811 7590732 7888396 7872449 7335612 7463124 7378127 7580115 7819289 7542924 7861816 7495067 7308963 7883079 7409994 7511018 7808668 7978766 7436620 7516284 7580074 8037241 7484446 7574797 7601399]
Requests Number (per Connection):  [1383 1381 1414 1487 1467 1379 1363 1390 1415 1395 1421 1489 1384 1388 1495 1392 1542 1493 1489 1500 1412 1419 1405 1413 1391 1404 1487 1386 1384 1380 1418 1420 1449 1424 1387 1441 1428 1484 1481 1380 1404 1388 1426 1471 1419 1479 1410 1375 1483 1394 1413 1469 1501 1399 1414 1426 1512 1408 1425 1430]
Requests/sec:  4961.349186197916 KB
Transfer/sec:  12376.423209635417 KB

2023-12-02 13:50:04.325563939 +0800 CST m=+1749.928088372
Running 1m0s myx-test @ https://192.168.12.127:6443/api/v1/namespaces/myx-test/podtemplates
90 connections
Requests/bytes (per Connection):  [2706618 2695970 2731459 2767084 2823980 2663936 2699447 2663955 2756438 2656765 2670993 2653208 2631886 2848838 2831102 2692412 2848895 2731471 2770660 2628388 2774222 2582149 2834610 2610604 2759915 2848877 2738648 2667515 2742130 2777700 2603422 2756438 2546579 2649725 2795564 2585689 2656843 2639060 2599934 2777729 2639059 2727962 2831051 2813269 2621275 2759922 2727903 2706561 2699508 2649727 2767051 2781319 2806215 2834630 2720845 2752880 2585639 2827530 2656843 2574999 2806155 2617639 2628342 2681740 2720789 2795485 2642540 2678106 2685221 2592790 2727911 2685299 2720789 2653273 2816867 2617639 2617663 2813338 2738640 2813269 2774143 2777711 2717289 2649655 2777768 2745767 2631946 2688777 2710176 2770628]
Response/bytes (per Connection):  [4045217 4029292 4082371 4135586 4220626 3981427 4034528 3981446 4119663 3970738 3992002 3965422 3933546 4257797 4231266 4023975 4257854 4082383 4140921 3928289 4146242 3859183 4236533 3901710 4124899 4257836 4093078 3986765 4098319 4151479 3891010 4119663 3806023 3960180 4178138 3864482 3970816 3944238 3885763 4151508 3944237 4077115 4231215 4204638 3917658 4124906 4077056 4045160 4034589 3960182 4135553 4156857 4194066 4236553 4066480 4114346 3864432 4225935 3970816 3848515 4194006 3912263 3928243 4008026 4066424 4178059 3949477 4002633 4013266 3875101 4077064 4013344 4066424 3965487 4209995 3912263 3912287 4204707 4093070 4204638 4146163 4151490 4061165 3960110 4151547 4103715 3933606 4018581 4050534 4140889]
Requests Number (per Connection):  [761 758 768 778 794 749 759 749 775 747 751 746 740 801 796 757 801 768 779 739 780 726 797 734 776 801 770 750 771 781 732 775 716 745 786 727 747 742 731 781 742 767 796 791 737 776 767 761 759 745 778 782 789 797 765 774 727 795 747 724 789 736 739 754 765 786 743 753 755 729 767 755 765 746 792 736 736 791 770 791 780 781 764 745 781 772 740 756 762 779]
Requests/sec:  3974.6484537760416 KB
Transfer/sec:  9915.030940755209 KB

2023-12-02 13:52:45.694346878 +0800 CST m=+1911.296871226
Running 1m0s myx-test @ https://192.168.12.127:6443/api/v1/namespaces/myx-test/podtemplates
150 connections
Requests/bytes (per Connection):  [448138 416156 401927 430384 458839 416157 451726 348575 416086 409042 448169 419687 412575 426827 359201 409043 448169 483725 416156 394809 373474 369856 409042 405470 430334 419641 412592 394784 433897 441042 416150 448090 380548 405486 416156 412575 391258 380549 401926 423194 426752 362765 373442 377022 430384 362776 458760 398372 426748 437464 455263 391222 398372 391252 405480 387701 426752 444556 423191 448090 391248 444612 369837 412567 369888 416108 408990 401876 384145 412600 376979 380567 409043 430329 426827 430305 451726 398372 398293 441008 433941 394790 384087 408969 423270 384145 480135 409010 433941 458810 423205 391258 416157 405480 412520 416136 398366 409042 437430 369917 401871 419644 352084 362803 394815 430384 419713 373474 416157 437498 387673 398293 398372 458802 380527 448090 352132 405428 451725 419634 419697 437497 405415 494351 451681 391258 455283 394763 401850 405480 430305 376991 394760 394742 408971 377031 398338 419680 469434 394740 444611 352081 401874 416156 458839 416138 409017 437441 430357 448089]
Response/bytes (per Connection):  [669772 621959 600694 643223 685750 621960 675119 520957 621889 611327 669803 627249 616619 637907 536860 611328 669803 722949 621959 590058 558169 552792 611327 605996 643173 627203 616636 590033 648495 659158 621953 669724 568761 606012 621959 616619 584748 568762 600693 632515 637832 542183 558137 563476 643223 542194 685671 595380 637828 653821 680415 584712 595380 584742 606006 579432 637832 664431 632512 669724 584738 664487 552773 616611 552824 621911 611275 600643 574117 616644 563433 568780 611328 643168 637907 643144 675119 595380 595301 659124 648539 590039 574059 611254 632591 574117 717600 611295 648539 685721 632526 584748 621960 606006 616564 621939 595374 611327 653787 552853 600638 627206 526225 542221 590064 643223 627275 558169 621960 653855 579404 595301 595380 685713 568740 669724 526273 605954 675118 627196 627259 653854 605941 738852 675074 584748 680435 590012 600617 606006 643144 563445 590009 589991 611256 563485 595346 627242 701622 589989 664486 526222 600641 621959 685750 621941 611302 653798 643196 669723]
Requests Number (per Connection):  [126 117 113 121 129 117 127 98 117 115 126 118 116 120 101 115 126 136 117 111 105 104 115 114 121 118 116 111 122 124 117 126 107 114 117 116 110 107 113 119 120 102 105 106 121 102 129 112 120 123 128 110 112 110 114 109 120 125 119 126 110 125 104 116 104 117 115 113 108 116 106 107 115 121 120 121 127 112 112 124 122 111 108 115 119 108 135 115 122 129 119 110 117 114 116 117 112 115 123 104 113 118 99 102 111 121 118 105 117 123 109 112 112 129 107 126 99 114 127 118 118 123 114 139 127 110 128 111 113 114 121 106 111 111 115 106 112 118 132 111 125 99 113 117 129 117 115 123 121 126]
Requests/sec:  1007.4826985677083 KB
Transfer/sec:  2513.2342122395835 KB

2023-12-02 13:54:26.167556916 +0800 CST m=+2011.770081327
Running 1m0s myx-test @ https://192.168.12.127:6443/api/v1/namespaces/myx-test/podtemplates
300 connections
Requests/bytes (per Connection):  [1387039 1305303 1454612 1483067 1202128 1394167 1301746 1333696 1365768 1429763 1422635 1454691 1401340 1294589 1337315 1408451 1369253 1351525 1408451 1372881 1447580 1376441 1440464 1330149 1358575 1323016 1411930 1326625 1454646 1305303 1468878 1372806 1301744 1358639 1443988 1401309 1387112 1230608 1472442 1365755 1248393 1355097 1355098 1390588 1280405 1283962 1444020 1305252 1344419 1319528 1301746 1362212 1433349 1426238 1436836 1305281 1422663 1433349 1379996 1351478 1394155 1365769 1347986 1365751 1387060 1419056 1326642 1344383 1358657 1273291 1390642 1308843 1216380 1376442 1483146 1283901 1269734 1269687 1283899 1347986 1387038 1404841 1497374 1315961 1422651 1280405 1461805 1429793 1355076 1394223 1372813 1351541 1333758 1351543 1355044 1337260 1355097 1451095 1415566 1387091 1369262 1387097 1291073 1372804 1248390 1340797 1351541 1458229 1369259 1340823 1326645 1337261 1415486 1347946 1340870 1390669 1458248 1291051 1291075 1340826 1372854 1308792 1415567 1330181 1323016 1379953 1312390 1401321 1273291 1355072 1415501 1330164 1429793 1355056 1404894 1280402 1362212 1433284 1408454 1347970 1266177 1408451 1294568 1401305 1276848 1251948 1468872 1408452 1312377 1412008 1308860 1401338 1426183 1365736 1355098 1358605 1468901 1379998 1358657 1344379 1472420 1390667 1426191 1347920 1337305 1305235 1454650 1454691 1351512 1408454 1266177 1319530 1333755 1301741 1383481 1415567 1476018 1305236 1390662 1362146 1411944 1419056 1340851 1440435 1319470 1372820 1344429 1362196 1227051 1340872 1397783 1351541 1326598 1468840 1472454 1454633 1283959 1351468 1379964 1387094 1337293 1305286 1308842 1337315 1358657 1305301 1280403 1415565 1273276 1355044 1358619 1333756 1305303 1376409 1415554 1287517 1369262 1312417 1344427 1390669 1429718 1397721 1372859 1330199 1372842 1330200 1390628 1358657 1294568 1337253 1241232 1372853 1351541 1472404 1298189 1379998 1454691 1308820 1397780 1319531 1351543 1291012 1372883 1475998 1454664 1472475 1312417 1383555 1333756 1305301 1351505 1266128 1376441 1404896 1372882 1443957 1330201 1351540 1301744 1422616 1340870 1468873 1376441 1390666 1465322 1422679 1390626 1347969 1372831 1500931 1419122 1419079 1440427 1404894 1369326 1291061 1397752 1383531 1280402 1287519 1362203 1362181 1411929 1372885 1362214 1376441 1412010 1323085 1312414 1351506 1340870 1394179 1412008 1323038 1269688 1387031 1358575 1323088 1415567 1394186]
Response/bytes (per Connection):  [2073049 1950856 2174043 2216570 1796670 2083695 1945540 1993321 2041224 2136881 2126235 2174122 2094386 1934865 1998699 2105015 2046468 2019945 2105015 2051855 2163493 2057174 2152859 1988015 2030513 1977364 2110253 1982732 2174077 1950856 2195345 2051780 1945538 2030577 2158142 2094355 2073122 1839222 2200668 2041211 1865802 2025276 2025277 2078357 1913645 1918961 2158174 1950805 2009321 1972117 1945540 2035909 2142226 2131597 2147472 1950834 2126263 2142226 2062488 2019898 2083683 2041225 2014647 2041207 2073070 2120897 1982749 2009285 2030595 1903013 2078411 1956155 1817958 2057175 2216649 1918900 1897697 1897650 1918898 2014647 2073048 2099646 2237913 1966791 2126251 1913645 2184754 2136911 2025255 2083751 2051787 2019961 1993383 2019963 2025223 1998644 2025276 2168767 2115648 2073101 2046477 2073107 1929590 2051778 1865799 2003940 2019961 2179419 2046474 2003966 1982752 1998645 2115568 2014607 2004013 2078438 2179438 1929568 1929592 2003969 2051828 1956104 2115649 1988047 1977364 2062445 1961461 2094367 1903013 2025251 2115583 1988030 2136911 2025235 2099699 1913642 2035909 2142161 2105018 2014631 1892381 2105015 1934844 2094351 1908329 1871116 2195339 2105016 1961448 2110331 1956172 2094384 2131542 2041192 2025277 2030543 2195368 2062490 2030595 2009281 2200646 2078436 2131550 2014581 1998689 1950788 2174081 2174122 2019932 2105018 1892381 1972119 1993380 1945535 2067732 2115649 2206003 1950789 2078431 2035843 2110267 2120897 2003994 2152830 1972059 2051794 2009331 2035893 1833906 2004015 2089070 2019961 1982705 2195307 2200680 2174064 1918958 2019888 2062456 2073104 1998677 1950839 1956154 1998699 2030595 1950854 1913643 2115647 1902998 2025223 2030557 1993381 1950856 2057142 2115636 1924275 2046477 1961488 2009329 2078438 2136836 2089008 2051833 1988065 2051816 1988066 2078397 2030595 1934844 1998637 1855123 2051827 2019961 2200630 1940224 2062490 2174122 1956132 2089067 1972120 2019963 1929529 2051857 2205983 2174095 2200701 1961488 2067806 1993381 1950854 2019925 1892332 2057174 2099701 2051856 2158111 1988067 2019960 1945538 2126216 2004013 2195340 2057174 2078435 2190030 2126279 2078395 2014630 2051805 2243229 2120963 2120920 2152822 2099699 2046541 1929578 2089039 2067782 1913642 1924277 2035900 2035878 2110252 2051859 2035911 2057174 2110333 1977433 1961485 2019926 2004013 2083707 2110331 1977386 1897651 2073041 2030513 1977436 2115649 2083714]
Requests Number (per Connection):  [390 367 409 417 338 392 366 375 384 402 400 409 394 364 376 396 385 380 396 386 407 387 405 374 382 372 397 373 409 367 413 386 366 382 406 394 390 346 414 384 351 381 381 391 360 361 406 367 378 371 366 383 403 401 404 367 400 403 388 380 392 384 379 384 390 399 373 378 382 358 391 368 342 387 417 361 357 357 361 379 390 395 421 370 400 360 411 402 381 392 386 380 375 380 381 376 381 408 398 390 385 390 363 386 351 377 380 410 385 377 373 376 398 379 377 391 410 363 363 377 386 368 398 374 372 388 369 394 358 381 398 374 402 381 395 360 383 403 396 379 356 396 364 394 359 352 413 396 369 397 368 394 401 384 381 382 413 388 382 378 414 391 401 379 376 367 409 409 380 396 356 371 375 366 389 398 415 367 391 383 397 399 377 405 371 386 378 383 345 377 393 380 373 413 414 409 361 380 388 390 376 367 368 376 382 367 360 398 358 381 382 375 367 387 398 362 385 369 378 391 402 393 386 374 386 374 391 382 364 376 349 386 380 414 365 388 409 368 393 371 380 363 386 415 409 414 369 389 375 367 380 356 387 395 386 406 374 380 366 400 377 413 387 391 412 400 391 379 386 422 399 399 405 395 385 363 393 389 360 362 383 383 397 386 383 387 397 372 369 380 377 392 397 372 357 390 382 372 398 392]
Requests/sec:  6667.290901692709 KB
Transfer/sec:  16632.019694010418 KB

