2023-12-03 05:38:42.529186718 +0800 CST m=+36677.807122094
Running 1m0s myx-test @ https://192.168.12.127:6443/apis/apps/v1/namespaces/myx-test/replicasets
3 connections
Requests/bytes (per Connection):  [23357746 24514971 22706178]
Response/bytes (per Connection):  [37625746 39489846 36576153]
Requests Number (per Connection):  [6560 6885 6377]
Requests/sec:  1148.7450358072917 KB
Transfer/sec:  2999.1966145833335 KB

2023-12-03 05:40:22.681265519 +0800 CST m=+36777.959200904
Running 1m0s myx-test @ https://192.168.12.127:6443/apis/apps/v1/namespaces/myx-test/replicasets
6 connections
Requests/bytes (per Connection):  [18814357 16905875 18711097 17660764 17650101 16998483]
Response/bytes (per Connection):  [30307057 27232775 30140722 28448764 28431576 27381933]
Requests Number (per Connection):  [5284 4748 5255 4960 4957 4774]
Requests/sec:  1737.3157063802084 KB
Transfer/sec:  4535.864322916666 KB

2023-12-03 05:42:03.657043841 +0800 CST m=+36878.934979211
Running 1m0s myx-test @ https://192.168.12.127:6443/apis/apps/v1/namespaces/myx-test/replicasets
9 connections
Requests/bytes (per Connection):  [13128077 12999849 13006974 12116862 13056861 12059869 12081252 12775549 13217021]
Response/bytes (per Connection):  [21147302 20940774 20952249 19518387 21032586 19426594 19461027 20579449 21290621]
Requests Number (per Connection):  [3687 3651 3653 3403 3667 3387 3393 3588 3712]
Requests/sec:  1862.66787109375 KB
Transfer/sec:  4863.139697265625 KB

2023-12-03 05:43:43.820464153 +0800 CST m=+36979.098399534
Running 1m0s myx-test @ https://192.168.12.127:6443/apis/apps/v1/namespaces/myx-test/replicasets
15 connections
Requests/bytes (per Connection):  [10101473 11180416 10090869 11661070 11440291 10304446 10197677 11507958 11059335 11048672 11547139 10265289 11664628 11030868 11087817]
Response/bytes (per Connection):  [16271948 18009916 16254819 18784195 18428566 16598896 16426877 18537558 17814885 17797697 18600664 16535814 18789928 17769018 17860767]
Requests Number (per Connection):  [2837 3140 2834 3275 3213 2894 2864 3232 3106 3103 3243 2883 3276 3098 3114]
Requests/sec:  2672.3298828125 KB
Transfer/sec:  6977.042578125 KB

2023-12-03 05:45:23.989451465 +0800 CST m=+37079.267386848
Running 1m0s myx-test @ https://192.168.12.127:6443/apis/apps/v1/namespaces/myx-test/replicasets
30 connections
Requests/bytes (per Connection):  [6939706 6929030 6832839 6822203 6327239 6790125 6943264 6341483 6273825 6790155 6743847 6362861 6327240 6854245 6313022 6829322 6761668 6298752 6718939 6900540 6961000 6434066 6252462 6758034 6843569 6911220 6754546 6932523 6918317 6462553]
Response/bytes (per Connection):  [11178781 11161580 11006664 10989503 10192214 10937850 11184514 10215158 10106175 10937880 10863297 10249586 10192215 11041120 10169297 11000972 10891993 10146327 10823164 11115690 11213125 10364291 10071762 10886184 11023919 11132895 10880521 11167248 11144342 10410178]
Requests Number (per Connection):  [1949 1946 1919 1916 1777 1907 1950 1781 1762 1907 1894 1787 1777 1925 1773 1918 1899 1769 1887 1938 1955 1807 1756 1898 1922 1941 1897 1947 1943 1815]
Requests/sec:  3260.5565592447915 KB
Transfer/sec:  8512.809895833334 KB

2023-12-03 05:47:04.545101634 +0800 CST m=+37179.823037018
Running 1m0s myx-test @ https://192.168.12.127:6443/apis/apps/v1/namespaces/myx-test/replicasets
60 connections
Requests/bytes (per Connection):  [3567780 3866818 3816966 3952293 3966547 3984326 3752869 3998596 3578423 3642560 3877501 3881112 3934524 3873980 3649667 3560652 3574851 3962963 3888263 3966522 3642481 3624748 3991450 3638999 3877556 3980790 3578385 3578384 3816985 4019937 3973644 3962963 3859697 3955841 3599829 4005734 4002205 3795600 3624751 3927383 3841892 4084062 3888212 3881067 3923831 3895374 3792064 3852588 3638999 3535653 3881120 4030620 3788478 3962963 3806361 3738652 3681674 3628237 3557022 3475199]
Response/bytes (per Connection):  [5747130 6228868 6148566 6366543 6389497 6418151 6045319 6441121 5764298 5867585 6246076 6251862 6337899 6240380 5879042 5735652 5758551 6383738 6263363 6389472 5867506 5838898 6429625 5861849 6246131 6412440 5764260 5764259 6148585 6475512 6400944 6383738 6217397 6372266 5798754 6452609 6446905 6114150 5838901 6326408 6188717 6578787 6263312 6251817 6320681 6274824 6108439 6205938 5861849 5695428 6251870 6492720 6102678 6383738 6131436 6022402 5930624 5844562 5729847 5597999]
Requests Number (per Connection):  [1002 1086 1072 1110 1114 1119 1054 1123 1005 1023 1089 1090 1105 1088 1025 1000 1004 1113 1092 1114 1023 1018 1121 1022 1089 1118 1005 1005 1072 1129 1116 1113 1084 1111 1011 1125 1124 1066 1018 1103 1079 1147 1092 1090 1102 1094 1065 1082 1022 993 1090 1132 1064 1113 1069 1050 1034 1019 999 976]
Requests/sec:  3721.332080078125 KB
Transfer/sec:  9715.829443359375 KB

2023-12-03 05:48:44.694283326 +0800 CST m=+37279.972218710
Running 1m0s myx-test @ https://192.168.12.127:6443/apis/apps/v1/namespaces/myx-test/replicasets
90 connections
Requests/bytes (per Connection):  [3069256 2923279 2823555 2980234 2788005 2766580 2852041 2788003 3005159 2795094 2777312 2809375 2884112 2727484 2880527 2837819 2958867 2809380 2681118 2958868 2691878 2716727 3026553 2645509 2641969 3094213 2723849 3037255 2809390 2759537 2649078 2656192 2955322 2759458 2709605 2880529 3097742 2691861 2681118 2741703 2837839 3087060 2659791 2634905 2962434 3008720 2990954 2755914 2855603 3033686 2663323 2852084 3019403 2923260 2862742 2805750 2930380 2830674 2788024 2802266 2848486 2681195 2666954 2730971 3012281 2674036 2791524 2880529 2919700 2820002 2951816 3076415 2887651 3026527 2923260 2976687 2876974 2827115 2684706 2880563 2773769 2887730 3047934 2862758 2720350 2720332 2923338 2873407 2951746 2958867]
Response/bytes (per Connection):  [4944106 4708954 4548330 4800709 4491030 4456555 4594216 4491028 4840859 4502469 4473812 4525450 4645862 4393534 4640102 4571294 4766292 4525455 4318893 4766293 4336178 4376252 4875303 4261534 4255819 4984288 4387724 4892530 4525465 4445162 4267278 4278742 4760572 4445083 4364780 4640104 4989992 4336161 4318893 4416453 4571314 4972785 4284516 4244405 4772034 4846595 4817954 4439364 4599953 4886786 4290223 4594259 4863803 4708935 4611442 4519650 4720405 4559799 4491049 4513991 4588486 4318970 4296029 4399196 4852331 4307461 4496724 4640104 4703200 4542602 4754891 4955615 4651576 4875277 4708935 4794987 4634374 4554065 4324656 4640138 4468094 4651655 4909734 4611458 4382050 4382032 4709013 4628632 4754821 4766292]
Requests Number (per Connection):  [862 821 793 837 783 777 801 783 844 785 780 789 810 766 809 797 831 789 753 831 756 763 850 743 742 869 765 853 789 775 744 746 830 775 761 809 870 756 753 770 797 867 747 740 832 845 840 774 802 852 748 801 848 821 804 788 823 795 783 787 800 753 749 767 846 751 784 809 820 792 829 864 811 850 821 836 808 794 754 809 779 811 856 804 764 764 821 807 829 831]
Requests/sec:  4170.702978515625 KB
Transfer/sec:  10889.065869140624 KB

2023-12-03 05:50:24.866764289 +0800 CST m=+37380.144699664
Running 1m0s myx-test @ https://192.168.12.127:6443/apis/apps/v1/namespaces/myx-test/replicasets
150 connections
Requests/bytes (per Connection):  [1833705 1929847 1762566 1840826 1733999 1805218 1815979 1876436 1830181 1844385 1830193 1837338 1794613 1776732 1840829 1769652 1840824 1787464 1812342 1677053 1698403 1801654 1680665 1830207 1830165 1812386 1865803 1726877 1919166 1766116 1812406 1887163 1730454 1798096 1869333 1858686 1826632 1901362 1894240 1773170 1808778 1837296 1983261 1769653 1776730 1798167 1783855 1830145 1851572 1840827 1826581 1908482 1677090 1851509 1719778 1787413 1830144 1780291 1719756 1719816 1776741 1858697 1815975 1801657 1801654 1687765 1730490 1776731 1794571 1951264 1840849 1698431 1716209 1705591 1961895 1766070 1819532 1748243 1712681 1780346 1790974 1833715 1783883 1734041 1819540 1872874 1961895 1773169 1712634 1744729 1851579 1833705 1773215 1915612 1716195 1769608 1837266 1790974 1694889 1787413 1801679 1755387 1872875 1680619 1855068 1815900 1734034 1883607 1719781 1787425 1758953 1887188 1787411 1855068 1951232 1787465 1766106 1833704 1773167 1858629 1815900 1805244 1787444 1847946 1855082 1826662 1769648 1780298 1783852 1812410 1751853 1815900 1808776 1890679 1691283 1847946 1773221 1830142 1890746 1879997 1798118 1701995 1869314 1776769 1798093 1897799 1890679 1894240 1787455 1919191]
Response/bytes (per Connection):  [2953830 3108697 2839191 2965301 2793224 2907943 2925229 3022661 2948131 2971035 2948143 2959638 2890813 2862057 2965304 2850627 2965299 2879314 2919417 2701478 2735878 2902204 2707265 2948157 2948115 2919461 3005503 2781752 3091491 2844916 2919481 3039913 2787504 2896471 3011208 2994036 2942407 3062812 3051340 2856320 2913678 2959596 3194736 2850628 2862055 2896542 2873530 2948095 2982572 2965302 2942356 3074282 2701515 2982509 2770303 2879263 2948094 2867791 2770281 2770341 2862066 2994047 2925225 2902207 2902204 2718715 2787540 2862056 2890771 3143164 2965324 2735906 2764559 2747416 3160320 2844870 2930957 2816168 2758856 2867846 2884999 2953840 2873558 2793266 2930965 3016924 3160320 2856319 2758809 2810479 2982579 2953830 2856365 3085762 2764545 2850583 2959566 2884999 2730189 2879263 2902229 2827662 3016925 2707219 2988243 2925150 2793259 3034182 2770306 2879275 2833403 3039938 2879261 2988243 3143132 2879315 2844906 2953829 2856317 2993979 2925150 2907969 2879294 2976771 2988257 2942437 2850623 2867798 2873527 2919485 2821953 2925150 2913676 3045604 2724408 2976771 2856371 2948092 3045671 3028397 2896493 2741645 3011189 2862094 2896468 3057074 3045604 3051340 2879305 3091516]
Requests Number (per Connection):  [515 542 495 517 487 507 510 527 514 518 514 516 504 499 517 497 517 502 509 471 477 506 472 514 514 509 524 485 539 496 509 530 486 505 525 522 513 534 532 498 508 516 557 497 499 505 501 514 520 517 513 536 471 520 483 502 514 500 483 483 499 522 510 506 506 474 486 499 504 548 517 477 482 479 551 496 511 491 481 500 503 515 501 487 511 526 551 498 481 490 520 515 498 538 482 497 516 503 476 502 506 493 526 472 521 510 487 529 483 502 494 530 502 521 548 502 496 515 498 522 510 507 502 519 521 513 497 500 501 509 492 510 508 531 475 519 498 514 531 528 505 478 525 499 505 533 531 532 502 539]
Requests/sec:  4412.949088541666 KB
Transfer/sec:  11521.531722005207 KB

2023-12-03 05:52:05.2295653 +0800 CST m=+37480.507500674
Running 1m0s myx-test @ https://192.168.12.127:6443/apis/apps/v1/namespaces/myx-test/replicasets
300 connections
Requests/bytes (per Connection):  [1071751 1153652 1075312 1153652 1032581 1071751 1107358 1146530 1146508 1160774 1114482 1175015 1221310 1249746 1157213 1121589 1167896 1085994 1036151 1182137 1121591 1271160 1118043 1125165 1068190 1096677 1036151 1246234 1150091 1164335 1210624 1178557 1100229 1196361 1160774 1157188 1199943 1196381 1110921 1053947 1043263 1085990 1146530 1078873 1274682 1153630 1107360 1150091 1160771 1110921 1142967 1132268 1135847 1093116 1146530 1146530 1199944 1107360 1142947 1153652 1167886 1157187 1096677 1121603 1114482 1178578 1125155 1135847 1142967 1174987 1103799 1128726 1096678 1182139 1121601 1139408 1231946 1199915 1221309 1203505 1160764 1235540 1214187 1089550 1064629 1078870 1228392 1253357 1157213 1139408 1182113 1160747 1096669 1199943 1217746 1142969 1000534 1053946 1164335 1175015 1146508 1085995 1196354 1114482 1029020 1085990 1242674 1182139 1210626 1182107 1171456 1157213 1121604 1139408 1085995 1135845 1135847 1146530 1096670 1153651 1153628 1217748 1029020 1082434 1107360 1164307 1239113 1089556 1192822 1118029 1167896 1107360 1178578 1157188 1171457 1167895 1296083 1089555 1153652 1135828 1185698 1157188 1171426 1256918 1085994 1267575 1132268 1110909 1110921 1203503 1121603 1107360 1068190 1107360 1121604 1150091 1025460 1157187 1125164 1107349 1153651 1189261 1142969 1199930 1160773 1160768 1021899 1096677 1100238 1178578 1164335 1118029 1125148 1214155 1032581 1071751 1125148 1050385 1039710 1068190 1114482 1043270 1103799 1171448 1007671 1175018 1185700 1125154 1118043 1196383 1153652 1228431 1160768 1096677 1078873 1021900 1089549 1146517 1142969 1139408 1167877 1075309 1160773 1160774 1025472 1228387 1085994 1256865 1178578 1157206 1110921 1199944 1107349 1053946 1175018 1078872 1164335 1175017 1085994 1093117 1078870 1221307 1103799 1157188 1153639 1153652 1175018 1210600 1093110 1128725 1157212 1110909 1150091 1093116 1089555 1171457 1142969 1171457 1150067 1050391 1089549 1118028 1171456 1142967 1142969 1175018 1053946 1103789 1118041 1118043 1121603 1175017 1093117 1182140 1039702 1182130 1203500 1132286 1142959 1153628 1000535 1075312 1142948 1103789 1029020 1171457 1110921 1114482 1128709 1125148 1192821 1093110 1100229 1171454 1182137 1203505 1178576 1103799 1118028 1121604 1135848 1114482 1249746 1125165 1093110 1167894 1160749 1171457 1103797 1182139 1203466 1093116 1114469 1185700 1139408 1217746 1078873 1075312 1242672 1160773]
Response/bytes (per Connection):  [1726426 1858352 1732162 1858352 1663331 1726426 1783783 1846880 1846858 1869824 1795257 1892765 1967335 2013171 1864088 1806714 1881296 1749369 1669076 1904237 1806716 2047635 1800993 1812465 1720690 1766577 1669076 2007484 1852616 1875560 1950124 1898482 1772304 1927161 1869824 1864063 1932918 1927181 1789521 1697747 1680538 1749365 1846880 1737898 2053332 1858330 1783785 1852616 1869821 1789521 1841142 1823918 1829672 1760841 1846880 1846880 1932919 1783785 1841122 1858352 1881286 1864062 1766577 1806728 1795257 1898503 1812455 1829672 1841142 1892737 1778049 1818201 1766578 1904239 1806726 1835408 1984496 1932890 1967334 1938655 1869814 1990265 1955862 1755100 1714954 1737895 1978767 2018957 1864088 1835408 1904213 1869797 1766569 1932918 1961596 1841144 1611709 1697746 1875560 1892765 1846858 1749370 1927154 1795257 1657595 1749365 2001749 1904239 1950126 1904207 1887031 1864088 1806729 1835408 1749370 1829670 1829672 1846880 1766570 1858351 1858328 1961598 1657595 1743634 1783785 1875532 1996013 1755106 1921447 1800979 1881296 1783785 1898503 1864063 1887032 1881295 2087783 1755105 1858352 1829653 1909973 1864063 1887001 2024693 1749369 2041875 1823918 1789509 1789521 1938653 1806728 1783785 1720690 1783785 1806729 1852616 1651860 1864062 1812464 1783774 1858351 1915711 1841144 1932905 1869823 1869818 1646124 1766577 1772313 1898503 1875560 1800979 1812448 1955830 1663331 1726426 1812448 1692010 1674810 1720690 1795257 1680545 1778049 1887023 1623196 1892768 1909975 1812454 1800993 1927183 1858352 1978806 1869818 1766577 1737898 1646125 1755099 1846867 1841144 1835408 1881277 1732159 1869823 1869824 1651872 1978762 1749369 2024640 1898503 1864081 1789521 1932919 1783774 1697746 1892768 1737897 1875560 1892767 1749369 1760842 1737895 1967332 1778049 1864063 1858339 1858352 1892768 1950100 1760835 1818200 1864087 1789509 1852616 1760841 1755105 1887032 1841144 1887032 1852592 1692016 1755099 1800978 1887031 1841142 1841144 1892768 1697746 1778039 1800991 1800993 1806728 1892767 1760842 1904240 1674802 1904230 1938650 1823936 1841134 1858328 1611710 1732162 1841123 1778039 1657595 1887032 1789521 1795257 1818184 1812448 1921446 1760835 1772304 1887029 1904237 1938655 1898501 1778049 1800978 1806729 1829673 1795257 2013171 1812465 1760835 1881294 1869799 1887032 1778047 1904239 1938616 1760841 1795244 1909975 1835408 1961596 1737898 1732162 2001747 1869823]
Requests Number (per Connection):  [301 324 302 324 290 301 311 322 322 326 313 330 343 351 325 315 328 305 291 332 315 357 314 316 300 308 291 350 323 327 340 331 309 336 326 325 337 336 312 296 293 305 322 303 358 324 311 323 326 312 321 318 319 307 322 322 337 311 321 324 328 325 308 315 313 331 316 319 321 330 310 317 308 332 315 320 346 337 343 338 326 347 341 306 299 303 345 352 325 320 332 326 308 337 342 321 281 296 327 330 322 305 336 313 289 305 349 332 340 332 329 325 315 320 305 319 319 322 308 324 324 342 289 304 311 327 348 306 335 314 328 311 331 325 329 328 364 306 324 319 333 325 329 353 305 356 318 312 312 338 315 311 300 311 315 323 288 325 316 311 324 334 321 337 326 326 287 308 309 331 327 314 316 341 290 301 316 295 292 300 313 293 310 329 283 330 333 316 314 336 324 345 326 308 303 287 306 322 321 320 328 302 326 326 288 345 305 353 331 325 312 337 311 296 330 303 327 330 305 307 303 343 310 325 324 324 330 340 307 317 325 312 323 307 306 329 321 329 323 295 306 314 329 321 321 330 296 310 314 314 315 330 307 332 292 332 338 318 321 324 281 302 321 310 289 329 312 313 317 316 335 307 309 329 332 338 331 310 314 315 319 313 351 316 307 328 326 329 310 332 338 307 313 333 320 342 303 302 349 326]
Requests/sec:  5558.969905598959 KB
Transfer/sec:  14513.616080729167 KB

