2023-12-02 18:26:21.821215585 +0800 CST m=+60.090474656
Running 1m0s myx-test @ https://192.168.12.127:6443/api/v1/namespaces/myx-test/replicationcontrollers
3 connections
Requests/bytes (per Connection):  [23856105 22132178 23595049]
Response/bytes (per Connection):  [38550115 35764342 38128240]
Requests Number (per Connection):  [6670 6188 6597]
Requests/sec:  1132.5412109375 KB
Transfer/sec:  2962.663232421875 KB

2023-12-02 18:28:01.967860623 +0800 CST m=+160.237119690
Running 1m0s myx-test @ https://192.168.12.127:6443/api/v1/namespaces/myx-test/replicationcontrollers
6 connections
Requests/bytes (per Connection):  [27293307 24163697 24128007 25537162 25719568 27100172]
Response/bytes (per Connection):  [44104400 39047165 38989445 41266582 41561341 43792303]
Requests Number (per Connection):  [7631 6756 6746 7140 7191 7577]
Requests/sec:  2505.564990234375 KB
Transfer/sec:  6554.413232421875 KB

2023-12-02 18:29:42.108611731 +0800 CST m=+260.377870792
Running 1m0s myx-test @ https://192.168.12.127:6443/api/v1/namespaces/myx-test/replicationcontrollers
9 connections
Requests/bytes (per Connection):  [21323878 23233860 23355396 24052887 23924125 21402585 21470531 23934834 23262398]
Response/bytes (per Connection):  [34458164 37544548 37740986 38868062 38659992 34585337 34695140 38677310 37590710]
Requests Number (per Connection):  [5962 6496 6530 6725 6689 5984 6003 6692 6504]
Requests/sec:  3352.22158203125 KB
Transfer/sec:  8769.217822265626 KB

2023-12-02 18:31:22.287597468 +0800 CST m=+360.556856544
Running 1m0s myx-test @ https://192.168.12.127:6443/api/v1/namespaces/myx-test/replicationcontrollers
15 connections
Requests/bytes (per Connection):  [17031917 17657824 17421732 17196451 16019735 17650721 15722905 17496900 15801550 17518308 15819490 17225070 15930348 17067686 16946090]
Response/bytes (per Connection):  [27522603 28534035 28152545 27788475 25886972 28522526 25407293 28273976 25534404 28308602 25563359 27834718 25742510 27580402 27383904]
Requests Number (per Connection):  [4762 4937 4871 4808 4479 4935 4396 4892 4418 4898 4423 4816 4454 4772 4738]
Requests/sec:  4109.810009765625 KB
Transfer/sec:  10751.026220703125 KB

2023-12-02 18:33:02.49220617 +0800 CST m=+460.761465229
Running 1m0s myx-test @ https://192.168.12.127:6443/api/v1/namespaces/myx-test/replicationcontrollers
30 connections
Requests/bytes (per Connection):  [9803562 9828602 8877176 9113262 9642602 9710564 9785679 9842909 9853638 9002392 9714141 8862919 9656910 9964485 9867946 9009562 9002365 9721292 9696245 9771371 9896547 9081030 9732025 8895047 9982371 9664062 8948684 9574641 9832177 8873609]
Response/bytes (per Connection):  [15841985 15882446 14345022 14726506 15581890 15691709 15813087 15905565 15922903 14547343 15697489 14321953 15605010 16102043 15946023 14558919 14547316 15709046 15668578 15789967 15992248 14674447 15726388 14373908 16130944 15616568 14460590 15472072 15888224 14339252]
Requests Number (per Connection):  [2741 2748 2482 2548 2696 2715 2736 2752 2755 2517 2716 2478 2700 2786 2759 2519 2517 2718 2711 2732 2767 2539 2721 2487 2791 2702 2502 2677 2749 2481]
Requests/sec:  4642.054280598958 KB
Transfer/sec:  12143.347265625 KB

2023-12-02 18:34:42.645772386 +0800 CST m=+560.915031462
Running 1m0s myx-test @ https://192.168.12.127:6443/api/v1/namespaces/myx-test/replicationcontrollers
60 connections
Requests/bytes (per Connection):  [5704746 5289835 5711860 6402181 5300567 5490142 6090986 5472226 5486539 5679716 5397142 5404296 6259095 5819216 5500873 6169721 5701143 5769103 6151814 5615281 5826344 5547373 5747636 5729789 5626032 5694025 6287710 5475832 6176833 5812016 6144680 5683239 5386404 6183980 5715449 6119596 6162524 5858561 5754752 5432892 5801298 5493717 5604601 6083828 6130343 5540206 5754780 5422164 6198344 6037396 6141117 5540219 6276980 5533065 5533017 6269827 6205476 5475834 6101712 5604603]
Response/bytes (per Connection):  [9218531 8548072 9230051 10345551 8565413 8871747 9842695 8842816 8865941 9178080 8721469 8733029 10114345 9403497 8889087 9969896 9212725 9322542 9940974 9073991 9415031 8964226 9287857 9258995 9091351 9201201 10160584 8848625 9981414 9391891 9929434 9183806 8704122 9992967 9235843 9888929 9958293 9467075 9299379 8779249 9374564 8877525 9056702 9831131 9906285 8952653 9299407 8761912 10016143 9756060 9923668 8952666 10143245 8941106 8941058 10131686 10027681 8848627 9860030 9056704]
Requests Number (per Connection):  [1595 1479 1597 1790 1482 1535 1703 1530 1534 1588 1509 1511 1750 1627 1538 1725 1594 1613 1720 1570 1629 1551 1607 1602 1573 1592 1758 1531 1727 1625 1718 1589 1506 1729 1598 1711 1723 1638 1609 1519 1622 1536 1567 1701 1714 1549 1609 1516 1733 1688 1717 1549 1755 1547 1547 1753 1735 1531 1706 1567]
Requests/sec:  5656.423763020834 KB
Transfer/sec:  14796.879117838542 KB

2023-12-02 18:36:22.825078191 +0800 CST m=+661.094337251
Running 1m0s myx-test @ https://192.168.12.127:6443/api/v1/namespaces/myx-test/replicationcontrollers
90 connections
Requests/bytes (per Connection):  [4638918 4542344 4671110 4867762 4810610 4778339 4638920 4435036 4671083 4789069 4538767 4610305 4656748 4402845 4306268 4367075 4213268 4642496 4588841 4370652 4728323 4588843 4703302 4513694 4674613 4706846 4313416 4653147 4313421 4284808 4585264 4474342 4556651 4384953 4778347 4352768 4621033 4284808 4631764 4574520 4252625 4792706 4284806 4606672 4760533 4663884 4713954 4620958 4685344 4728335 4442189 4506573 4320575 4241883 4621033 4316999 4574493 4334883 4445756 4488643 4535190 4424268 4703245 4259768 4284806 4606728 4213268 4567382 4717610 4553012 4424272 4706860 4424306 4706879 4721109 4613880 4706814 4739003 4409965 4753321 4638919 4349190 4502940 4309839 4724708 4739031 4581679 4578036 4542305 4113117]
Response/bytes (per Connection):  [7496209 7340154 7548228 7866045 7773645 7721547 7496211 7166756 7548201 7738886 7334374 7449972 7525054 7114738 6958680 7056938 6808402 7501990 7415290 7062718 7640689 7415292 7600247 7293880 7553934 7605994 6970234 7519250 6970239 6924002 7409510 7230295 7363273 7085831 7721555 7033819 7467309 6924002 7484649 7392157 6871992 7744726 6924000 7444136 7692726 7536596 7617508 7467234 7571274 7640701 7178315 7282353 6981799 6854641 7467309 6976020 7392130 7004919 7184085 7253408 7328594 7149379 7600190 6883541 6924000 7444192 6808402 7380613 7623367 7357431 7149383 7606008 7149417 7606027 7629069 7455750 7605962 7657978 7126264 7681108 7496210 7028038 7276517 6964454 7634871 7658006 7403722 7397876 7340115 6646567]
Requests Number (per Connection):  [1297 1270 1306 1361 1345 1336 1297 1240 1306 1339 1269 1289 1302 1231 1204 1221 1178 1298 1283 1222 1322 1283 1315 1262 1307 1316 1206 1301 1206 1198 1282 1251 1274 1226 1336 1217 1292 1198 1295 1279 1189 1340 1198 1288 1331 1304 1318 1292 1310 1322 1242 1260 1208 1186 1292 1207 1279 1212 1243 1255 1268 1237 1315 1191 1198 1288 1178 1277 1319 1273 1237 1316 1237 1316 1320 1290 1316 1325 1233 1329 1297 1216 1259 1205 1321 1325 1281 1280 1270 1150]
Requests/sec:  6653.965055338542 KB
Transfer/sec:  17406.392171223957 KB

2023-12-02 18:38:03.0683047 +0800 CST m=+761.337563756
Running 1m0s myx-test @ https://192.168.12.127:6443/api/v1/namespaces/myx-test/replicationcontrollers
150 connections
Requests/bytes (per Connection):  [2986476 3125972 3072357 3075934 2975808 3000829 3111663 3065163 3022295 3254739 3004358 2972216 2886319 2975742 2911391 2893473 2922086 2979317 2982896 3265467 3083047 2979368 3229701 2914934 2914971 3054432 3136701 3168893 3111663 3072319 3294085 3036578 3086649 3097385 2986492 2893529 3000780 3240431 3040124 3018714 3183211 3204662 2990090 3172483 3036593 3022284 3007934 3011568 2836276 3240432 3133133 3133124 3061586 2982905 3068739 3025817 3047301 3111679 2982960 2868477 3118818 3179624 3079510 3025817 2986473 2925665 2968655 3183201 3111662 2979348 3197511 3090201 3122393 3000781 3086661 3143855 3097355 3029446 3215393 3201090 3036547 2950753 3136708 3068782 2839848 3322671 3072317 2925735 3072337 3104509 2897050 3007932 2972181 3047328 3011511 3183203 3058010 2950704 3083047 2911383 2868446 2993624 2922088 2800473 3111663 3058050 3047299 3115268 3201086 3047325 3022288 3090201 3183210 3129547 3033002 3129547 3115240 2922088 3036583 2950702 3007935 2954339 2936396 3290508 2868435 2922128 2965033 3029396 2932850 3004413 3072318 2914934 2879166 2847042 3093813 2925678 3161739 3029396 3147434 2914964 3093813 2796897 3172483 3004356 3022284 3154602 2915014 2975780 2950701 3036599]
Response/bytes (per Connection):  [4825981 5051394 4964734 4970514 4808704 4849146 5028273 4953134 4883830 5259469 4854878 4802909 4664140 4808638 4704633 4675700 4721937 4814416 4820198 5276806 4982033 4814467 5219010 4710379 4710416 4935794 5068732 5120751 5028273 4964696 5323048 4906925 4987838 5005183 4825997 4675756 4849097 5236349 4912674 4878046 5143881 5178550 4831798 5126544 4906940 4883819 4860657 4866494 4583255 5236350 5062961 5062952 4947354 4820207 4958913 4889555 4924257 5028289 4820262 4635283 5039834 5138091 4976293 4889555 4825978 4727719 4797145 5143871 5028272 4814447 5166993 4993593 5045612 4849098 4987850 5080292 5005153 4895387 5195890 5172775 4906894 4768228 5068739 4958956 4589030 5369258 4964694 4727789 4964714 5016713 4681480 4860655 4802874 4924284 4866437 5143873 4941575 4768179 4982033 4704625 4635252 4837535 4721939 4525422 5028273 4941615 4924255 5034081 5172771 4924281 4883823 4993593 5143880 5057172 4901146 5057172 5034053 4721939 4906930 4768177 4860658 4774017 4745059 5317268 4635241 4721979 4791320 4895337 4739310 4854933 4964695 4710379 4652581 4600630 4999408 4727732 5109191 4895337 5086074 4710409 4999408 4519643 5126544 4854876 4883819 5097648 4710459 4808676 4768176 4906946]
Requests Number (per Connection):  [835 874 859 860 832 839 870 857 845 910 840 831 807 832 814 809 817 833 834 913 862 833 903 815 815 854 877 886 870 859 921 849 863 866 835 809 839 906 850 844 890 896 836 887 849 845 841 842 793 906 876 876 856 834 858 846 852 870 834 802 872 889 861 846 835 818 830 890 870 833 894 864 873 839 863 879 866 847 899 895 849 825 877 858 794 929 859 818 859 868 810 841 831 852 842 890 855 825 862 814 802 837 817 783 870 855 852 871 895 852 845 864 890 875 848 875 871 817 849 825 841 826 821 920 802 817 829 847 820 840 859 815 805 796 865 818 884 847 880 815 865 782 887 840 845 882 815 832 825 849]
Requests/sec:  7424.491243489583 KB
Transfer/sec:  19422.03614908854 KB

2023-12-02 18:39:43.287598499 +0800 CST m=+861.556857555
Running 1m0s myx-test @ https://192.168.12.127:6443/api/v1/namespaces/myx-test/replicationcontrollers
300 connections
Requests/bytes (per Connection):  [1666676 1702445 1663099 1745390 1706030 1641665 1752554 1759676 1641685 1752549 1691747 1895614 1577332 1709599 1745368 1677485 1777640 1706091 1648854 1906394 1659601 1759748 1680990 1609456 1702524 1709599 1834789 1605928 1659522 1881303 1802657 1630942 1709663 1809753 1584458 1945673 1706022 1677407 1677485 1688137 1756099 1727484 1745368 1663099 1706070 1720391 1688138 1866981 1623773 1727555 1595217 1731087 1652447 1856275 1716762 1655945 1738293 1774062 1766870 1741842 1537982 1670310 1777615 1688138 1917082 1605901 1731066 1573682 1634491 1659601 1588040 1684640 1806234 1691764 1899175 1580859 1580882 1663139 1816906 1652445 1831230 1741807 1695316 1709599 1734654 1602293 1681062 1609524 1738214 1770407 1695360 1616599 1759714 1723936 1877782 1673830 1663100 1652368 1609445 1663138 1680984 1656024 1630986 1727562 1770458 1741793 1756099 1756099 1630986 1874135 1641667 1698897 1852697 1630975 1655986 1680983 1841972 1748975 1734653 1788308 1856260 1684561 1638135 1995792 1877745 1684601 1781167 1731071 1691714 1716761 1827637 1634484 1734679 1773981 1759706 1716753 1573718 1827637 1587984 1867018 1598794 1917057 1731085 1659601 1630978 1706022 1834791 1588063 1695341 1723907 1698923 1759712 1845519 1995792 1673830 1641638 1752522 1734637 1713203 1695318 1584407 1723913 1748945 1648831 1698869 1670253 1627330 1834833 1666676 1877739 1659538 1630986 1831287 1709668 1791871 1738276 1752522 1781137 1609474 1863406 1602350 1802678 1684560 1774041 1713254 1881341 1720370 1777577 1748995 1541500 1638112 1698947 1734668 1630955 1773988 1795457 1613090 1827679 1602292 1741810 1620256 1691732 1613028 1595138 1663100 1620193 1652368 1838408 1605878 1559443 1763253 1702445 1852675 1688138 1609445 1666697 1570100 1802651 1620227 1770404 1616643 1684561 1645239 1788291 1770485 1684634 1602292 1838425 1527200 1602291 1627374 1613102 1763252 1648820 1734716 1691715 1570124 1824061 1673855 1777611 1588040 1745447 1659522 1648844 1677486 1852744 1659586 1681001 1530762 1816943 1695341 1845522 1727483 1902750 1727484 1609446 1620176 1731092 1741808 1727548 1784714 1945673 1634496 1752598 1537986 1623809 1684640 1634563 1834819 1838373 1677486 1616666 1777566 1630957 1630912 1670332 1673902 1863404 1720408 1706022 1720334 1580910 1573755 1620255 1648846 1870560 1670289 1784712 1659522 1652368 1713204 1688138 1816976 1709672 1741791 1659570 1845596 1777568 1745387 1634483]
Response/bytes (per Connection):  [2693274 2751073 2687494 2820454 2756861 2652842 2832024 2843552 2652862 2832019 2733766 3063204 2548855 2762633 2820432 2710692 2872531 2756922 2664437 3080593 2681793 2843624 2716400 2600806 2751152 2762633 2964928 2595075 2681714 3040081 2912969 2635510 2762697 2924471 2560387 3144105 2756853 2710614 2710692 2727953 2837772 2791533 2820432 2687494 2756901 2780034 2727954 3016947 2623935 2791604 2577755 2797339 2670233 2999632 2774202 2675934 2808951 2866750 2855152 2814703 2485272 2699111 2872506 2727954 3097890 2595048 2797318 2543002 2641262 2681793 2566172 2722253 2918749 2733783 3068968 2554585 2554608 2687534 2936030 2670231 2959166 2814668 2739538 2762633 2803109 2589237 2716472 2600874 2808872 2860892 2739582 2612355 2843590 2785782 3034357 2704834 2687495 2670154 2600795 2687533 2716394 2676013 2635554 2791611 2860943 2814654 2837772 2837772 2635554 3028507 2652844 2745322 2993851 2635543 2675975 2716393 2976517 2826242 2803108 2889808 2999617 2722174 2647109 3225066 3034320 2722214 2878261 2797323 2733733 2774201 2953370 2641255 2803134 2866669 2843582 2774193 2543038 2953370 2566116 3016984 2583535 3097865 2797337 2681793 2635546 2756853 2964930 2566195 2739563 2785753 2745348 2843588 2982267 3225066 2704834 2652815 2831992 2803092 2768440 2739540 2560336 2785759 2826212 2664414 2745294 2699054 2629695 2964972 2693274 3034314 2681730 2635554 2959223 2762702 2895574 2808934 2831992 2878231 2600824 3011169 2589294 2912990 2722173 2866729 2768491 3040119 2780013 2872468 2826262 2490993 2647086 2745372 2803123 2635523 2866676 2901363 2606643 2953412 2589236 2814671 2618215 2733751 2606581 2577676 2687495 2618152 2670154 2970750 2595025 2519951 2849332 2751073 2993829 2727954 2600795 2693295 2537217 2912963 2618186 2860889 2612399 2722174 2658619 2889791 2860970 2722247 2589236 2970767 2467881 2589235 2629739 2606655 2849331 2664403 2803171 2733734 2537241 2947591 2704859 2872502 2566172 2820511 2681714 2664427 2710693 2993898 2681778 2716411 2473646 2936067 2739563 2982270 2791532 3074746 2791533 2600796 2618135 2797344 2814669 2791597 2884011 3144105 2641267 2832068 2485276 2623971 2722253 2641334 2964958 2970715 2710693 2612422 2872457 2635525 2635480 2699133 2704906 3011167 2780051 2756853 2779977 2554636 2543075 2618214 2664429 3022729 2699090 2884009 2681714 2670154 2768441 2727954 2936100 2762706 2814652 2681762 2982344 2872459 2820451 2641254]
Requests Number (per Connection):  [466 476 465 488 477 459 490 492 459 490 473 530 441 478 488 469 497 477 461 533 464 492 470 450 476 478 513 449 464 526 504 456 478 506 443 544 477 469 469 472 491 483 488 465 477 481 472 522 454 483 446 484 462 519 480 463 486 496 494 487 430 467 497 472 536 449 484 440 457 464 444 471 505 473 531 442 442 465 508 462 512 487 474 478 485 448 470 450 486 495 474 452 492 482 525 468 465 462 450 465 470 463 456 483 495 487 491 491 456 524 459 475 518 456 463 470 515 489 485 500 519 471 458 558 525 471 498 484 473 480 511 457 485 496 492 480 440 511 444 522 447 536 484 464 456 477 513 444 474 482 475 492 516 558 468 459 490 485 479 474 443 482 489 461 475 467 455 513 466 525 464 456 512 478 501 486 490 498 450 521 448 504 471 496 479 526 481 497 489 431 458 475 485 456 496 502 451 511 448 487 453 473 451 446 465 453 462 514 449 436 493 476 518 472 450 466 439 504 453 495 452 471 460 500 495 471 448 514 427 448 455 451 493 461 485 473 439 510 468 497 444 488 464 461 469 518 464 470 428 508 474 516 483 532 483 450 453 484 487 483 499 544 457 490 430 454 471 457 513 514 469 452 497 456 456 467 468 521 481 477 481 442 440 453 461 523 467 499 464 462 479 472 508 478 487 464 516 497 488 457]
Requests/sec:  8357.929622395834 KB
Transfer/sec:  21863.865787760416 KB

