2023-12-02 19:46:32.172722544 +0800 CST m=+1147.450657918
Running 1m0s myx-test @ https://192.168.12.127:6443/api/v1/namespaces/myx-test/resourcequotas
3 connections
Requests/bytes (per Connection):  [30585812 30169265 32882496]
Response/bytes (per Connection):  [39253122 38718522 42200611]
Requests Number (per Connection):  [8590 8473 9235]
Requests/sec:  1524.0490397135416 KB
Transfer/sec:  3479.9776692708333 KB

2023-12-02 19:48:12.302592986 +0800 CST m=+1247.580528359
Running 1m0s myx-test @ https://192.168.12.127:6443/api/v1/namespaces/myx-test/resourcequotas
6 connections
Requests/bytes (per Connection):  [26679823 27463143 30539520 27399047 30514672 26829367]
Response/bytes (per Connection):  [34240260 35245560 39193713 35163302 39161802 34432182]
Requests Number (per Connection):  [7493 7713 8577 7695 8570 7535]
Requests/sec:  2757.577669270833 KB
Transfer/sec:  6296.588395182292 KB

2023-12-02 19:49:52.46092487 +0800 CST m=+1347.738860248
Running 1m0s myx-test @ https://192.168.12.127:6443/api/v1/namespaces/myx-test/resourcequotas
9 connections
Requests/bytes (per Connection):  [24600418 23695992 24169551 26686950 26733229 24717928 23315028 26608605 23874021]
Response/bytes (per Connection):  [31571599 30410887 31018643 34249405 34308801 31722406 29921960 34148862 30639366]
Requests Number (per Connection):  [6909 6655 6788 7495 7508 6942 6548 7473 6705]
Requests/sec:  3652.37177734375 KB
Transfer/sec:  8339.740413411459 KB

2023-12-02 19:51:32.581943799 +0800 CST m=+1447.859879183
Running 1m0s myx-test @ https://192.168.12.127:6443/api/v1/namespaces/myx-test/resourcequotas
15 connections
Requests/bytes (per Connection):  [18839283 19366295 17180062 19323552 17593097 18746700 17628657 17653645 18750260 19355613 18771626 19238103 17582389 18810795 19227420]
Response/bytes (per Connection):  [24177902 24854246 22048487 24799395 22578566 24059085 22624216 22656267 24063654 24840537 24091074 24689730 22564831 24141342 24676020]
Requests Number (per Connection):  [5291 5439 4825 5427 4941 5265 4951 4958 5266 5436 5272 5403 4938 5283 5400]
Requests/sec:  4525.838167317708 KB
Transfer/sec:  10334.193505859375 KB

2023-12-02 19:53:12.716324849 +0800 CST m=+1547.994260348
Running 1m0s myx-test @ https://192.168.12.127:6443/api/v1/namespaces/myx-test/resourcequotas
30 connections
Requests/bytes (per Connection):  [11881807 12173836 10920472 11921013 10913357 10785160 11985045 12010037 11992203 11899616 12020673 11921011 11785699 10742435 11842672 11917453 10859945 12034888 11881806 10763778 11739407 10963177 10970331 11903201 12002864 11913868 10859945 11867590 10902667 12056328]
Response/bytes (per Connection):  [15248840 15623607 14015075 15299145 14005942 13841421 15381339 15413394 15390515 15271694 15427057 15299143 15125489 13786588 15198606 15294576 13937395 15445308 15248839 13813985 15066080 14069888 14079060 15276288 15404203 15289982 13937395 15230587 13992225 15472802]
Requests Number (per Connection):  [3337 3419 3067 3348 3065 3029 3366 3373 3368 3342 3376 3348 3310 3017 3326 3347 3050 3380 3337 3023 3297 3079 3081 3343 3371 3346 3050 3333 3062 3386]
Requests/sec:  5654.822330729166 KB
Transfer/sec:  12912.0890625 KB

2023-12-02 19:54:52.864458541 +0800 CST m=+1648.142393917
Running 1m0s myx-test @ https://192.168.12.127:6443/api/v1/namespaces/myx-test/resourcequotas
60 connections
Requests/bytes (per Connection):  [6430506 6604941 6661963 6537332 6437619 6629893 6754546 5992536 6476779 6565794 5967589 6686891 6537328 6220465 6733182 6021003 6483919 6637007 6046008 6501724 6021002 6580062 6145634 6127897 6576503 6152768 6626294 6583623 6092252 6580062 6580064 6647719 6569381 6003214 6437620 6288069 6615643 6113658 6448310 6448309 6708248 6562248 6142072 6028160 6494578 6580019 6537331 6654840 6124331 6063751 6337923 6661935 6572942 6562216 6654841 6444749 6003217 6195486 6234657 6220465]
Response/bytes (per Connection):  [8252760 8476636 8549802 8389856 8261891 8508651 8668619 7690683 8312150 8426390 7658673 8581793 8389852 7983188 8641201 7727222 8321308 8517783 7759290 8344158 7727221 8444694 7887168 7864386 8440126 7896320 8504043 8449264 7818651 8444694 8444696 8531522 8430986 7704388 8261892 8069963 8490365 7846111 8275609 8275608 8609204 8421835 7882597 7736397 8334994 8444651 8389855 8540661 7859811 7782078 8133943 8549774 8435556 8421803 8540662 8271039 7704391 7951146 8001416 7983188]
Requests Number (per Connection):  [1806 1855 1871 1836 1808 1862 1897 1683 1819 1844 1676 1878 1836 1747 1891 1691 1821 1864 1698 1826 1691 1848 1726 1721 1847 1728 1861 1849 1711 1848 1848 1867 1845 1686 1808 1766 1858 1717 1811 1811 1884 1843 1725 1693 1824 1848 1836 1869 1720 1703 1780 1871 1846 1843 1869 1810 1686 1740 1751 1747]
Requests/sec:  6255.682259114584 KB
Transfer/sec:  14284.077669270833 KB

2023-12-02 19:56:33.014616772 +0800 CST m=+1748.292552153
Running 1m0s myx-test @ https://192.168.12.127:6443/api/v1/namespaces/myx-test/resourcequotas
90 connections
Requests/bytes (per Connection):  [5105975 4724945 4963500 5137978 5148715 5152262 4739173 4771246 5084627 5052555 5269731 4970618 4945716 4831801 5070322 4742738 5191391 4813968 5184291 5088126 4607483 5045395 4710750 5209199 5105964 4945691 4678628 5013348 5020495 4692887 4860296 5073884 4935042 4895852 5109493 5212793 4724993 5016910 5234130 5006226 5330267 4885196 5056104 4767698 5031171 5009854 5184282 4821063 4621729 4956373 4646601 5251952 4810456 5052518 5105971 5102369 5091756 4927905 4835381 5162904 5056136 5209197 4942183 5291098 4628840 5059640 4970623 4703629 4789090 4828181 4999149 4863860 4942203 5048995 4785529 4974178 5091688 4924364 4650177 4742798 4910161 4895891 5098862 4885155 4952876 5244807 4831821 4913644 4863869 4849602]
Response/bytes (per Connection):  [6552881 6063888 6370046 6593965 6607729 6612285 6082152 6123306 6525479 6484326 6763051 6379182 6347217 6201014 6507138 6086726 6662513 6178136 6653395 6529987 5913129 6475148 6045657 6685366 6552870 6347192 6004454 6434020 6443185 6022749 6237581 6511709 6333516 6283227 6557408 6689969 6063936 6438591 6717360 6424880 6840740 6269544 6488884 6118749 6456888 6429517 6653386 6187249 5931411 6360901 5963346 6740227 6173615 6484289 6552877 6548266 6534626 6324361 6205603 6625954 6488916 6685364 6342675 6790472 5940540 6493429 6379187 6036518 6146195 6196385 6415785 6242154 6342695 6479757 6141625 6383751 6534558 6319811 5967931 6086786 6301572 6283266 6543750 6269503 6356395 6731064 6201034 6306064 6242163 6223860]
Requests Number (per Connection):  [1434 1327 1394 1443 1446 1447 1331 1340 1428 1419 1480 1396 1389 1357 1424 1332 1458 1352 1456 1429 1294 1417 1323 1463 1434 1389 1314 1408 1410 1318 1365 1425 1386 1375 1435 1464 1327 1409 1470 1406 1497 1372 1420 1339 1413 1407 1456 1354 1298 1392 1305 1475 1351 1419 1434 1433 1430 1384 1358 1450 1420 1463 1388 1486 1300 1421 1396 1321 1345 1356 1404 1366 1388 1418 1344 1397 1430 1383 1306 1332 1379 1375 1432 1372 1391 1473 1357 1380 1366 1362]
Requests/sec:  7270.327685546875 KB
Transfer/sec:  16600.894108072916 KB

2023-12-02 19:58:13.163574412 +0800 CST m=+1848.441509796
Running 1m0s myx-test @ https://192.168.12.127:6443/api/v1/namespaces/myx-test/resourcequotas
150 connections
Requests/bytes (per Connection):  [3208130 3094182 3364811 3165400 3165400 3140491 3211692 3208131 3168971 3293593 3097751 3062133 3154731 3108426 3094182 3371910 3236610 3151156 3151156 3379041 3133359 3176090 3186770 3272227 3307836 3044329 3158292 3126230 3087084 3183210 3122669 3204570 3272227 3215253 3183204 3382616 3211692 3311397 3211692 3240179 3307807 3104871 3040768 3065734 3119108 3108453 2990917 3151156 3012332 3265106 3204570 3240177 3311397 3094214 3065694 3112012 3318502 3222369 3065696 3047892 3339885 3290032 3347004 3329200 3290032 3382613 3047890 3176082 3275788 3307836 3215253 3161839 3119133 3101303 3147598 3179643 3083499 3161839 3225936 3282910 3322050 3026524 3165411 3204570 3065694 3453807 3183204 3350567 3229489 3208130 3240179 3229496 3094184 3140473 3154717 3279349 3371933 3122671 3211692 3403957 3222374 3083499 3154717 3233049 3236619 3176082 3112012 3136915 3286448 3037214 3215253 3165400 3190326 3197450 3083501 3293593 2965991 3208131 3339880 3257983 3290016 3165400 3272227 3382616 3090621 3290032 3211690 3197448 3087062 3008722 3190327 2973130 3101332 3279348 3268661 3079974 3332759 3329174 3379006 3193887 3172522 3279328 3290008 3168961 3254422 3279349 3236618 3329202 3243729 3211692]
Response/bytes (per Connection):  [4117239 3971003 4318316 4062401 4062401 4030429 4121810 4117240 4066981 4226918 3975581 3929873 4048705 3989283 3971003 4327433 4153791 4044121 4044121 4336582 4021279 4076118 4089825 4199498 4245197 3907024 4053275 4012132 3961887 4085256 4007562 4112670 4199498 4126380 4085250 4341166 4121810 4249767 4121810 4158369 4245168 3984719 3902454 3934483 4002992 3989310 3838477 4044121 3865946 4190359 4112670 4158367 4249767 3971035 3934443 3993878 4258890 4135514 3934445 3911596 4286327 4222348 4295464 4272615 4222348 4341163 3911594 4076110 4204068 4245197 4126380 4057831 4003017 3980142 4039554 4080680 3957293 4057831 4140090 4213208 4263447 3884174 4062412 4112670 3934443 4432537 4085250 4300036 4144652 4117239 4158369 4144659 3971005 4030411 4048691 4208638 4327456 4007564 4121810 4368561 4135519 3957293 4048691 4149221 4153800 4076110 3993878 4025844 4217755 3897891 4126380 4062401 4094390 4103532 3957295 4226918 3806488 4117240 4286322 4181218 4222332 4062401 4199498 4341166 3966433 4222348 4121808 4103530 3961865 3861327 4094391 3815645 3980171 4208637 4194923 3952759 4277183 4272589 4336547 4098960 4071541 4208617 4222324 4066971 4176648 4208638 4153799 4272617 4162928 4121810]
Requests Number (per Connection):  [901 869 945 889 889 882 902 901 890 925 870 860 886 873 869 947 909 885 885 949 880 892 895 919 929 855 887 878 867 894 877 900 919 903 894 950 902 930 902 910 929 872 854 861 876 873 840 885 846 917 900 910 930 869 861 874 932 905 861 856 938 924 940 935 924 950 856 892 920 929 903 888 876 871 884 893 866 888 906 922 933 850 889 900 861 970 894 941 907 901 910 907 869 882 886 921 947 877 902 956 905 866 886 908 909 892 874 881 923 853 903 889 896 898 866 925 833 901 938 915 924 889 919 950 868 924 902 898 867 845 896 835 871 921 918 865 936 935 949 897 891 921 924 890 914 921 909 935 911 902]
Requests/sec:  7809.516764322917 KB
Transfer/sec:  17832.067447916666 KB

2023-12-02 19:59:53.347575703 +0800 CST m=+1948.625511077
Running 1m0s myx-test @ https://192.168.12.127:6443/api/v1/namespaces/myx-test/resourcequotas
300 connections
Requests/bytes (per Connection):  [1741198 1783889 1776782 1919216 1862212 1954775 1965457 1844386 1876496 1790973 1883624 1744745 1812397 1851509 1929875 1840877 1940569 1855068 1954773 1862190 1787492 1755394 2008189 1830142 1855096 1659265 1766099 1858653 1783852 1741156 1776777 1787411 1801661 1830157 1734001 1990388 1705591 1716246 1908481 1798095 1844417 1773169 1762487 1830192 1858698 1805240 1936969 1862245 1912058 1801711 1755365 1954776 1823022 1958336 1883557 1912053 1937016 1919214 1851524 1851526 1687741 1730445 1758926 1901364 1851568 1830141 1812337 1830144 1769609 1844386 1840826 1787411 1755393 1783882 1926288 1716220 1801654 1847949 1876434 1922725 1790987 1780341 1808803 1915604 1790974 1773172 1648586 1798146 1844385 1662825 1912107 1798096 1876434 1990394 1776730 1855073 1840824 1919167 1830217 1815900 1858638 1879995 1798096 1790982 1876495 1855069 1858629 1741200 1801672 1783870 1897799 1776795 1787479 1983262 1780320 1741200 1684166 1904921 1776809 1776728 1855116 1826629 1915603 1833756 1780370 1783882 1904972 1929848 1851533 1790974 1830144 1805216 1840824 1794613 1826581 1769613 1883556 1680586 1758948 1901365 1794534 1783871 2008189 1872872 1865803 1812339 1730507 1840884 1794534 1712633 1979722 1851567 1723396 1741121 1887117 1837295 1922764 1812339 1865768 1847998 1812385 1993956 1904921 1748263 1951215 1794597 1790972 1876451 2029554 1897800 1865752 1933463 1808776 1858631 1837335 1815900 1734033 1794613 1826582 1705512 1858704 1904920 1805295 1936969 1876492 1837265 1972624 1961895 1894271 1858631 1851509 1847948 1833731 1769609 1883586 1972578 1808814 1791031 1801736 1908482 1830187 1716197 1812387 1929849 1755365 1830219 1844445 1865808 1879995 1912045 1840832 1887153 1887176 1826581 1815931 1730485 1819505 1730445 1869327 1883612 1794607 1933410 1915656 1883556 1780318 1847947 1705564 1908482 1862226 1769626 1719764 1919166 1833703 2004628 1826629 1897836 1840825 1673510 1865828 1862192 1748243 1840824 1808813 1880058 1908546 1922728 1783879 1879994 1762486 1919215 1901388 1833712 1751841 1883617 1894292 1851544 1680646 1986861 1734008 1880066 1844406 1776803 1908539 1908482 1908497 1869312 1880034 1969058 1780324 1865805 1794535 1791053 1894299 1812414 1847946 1908492 1730438 1876436 1805218 1790976 1826581 1815900 1844405 1894240 1819496 1773211 1734073 1769608 1840887 1662820 1855140 1833703 1823095 2011748 1890679 1798095 1819540 1933408 1894240 1758964]
Response/bytes (per Connection):  [2234599 2289398 2280273 2463067 2389919 2508716 2522425 2367048 2408239 2298500 2417385 2239155 2325978 2376189 2476753 2362530 2490474 2380757 2508714 2389897 2294010 2252831 2577265 2348768 2380785 2129459 2266563 2385351 2289361 2234557 2280268 2293929 2312215 2348783 2225384 2554419 2188902 2202584 2449305 2307640 2367079 2275651 2261942 2348818 2385396 2316803 2485865 2389952 2453891 2312265 2252802 2508717 2339630 2513286 2417318 2453886 2485912 2463065 2376204 2376206 2166007 2220819 2257372 2440170 2376248 2348767 2325918 2348770 2271082 2367048 2362479 2293929 2252830 2289391 2472157 2202558 2312208 2371620 2408177 2467585 2298514 2284841 2321375 2458446 2298501 2275654 2115753 2307691 2367047 2134028 2453940 2307641 2408177 2554425 2280221 2380762 2362477 2463018 2348843 2330490 2385336 2412747 2307641 2298509 2408238 2380758 2385327 2234601 2312226 2289379 2435596 2280286 2293997 2545275 2284820 2234601 2161423 2444736 2280300 2280219 2380805 2344246 2458445 2353391 2284870 2289391 2444787 2476726 2376213 2298501 2348770 2316779 2362477 2303149 2344198 2271086 2417317 2156834 2257394 2440171 2303070 2289380 2577265 2403606 2394519 2325920 2220881 2362537 2303070 2197962 2540726 2376247 2211752 2234522 2421887 2357939 2467624 2325920 2394484 2371669 2325966 2558996 2444736 2243682 2504147 2303133 2298499 2408194 2604684 2435597 2394468 2481350 2321348 2385329 2357979 2330490 2225416 2303149 2344199 2188823 2385402 2444735 2316858 2485865 2408235 2357909 2531610 2517854 2431059 2385329 2376189 2371619 2353366 2271082 2417347 2531564 2321386 2298558 2312290 2449306 2348813 2202535 2325968 2476727 2252802 2348845 2367107 2394524 2412747 2453878 2362485 2421923 2421946 2344198 2330521 2220859 2335104 2220819 2399052 2417373 2303143 2481297 2458498 2417317 2284818 2371618 2188875 2449306 2389933 2271099 2207111 2463017 2353338 2572695 2344246 2435633 2362478 2147740 2394544 2389899 2243662 2362477 2321385 2412810 2449370 2467588 2289388 2412746 2261941 2463066 2440194 2353347 2248269 2417378 2431080 2376224 2156894 2549883 2225391 2412818 2367068 2280294 2449363 2449306 2449321 2399037 2412786 2527035 2284824 2394521 2303071 2298580 2431087 2325995 2371617 2449316 2220812 2408179 2316781 2298503 2344198 2330490 2367067 2431028 2335095 2275693 2225456 2271081 2362540 2134023 2380829 2353338 2339703 2581833 2426458 2307640 2335139 2481295 2431028 2257410]
Requests Number (per Connection):  [489 501 499 539 523 549 552 518 527 503 529 490 509 520 542 517 545 521 549 523 502 493 564 514 521 466 496 522 501 489 499 502 506 514 487 559 479 482 536 505 518 498 495 514 522 507 544 523 537 506 493 549 512 550 529 537 544 539 520 520 474 486 494 534 520 514 509 514 497 518 517 502 493 501 541 482 506 519 527 540 503 500 508 538 503 498 463 505 518 467 537 505 527 559 499 521 517 539 514 510 522 528 505 503 527 521 522 489 506 501 533 499 502 557 500 489 473 535 499 499 521 513 538 515 500 501 535 542 520 503 514 507 517 504 513 497 529 472 494 534 504 501 564 526 524 509 486 517 504 481 556 520 484 489 530 516 540 509 524 519 509 560 535 491 548 504 503 527 570 533 524 543 508 522 516 510 487 504 513 479 522 535 507 544 527 516 554 551 532 522 520 519 515 497 529 554 508 503 506 536 514 482 509 542 493 514 518 524 528 537 517 530 530 513 510 486 511 486 525 529 504 543 538 529 500 519 479 536 523 497 483 539 515 563 513 533 517 470 524 523 491 517 508 528 536 540 501 528 495 539 534 515 492 529 532 520 472 558 487 528 518 499 536 536 536 525 528 553 500 524 504 503 532 509 519 536 486 527 507 503 513 510 518 532 511 498 487 497 517 467 521 515 512 565 531 505 511 543 532 494]
Requests/sec:  8969.920670572918 KB
Transfer/sec:  20481.703499348958 KB

