2023-12-02 21:10:55.887311141 +0800 CST m=+6211.165246520
Running 1m0s myx-test @ https://192.168.12.127:6443/api/v1/namespaces/myx-test/secrets
3 connections
Requests/bytes (per Connection):  [24766161 27259434 29646338]
Response/bytes (per Connection):  [32293835 35544942 38657340]
Requests Number (per Connection):  [6983 7686 8359]
Requests/sec:  1329.2957845052083 KB
Transfer/sec:  3062.6310221354165 KB

2023-12-02 21:12:36.014973814 +0800 CST m=+6311.292909206
Running 1m0s myx-test @ https://192.168.12.127:6443/api/v1/namespaces/myx-test/secrets
6 connections
Requests/bytes (per Connection):  [29376733 26950894 29320056 26840938 25925904 25812344]
Response/bytes (per Connection):  [38305807 35142616 38231882 34999242 33806084 33658028]
Requests Number (per Connection):  [8283 7599 8267 7568 7310 7278]
Requests/sec:  2672.9633626302084 KB
Transfer/sec:  6158.374479166667 KB

2023-12-02 21:14:16.151416429 +0800 CST m=+6411.429351802
Running 1m0s myx-test @ https://192.168.12.127:6443/api/v1/namespaces/myx-test/secrets
9 connections
Requests/bytes (per Connection):  [21191129 22595619 23744734 21322363 22556605 23709255 23872423 22769412 21194699]
Response/bytes (per Connection):  [27632179 29463557 30961944 27803299 29412685 30915685 31128441 29690172 27636827]
Requests Number (per Connection):  [5975 6371 6695 6012 6360 6685 6731 6420 5976]
Requests/sec:  3303.3242024739584 KB
Transfer/sec:  7610.693815104167 KB

2023-12-02 21:15:56.278470365 +0800 CST m=+6511.556405740
Running 1m0s myx-test @ https://192.168.12.127:6443/api/v1/namespaces/myx-test/secrets
15 connections
Requests/bytes (per Connection):  [17282714 17013202 17126700 18102018 18992239 17030934 17963688 19144726 17190498 18215495 19041866 19080882 18268722 19126992 18226159]
Response/bytes (per Connection):  [22535808 22184368 22332362 23604130 24764929 22207490 23423758 24963770 22415564 23752103 24829648 24880522 23821500 24940646 23766001]
Requests Number (per Connection):  [4873 4797 4829 5104 5355 4802 5065 5398 4847 5136 5369 5380 5151 5393 5139]
Requests/sec:  4423.939371744792 KB
Transfer/sec:  10192.536360677082 KB

2023-12-02 21:17:36.404894242 +0800 CST m=+6611.682829620
Running 1m0s myx-test @ https://192.168.12.127:6443/api/v1/namespaces/myx-test/secrets
30 connections
Requests/bytes (per Connection):  [11012324 11303163 10175302 11196699 11026432 11363389 11182496 11030038 11139952 11069074 11164781 10285211 11115105 10232007 11242873 10246195 10281683 10146881 10391678 11061974 11164762 11221512 11100917 11225138 10196603 10331340 10916524 10228535 11420206 11296053]
Response/bytes (per Connection):  [14359514 14738749 13268084 14599945 14377934 14817301 14581430 14382618 14525950 14433512 14558325 13411411 14493557 13342037 14660133 13360537 13406805 13231039 13550218 14424256 14558306 14632304 14475057 14637008 13295853 13471554 14234608 13337487 14891366 14729483]
Requests Number (per Connection):  [3105 3187 2869 3157 3109 3204 3153 3110 3141 3121 3148 2900 3134 2885 3170 2889 2899 2861 2930 3119 3148 3164 3130 3165 2875 2913 3078 2884 3220 3185]
Requests/sec:  5302.227327473958 KB
Transfer/sec:  12216.0681640625 KB

2023-12-02 21:19:16.556498051 +0800 CST m=+6711.834433408
Running 1m0s myx-test @ https://192.168.12.127:6443/api/v1/namespaces/myx-test/secrets
60 connections
Requests/bytes (per Connection):  [6461972 6522269 6433594 6217242 6213691 5880281 6391034 6479692 5937084 6387487 5873220 5773953 6607393 6710216 5976126 5912282 6327189 6359119 5951277 6313002 5873266 6426502 6688921 6490339 5756158 6557729 6458405 6412315 6355564 5827156 5788061 5805846 6277533 6575473 5908722 5883871 6511602 6270468 5749092 6621581 6352018 5901595 6096646 5816498 5873197 6373299 6476133 6493863 5905129 6362658 6618034 5901597 6550645 6369752 6252704 6273986 6309476 6639316 6270441 6621581]
Response/bytes (per Connection):  [8426088 8504711 8389086 8106976 8102347 7667605 8333590 8449198 7741656 8328965 7658388 7528937 8615707 8749792 7792556 7709308 8250341 8291973 7760161 8231842 7658434 8379838 8722029 8463079 7505752 8550951 8421443 8361339 8287340 7598310 7547357 7570532 8185593 8574085 7704670 7672273 8490810 8176372 7496530 8634207 8282716 7695387 7949728 7584418 7658365 8310465 8444561 8467681 7699999 8296590 8629582 7695389 8541711 8305840 8153218 8180968 8227238 8657332 8176345 8634207]
Requests Number (per Connection):  [1822 1839 1814 1753 1752 1658 1802 1827 1674 1801 1656 1628 1863 1892 1685 1667 1784 1793 1678 1780 1656 1812 1886 1830 1623 1849 1821 1808 1792 1643 1632 1637 1770 1854 1666 1659 1836 1768 1621 1867 1791 1664 1719 1640 1656 1797 1826 1831 1665 1794 1866 1664 1847 1796 1763 1769 1779 1872 1768 1867]
Requests/sec:  6094.161702473958 KB
Transfer/sec:  14040.64462890625 KB

2023-12-02 21:20:56.700672218 +0800 CST m=+6811.978607596
Running 1m0s myx-test @ https://192.168.12.127:6443/api/v1/namespaces/myx-test/secrets
90 connections
Requests/bytes (per Connection):  [4717056 5103589 4777305 4656752 5114264 4897900 5050391 5050390 5202935 5288029 4905030 4787915 4983010 4958167 4777275 4759605 4773807 4798635 5192297 4858867 4986542 4816370 5131964 4759540 5181620 5195844 5089411 4972355 4986543 4826948 4830497 4638966 4639025 4922698 4748979 4663835 5039780 4787916 4975946 5170981 4983044 4692149 5025558 5146201 5178073 4982995 5124872 5238376 4770181 5064574 4993635 5213543 4738326 5245465 5259652 5181636 5071666 4901417 5231277 4805658 5131964 5029128 4844745 5053974 4922761 4784432 5036200 5110682 4756025 5018514 5103623 5046852 4926245 4961793 5206449 4784448 4958167 4550306 4720553 5064575 5227756 4841119 5050407 4922754 4830478 4865948 5174526 5046872 4880160 5018465]
Response/bytes (per Connection):  [6150796 6654831 6229371 6072166 6668740 6386618 6585463 6585462 6784361 6895327 6395904 6243215 6497600 6465211 6229341 6206281 6224795 6257169 6770489 6335727 6502210 6280294 6691830 6206216 6756578 6775114 6636341 6483711 6502211 6294106 6298733 6048990 6049049 6418962 6192421 6081405 6571618 6243216 6488380 6742705 6497634 6118343 6553084 6710379 6751953 6497585 6682582 6830582 6220091 6603958 6511459 6798203 6178534 6839827 6858326 6756594 6613206 6391213 6821327 6266348 6691830 6557732 6317293 6590124 6419025 6238654 6566960 6664080 6201623 6543884 6654865 6580846 6423587 6469915 6788953 6238670 6465211 5933380 6155371 6603959 6816728 6312589 6585479 6419018 6298714 6344964 6747328 6580866 6363488 6543835]
Requests Number (per Connection):  [1330 1439 1347 1313 1442 1381 1424 1424 1467 1491 1383 1350 1405 1398 1347 1342 1346 1353 1464 1370 1406 1358 1447 1342 1461 1465 1435 1402 1406 1361 1362 1308 1308 1388 1339 1315 1421 1350 1403 1458 1405 1323 1417 1451 1460 1405 1445 1477 1345 1428 1408 1470 1336 1479 1483 1461 1430 1382 1475 1355 1447 1418 1366 1425 1388 1349 1420 1441 1341 1415 1439 1423 1389 1399 1468 1349 1398 1283 1331 1428 1474 1365 1424 1388 1362 1372 1459 1423 1376 1415]
Requests/sec:  7271.113248697917 KB
Transfer/sec:  16752.284407552084 KB

2023-12-02 21:22:36.898971395 +0800 CST m=+6912.176906779
Running 1m0s myx-test @ https://192.168.12.127:6443/api/v1/namespaces/myx-test/secrets
150 connections
Requests/bytes (per Connection):  [2894038 3089110 3053664 3025265 2982734 2957874 2993356 3181329 3042999 2883391 2897579 3007531 3018182 2968515 2897625 3011078 2989812 2936601 2915311 3035906 3003984 2918884 3057187 2819547 2872764 2972063 3043042 2847982 2933096 3053641 2950835 2943688 3096203 2787624 2940142 3103322 2961458 3071375 2890484 3177787 3046588 2947269 2954336 2979176 3007531 2993383 3032359 3007530 3014651 2972082 3007531 2869203 2777011 2993345 2996890 2943686 2933047 2847980 2883390 2954327 3092657 3170695 2968520 2996944 2954327 2830266 3050094 2975611 3021718 3057189 3014625 3035908 2989796 2922407 3089138 2904671 2833813 2925954 3011079 3039453 3028814 2996890 3053679 2883391 2876331 2975666 2922416 3099750 3046553 2968515 3000437 3053642 2925954 3043000 3071375 3082026 3003984 2982702 2897584 2858611 3003986 3138766 2940180 2961422 2855016 3004016 2918860 2943686 2975638 2823120 3043030 2890512 3085573 3011129 2904670 3035919 3025265 2926002 2947234 3014626 2890482 3032359 3103300 3050093 2844391 2950780 2904721 2996924 2922404 2890485 3096231 3007533 2957907 2950833 2996890 2847998 3000437 3135219 2908223 2957874 3018202 2996924 2936595 2918860 2851469 2964969 2837279 2965033 3028812 2982759]
Response/bytes (per Connection):  [3773686 4028048 3981822 3944799 3889332 3856926 3903188 4148295 3967923 3759805 3778305 3921675 3935560 3870801 3778351 3926300 3898566 3829185 3801427 3958674 3917050 3806078 3986423 3676557 3745944 3875427 3967966 3713616 3824602 3981799 3847731 3838428 4037297 3634932 3833804 4046572 3861588 4004923 3769054 4143675 3972590 3843087 3852310 3884696 3921675 3903215 3954049 3921674 3930951 3875446 3921675 3741305 3621085 3903177 3907800 3838426 3824553 3713614 3759804 3852301 4032673 4134427 3870806 3907854 3852301 3690510 3977174 3880053 3940174 3986425 3930925 3958676 3898550 3810679 4028076 3787553 3695135 3815304 3926301 3963299 3949426 3907800 3981837 3759805 3750589 3880108 3810688 4041922 3972555 3870801 3912425 3981800 3815304 3967924 4004923 4018808 3917050 3889300 3778310 3727479 3917052 4092796 3833842 3861552 3722806 3917082 3806054 3838426 3880080 3681208 3967954 3769082 4023433 3926351 3787552 3958687 3944799 3815352 3843052 3930926 3769052 3954049 4046550 3977173 3708947 3847676 3787603 3907834 3810676 3769055 4037325 3921677 3856959 3847729 3907800 3713632 3912425 4088171 3792183 3856926 3935580 3907834 3829179 3806054 3718181 3866177 3699679 3866241 3949424 3889357]
Requests Number (per Connection):  [816 871 861 853 841 834 844 897 858 813 817 848 851 837 817 849 843 828 822 856 847 823 862 795 810 838 858 803 827 861 832 830 873 786 829 875 835 866 815 896 859 831 833 840 848 844 855 848 850 838 848 809 783 844 845 830 827 803 813 833 872 894 837 845 833 798 860 839 852 862 850 856 843 824 871 819 799 825 849 857 854 845 861 813 811 839 824 874 859 837 846 861 825 858 866 869 847 841 817 806 847 885 829 835 805 847 823 830 839 796 858 815 870 849 819 856 853 825 831 850 815 855 875 860 802 832 819 845 824 815 873 848 834 832 845 803 846 884 820 834 851 845 828 823 804 836 800 836 854 841]
Requests/sec:  7266.262109375 KB
Transfer/sec:  16741.10830078125 KB

2023-12-02 21:24:17.130149522 +0800 CST m=+7012.408084894
Running 1m0s myx-test @ https://192.168.12.127:6443/api/v1/namespaces/myx-test/secrets
300 connections
Requests/bytes (per Connection):  [1727246 1911621 1826536 1684646 1727181 1787548 1982556 1904542 1932943 1815858 1833588 2025120 1844230 1876221 1791026 1908103 1996781 1964822 2000328 1869058 1932955 1879696 1943575 1762678 1819401 1911671 1943543 1798138 1755617 1915183 1883243 2032240 1915179 1812311 1876149 2021573 1822946 1929353 1681088 1890404 1766197 1865549 1801745 1794641 1961294 1893884 1982556 1808760 1897433 1830093 1858430 1851321 1798117 1879732 1929355 1741369 1815874 1794652 1950684 1886858 2028668 1812331 1847832 1922259 1975463 1826528 1886813 1879696 1830040 1904588 1815853 1737845 1815893 1822948 1876162 1815928 1943543 1922300 1833588 1911659 1759183 1769744 1876151 1783931 1922259 1854931 1847818 1844260 1812357 1879717 1879716 1833587 1819399 1805214 1766252 1844228 1844251 1783932 2035761 1954182 1837169 1801696 1840680 1862021 1823007 1776838 1865575 1826495 1876192 1876151 1819399 1787478 1808812 1901018 1869056 1886791 1833646 1861975 1851323 1883244 1830044 1890339 1840686 1787479 1936447 1865511 1769760 1783946 2074791 2064136 1759103 1844230 1918713 1837134 1858415 1823002 1702355 1908086 1883243 1840711 1908072 1932953 1723669 1993200 1844227 1730728 1872605 1780438 1883245 1993235 1943541 1766277 1936447 1925808 1780402 1808759 1865509 1886790 1837135 1791097 1936449 1915166 1819401 1822956 1901017 1993197 1791090 1730728 1918763 1840759 1805213 1819424 1947088 1865518 2010932 1893909 1922259 1826493 1851321 1883312 1833588 1854913 1872602 1783932 2035761 1844229 1911679 1861994 1755557 1830070 1737887 1713019 1979012 1709458 1833654 1861999 1822947 1847842 1869057 1847776 1801705 1971958 1865508 1865511 1808760 1741431 1851350 1780461 1833637 1808780 1822946 1915165 1897446 1876152 1791042 1982557 1890337 1808783 1883245 1876149 1805211 1908134 1713011 1901030 1851356 1900977 1947087 1819469 1759107 1783996 2042864 1801708 1808764 1893884 1865510 1986104 1854909 1883243 1709490 1854909 1805288 1950634 1752010 1901034 1755577 1822947 1798179 1748462 1950637 1833594 1847832 1840752 1766250 1886793 1957733 1858463 1858459 1900980 1766198 1939996 1939993 1766266 1798124 1851323 1840682 1954204 1968399 1830042 1957729 1901001 1858469 2021603 1865509 1837133 1936501 2025136 2000323 1822946 1872602 1862018 1879743 1812331 1964862 1815854 1979010 1830078 1833588 1780383 1798198 1783947 1982557 1915225 1900978 1854917 1854870 1723634 1805211 1822946 1805238 1932902]
Response/bytes (per Connection):  [2252232 2492663 2381706 2196696 2252167 2330860 2585158 2483428 2520453 2367794 2390914 2640658 2404790 2446483 2335416 2488067 2603695 2562034 2608320 2437164 2520465 2451036 2534319 2298444 2372415 2492713 2534287 2344684 2289227 2497303 2455661 2649934 2497299 2363169 2446411 2636033 2377038 2515785 2192060 2464978 2303041 2432577 2349369 2340109 2557428 2469536 2585158 2358540 2474163 2386341 2423302 2414037 2344663 2451072 2515787 2270667 2367810 2340120 2543584 2460354 2645284 2363189 2409470 2506535 2575909 2381698 2460309 2451036 2386288 2483474 2367789 2266065 2367829 2377040 2446424 2367864 2534287 2506576 2390914 2492701 2293871 2307666 2446413 2326165 2506535 2418725 2409456 2404820 2363215 2451057 2451056 2390913 2372413 2353916 2303096 2404788 2404811 2326166 2654533 2548160 2395573 2349320 2400162 2427971 2377099 2316916 2432603 2381665 2446454 2446413 2372413 2330790 2358592 2478826 2437162 2460287 2390972 2427925 2414039 2455662 2386292 2464913 2400168 2330791 2525035 2432539 2307682 2326180 2705421 2691532 2293791 2404790 2501911 2395538 2423287 2377094 2219795 2488050 2455661 2400193 2488036 2520463 2247577 2599036 2404787 2256792 2441789 2321594 2455663 2599071 2534285 2303121 2525035 2511162 2321558 2358539 2432537 2460286 2395539 2335487 2525037 2497286 2372415 2377048 2478825 2599033 2335480 2256792 2501961 2400241 2353915 2372438 2538910 2432546 2622158 2469561 2506535 2381663 2414037 2455730 2390914 2418707 2441786 2326166 2654533 2404789 2492721 2427944 2289167 2386318 2266107 2233693 2580536 2229054 2390980 2427949 2377039 2409480 2437163 2409414 2349329 2571326 2432536 2432539 2358540 2270729 2414066 2321617 2390963 2358560 2377038 2497285 2474176 2446414 2335432 2585159 2464911 2358563 2455663 2446411 2353913 2488098 2233685 2478838 2414072 2478785 2538909 2372483 2293795 2326230 2663792 2349332 2358544 2469536 2432538 2589784 2418703 2455661 2229086 2418703 2353990 2543534 2284542 2478842 2289187 2377039 2344725 2279916 2543537 2390920 2409470 2400234 2303094 2460289 2552789 2423335 2423331 2478788 2303042 2529662 2529659 2303110 2344670 2414039 2400164 2548182 2566689 2386290 2552785 2478809 2423341 2636063 2432537 2395537 2525089 2640674 2608315 2377038 2441786 2427968 2451083 2363189 2562074 2367790 2580534 2386326 2390914 2321539 2344744 2326181 2585159 2497345 2478786 2418711 2418664 2247542 2353913 2377038 2353940 2520412]
Requests Number (per Connection):  [487 539 515 475 487 504 559 537 545 512 517 571 520 529 505 538 563 554 564 527 545 530 548 497 513 539 548 507 495 540 531 573 540 511 529 570 514 544 474 533 498 526 508 506 553 534 559 510 535 516 524 522 507 530 544 491 512 506 550 532 572 511 521 542 557 515 532 530 516 537 512 490 512 514 529 512 548 542 517 539 496 499 529 503 542 523 521 520 511 530 530 517 513 509 498 520 520 503 574 551 518 508 519 525 514 501 526 515 529 529 513 504 510 536 527 532 517 525 522 531 516 533 519 504 546 526 499 503 585 582 496 520 541 518 524 514 480 538 531 519 538 545 486 562 520 488 528 502 531 562 548 498 546 543 502 510 526 532 518 505 546 540 513 514 536 562 505 488 541 519 509 513 549 526 567 534 542 515 522 531 517 523 528 503 574 520 539 525 495 516 490 483 558 482 517 525 514 521 527 521 508 556 526 526 510 491 522 502 517 510 514 540 535 529 505 559 533 510 531 529 509 538 483 536 522 536 549 513 496 503 576 508 510 534 526 560 523 531 482 523 509 550 494 536 495 514 507 493 550 517 521 519 498 532 552 524 524 536 498 547 547 498 507 522 519 551 555 516 552 536 524 570 526 518 546 571 564 514 528 525 530 511 554 512 558 516 517 502 507 503 559 540 536 523 523 486 509 514 509 545]
Requests/sec:  9083.285074869791 KB
Transfer/sec:  20927.43623046875 KB

