2023-12-02 22:35:19.663737385 +0800 CST m=+11274.941672763
Running 1m0s myx-test @ https://192.168.12.127:6443/api/v1/namespaces/myx-test/serviceaccounts
3 connections
Requests/bytes (per Connection):  [25686589 28504604 26979841]
Response/bytes (per Connection):  [32802859 36401591 34454392]
Requests Number (per Connection):  [7210 8001 7573]
Requests/sec:  1321.1431315104167 KB
Transfer/sec:  3008.298763020833 KB

2023-12-02 22:37:00.696617548 +0800 CST m=+11375.974552942
Running 1m0s myx-test @ https://192.168.12.127:6443/api/v1/namespaces/myx-test/serviceaccounts
6 connections
Requests/bytes (per Connection):  [21354423 19569558 19077934 21347297 19580233 18992396]
Response/bytes (per Connection):  [27270501 24991149 24363319 27261401 25004785 24254093]
Requests Number (per Connection):  [5994 5493 5355 5992 5496 5331]
Requests/sec:  1951.852880859375 KB
Transfer/sec:  4444.451318359375 KB

2023-12-02 22:38:41.06918678 +0800 CST m=+11476.347122168
Running 1m0s myx-test @ https://192.168.12.127:6443/api/v1/namespaces/myx-test/serviceaccounts
9 connections
Requests/bytes (per Connection):  [16555596 16548433 16598340 15914307 14995127 15917839 15857316 14966623 14849047]
Response/bytes (per Connection):  [21142185 21133048 21196773 20323236 19149410 20327755 20250453 19113010 18962863]
Requests Number (per Connection):  [4647 4645 4659 4467 4209 4468 4451 4201 4168]
Requests/sec:  2314.4958984375 KB
Transfer/sec:  5270.204443359375 KB

2023-12-02 22:40:21.589072475 +0800 CST m=+11576.867007852
Running 1m0s myx-test @ https://192.168.12.127:6443/api/v1/namespaces/myx-test/serviceaccounts
15 connections
Requests/bytes (per Connection):  [10385054 10994308 11371941 10912304 10260401 11293550 11029937 11069129 11428903 10171342 10235413 10263915 11443169 10858873 11428971]
Response/bytes (per Connection):  [13262159 14040190 14522445 13935485 13102961 14422340 14085689 14135738 14595199 12989227 13071064 13107462 14613413 13867249 14595267]
Requests Number (per Connection):  [2915 3086 3192 3063 2880 3170 3096 3107 3208 2855 2873 2881 3212 3048 3208]
Requests/sec:  2655.3907877604165 KB
Transfer/sec:  6046.437141927084 KB

2023-12-02 22:42:02.011074479 +0800 CST m=+11677.289009853
Running 1m0s myx-test @ https://192.168.12.127:6443/api/v1/namespaces/myx-test/serviceaccounts
30 connections
Requests/bytes (per Connection):  [6964989 6872275 6993414 6548131 6601521 7014791 7096816 6508936 6405614 6622951 7043294 7050493 6480417 6961373 6494687 7018409 6918648 7185890 7139571 7046917 7050460 7029100 6548129 6419864 7192936 7050478 7064672 6932923 7160939 6598002]
Response/bytes (per Connection):  [8894574 8776198 8930895 8362237 8430432 8958194 9062920 8312185 8180240 8457784 8994593 9003766 8275770 8889971 8293988 8962799 8835402 9176669 9117519 8999203 9003733 8976451 8362235 8198438 9185689 9003751 9021893 8853625 9144809 8425926]
Requests Number (per Connection):  [1955 1929 1963 1838 1853 1969 1992 1827 1798 1859 1977 1979 1819 1954 1823 1970 1942 2017 2004 1978 1979 1973 1838 1802 2019 1979 1983 1946 2010 1852]
Requests/sec:  3353.1354166666665 KB
Transfer/sec:  7635.229964192708 KB

2023-12-02 22:43:42.343382178 +0800 CST m=+11777.621317604
Running 1m0s myx-test @ https://192.168.12.127:6443/api/v1/namespaces/myx-test/serviceaccounts
60 connections
Requests/bytes (per Connection):  [3747922 3779955 3794175 3797781 3975910 3804858 3954536 3947372 4100577 3762132 4136206 3833386 4064951 4235979 3847613 4260912 4200339 3772864 4086369 4178964 4064948 3886805 4040012 4097042 4292975 3911780 4015133 4211028 4043573 4100613 4097031 4200338 3879679 3897537 3708713 3918879 4303663 4221716 4054259 4264471 4221718 4032895 4011505 4218153 4260908 4111266 3836985 3844059 4139770 4171835 3705159 4100610 3815605 3762182 4175417 3954570 4061387 3829839 4093452 4114831]
Response/bytes (per Connection):  [4786246 4827162 4845330 4849923 5077402 4858974 5050106 5040968 5236614 4804404 5282113 4895398 5191118 5409522 4913573 5441364 5364012 4818097 5218458 5336715 5191115 4963622 5159270 5232092 5482310 4995506 5127482 5377662 5163818 5236650 5232081 5364011 4954522 4977315 4736180 5004579 5495959 5391311 5177465 5445910 5391313 5150179 5122867 5386761 5441360 5250264 4899984 4909032 5286664 5327612 4731639 5236647 4872682 4804454 5332181 5050140 5186567 4890864 5227515 5254816]
Requests Number (per Connection):  [1052 1061 1065 1066 1116 1068 1110 1108 1151 1056 1161 1076 1141 1189 1080 1196 1179 1059 1147 1173 1141 1091 1134 1150 1205 1098 1127 1182 1135 1151 1150 1179 1089 1094 1041 1100 1208 1185 1138 1197 1185 1132 1126 1184 1196 1154 1077 1079 1162 1171 1040 1151 1071 1056 1172 1110 1140 1075 1149 1155]
Requests/sec:  3921.795930989583 KB
Transfer/sec:  8930.095084635417 KB

2023-12-02 22:45:22.497051086 +0800 CST m=+11877.774986537
Running 1m0s myx-test @ https://192.168.12.127:6443/api/v1/namespaces/myx-test/serviceaccounts
90 connections
Requests/bytes (per Connection):  [2885708 2882145 2935589 2956968 2875095 2889273 2892886 3003341 2839392 3038960 2974783 2910650 2953404 2864332 2981909 2810968 2999721 2850125 2910651 3038957 2853644 2939154 2924900 2839424 2842972 2843034 2964092 2839460 2928532 2828747 2857224 2814517 2964119 2835882 2942722 2768134 3042506 2996158 2850084 2867896 2853698 2910648 2889339 2821578 2932026 2981906 3017536 2896442 2914214 2946286 3038948 2867900 2939154 2864373 2818037 2796674 2885751 2871475 3003325 3056770 2750383 2932027 2907088 2778895 3038924 2981909 2739673 3053192 2978356 2946279 2846540 2956967 2828776 2989082 2875065 3021127 2814515 2764571 2867895 3063855 2846597 2714770 2818035 2924970 2846532 3013973 2871508 2907086 2821578 2892856]
Response/bytes (per Connection):  [3685178 3680628 3748877 3776178 3671604 3689730 3694330 3835382 3626031 3880871 3798928 3717029 3771627 3657880 3808028 3589711 3830775 3639725 3717030 3880868 3644231 3753429 3735227 3626063 3630598 3630660 3785276 3626099 3739846 3612425 3648798 3594247 3785303 3621534 3757984 3535033 3885404 3826225 3639684 3662431 3644285 3717027 3689796 3603282 3744327 3808025 3853525 3698873 3721580 3762535 3880859 3662435 3753429 3657921 3598754 3571469 3685221 3666997 3835366 3903616 3512347 3744328 3712480 3548755 3880835 3808028 3498676 3899051 3803488 3762528 3635153 3776177 3612454 3817175 3671574 3858103 3594245 3530483 3662430 3912675 3635210 3466864 3598752 3735297 3635145 3848975 3667030 3712478 3603282 3694300]
Requests Number (per Connection):  [810 809 824 830 807 811 812 843 797 853 835 817 829 804 837 789 842 800 817 853 801 825 821 797 798 798 832 797 822 794 802 790 832 796 826 777 854 841 800 805 801 817 811 792 823 837 847 813 818 827 853 805 825 804 791 785 810 806 843 858 772 823 816 780 853 837 769 857 836 827 799 830 794 839 807 848 790 776 805 860 799 762 791 821 799 846 806 816 792 812]
Requests/sec:  4253.534537760416 KB
Transfer/sec:  9685.477034505207 KB

2023-12-02 22:47:02.99318853 +0800 CST m=+11978.271123904
Running 1m0s myx-test @ https://192.168.12.127:6443/api/v1/namespaces/myx-test/serviceaccounts
150 connections
Requests/bytes (per Connection):  [1856166 2002190 1923805 2066322 1909604 1881057 2002214 1948785 1927371 2066322 1995064 1941620 1970170 2037818 2098400 2087699 1870371 1927404 2023572 1991501 1934494 1955874 2044944 1977249 1987980 1870429 2109085 1881051 2062759 2037847 1959470 1966560 2062758 2020006 2002196 2027147 2016441 1891764 2037818 2084151 2016443 1913118 1895302 1856166 1909556 1955871 1987938 1891791 1909554 1948785 2027161 1987954 2069885 1930931 1913169 1980812 2009351 2098388 2012913 1948750 2041381 2012881 1970125 2052070 2077027 1902439 1952354 1955884 2094834 2073448 1895304 1866847 1934510 2119765 1913160 2077011 1987938 2094825 2101951 2055635 2009348 2020006 1898865 2041387 2066322 2037818 1970143 2052070 1980814 2030695 2041381 2062759 2002197 1941623 2016463 2005752 1870362 2030692 1980816 1938108 2052077 1884670 1955872 1852549 1984377 1841931 1916682 1959465 2023588 1991500 1774165 1913146 2027131 1930958 2052094 1980856 2009315 1838304 1998627 1945237 2126891 1927368 1977294 2080590 1991540 1774167 1955921 1987939 1973687 2030693 2023599 1959467 2012878 2055654 1938100 2101960 1955871 2098398 1927371 1923807 2016443 1995104 2016445 2030695 2048508 2091263 1824046 1970123 1998658 1973686]
Response/bytes (per Connection):  [2370393 2556884 2456785 2638782 2438636 2402193 2556908 2488674 2461338 2638782 2547784 2479535 2515981 2602382 2679743 2666081 2388546 2461371 2584188 2543234 2470435 2497737 2611482 2525034 2538726 2388604 2693389 2402187 2634232 2602411 2502320 2511384 2634231 2579635 2556890 2588750 2575083 2415861 2602382 2661546 2575085 2443137 2420386 2370393 2438588 2497734 2538684 2415888 2438586 2488674 2588764 2538700 2643332 2465885 2443188 2529584 2566019 2679731 2570568 2488639 2606932 2570536 2515936 2620582 2652448 2429497 2493230 2497747 2675190 2647882 2420388 2384035 2470451 2707030 2443179 2652432 2538684 2675181 2684281 2625134 2566016 2579635 2424936 2606938 2638782 2602382 2515954 2620582 2529586 2593285 2606932 2634232 2556891 2479538 2575105 2561433 2388537 2593282 2529588 2475036 2620589 2406793 2497735 2365789 2534136 2352210 2447688 2502315 2584204 2543233 2265691 2443165 2588734 2465912 2620606 2529628 2565983 2347596 2552334 2484139 2716130 2461335 2525079 2656998 2543273 2265693 2497784 2538685 2520485 2593283 2584215 2502317 2570533 2625153 2475028 2684290 2497734 2679741 2461338 2456787 2575085 2547824 2575087 2593285 2616033 2670632 2329390 2515934 2552365 2520484]
Requests Number (per Connection):  [521 562 540 580 536 528 562 547 541 580 560 545 553 572 589 586 525 541 568 559 543 549 574 555 558 525 592 528 579 572 550 552 579 567 562 569 566 531 572 585 566 537 532 521 536 549 558 531 536 547 569 558 581 542 537 556 564 589 565 547 573 565 553 576 583 534 548 549 588 582 532 524 543 595 537 583 558 588 590 577 564 567 533 573 580 572 553 576 556 570 573 579 562 545 566 563 525 570 556 544 576 529 549 520 557 517 538 550 568 559 498 537 569 542 576 556 564 516 561 546 597 541 555 584 559 498 549 558 554 570 568 550 565 577 544 590 549 589 541 540 566 560 566 570 575 587 512 553 561 554]
Requests/sec:  4844.059830729167 KB
Transfer/sec:  11030.128011067709 KB

2023-12-02 22:48:43.690195693 +0800 CST m=+12078.968131082
Running 1m0s myx-test @ https://192.168.12.127:6443/api/v1/namespaces/myx-test/serviceaccounts
300 connections
Requests/bytes (per Connection):  [1307505 1236213 1221988 1303898 1307505 1221994 1332445 1303940 1275401 1218419 1279002 1335978 1268296 1264695 1321710 1339571 1314629 1254061 1261183 1264708 1264749 1414311 1236247 1218432 1197032 1293251 1332430 1268313 1239799 1307470 1182802 1407241 1307505 1360946 1268297 1289690 1218432 1346642 1321725 1282563 1282549 1393013 1303882 1250479 1368025 1246895 1289639 1311067 1311066 1275400 1328880 1296817 1421517 1332411 1332399 1207705 1321756 1293253 1261138 1375200 1261177 1232673 1318148 1325319 1293218 1314569 1307440 1393003 1328821 1175648 1400128 1164989 1243349 1268297 1289690 1182801 1328808 1236213 1371573 1303940 1225558 1335962 1343132 1275407 1278994 1154275 1335961 1325295 1357384 1293204 1311037 1321730 1250486 1254059 1243371 1371635 1207704 1239762 1200618 1261187 1182803 1254061 1225545 1314630 1300379 1268312 1325320 1250465 1325319 1332444 1254061 1254061 1307503 1214869 1218431 1257622 1254062 1328883 1303940 1353823 1193490 1243323 1204180 1204159 1282523 1232684 1321684 1129359 1250488 1385887 1186348 1214870 1243324 1318194 1261187 1200610 1282509 1268306 1189916 1318192 1321755 1343098 1296752 1389398 1350206 1303923 1261145 1232664 1335932 1268311 1286127 1328880 1197055 1303942 1336008 1243373 1360908 1243370 1321755 1328829 1289639 1300377 1307478 1243349 1218432 1343105 1325256 1389415 1268296 1218432 1378761 1239809 1286076 1307491 1232683 1261140 1328867 1293197 1410748 1325310 1289636 1207736 1414368 1357384 1300376 1186333 1357384 1282514 1289684 1428641 1321728 1392974 1421496 1289678 1296787 1286074 1303884 1311030 1385808 1328852 1336006 1268256 1314611 1325318 1314604 1328864 1357354 1368009 1346663 1264750 1204180 1346624 1339545 1332413 1279001 1343071 1225514 1232684 1261185 1307503 1286125 1467815 1368074 1257622 1353793 1239810 1246935 1278948 1268313 1257624 1257572 1314581 1318194 1218433 1474902 1211306 1282514 1332445 1364472 1396576 1353815 1264750 1246935 1314582 1229092 1193456 1279000 1214870 1357369 1389409 1221968 1246935 1303942 1364511 1314575 1300361 1339530 1261162 1225556 1200580 1275439 1275433 1385836 1336008 1229121 1328870 1368022 1232638 1300333 1243373 1232683 1193492 1271873 1261180 1221953 1257624 1417955 1303908 1225558 1221995 1225556 1218432 1357355 1275413 1186366 1343132 1243346 1293253 1307503 1368031 1289634 1346695 1254061 1289648 1311010 1311066 1307461 1307505 1357384 1197054]
Response/bytes (per Connection):  [1669734 1578702 1560529 1665140 1669734 1560535 1701583 1665182 1628747 1555973 1633335 1706103 1619668 1615080 1687887 1710683 1678832 1601485 1610581 1615093 1615134 1806150 1578736 1555986 1528664 1651532 1701568 1619685 1583275 1669699 1510486 1797106 1669734 1737980 1619669 1646984 1555986 1719728 1687902 1637883 1637869 1778930 1665124 1596916 1747033 1592345 1646933 1674283 1674282 1628746 1697031 1656085 1815330 1701549 1701537 1542298 1687933 1651534 1610536 1756182 1610575 1574175 1683338 1692483 1651499 1678772 1669669 1778920 1696972 1501358 1788019 1487738 1587812 1619669 1646984 1510485 1696959 1578702 1751568 1665182 1565086 1706087 1715231 1628753 1633327 1474063 1706086 1692459 1733431 1651485 1674253 1687907 1596923 1601483 1587834 1751630 1542297 1583238 1533237 1610585 1510487 1601485 1565073 1678833 1660634 1619684 1692484 1596902 1692483 1701582 1601485 1601485 1669732 1551436 1555985 1606033 1601486 1697034 1665182 1728883 1524135 1587786 1537786 1537765 1637843 1574186 1687861 1442238 1596925 1769830 1515019 1551437 1587787 1683384 1610585 1533229 1637829 1619678 1519574 1683382 1687932 1715197 1656020 1774328 1724279 1665165 1610543 1574166 1706057 1619683 1642434 1697031 1528687 1665184 1706133 1587836 1737942 1587833 1687932 1696980 1646933 1660632 1669707 1587812 1555986 1715204 1692420 1774345 1619668 1555986 1760730 1583285 1642383 1669720 1574185 1610538 1697018 1651478 1801600 1692474 1646930 1542329 1806207 1733431 1660631 1515004 1733431 1637834 1646978 1824428 1687905 1778891 1815309 1646972 1656055 1642381 1665126 1674246 1769751 1697003 1706131 1619628 1678814 1692482 1678807 1697015 1733401 1747017 1719749 1615135 1537786 1719710 1710657 1701551 1633334 1715170 1565042 1574186 1610583 1669732 1642432 1874459 1747082 1606033 1728853 1583286 1592385 1633281 1619685 1606035 1605983 1678784 1683384 1555987 1883520 1546886 1637834 1701583 1742493 1783480 1728875 1615135 1592385 1678785 1569607 1524101 1633333 1551437 1733416 1774339 1560509 1592385 1665184 1742532 1678778 1660616 1710642 1610560 1565084 1533199 1628785 1628779 1769779 1706133 1569636 1697021 1747030 1574140 1660588 1587836 1574185 1524137 1624232 1610578 1560494 1606035 1810781 1665150 1565086 1560536 1565084 1555986 1733402 1628759 1515037 1715231 1587809 1651534 1669732 1747039 1646928 1719781 1601485 1646942 1674226 1674282 1669690 1669734 1733431 1528686]
Requests Number (per Connection):  [367 347 343 366 367 343 374 366 358 342 359 375 356 355 371 376 369 352 354 355 355 397 347 342 336 363 374 356 348 367 332 395 367 382 356 362 342 378 371 360 360 391 366 351 384 350 362 368 368 358 373 364 399 374 374 339 371 363 354 386 354 346 370 372 363 369 367 391 373 330 393 327 349 356 362 332 373 347 385 366 344 375 377 358 359 324 375 372 381 363 368 371 351 352 349 385 339 348 337 354 332 352 344 369 365 356 372 351 372 374 352 352 367 341 342 353 352 373 366 380 335 349 338 338 360 346 371 317 351 389 333 341 349 370 354 337 360 356 334 370 371 377 364 390 379 366 354 346 375 356 361 373 336 366 375 349 382 349 371 373 362 365 367 349 342 377 372 390 356 342 387 348 361 367 346 354 373 363 396 372 362 339 397 381 365 333 381 360 362 401 371 391 399 362 364 361 366 368 389 373 375 356 369 372 369 373 381 384 378 355 338 378 376 374 359 377 344 346 354 367 361 412 384 353 380 348 350 359 356 353 353 369 370 342 414 340 360 374 383 392 380 355 350 369 345 335 359 341 381 390 343 350 366 383 369 365 376 354 344 337 358 358 389 375 345 373 384 346 365 349 346 335 357 354 343 353 398 366 344 343 344 342 381 358 333 377 349 363 367 384 362 378 352 362 368 368 367 367 381 336]
Requests/sec:  6301.105224609375 KB
Transfer/sec:  14347.886376953125 KB

