2023-12-03 00:00:03.028354791 +0800 CST m=+16358.306290178
Running 1m0s myx-test @ https://192.168.12.127:6443/api/v1/namespaces/myx-test/services
3 connections
Requests/bytes (per Connection):  [24013638 26767310 23626815]
Response/bytes (per Connection):  [33878632 37763540 33332899]
Requests Number (per Connection):  [6767 7543 6658]
Requests/sec:  1211.0638509114583 KB
Transfer/sec:  2919.64248046875 KB

2023-12-03 00:01:43.155027596 +0800 CST m=+16458.432962980
Running 1m0s myx-test @ https://192.168.12.127:6443/api/v1/namespaces/myx-test/services
6 connections
Requests/bytes (per Connection):  [17175396 17743149 18999393 16962482 17650935 18896506]
Response/bytes (per Connection):  [24231190 25032179 26804509 23930802 24902077 26659314]
Requests Number (per Connection):  [4840 5000 5354 4780 4974 5325]
Requests/sec:  1748.500341796875 KB
Transfer/sec:  4215.298372395833 KB

2023-12-03 00:03:23.293051139 +0800 CST m=+16558.570986533
Running 1m0s myx-test @ https://192.168.12.127:6443/api/v1/namespaces/myx-test/services
9 connections
Requests/bytes (per Connection):  [14485490 15713368 14453581 15692077 14613291 15883700 15674293 15880127 15603328]
Response/bytes (per Connection):  [20436252 22168510 20391207 22138525 20616563 22408852 22113427 22403803 22013298]
Requests Number (per Connection):  [4082 4428 4073 4422 4118 4476 4417 4475 4397]
Requests/sec:  2246.0816243489585 KB
Transfer/sec:  5414.8712890625 KB

2023-12-03 00:05:04.385833173 +0800 CST m=+16659.663768549
Running 1m0s myx-test @ https://192.168.12.127:6443/api/v1/namespaces/myx-test/services
15 connections
Requests/bytes (per Connection):  [12012131 12005014 11447872 10837507 10809109 11596925 10734598 10716874 11550789 11873740 11997902 11859545 10794954 11614670 11568553]
Response/bytes (per Connection):  [16946821 16936748 16150744 15289625 15249567 16361033 15144452 15119442 16295953 16751570 16926768 16731527 15229594 16386056 16320989]
Requests Number (per Connection):  [3385 3383 3226 3054 3046 3268 3025 3020 3255 3346 3381 3342 3042 3273 3260]
Requests/sec:  2790.042041015625 KB
Transfer/sec:  6726.254427083333 KB

2023-12-03 00:06:44.541275434 +0800 CST m=+16759.819210814
Running 1m0s myx-test @ https://192.168.12.127:6443/api/v1/namespaces/myx-test/services
30 connections
Requests/bytes (per Connection):  [7004984 7118589 7161121 7047561 6596926 7036989 6941089 6444322 6568514 7040537 6600435 6504654 6497536 6919796 7026263 6494008 7164719 7189512 6905679 6902051 7100832 7178864 6614668 7143375 6525948 7107937 7303078 6529497 6962383 6955363]
Response/bytes (per Connection):  [9882692 10042969 10102963 9942773 9307002 9927815 9792563 9091704 9266936 9932825 9311929 9176822 9166766 9762516 9912699 9161784 10108063 10143018 9742569 9737479 10017938 10128016 9332026 10077935 9206856 10027919 10303234 9211863 9822593 9812667]
Requests Number (per Connection):  [1974 2006 2018 1986 1859 1983 1956 1816 1851 1984 1860 1833 1831 1950 1980 1830 2019 2026 1946 1945 2001 2023 1864 2013 1839 2003 2058 1840 1962 1960]
Requests/sec:  3362.42236328125 KB
Transfer/sec:  8106.155013020833 KB

2023-12-03 00:08:24.802424993 +0800 CST m=+16860.080360411
Running 1m0s myx-test @ https://192.168.12.127:6443/api/v1/namespaces/myx-test/services
60 connections
Requests/bytes (per Connection):  [4180284 3797004 3917673 4304496 4208689 4261909 4208689 3939021 4148362 3896373 4127087 4109306 4187398 4137697 4215774 4034781 4073869 4162540 3914190 4077389 4098671 3921216 3825395 4272556 3743849 4077400 4198045 4084464 4315142 4102237 3797034 4300947 4190950 4205127 4134183 4077387 4105800 3892903 3885725 4269007 4119976 3907078 4286751 3988655 4169641 4002841 4095110 4240615 4237073 4105757 3832555 4148344 3917665 3949605 4116404 4077365 3960276 4148375 4098664 3885726]
Response/bytes (per Connection):  [5897588 5356858 5527101 6072826 5937651 6012731 5937651 5557205 5852532 5497035 5822531 5797442 5907624 5837497 5947662 5692303 5747417 5872554 5522142 5752383 5782453 5532092 5396895 6027758 5281847 5752402 5922641 5762398 6087842 5787473 5356892 6067811 5912632 5932627 5832541 5752383 5792478 5492123 5482015 6022751 5812478 5512142 6047793 5627227 5882557 5647243 5777418 5982695 5977693 5792449 5407005 5852518 5527083 5572143 5807470 5752369 5587210 5852539 5782426 5482022]
Requests Number (per Connection):  [1178 1070 1104 1213 1186 1201 1186 1110 1169 1098 1163 1158 1180 1166 1188 1137 1148 1173 1103 1149 1155 1105 1078 1204 1055 1149 1183 1151 1216 1156 1070 1212 1181 1185 1165 1149 1157 1097 1095 1203 1161 1101 1208 1124 1175 1128 1154 1195 1194 1157 1080 1169 1104 1113 1160 1149 1116 1169 1155 1095]
Requests/sec:  3982.569091796875 KB
Transfer/sec:  9601.209505208333 KB

2023-12-03 00:10:04.954416957 +0800 CST m=+16960.232352334
Running 1m0s myx-test @ https://192.168.12.127:6443/api/v1/namespaces/myx-test/services
90 connections
Requests/bytes (per Connection):  [2963141 2998582 2856682 2757335 2714748 2938255 2792745 3115696 2959548 2860173 2771531 2984386 2927603 2924053 3073107 2746609 2838881 2934699 2927657 2877934 2775036 2767903 2757279 2906311 3002129 2874433 2672161 2856626 2835394 2998598 2778582 2796294 2799851 2746609 2966640 2867271 2977286 2931153 2881466 2732414 2874392 2792800 2899212 2828232 2895664 2927602 2803392 2810490 2707611 3105047 2856626 2764354 2845979 2870860 2888564 2870821 2888635 2707571 2906344 2611751 2938250 2732492 2750158 2789196 2718218 2835343 2842472 2707571 2913408 2863723 2984386 2828234 2991535 2704065 2814080 3058939 2970189 2785653 2831783 2597556 2739540 2867272 2853075 2806941 2888580 2938250 2934762 3026973 2906322 2821136]
Response/bytes (per Connection):  [4180401 4230418 4030202 3890049 3829982 4145313 3940041 4395650 4175372 4035161 3910079 4210394 4130293 4125295 4335569 3874955 4005133 4140307 4130369 4060234 3915016 3904971 3889977 4100251 4235439 4055239 3769895 4030150 4000194 4230432 3920022 3945038 3950055 3874947 4185356 4045173 4200386 4135301 4065198 3854922 4055232 3940090 4090230 3990104 4085220 4130284 3955054 3965072 3819899 4380623 4030142 3899966 4015139 4050216 4075218 4050187 4075287 3819873 4100314 3684689 4145302 3855014 3879958 3935036 3834894 4000145 4010210 3819881 4110268 4040165 4210392 3990106 4220487 3814939 3970110 4315557 4190379 3930021 3995095 3664664 3864976 4045164 4025151 3960071 4075222 4145300 4140378 4270481 4100282 3980084]
Requests Number (per Connection):  [835 845 805 777 765 828 787 878 834 806 781 841 825 824 866 774 800 827 825 811 782 780 777 819 846 810 753 805 799 845 783 788 789 774 836 808 839 826 812 770 810 787 817 797 816 825 790 792 763 875 805 779 802 809 814 809 814 763 819 736 828 770 775 786 766 799 801 763 821 807 841 797 843 762 793 862 837 785 798 732 772 808 804 791 814 828 827 853 819 795]
Requests/sec:  4185.918782552083 KB
Transfer/sec:  10091.448567708334 KB

2023-12-03 00:11:45.123348292 +0800 CST m=+17060.401283664
Running 1m0s myx-test @ https://192.168.12.127:6443/api/v1/namespaces/myx-test/services
150 connections
Requests/bytes (per Connection):  [2029811 2022727 1958880 1948236 1912697 1973073 1983696 2008517 1990773 2065300 2019194 1997908 2005000 2104337 1877209 2104345 1994359 2040483 1987226 2005003 1994321 1898501 1951784 2107892 1976579 2001420 2054674 2044008 2026262 2015647 2068865 2104346 1976579 1933991 2193043 2090153 2029835 2015615 2022722 1944637 2111440 2051106 1973028 1937563 2093691 2072398 2054653 1933992 1781407 2019178 1990811 2040457 1916245 2058222 2079496 1980140 2047555 1962419 1894954 2044031 1994340 2104338 1934035 2097240 2118533 1937584 2058202 2040470 2093691 2012090 1994356 2047578 2083058 1887856 2146925 2058222 2146919 2019195 2008517 2044022 2097250 2054674 1997892 2033361 2097240 1941141 1973072 2054667 2012097 2054653 2090153 2189512 1976620 2044010 2122082 1980133 1912725 2044006 2104337 2061750 2012066 1937541 2044010 1912738 2051106 2079495 2029839 2026290 2015627 2054653 2097239 2001455 2093690 2068849 1969480 1919795 1983674 2054653 2033359 1873720 2097240 2189494 1955285 1958870 2154023 2079496 2164670 1994358 1933992 1969481 2083049 2029828 1905599 1916245 2075948 1958834 2012066 1944661 1990775 1923343 1944636 1941088 1905599 2044006 2026268 1962381 2022743 2051126 1838226 1955286]
Response/bytes (per Connection):  [2863675 2853677 2763576 2748564 2698457 2783633 2798628 2833639 2808603 2913758 2848672 2818664 2828642 2968811 2648377 2968819 2813631 2878705 2803592 2828681 2813599 2678423 2753562 2973830 2788579 2823618 2898734 2883704 2858672 2843689 2918769 2968830 2788585 2728505 3093965 2948795 2863689 2843643 2853666 2743507 2978836 2893720 2783566 2733549 2953807 2923758 2898721 2728490 2513249 2848670 2808655 2878691 2703447 2903758 2933772 2793582 2888703 2768599 2673416 2883725 2813646 2968816 2728559 2958806 2988849 2733568 2903732 2878708 2953797 2838656 2813626 2888712 2938784 2663400 3028903 2903758 3028893 2848675 2833629 2883732 2958822 2898750 2818628 2868679 2958802 2738557 2783606 2898737 2838685 2898723 2948809 3088972 2788614 2883702 2993850 2793601 2698457 2883702 2968823 2908744 2838644 2733501 2883720 2698522 2893728 2933767 2863713 2858688 2843677 2898717 2958805 2823675 2953796 2918739 2778542 2708473 2798590 2898709 2868673 2643454 2958806 3088954 2758537 2763568 3038905 2933764 3053932 2813624 2728506 2778567 2938779 2863692 2688437 2703471 2928766 2763540 2838652 2743559 2808599 2713465 2743526 2738512 2688445 2883706 2858686 2768545 2853699 2893724 2593352 2758528]
Requests Number (per Connection):  [572 570 552 549 539 556 559 566 561 582 569 563 565 593 529 593 562 575 560 565 562 535 550 594 557 564 579 576 571 568 583 593 557 545 618 589 572 568 570 548 595 578 556 546 590 584 579 545 502 569 561 575 540 580 586 558 577 553 534 576 562 593 545 591 597 546 580 575 590 567 562 577 587 532 605 580 605 569 566 576 591 579 563 573 591 547 556 579 567 579 589 617 557 576 598 558 539 576 593 581 567 546 576 539 578 586 572 571 568 579 591 564 590 583 555 541 559 579 573 528 591 617 551 552 607 586 610 562 545 555 587 572 537 540 585 552 567 548 561 542 548 547 537 576 571 553 570 578 518 551]
Requests/sec:  4923.158772786458 KB
Transfer/sec:  11868.786588541667 KB

2023-12-03 00:13:25.514529729 +0800 CST m=+17160.792465111
Running 1m0s myx-test @ https://192.168.12.127:6443/api/v1/namespaces/myx-test/services
300 connections
Requests/bytes (per Connection):  [1174583 1206520 1171036 1071688 1249131 1160411 1249132 1163959 1195867 1202998 1213642 1210095 1256229 1185253 1146215 1220732 1114275 1259778 1188790 1100079 1206507 1171028 1139118 1238437 1277478 1132020 1220742 1121373 1171057 1132019 1270368 1213614 1117824 1185253 1192351 1199446 1163959 1174575 1188802 1256232 1107177 1160411 1181671 1234901 1210055 1171057 1174606 1135568 1160411 1103628 1195900 1281074 1078782 1206546 1188799 1238451 1160411 1206546 1185253 1139118 1135548 1089433 1185253 1273950 1178156 1149740 1132019 1153287 1167489 1178155 1298784 1192351 1117821 1142666 1107177 1082330 1146192 1195900 1135569 1071688 1192348 1082334 1227840 1224245 1213645 1195899 1313013 1160411 1245570 1160383 1181693 1263277 1217186 1174593 1199448 1163942 1192351 1146215 1206544 1266847 1245561 1178155 1135550 1242001 1195878 1171028 1110713 1071688 1202997 1114274 1117823 1227840 1117823 1128458 1178153 1146215 1234938 1270427 1202998 1163960 1220719 1132019 1167508 1288172 1139096 1160411 1128453 1100079 1124904 1163957 1202997 1234938 1096521 1220725 1078782 1256197 1096530 1146192 1238484 1192315 1213643 1178129 1163959 1234938 1323660 1149763 1185253 1245582 1202966 1238486 1064590 1316560 1075237 1107177 1217153 1252680 1273974 1139118 1181696 1149764 1206529 1135568 1064590 1096530 1153312 1217193 1171058 1167506 1320050 1163960 1146215 1242035 1153291 1199449 1171058 1199449 1242033 1188797 1202982 1238487 1181704 1174577 1206547 1245538 1171057 1139117 1153288 1107177 1163931 1213644 1100079 1188771 1064590 1085881 1132018 1153313 1153293 1110725 1270379 1188783 1238486 1199448 1174604 1302367 1210095 1238485 1153312 1252648 1242035 1217150 1238486 1185227 1171057 1245548 1078786 1117823 1092981 1124922 1291720 1149761 1174606 1121372 1089428 1178155 1139118 1139096 1185253 1249131 1192351 1124904 1217189 1238485 1103617 1117824 1128471 1192349 1114275 1050394 1227839 1181702 1252680 1231389 1096530 1206547 1242034 1181704 1192348 1092981 1100079 1234935 1117823 1213602 1195899 1171058 1124905 1178155 1210062 1188789 1245583 1220742 1163959 1181671 1192351 1210054 1171057 1210093 1210095 1231387 1156862 1220742 1277522 1202958 1142666 1217194 1231389 1092974 1245533 1149756 1298759 1117821 1114261 1323633 1160410 1174604 1210077 1167507 1128471 1210095 1139117 1121373 1128452 1146215 1291720 1266876 1227838 1217193 1135548 1171057 1142666 1195900]
Response/bytes (per Connection):  [1657129 1702186 1652100 1511946 1762279 1637109 1762288 1642121 1687165 1697184 1712212 1707205 1772277 1672173 1617087 1722200 1572027 1777310 1677140 1551989 1702177 1652092 1607074 1747219 1802300 1597052 1722230 1582045 1652143 1597049 1792266 1712170 1577026 1672161 1682165 1692184 1642119 1657099 1677162 1772282 1562023 1637117 1667135 1742233 1707151 1652123 1657146 1602066 1637117 1557010 1687174 1807338 1521954 1702188 1677159 1747207 1637123 1702202 1672169 1607070 1602040 1536987 1672167 1797324 1662140 1622086 1597061 1627091 1647095 1662137 1832316 1682165 1577027 1612088 1562015 1526964 1617054 1687174 1602067 1511946 1682168 1526960 1732242 1727195 1712225 1687187 1852409 1637109 1757266 1637077 1667153 1782263 1717202 1657125 1692192 1642090 1682165 1617083 1702202 1787263 1757277 1662139 1602058 1752251 1687146 1652096 1566999 1511940 1697201 1572026 1577037 1732244 1577029 1592040 1662145 1617095 1742264 1792317 1697196 1642130 1722185 1597057 1647130 1817348 1607044 1637117 1592039 1551999 1587022 1642113 1697199 1742248 1546975 1722189 1521960 1772237 1546992 1617070 1747268 1682163 1712221 1662109 1642119 1742258 1867422 1622083 1672173 1757282 1697180 1747268 1501932 1857414 1516959 1562007 1717165 1767292 1797330 1607076 1667156 1622092 1702195 1602066 1501932 1546988 1627090 1717215 1652142 1647122 1862358 1642116 1617085 1752267 1627069 1692177 1652140 1692187 1752253 1677147 1697188 1747273 1667164 1657103 1702199 1757240 1652139 1607069 1627066 1562021 1642097 1712228 1552005 1677121 1501932 1531967 1597054 1627101 1627063 1567015 1792279 1677133 1747258 1692176 1657140 1837383 1707211 1747249 1627086 1767274 1752271 1717184 1747256 1672123 1652137 1757254 1521964 1577043 1541995 1587050 1822372 1622091 1657148 1582034 1536976 1662135 1607086 1607048 1672165 1762281 1682169 1587026 1717219 1747257 1557005 1577042 1592047 1682173 1572031 1481902 1732243 1667148 1767286 1737259 1546998 1702189 1752256 1667162 1682160 1541989 1551995 1742245 1577029 1712180 1687173 1652140 1587027 1662147 1707160 1677163 1757271 1722218 1642111 1667145 1682177 1707172 1652141 1707205 1707205 1737239 1632112 1722226 1802318 1697142 1612086 1717220 1737255 1541984 1757231 1622078 1832303 1577027 1572001 1867377 1637112 1657140 1707169 1647123 1592047 1707215 1607077 1582045 1592042 1617093 1822360 1787308 1732246 1717219 1602062 1652123 1612082 1687180]
Requests Number (per Connection):  [331 340 330 302 352 327 352 328 337 339 342 341 354 334 323 344 314 355 335 310 340 330 321 349 360 319 344 316 330 319 358 342 315 334 336 338 328 331 335 354 312 327 333 348 341 330 331 320 327 311 337 361 304 340 335 349 327 340 334 321 320 307 334 359 332 324 319 325 329 332 366 336 315 322 312 305 323 337 320 302 336 305 346 345 342 337 370 327 351 327 333 356 343 331 338 328 336 323 340 357 351 332 320 350 337 330 313 302 339 314 315 346 315 318 332 323 348 358 339 328 344 319 329 363 321 327 318 310 317 328 339 348 309 344 304 354 309 323 349 336 342 332 328 348 373 324 334 351 339 349 300 371 303 312 343 353 359 321 333 324 340 320 300 309 325 343 330 329 372 328 323 350 325 338 330 338 350 335 339 349 333 331 340 351 330 321 325 312 328 342 310 335 300 306 319 325 325 313 358 335 349 338 331 367 341 349 325 353 350 343 349 334 330 351 304 315 308 317 364 324 331 316 307 332 321 321 334 352 336 317 343 349 311 315 318 336 314 296 346 333 353 347 309 340 350 333 336 308 310 348 315 342 337 330 317 332 341 335 351 344 328 333 336 341 330 341 341 347 326 344 360 339 322 343 347 308 351 324 366 315 314 373 327 331 341 329 318 341 321 316 318 323 364 357 346 343 320 330 322 337]
Requests/sec:  5765.377360026042 KB
Transfer/sec:  13899.21513671875 KB

