2023-12-03 07:03:14.746159178 +0800 CST m=+41750.024094550
Running 1m0s myx-test @ https://192.168.12.127:6443/apis/apps/v1/namespaces/myx-test/statefulsets
3 connections
Requests/bytes (per Connection):  [20905548 24792381 22433901]
Response/bytes (per Connection):  [37619208 44613500 40369434]
Requests Number (per Connection):  [5868 6959 6297]
Requests/sec:  1108.91650390625 KB
Transfer/sec:  3104.394075520833 KB

2023-12-03 07:04:55.259967078 +0800 CST m=+41850.537902452
Running 1m0s myx-test @ https://192.168.12.127:6443/apis/apps/v1/namespaces/myx-test/statefulsets
6 connections
Requests/bytes (per Connection):  [17777565 18657530 17104202 18807188 17211090 17727648]
Response/bytes (per Connection):  [31990465 33573941 30778729 33843281 30971083 31900592]
Requests Number (per Connection):  [4990 5237 4801 5279 4831 4976]
Requests/sec:  1746.178759765625 KB
Transfer/sec:  4888.40029296875 KB

2023-12-03 07:06:36.081776486 +0800 CST m=+41951.359711871
Running 1m0s myx-test @ https://192.168.12.127:6443/apis/apps/v1/namespaces/myx-test/statefulsets
9 connections
Requests/bytes (per Connection):  [14389495 14008281 13046379 13908520 14432189 14371698 13014314 13060579 13972654]
Response/bytes (per Connection):  [25893682 25207679 23476763 25028152 25970440 25861676 23419061 23502255 25143568]
Requests Number (per Connection):  [4039 3932 3662 3904 4051 4034 3653 3666 3922]
Requests/sec:  2021.5512532552084 KB
Transfer/sec:  5659.299886067708 KB

2023-12-03 07:08:16.365371119 +0800 CST m=+42051.643306513
Running 1m0s myx-test @ https://192.168.12.127:6443/apis/apps/v1/namespaces/myx-test/statefulsets
15 connections
Requests/bytes (per Connection):  [11140326 10933740 10858870 10032356 11197394 11026377 10791225 10103584 11147474 10075099 10035949 11122494 10855349 10883860 10178405]
Response/bytes (per Connection):  [20046799 19675107 19540314 18053036 20149571 19841816 19418642 18181180 20059689 18129941 18059538 20014688 19534028 19585345 18315826]
Requests Number (per Connection):  [3127 3069 3048 2816 3143 3095 3029 2836 3129 2828 2817 3122 3047 3055 2857]
Requests/sec:  2610.39228515625 KB
Transfer/sec:  7307.74775390625 KB

2023-12-03 07:09:56.698874294 +0800 CST m=+42151.976809678
Running 1m0s myx-test @ https://192.168.12.127:6443/apis/apps/v1/namespaces/myx-test/statefulsets
30 connections
Requests/bytes (per Connection):  [6968491 6320104 6925792 6380682 6776139 6997034 6327232 6818893 6925741 6932910 7007665 6409178 6836695 6854514 6868790 6266702 6359305 6815347 6872354 7036198 6366429 6943587 6932844 6982754 6950738 6323667 6476854 6883042 6298727 7096738]
Response/bytes (per Connection):  [12539661 11372914 12462888 11481939 12193563 12591074 11385744 12270501 12462735 12475688 12610136 11533211 12302522 12334594 12360314 11276863 11443470 12264140 12366729 12661519 11456288 12494888 12475490 12565342 12507787 11379326 11654976 12385962 11334445 12770430]
Requests Number (per Connection):  [1956 1774 1944 1791 1902 1964 1776 1914 1944 1946 1967 1799 1919 1924 1928 1759 1785 1913 1929 1975 1787 1949 1946 1960 1951 1775 1818 1932 1768 1992]
Requests/sec:  3287.03037109375 KB
Transfer/sec:  9201.990315755209 KB

2023-12-03 07:11:36.866604125 +0800 CST m=+42252.144539497
Running 1m0s myx-test @ https://192.168.12.127:6443/apis/apps/v1/namespaces/myx-test/statefulsets
60 connections
Requests/bytes (per Connection):  [4050753 4015097 3858367 4040008 3950937 3950966 4057825 4082765 3655216 4064948 4050699 3812063 3676673 4072107 3933121 3958061 3726553 3890444 3975878 3797810 3954537 3983078 3979492 3698014 3904670 4036496 4146895 4004379 3726524 4089919 3829806 3779980 3968750 4043571 3815547 4011521 3854817 4054309 3762152 4111308 3936710 3886805 3719398 3819109 4086328 3790606 4065009 3708738 4093451 4161179 3940276 3801374 3858307 3990129 4157584 4079255 4057822 3758540 3975886 3740730]
Response/bytes (per Connection):  [7289310 7225112 6943110 7269906 7109618 7109705 7301972 7346853 6577446 7314787 7289148 6859799 6616155 7327710 7077555 7122436 6705917 7000848 7154502 6834148 7116141 7167548 7161067 6654516 7026418 7263647 7462257 7205789 6705830 7359761 6891643 6802043 7141672 7276318 6865974 7218661 6936737 7295701 6769944 7398266 7084045 6994208 6693006 6872383 7353265 6821090 7314970 6673857 7366080 7488001 7090466 6840563 6942930 7180147 7481493 7340600 7301963 6763385 7154526 6731340]
Requests Number (per Connection):  [1137 1127 1083 1134 1109 1109 1139 1146 1026 1141 1137 1070 1032 1143 1104 1111 1046 1092 1116 1066 1110 1118 1117 1038 1096 1133 1164 1124 1046 1148 1075 1061 1114 1135 1071 1126 1082 1138 1056 1154 1105 1091 1044 1072 1147 1064 1141 1041 1149 1168 1106 1067 1083 1120 1167 1145 1139 1055 1116 1050]
Requests/sec:  3841.1994140625 KB
Transfer/sec:  10753.378580729166 KB

2023-12-03 07:13:17.072893522 +0800 CST m=+42352.350828897
Running 1m0s myx-test @ https://192.168.12.127:6443/apis/apps/v1/namespaces/myx-test/statefulsets
90 connections
Requests/bytes (per Connection):  [3017536 3099513 2871458 3046070 3046072 2992596 2889273 3085231 2989039 3056730 3035350 3046039 2956969 2796642 3092357 2974781 3074545 2928522 2814452 3028225 3085253 3081670 3003286 3081701 3106608 2953463 2924932 3067416 2967691 3060293 2974781 2989035 3110171 2871456 3113741 3010410 2828736 2949841 3085242 2921366 2867893 3095919 3063856 2971218 3120860 2960598 3117316 3231310 2892915 2903574 2885710 3206370 2964092 2871534 3028264 3131549 2910709 2928463 2875019 3135112 2949875 2889341 3199244 3135132 3177867 2964092 2899962 3085260 3206370 3031812 3060292 3135111 3085240 3088827 2857221 3063854 3245562 3124423 3142237 3049632 2867974 2821578 3056728 2932028 3010410 3038913 3195684 2960531 2924900 2910650]
Response/bytes (per Connection):  [5429989 5577549 5167112 5481375 5481381 5385108 5199172 5551811 5378714 5500524 5462046 5481282 5320997 5032481 5564635 5353048 5532584 5269872 5064526 5449225 5551877 5545405 5404347 5545498 5590280 5314756 5263379 5519751 5340332 5506936 5353048 5378702 5596692 5167106 5603125 5417165 5090270 5308167 5551844 5256958 5160694 5571044 5513348 5346636 5615928 5327607 5609573 5814691 5205821 5224967 5192760 5769810 5333812 5167340 5449342 5635164 5237818 5269695 5173518 5641576 5308269 5199376 5756986 5641636 5718517 5333812 5218408 5551898 5769810 5455709 5506933 5641573 5551838 5558322 5141509 5513342 5840339 5622340 5654397 5487784 5160937 5077350 5500518 5276113 5417165 5468458 5750583 5327406 5263283 5237641]
Requests Number (per Connection):  [847 870 806 855 855 840 811 866 839 858 852 855 830 785 868 835 863 822 790 850 866 865 843 865 872 829 821 861 833 859 835 839 873 806 874 845 794 828 866 820 805 869 860 834 876 831 875 907 812 815 810 900 832 806 850 879 817 822 807 880 828 811 898 880 892 832 814 866 900 851 859 880 866 867 802 860 911 877 882 856 805 792 858 823 845 853 897 831 821 817]
Requests/sec:  4415.714892578125 KB
Transfer/sec:  12361.7185546875 KB

2023-12-03 07:14:57.245673087 +0800 CST m=+42452.523608463
Running 1m0s myx-test @ https://192.168.12.127:6443/apis/apps/v1/namespaces/myx-test/statefulsets
150 connections
Requests/bytes (per Connection):  [1820481 1781309 1959437 1791980 1781356 1774191 2084136 1820483 1995066 1966608 1738536 2009321 1813379 1841860 1788481 1888177 1759913 1702907 1713669 1884635 1781332 1727893 2002189 1909563 1774165 2062759 1813355 1806250 2034264 1881051 1859675 1841861 1866817 1781291 1784870 1930989 1802690 1998665 1938094 1777807 1767037 1962997 2009352 1759992 1995064 1991502 1774240 1777728 1770681 1959435 1820483 2130454 1870385 1745740 1948772 1998666 1763556 2134018 2055656 1888176 1895302 1841900 1685171 1962997 1713596 1745714 1802669 1784854 1995064 1802706 1806232 1834809 1799178 1806231 1866808 1731410 1720721 1681596 1838298 1852617 1945183 1973732 1710032 2091262 1991501 1727926 1959484 1856112 1980842 2023568 1984408 2073450 2009315 1777728 1742099 1977273 1759917 1799106 1663715 1962997 1656656 1720721 1838298 1667299 1784854 1877528 1827607 1795622 1806268 1848987 1888229 1991501 1720722 1888184 1870374 1962999 1749304 1677992 1670841 1888179 1977261 1713637 1987937 1706470 1824057 2034256 1834798 1802696 2016443 1813356 1802689 1802666 2037818 1738575 1777744 1645979 1781368 1799106 1838298 1845456 1827656 1948783 1674440 1927370 1841860 1756429 1770621 1938109 1702907 1720722]
Response/bytes (per Connection):  [3275896 3205427 3525961 3224609 3205568 3192627 3750363 3275902 3590078 3538920 3128432 3615735 3263144 3314371 3218389 3397721 3166901 3064315 3083770 3391372 3205496 3109334 3602893 3436217 3192549 3711894 3263072 3250311 3660625 3384897 3346431 3314374 3359303 3205373 3211833 3474833 3243908 3596598 3487594 3199198 3179719 3532364 3615828 3167138 3590072 3583663 3192774 3198961 3186374 3525955 3275902 3833716 3365730 3141490 3506797 3596601 3173553 3840131 3699139 3397718 3410542 3314491 3032492 3532364 3083551 3141412 3243845 3211785 3590072 3243956 3250257 3301772 3237649 3250254 3359276 3115608 3096372 3026044 3307962 3333811 3500307 3551738 3077136 3763187 3583660 3109433 3526102 3340019 3564514 3641368 3570935 3731136 3615717 3198961 3134844 3558084 3166913 3237433 2993786 3532364 2981163 3096372 3307962 3000261 3211785 3378605 3288720 3231258 3250365 3327198 3397877 3583660 3096375 3397742 3365697 3532370 3147905 3019509 3006610 3397727 3558048 3083674 3577245 3070727 3282347 3660601 3301739 3243926 3628547 3263075 3243905 3243836 3667010 3128549 3199009 2961963 3205604 3237433 3307962 3320882 3288867 3506830 3013130 3468253 3314371 3160726 3186194 3487639 3064315 3096375]
Requests Number (per Connection):  [511 500 550 503 500 498 585 511 560 552 488 564 509 517 502 530 494 478 481 529 500 485 562 536 498 579 509 507 571 528 522 517 524 500 501 542 506 561 544 499 496 551 564 494 560 559 498 499 497 550 511 598 525 490 547 561 495 599 577 530 532 517 473 551 481 490 506 501 560 506 507 515 505 507 524 486 483 472 516 520 546 554 480 587 559 485 550 521 556 568 557 582 564 499 489 555 494 505 467 551 465 483 516 468 501 527 513 504 507 519 530 559 483 530 525 551 491 471 469 530 555 481 558 479 512 571 515 506 566 509 506 506 572 488 499 462 500 505 516 518 513 547 470 541 517 493 497 544 478 483]
Requests/sec:  4518.467350260416 KB
Transfer/sec:  12649.3748046875 KB

2023-12-03 07:16:37.585522029 +0800 CST m=+42552.863457407
Running 1m0s myx-test @ https://192.168.12.127:6443/apis/apps/v1/namespaces/myx-test/statefulsets
300 connections
Requests/bytes (per Connection):  [1168548 1204167 1257620 1225558 1250498 1175664 1236226 1282563 1271876 1229119 1279002 1211302 1303908 1261187 1243360 1147174 1318155 1132922 1314629 1100847 1225558 1225517 1179210 1221995 1257622 1243372 1229121 1275437 1150714 1225558 1140046 1189894 1271874 1214869 1296752 1400123 1282545 1311066 1197055 1204180 1289690 1300371 1246934 1115107 1289690 1289634 1275426 1296786 1250498 1328881 1307503 1246896 1197055 1279002 1214856 1239809 1321695 1229121 1282505 1268313 1279001 1336006 1207743 1164989 1207744 1221993 1282521 1218390 1186364 1261187 1207744 1385887 1172086 1218432 1293254 1257576 1307455 1321755 1346694 1175677 1261185 1371637 1300330 1271876 1289686 1293251 1261187 1271874 1378762 1204180 1350257 1293252 1221995 1278954 1143609 1232670 1286072 1161426 1236247 1218403 1293253 1225558 1250455 1246936 1325317 1186366 1250496 1200587 1289688 1293193 1236200 1300342 1164962 1264750 1207744 1072353 1232668 1257624 1118657 1378682 1328883 1214869 1143611 1303942 1257625 1232684 1321729 1410829 1218430 1332406 1211278 1211294 1371618 1239807 1182803 1172114 1371606 1318192 1257622 1318194 1246935 1221995 1339517 1186366 1204142 1193492 1296817 1318192 1172114 1286125 1346677 1261187 1357347 1150737 1271875 1318183 1296816 1282541 1221983 1318191 1093730 1225514 1229119 1225514 1357333 1286104 1279000 1321756 1261139 1175647 1275381 1221993 1296816 1268312 1360868 1296816 1321717 1211307 1339538 1357386 1343127 1257574 1211307 1389450 1154276 1250488 1325311 1129359 1353802 1311058 1204178 1204152 1236246 1200598 1257624 1321738 1407265 1279002 1175678 1207744 1328882 1182803 1261187 1289659 1221996 1254048 1360883 1225554 1254009 1225558 1335987 1382314 1218432 1357384 1200618 1250498 1147174 1268311 1293253 1125797 1172115 1343132 1164961 1150714 1268305 1293205 1207735 1314629 1161425 1186366 1335938 1343077 1250496 1261187 1261186 1296817 1393013 1293219 1400113 1236216 1168522 1293200 1104420 1357384 1282563 1246890 1321757 1257624 1300377 1261170 1300377 1072353 1125797 1303940 1140028 1214829 1318164 1396567 1197025 1271876 1293253 1360938 1197054 1229120 1179240 1221977 1129358 1250499 1307505 1207744 1211307 1250498 1229077 1300379 1254056 1268311 1211306 1271875 1157863 1189900 1246936 1175676 1325263 1293251 1218432 1289650 1346658 1289689 1218430 1140028 1161426 1250458 1311035 1236202 1229120 1296774 1271819 1246934 1353823 1250497]
Response/bytes (per Connection):  [2102788 2166875 2263079 2205386 2250267 2115582 2224559 2307969 2288739 2211792 2301563 2179726 2346342 2269503 2237407 2064328 2371975 2038680 2365674 1980948 2205386 2205263 2121943 2198974 2263085 2237443 2211798 2295145 2070671 2205386 2051498 2141164 2288733 2186150 2333428 2519508 2307915 2359262 2154093 2166914 2320796 2340008 2243852 2006620 2320796 2320628 2295112 2333530 2250267 2391322 2352850 2243738 2154093 2301563 2186111 2231031 2378318 2211798 2307795 2282327 2301560 2404143 2173326 2096388 2173329 2198968 2307843 2192436 2134851 2269503 2173329 2493908 2109125 2192562 2327211 2262947 2352706 2378498 2423376 2115621 2269497 2468266 2339885 2288739 2320784 2327202 2269503 2288733 2481087 2166914 2429788 2327205 2198974 2301419 2057910 2218168 2314219 2089976 2224622 2192475 2327208 2205386 2250138 2243858 2384907 2134857 2250261 2160412 2320790 2327028 2224481 2339921 2096307 2275915 2173329 1929682 2218162 2263091 2012993 2480847 2391328 2186150 2057916 2346444 2263094 2218210 2378420 2538795 2192556 2397620 2179654 2179702 2468209 2231025 2128445 2109209 2468173 2372086 2263085 2372092 2243855 2198974 2410399 2134857 2166800 2147681 2333623 2372086 2109209 2314378 2423325 2269503 2442504 2070740 2288736 2372059 2333620 2307903 2198938 2372083 1968151 2205254 2211792 2205254 2442462 2314315 2301557 2378501 2269359 2115531 2294977 2198968 2333620 2282324 2448790 2333620 2378384 2179741 2410462 2442621 2416952 2262941 2179741 2500320 2077080 2250237 2384889 2032268 2436146 2359238 2166908 2166830 2224619 2160445 2263091 2378447 2532380 2301563 2115624 2173329 2391325 2128445 2269503 2320703 2198977 2256640 2448835 2205374 2256523 2205386 2404086 2487466 2192562 2442615 2160505 2250267 2064328 2282321 2327208 2025859 2109212 2416967 2096304 2070671 2282303 2327064 2173302 2365674 2089973 2134857 2403939 2416802 2250261 2269503 2269500 2333623 2506732 2327106 2519478 2224529 2102710 2327049 1987390 2442615 2307969 2243720 2378504 2263091 2340026 2269452 2340026 1929682 2025859 2346438 2051444 2186030 2372002 2513117 2154003 2288739 2327208 2449000 2154090 2211795 2122033 2198920 2032265 2250270 2352856 2173329 2179741 2250267 2211666 2340032 2256664 2282321 2179738 2288736 2083564 2141182 2243858 2115618 2384745 2327202 2192562 2320676 2423268 2320793 2192556 2051444 2089976 2250147 2359169 2224487 2211795 2333494 2288568 2243852 2436209 2250264]
Requests Number (per Connection):  [328 338 353 344 351 330 347 360 357 345 359 340 366 354 349 322 370 318 369 309 344 344 331 343 353 349 345 358 323 344 320 334 357 341 364 393 360 368 336 338 362 365 350 313 362 362 358 364 351 373 367 350 336 359 341 348 371 345 360 356 359 375 339 327 339 343 360 342 333 354 339 389 329 342 363 353 367 371 378 330 354 385 365 357 362 363 354 357 387 338 379 363 343 359 321 346 361 326 347 342 363 344 351 350 372 333 351 337 362 363 347 365 327 355 339 301 346 353 314 387 373 341 321 366 353 346 371 396 342 374 340 340 385 348 332 329 385 370 353 370 350 343 376 333 338 335 364 370 329 361 378 354 381 323 357 370 364 360 343 370 307 344 345 344 381 361 359 371 354 330 358 343 364 356 382 364 371 340 376 381 377 353 340 390 324 351 372 317 380 368 338 338 347 337 353 371 395 359 330 339 373 332 354 362 343 352 382 344 352 344 375 388 342 381 337 351 322 356 363 316 329 377 327 323 356 363 339 369 326 333 375 377 351 354 354 364 391 363 393 347 328 363 310 381 360 350 371 353 365 354 365 301 316 366 320 341 370 392 336 357 363 382 336 345 331 343 317 351 367 339 340 351 345 365 352 356 340 357 325 334 350 330 372 363 342 362 378 362 342 320 326 351 368 347 345 364 357 350 380 351]
Requests/sec:  6127.342805989583 KB
Transfer/sec:  17153.40458984375 KB

