2024-01-01 15:14:08.599791153 +0000 UTC m=+368087.139992426
Running 1m0s myx-test @ https://192.168.12.127:6443/api/v1/namespaces/myx-test/configmaps
3 connections
Requests/bytes (per Connection):  [4138187 4120010 4101833]
Response/bytes (per Connection):  [5684499 5659530 5634561]
Requests Number (per Connection):  [683 680 677]
Requests/sec:  201.17236328125 KB
Transfer/sec:  477.5166015625 KB

2024-01-01 17:28:04.345311111 +0000 UTC m=+376122.885512405
Running 1m0s myx-test @ https://192.168.12.127:6443/api/v1/namespaces/myx-test/configmaps
6 connections
Requests/bytes (per Connection):  [3435343 3465638 3356576 3338399 3356576 3308104]
Response/bytes (per Connection):  [4719031 4760646 4610832 4585863 4610832 4544248]
Requests Number (per Connection):  [567 572 554 551 554 546]
Requests/sec:  329.76295572916666 KB
Transfer/sec:  782.748828125 KB

2024-01-01 19:44:28.226742412 +0000 UTC m=+384306.766943689
Running 1m0s myx-test @ https://192.168.12.127:6443/api/v1/namespaces/myx-test/configmaps
9 connections
Requests/bytes (per Connection):  [2847620 2980918 2968800 2883974 2914269 2974859 2823384 3029390 2890033]
Response/bytes (per Connection):  [3911700 4094806 4078160 3961638 4003253 4086483 3878408 4161390 3969961]
Requests Number (per Connection):  [470 492 490 476 481 491 466 500 477]
Requests/sec:  428.27550455729164 KB
Transfer/sec:  1016.58603515625 KB

2024-01-01 22:03:53.4702641 +0000 UTC m=+392672.010465368
Running 1m0s myx-test @ https://192.168.12.127:6443/api/v1/namespaces/myx-test/configmaps
15 connections
Requests/bytes (per Connection):  [2671909 2641614 2684027 2702204 2732499 2799148 2690086 2756735 2690086 2623437 2739010 2684470 2684470 2732950 2739010]
Response/bytes (per Connection):  [3670333 3628718 3686979 3711948 3753563 3845116 3695302 3786855 3695302 3603749 3762338 3687422 3687422 3754014 3762338]
Requests Number (per Connection):  [441 436 443 446 451 462 444 455 444 433 452 443 443 451 452]
Requests/sec:  660.345947265625 KB
Transfer/sec:  1567.43251953125 KB

2024-01-02 00:22:41.512022229 +0000 UTC m=+401000.052223491
Running 1m0s myx-test @ https://192.168.12.127:6443/api/v1/namespaces/myx-test/configmaps
30 connections
Requests/bytes (per Connection):  [2568906 2520434 2605260 2562847 2574965 2556788 2581024 2599201 2611319 2587083 2429950 2539030 2569330 2557210 2557210 2587510 2575390 2502670 2563270 2599630 2569330 2563270 2617810 2545090 2581450 2508730 2599630 2599630 2526910 2508730]
Response/bytes (per Connection):  [3528842 3462258 3578780 3520519 3537165 3512196 3545488 3570457 3587103 3553811 3337814 3487646 3529266 3512618 3512618 3554238 3537590 3437702 3520942 3570886 3529266 3520942 3595858 3495970 3545914 3446026 3570886 3570886 3470998 3446026]
Requests Number (per Connection):  [424 416 430 423 425 422 426 429 431 427 401 419 424 422 422 427 425 413 423 429 424 423 432 420 426 414 429 429 417 414]
Requests/sec:  1251.1329264322917 KB
Transfer/sec:  2969.73173828125 KB

2024-01-02 02:44:35.51947973 +0000 UTC m=+409514.059681008
Running 1m0s myx-test @ https://192.168.12.127:6443/api/v1/namespaces/myx-test/configmaps
60 connections
Requests/bytes (per Connection):  [2041773 1993301 2072068 2047832 2047832 2047832 2041773 2047832 2090245 2066009 1999690 1999690 1957270 2042110 1981510 2042110 2029990 2066350 2042110 1987570 2084530 2023930 2036050 2054230 1969390 2042110 2042110 2066350 2005750 2048170 2036050 2042110 2023930 2005750 2078470 2048170 2048170 1993630 2054230 2023930 2023930 2023930 2017870 2054230 2017870 1945150 2011810 2011810 2042110 2029990 1963330 2023930 1957270 2036050 2029990 2060290 1969390 2072410 1999690 2017870]
Response/bytes (per Connection):  [2804741 2738157 2846356 2813064 2813064 2813064 2804741 2813064 2871325 2838033 2746810 2746810 2688542 2805078 2721838 2805078 2788430 2838374 2805078 2730162 2863346 2780106 2796754 2821726 2705190 2805078 2805078 2838374 2755134 2813402 2796754 2805078 2780106 2755134 2855022 2813402 2813402 2738486 2821726 2780106 2780106 2780106 2771782 2821726 2771782 2671894 2763458 2763458 2805078 2788430 2696866 2780106 2688542 2796754 2788430 2830050 2705190 2846698 2746810 2771782]
Requests Number (per Connection):  [337 329 342 338 338 338 337 338 345 341 330 330 323 337 327 337 335 341 337 328 344 334 336 339 325 337 337 341 331 338 336 337 334 331 343 338 338 329 339 334 334 334 333 339 333 321 332 332 337 335 324 334 323 336 335 340 325 342 330 333]
Requests/sec:  1980.4830240885417 KB
Transfer/sec:  4700.92998046875 KB

