2024-01-01 16:08:57.034564662 +0000 UTC m=+371375.574765930
Running 1m0s myx-test @ https://192.168.12.127:6443/apis/batch/v1/namespaces/myx-test/cronjobs
3 connections
Requests/bytes (per Connection):  [4439758 4452300 4370777]
Response/bytes (per Connection):  [6667834 6686670 6564236]
Requests Number (per Connection):  [708 710 697]
Requests/sec:  215.866455078125 KB
Transfer/sec:  540.064697265625 KB

2024-01-01 18:24:14.210754291 +0000 UTC m=+379492.750955557
Running 1m0s myx-test @ https://192.168.12.127:6443/apis/batch/v1/namespaces/myx-test/cronjobs
6 connections
Requests/bytes (per Connection):  [3191829 3292165 3179287 3304707 3235726 3292165]
Response/bytes (per Connection):  [4793652 4944340 4774816 4963176 4859578 4944340]
Requests Number (per Connection):  [509 525 507 527 516 525]
Requests/sec:  317.31573893229165 KB
Transfer/sec:  793.8766438802083 KB

2024-01-01 20:42:44.662992459 +0000 UTC m=+387803.203193722
Running 1m0s myx-test @ https://192.168.12.127:6443/apis/batch/v1/namespaces/myx-test/cronjobs
9 connections
Requests/bytes (per Connection):  [3129119 3022512 3116577 3147932 3009970 3085222 3009970 3022512 3160474]
Response/bytes (per Connection):  [4699472 4539366 4680636 4727726 4520530 4633546 4520530 4539366 4746562]
Requests Number (per Connection):  [499 482 497 502 480 492 480 482 504]
Requests/sec:  450.91614583333336 KB
Transfer/sec:  1128.1253580729167 KB

2024-01-01 23:00:41.360375734 +0000 UTC m=+396079.900577001
Running 1m0s myx-test @ https://192.168.12.127:6443/apis/batch/v1/namespaces/myx-test/cronjobs
15 connections
Requests/bytes (per Connection):  [2884550 2940989 2922176 2959802 2953531 2959802 2940989 2890821 2878279 2821840 2910098 2954002 2872466 2966546 2991634]
Response/bytes (per Connection):  [4332170 4416932 4388678 4445186 4435768 4445186 4416932 4341588 4322752 4237990 4370306 4436239 4313792 4455077 4492753]
Requests Number (per Connection):  [460 469 466 472 471 472 469 461 459 450 464 471 458 473 477]
Requests/sec:  713.6641438802084 KB
Transfer/sec:  1785.4634440104167 KB

2024-01-02 01:21:39.878386386 +0000 UTC m=+404538.418587673
Running 1m0s myx-test @ https://192.168.12.127:6443/apis/batch/v1/namespaces/myx-test/cronjobs
30 connections
Requests/bytes (per Connection):  [2614897 2596084 2614897 2614897 2690149 2596084 2589813 2614897 2627439 2608626 2640402 2671762 2627858 2602770 2640402 2590226 2671762 2602770 2583954 2621586 2634130 2634130 2652946 2602770 2590226 2596498 2552594 2627858 2615314 2621586]
Response/bytes (per Connection):  [3927196 3898942 3927196 3927196 4040212 3898942 3889524 3927196 3946032 3917778 3965289 4012384 3946451 3908775 3965289 3889937 4012384 3908775 3880518 3937032 3955870 3955870 3984127 3908775 3889937 3899356 3833423 3946451 3927613 3937032]
Requests Number (per Connection):  [417 414 417 417 429 414 413 417 419 416 421 426 419 415 421 413 426 415 412 418 420 420 423 415 413 414 407 419 417 418]
Requests/sec:  1278.472119140625 KB
Transfer/sec:  3198.483544921875 KB

2024-01-02 03:43:01.714475062 +0000 UTC m=+413020.254676330
Running 1m0s myx-test @ https://192.168.12.127:6443/apis/batch/v1/namespaces/myx-test/cronjobs
60 connections
Requests/bytes (per Connection):  [2207282 2144572 2201011 2163385 2188469 2119488 2194740 2219824 2125759 2163385 2176274 2226450 2094738 2144914 2138642 2107282 2157458 2182546 2151186 2226450 2082194 2176274 2188818 2151186 2195090 2113554 2182546 2151186 2176274 2132370 2132370 2182546 2188818 2188818 2170002 2163730 2144914 2075922 2151186 2170002 2132370 2119826 2226450 2144914 2176274 2113554 2157458 2101010 2163730 2163730 2170002 2163730 2170002 2144914 2094738 2157458 2188818 2220178 2113554 2170002]
Response/bytes (per Connection):  [3315026 3220846 3305608 3249100 3286772 3183174 3296190 3333862 3192592 3249100 3268283 3343635 3145836 3221188 3211769 3164674 3240026 3277702 3230607 3343635 3126998 3268283 3287121 3230607 3296540 3174093 3277702 3230607 3268283 3202350 3202350 3277702 3287121 3287121 3258864 3249445 3221188 3117579 3230607 3258864 3202350 3183512 3343635 3221188 3268283 3174093 3240026 3155255 3249445 3249445 3258864 3249445 3258864 3221188 3145836 3240026 3287121 3334216 3174093 3258864]
Requests Number (per Connection):  [352 342 351 345 349 338 350 354 339 345 347 355 334 342 341 336 344 348 343 355 332 347 349 343 350 337 348 343 347 340 340 348 349 349 346 345 342 331 343 346 340 338 355 342 347 337 344 335 345 345 346 345 346 342 334 344 349 354 337 346]
Requests/sec:  2108.469514973958 KB
Transfer/sec:  5274.953873697917 KB

