2024-01-01 14:27:34.398275923 +0000 UTC m=+365292.938477199
Running 1m0s myx-test @ https://192.168.12.127:6443/apis/apps/v1/namespaces/myx-test/daemonsets
3 connections
Requests/bytes (per Connection):  [4335300 4173112 4354014]
Response/bytes (per Connection):  [6681620 6431656 6710462]
Requests Number (per Connection):  [695 669 698]
Requests/sec:  209.34938151041666 KB
Transfer/sec:  532.0013671875 KB

2024-01-01 16:40:08.793864727 +0000 UTC m=+373247.334066021
Running 1m0s myx-test @ https://192.168.12.127:6443/apis/apps/v1/namespaces/myx-test/daemonsets
6 connections
Requests/bytes (per Connection):  [3262364 3199984 3162556 3218698 3212460 3281078]
Response/bytes (per Connection):  [5028012 4931872 4874188 4960714 4951100 5056854]
Requests Number (per Connection):  [523 513 507 516 515 526]
Requests/sec:  314.7320963541667 KB
Transfer/sec:  799.802734375 KB

2024-01-01 18:56:00.625213901 +0000 UTC m=+381399.165415169
Running 1m0s myx-test @ https://192.168.12.127:6443/apis/apps/v1/namespaces/myx-test/daemonsets
9 connections
Requests/bytes (per Connection):  [2775800 2831942 2750848 2763324 2806990 2725896 2763324 2894322 2806990]
Response/bytes (per Connection):  [4278120 4364646 4239664 4258892 4326190 4201208 4258892 4460786 4326190]
Requests Number (per Connection):  [445 454 441 443 450 437 443 464 450]
Requests/sec:  408.84498697916666 KB
Transfer/sec:  1038.965234375 KB

2024-01-01 21:14:57.713485155 +0000 UTC m=+389736.253686437
Running 1m0s myx-test @ https://192.168.12.127:6443/apis/apps/v1/namespaces/myx-test/daemonsets
15 connections
Requests/bytes (per Connection):  [2800752 2757086 2763324 2819466 2775800 2813228 2813228 2782038 2744610 2782038 2794962 2788723 2788723 2770006 2770006]
Response/bytes (per Connection):  [4316576 4249278 4258892 4345418 4278120 4335804 4335804 4287734 4230050 4287734 4307410 4297795 4297795 4268950 4268950]
Requests Number (per Connection):  [449 442 443 452 445 451 451 446 440 446 448 447 447 444 444]
Requests/sec:  679.75244140625 KB
Transfer/sec:  1727.3811848958333 KB

2024-01-01 23:33:27.605241761 +0000 UTC m=+398046.145443053
Running 1m0s myx-test @ https://192.168.12.127:6443/apis/apps/v1/namespaces/myx-test/daemonsets
30 connections
Requests/bytes (per Connection):  [2501328 2476376 2438948 2470138 2420234 2463900 2413996 2401520 2445186 2501328 2545402 2439339 2426861 2557880 2451817 2426861 2426861 2483012 2483012 2539163 2426861 2439339 2507968 2439339 2439339 2451817 2458056 2389427 2520446 2451817]
Response/bytes (per Connection):  [3855104 3816648 3758964 3807034 3730122 3797420 3720508 3701280 3768578 3855104 3922810 3759355 3740125 3942040 3778585 3740125 3740125 3826660 3826660 3913195 3740125 3759355 3865120 3759355 3759355 3778585 3788200 3682435 3884350 3778585]
Requests Number (per Connection):  [401 397 391 396 388 395 387 385 392 401 408 391 389 410 393 389 389 398 398 407 389 391 402 391 391 393 394 383 404 393]
Requests/sec:  1201.7833821614583 KB
Transfer/sec:  3053.9303059895833 KB

2024-01-02 01:55:06.524934733 +0000 UTC m=+406545.065136013
Running 1m0s myx-test @ https://192.168.12.127:6443/apis/apps/v1/namespaces/myx-test/daemonsets
60 connections
Requests/bytes (per Connection):  [2095858 2120810 2095858 2120810 2102096 2045954 2083382 2089620 2183190 2139524 2177301 2064999 2089955 2083716 2171062 2108672 2139867 2108672 2152345 2046282 2058760 2083716 2096194 2139867 2102433 2077477 2064999 2058760 2171062 2102433 2139867 2127389 2139867 2052521 2083716 2183540 2108672 2046282 2027565 2114911 2146106 2114911 2058760 2102433 2089955 2083716 2114911 2102433 2133628 2127389 2114911 2089955 2114911 2189779 2046282 2089955 2121150 2096194 2164823 2102433]
Response/bytes (per Connection):  [3230194 3268650 3230194 3268650 3239808 3153282 3210966 3220580 3364790 3297492 3355525 3182455 3220915 3211300 3345910 3249760 3297835 3249760 3317065 3153610 3172840 3211300 3230530 3297835 3240145 3201685 3182455 3172840 3345910 3240145 3297835 3278605 3297835 3163225 3211300 3365140 3249760 3153610 3124765 3259375 3307450 3259375 3172840 3240145 3220915 3211300 3259375 3240145 3288220 3278605 3259375 3220915 3259375 3374755 3153610 3220915 3268990 3230530 3336295 3240145]
Requests Number (per Connection):  [336 340 336 340 337 328 334 335 350 343 349 331 335 334 348 338 343 338 345 328 330 334 336 343 337 333 331 330 348 337 343 341 343 329 334 350 338 328 325 339 344 339 330 337 335 334 339 337 342 341 339 335 339 351 328 335 340 336 347 337]
Requests/sec:  2057.3671712239584 KB
Transfer/sec:  5228.089029947917 KB

