2024-01-01 14:35:06.488465598 +0000 UTC m=+365745.028666873
Running 1m0s myx-test @ https://192.168.12.127:6443/apis/apps/v1/namespaces/myx-test/deployments
3 connections
Requests/bytes (per Connection):  [3595940 3645972 3520892]
Response/bytes (per Connection):  [5471015 5547135 5356835]
Requests Number (per Connection):  [575 583 563]
Requests/sec:  175.17584635416668 KB
Transfer/sec:  441.69578450520834 KB

2024-01-01 16:47:42.656762568 +0000 UTC m=+373701.196963854
Running 1m0s myx-test @ https://192.168.12.127:6443/apis/apps/v1/namespaces/myx-test/deployments
6 connections
Requests/bytes (per Connection):  [3139398 3120636 3183176 3183176 3201938 3314510]
Response/bytes (per Connection):  [4776420 4747875 4843025 4843025 4871570 5042840]
Requests Number (per Connection):  [502 499 509 509 512 530]
Requests/sec:  311.56956380208334 KB
Transfer/sec:  785.6052897135417 KB

2024-01-01 19:03:35.895984517 +0000 UTC m=+381854.436185795
Running 1m0s myx-test @ https://192.168.12.127:6443/apis/apps/v1/namespaces/myx-test/deployments
9 connections
Requests/bytes (per Connection):  [3058096 3101874 3101874 3208192 3164414 3101874 3145652 3114382 3045588]
Response/bytes (per Connection):  [4652725 4719330 4719330 4881085 4814480 4719330 4785935 4738360 4633695]
Requests Number (per Connection):  [489 496 496 513 506 496 503 498 487]
Requests/sec:  456.41188151041666 KB
Transfer/sec:  1150.8173177083333 KB

2024-01-01 21:22:41.9657036 +0000 UTC m=+390200.505904869
Running 1m0s myx-test @ https://192.168.12.127:6443/apis/apps/v1/namespaces/myx-test/deployments
15 connections
Requests/bytes (per Connection):  [2626570 2745396 2639078 2745396 2676602 2682856 2632824 2626570 2689110 2632824 2720815 2683285 2702050 2633245 2695795]
Response/bytes (per Connection):  [3996190 4176975 4015220 4176975 4072310 4081825 4005705 3996190 4091340 4005705 4139350 4082254 4110802 4006126 4101286]
Requests Number (per Connection):  [420 439 422 439 428 429 421 420 430 421 435 429 432 421 431]
Requests/sec:  653.196875 KB
Transfer/sec:  1646.983544921875 KB

2024-01-01 23:41:19.768135343 +0000 UTC m=+398518.308336631
Running 1m0s myx-test @ https://192.168.12.127:6443/apis/apps/v1/namespaces/myx-test/deployments
30 connections
Requests/bytes (per Connection):  [2395172 2388918 2270092 2370156 2401426 2307616 2307616 2332632 2338886 2245076 2320495 2282965 2358025 2282965 2301730 2314240 2408065 2351770 2307985 2270455 2307985 2301730 2314240 2301730 2333005 2339260 2333005 2351770 2270455 2289220]
Response/bytes (per Connection):  [3644135 3634620 3453835 3606075 3653650 3510925 3510925 3548985 3558500 3415775 3530326 3473230 3587422 3473230 3501778 3520810 3663550 3577906 3511294 3454198 3511294 3501778 3520810 3501778 3549358 3558874 3549358 3577906 3454198 3482746]
Requests Number (per Connection):  [383 382 363 379 384 369 369 373 374 359 371 365 377 365 368 370 385 376 369 363 369 368 370 368 373 374 373 376 363 366]
Requests/sec:  1134.418701171875 KB
Transfer/sec:  2860.31826171875 KB

2024-01-02 02:03:00.569097011 +0000 UTC m=+407019.109298277
Running 1m0s myx-test @ https://192.168.12.127:6443/apis/apps/v1/namespaces/myx-test/deployments
60 connections
Requests/bytes (per Connection):  [1994916 1963646 2026186 1976154 1994916 1988662 1919868 1963646 1994916 2001170 2020255 1970215 1988980 2007745 1988980 1976470 2045275 1988980 2014000 2064040 2064040 1995235 2032765 2026510 1920175 1945195 1988980 2051530 2070295 2001490 2032765 1976470 2026510 2014000 2014000 2057785 2020255 2045275 2020255 1995235 2057785 2014000 2026510 2020255 2020255 1988980 2032765 1982725 2039020 2051530 2026510 1988980 2051530 1995235 1963960 2026510 2082805 1976470 1988980 1945195]
Response/bytes (per Connection):  [3035175 2987600 3082750 3006630 3035175 3025660 2920995 2987600 3035175 3044690 3073558 2997430 3025978 3054526 3025978 3006946 3111622 3025978 3064042 3140170 3140170 3035494 3092590 3083074 2921302 2959366 3025978 3121138 3149686 3045010 3092590 3006946 3083074 3064042 3064042 3130654 3073558 3111622 3073558 3035494 3130654 3064042 3083074 3073558 3073558 3025978 3092590 3016462 3102106 3121138 3083074 3025978 3121138 3035494 2987914 3083074 3168718 3006946 3025978 2959366]
Requests Number (per Connection):  [319 314 324 316 319 318 307 314 319 320 323 315 318 321 318 316 327 318 322 330 330 319 325 324 307 311 318 328 331 320 325 316 324 322 322 329 323 327 323 319 329 322 324 323 323 318 325 317 326 328 324 318 328 319 314 324 333 316 318 311]
Requests/sec:  1960.7386881510417 KB
Transfer/sec:  4943.777522786459 KB

