2024-01-01 15:21:35.279843339 +0000 UTC m=+368533.820044607
Running 1m0s myx-test @ https://192.168.12.127:6443/api/v1/namespaces/myx-test/endpoints
3 connections
Requests/bytes (per Connection):  [4288642 4391186 4300706]
Response/bytes (per Connection):  [5875594 6016082 5892122]
Requests Number (per Connection):  [711 728 713]
Requests/sec:  211.27171223958334 KB
Transfer/sec:  500.72154947916664 KB

2024-01-01 17:35:39.22093656 +0000 UTC m=+376577.761137828
Running 1m0s myx-test @ https://192.168.12.127:6443/api/v1/namespaces/myx-test/endpoints
6 connections
Requests/bytes (per Connection):  [2997794 3033986 3046050 3027954 2991762 2937474]
Response/bytes (per Connection):  [4107098 4156682 4173210 4148418 4098834 4024458]
Requests Number (per Connection):  [497 503 505 502 496 487]
Requests/sec:  293.5387369791667 KB
Transfer/sec:  695.6985677083334 KB

2024-01-01 19:52:06.032455798 +0000 UTC m=+384764.572657073
Running 1m0s myx-test @ https://192.168.12.127:6443/api/v1/namespaces/myx-test/endpoints
9 connections
Requests/bytes (per Connection):  [3009858 3033986 3064146 3046050 2985730 3015890 3064146 3082242 3064146]
Response/bytes (per Connection):  [4123626 4156682 4198002 4173210 4090570 4131890 4198002 4222794 4198002]
Requests Number (per Connection):  [499 503 508 505 495 500 508 511 508]
Requests/sec:  445.41331380208334 KB
Transfer/sec:  1055.6473307291667 KB

2024-01-01 22:11:33.98400348 +0000 UTC m=+393132.524204746
Running 1m0s myx-test @ https://192.168.12.127:6443/api/v1/namespaces/myx-test/endpoints
15 connections
Requests/bytes (per Connection):  [2732386 2810802 2756514 2792706 2780642 2744450 2726354 2738418 2684130 2810802 2720773 2750938 2750938 2714740 2769037]
Response/bytes (per Connection):  [3743482 3850914 3776538 3826122 3809594 3760010 3735218 3751746 3677370 3850914 3727405 3768730 3768730 3719140 3793525]
Requests Number (per Connection):  [453 466 457 463 461 455 452 454 445 466 451 456 456 450 459]
Requests/sec:  671.93408203125 KB
Transfer/sec:  1592.4978515625 KB

2024-01-02 00:30:57.968043105 +0000 UTC m=+401496.508244387
Running 1m0s myx-test @ https://192.168.12.127:6443/api/v1/namespaces/myx-test/endpoints
30 connections
Requests/bytes (per Connection):  [2376498 2473010 2466978 2406658 2424754 2364434 2460946 2448882 2436818 2328242 2431189 2467387 2376892 2479453 2431189 2461354 2443255 2419123 2419123 2455321 2370859 2473420 2364826 2334661 2376892 2455321 2425156 2431189 2376892 2449288]
Response/bytes (per Connection):  [3255906 3388130 3379866 3297226 3322018 3239378 3371602 3355074 3338546 3189794 3330685 3380275 3256300 3396805 3330685 3372010 3347215 3314155 3314155 3363745 3248035 3388540 3239770 3198445 3256300 3363745 3322420 3330685 3256300 3355480]
Requests Number (per Connection):  [394 410 409 399 402 392 408 406 404 386 403 409 394 411 403 408 405 401 401 407 393 410 392 387 394 407 402 403 394 406]
Requests/sec:  1182.1290690104167 KB
Transfer/sec:  2801.6487630208335 KB

2024-01-02 02:52:41.938633925 +0000 UTC m=+410000.478835192
Running 1m0s myx-test @ https://192.168.12.127:6443/api/v1/namespaces/myx-test/endpoints
60 connections
Requests/bytes (per Connection):  [1966322 2008546 2032674 2062834 2050770 1936162 1978386 2008546 2032674 1996482 1990780 2033011 2026978 2026978 2014912 2014912 2020945 1972681 1996813 2039044 1978714 1996813 1990780 2026978 2051110 2057143 1960615 2020945 1984747 2008879 1990780 2045077 1972681 2002846 2014912 2063176 2087308 1954582 2020945 2033011 2069209 1996813 2014912 2033011 2051110 1960615 2069209 2008879 2008879 1990780 1990780 2002846 2093341 2075242 2008879 1990780 1996813 1990780 2020945 2057143]
Response/bytes (per Connection):  [2693954 2751802 2784858 2826178 2809650 2652634 2710482 2751802 2784858 2735274 2727340 2785195 2776930 2776930 2760400 2760400 2768665 2702545 2735605 2793460 2710810 2735605 2727340 2776930 2809990 2818255 2686015 2768665 2719075 2752135 2727340 2801725 2702545 2743870 2760400 2826520 2859580 2677750 2768665 2785195 2834785 2735605 2760400 2785195 2809990 2686015 2834785 2752135 2752135 2727340 2727340 2743870 2867845 2843050 2752135 2727340 2735605 2727340 2768665 2818255]
Requests Number (per Connection):  [326 333 337 342 340 321 328 333 337 331 330 337 336 336 334 334 335 327 331 338 328 331 330 336 340 341 325 335 329 333 330 339 327 332 334 342 346 324 335 337 343 331 334 337 340 325 343 333 333 330 330 332 347 344 333 330 331 330 335 341]
Requests/sec:  1967.8297200520833 KB
Transfer/sec:  4663.747721354167 KB

