2024-01-01 16:16:26.044702452 +0000 UTC m=+371824.584903726
Running 1m0s myx-test @ https://192.168.12.127:6443/apis/batch/v1/namespaces/myx-test/jobs
3 connections
Requests/bytes (per Connection):  [3694126 3712690 3669374]
Response/bytes (per Connection):  [5745198 5774070 5706702]
Requests Number (per Connection):  [597 600 593]
Requests/sec:  180.27652994791666 KB
Transfer/sec:  460.6471354166667 KB

2024-01-01 18:31:46.099616251 +0000 UTC m=+379944.639817514
Running 1m0s myx-test @ https://192.168.12.127:6443/apis/batch/v1/namespaces/myx-test/jobs
6 connections
Requests/bytes (per Connection):  [3174334 3205274 3329034 3285718 3131018 3285718]
Response/bytes (per Connection):  [4936782 4984902 5177382 5110014 4869414 5110014]
Requests Number (per Connection):  [513 518 538 531 506 531]
Requests/sec:  315.93580729166666 KB
Transfer/sec:  807.2852213541667 KB

2024-01-01 20:50:23.640291882 +0000 UTC m=+388262.180493150
Running 1m0s myx-test @ https://192.168.12.127:6443/apis/batch/v1/namespaces/myx-test/jobs
9 connections
Requests/bytes (per Connection):  [3007258 2902062 2902062 2920626 3032010 2846370 2976318 2994882 2871122]
Response/bytes (per Connection):  [4676934 4513326 4513326 4542198 4715430 4426710 4628814 4657686 4465206]
Requests Number (per Connection):  [486 469 469 472 490 460 481 484 464]
Requests/sec:  430.54541015625 KB
Transfer/sec:  1100.1357421875 KB

2024-01-01 23:08:27.004944347 +0000 UTC m=+396545.545145617
Running 1m0s myx-test @ https://192.168.12.127:6443/apis/batch/v1/namespaces/myx-test/jobs
15 connections
Requests/bytes (per Connection):  [2747362 2778302 2710234 2716422 2815430 2722610 2796866 2753550 2722610 2765926 2741617 2723050 2716861 2753995 2760184]
Response/bytes (per Connection):  [4272726 4320846 4214982 4224606 4378590 4234230 4349718 4282350 4234230 4301598 4264431 4235550 4225923 4283685 4293312]
Requests Number (per Connection):  [444 449 438 439 455 440 452 445 440 447 443 440 439 445 446]
Requests/sec:  670.980126953125 KB
Transfer/sec:  1714.5474609375 KB

2024-01-02 01:29:28.884475185 +0000 UTC m=+405007.424676463
Running 1m0s myx-test @ https://192.168.12.127:6443/apis/batch/v1/namespaces/myx-test/jobs
30 connections
Requests/bytes (per Connection):  [2567910 2555534 2561722 2605038 2512218 2543158 2567910 2530782 2549346 2574098 2605459 2555947 2580703 2586892 2580703 2525002 2562136 2568325 2549758 2543569 2574514 2518813 2586892 2555947 2617837 2549758 2617837 2555947 2599270 2543569]
Response/bytes (per Connection):  [3993630 3974382 3984006 4051374 3907014 3955134 3993630 3935886 3964758 4003254 4052637 3975621 4014129 4023756 4014129 3927486 3985248 3994875 3965994 3956367 4004502 3917859 4023756 3975621 4071891 3965994 4071891 3975621 4043010 3956367]
Requests Number (per Connection):  [415 413 414 421 406 411 415 409 412 416 421 413 417 418 417 408 414 415 412 411 416 407 418 413 423 412 423 413 420 411]
Requests/sec:  1252.3859700520834 KB
Transfer/sec:  3200.299739583333 KB

2024-01-02 03:51:30.580164095 +0000 UTC m=+413529.120365371
Running 1m0s myx-test @ https://192.168.12.127:6443/apis/batch/v1/namespaces/myx-test/jobs
60 connections
Requests/bytes (per Connection):  [2097622 2103810 2097622 2091434 2041930 2023366 2116186 2091434 2066682 2134750 2067016 2079394 2141284 2097961 2073205 2116528 2036071 2091772 2079394 2036071 2104150 2048449 2135095 2141284 2091772 2011315 2060827 2085583 1998937 2067016 2048449 2141284 2085583 2042260 2036071 2005126 2060827 2073205 2104150 2060827 2060827 2023693 2054638 2079394 2048449 2042260 2085583 1980370 2104150 2085583 2060827 2091772 2067016 2196985 2110339 2042260 2029882 2141284 2079394 2085583]
Response/bytes (per Connection):  [3262206 3271830 3262206 3252582 3175590 3146718 3291078 3252582 3214086 3319950 3215088 3234342 3330612 3263223 3224715 3292104 3166953 3253596 3234342 3166953 3272850 3186207 3320985 3330612 3253596 3128445 3205461 3243969 3109191 3215088 3186207 3330612 3243969 3176580 3166953 3118818 3205461 3224715 3272850 3205461 3205461 3147699 3195834 3234342 3186207 3176580 3243969 3080310 3272850 3243969 3205461 3253596 3215088 3417255 3282477 3176580 3157326 3330612 3234342 3243969]
Requests Number (per Connection):  [339 340 339 338 330 327 342 338 334 345 334 336 346 339 335 342 329 338 336 329 340 331 345 346 338 325 333 337 323 334 331 346 337 330 329 324 333 335 340 333 333 327 332 336 331 330 337 320 340 337 333 338 334 355 341 330 328 346 336 337]
Requests/sec:  2027.279150390625 KB
Transfer/sec:  5180.480859375 KB

