2024-01-01 15:29:05.059746131 +0000 UTC m=+368983.599947458
Running 1m0s myx-test @ https://192.168.12.127:6443/api/v1/namespaces/myx-test/limitranges
3 connections
Requests/bytes (per Connection):  [4310610 4347090 4310610]
Response/bytes (per Connection):  [5907278 5957270 5907278]
Requests Number (per Connection):  [709 715 709]
Requests/sec:  211.07275390625 KB
Transfer/sec:  500.327734375 KB

2024-01-01 17:43:08.507522645 +0000 UTC m=+377027.047723913
Running 1m0s myx-test @ https://192.168.12.127:6443/api/v1/namespaces/myx-test/limitranges
6 connections
Requests/bytes (per Connection):  [3161490 3179730 3228370 3283090 3283090 3185810]
Response/bytes (per Connection):  [4332530 4357526 4424182 4499170 4499170 4365858]
Requests Number (per Connection):  [520 523 531 540 540 524]
Requests/sec:  314.4788411458333 KB
Transfer/sec:  745.44296875 KB

2024-01-01 19:59:43.659446393 +0000 UTC m=+385222.199647667
Running 1m0s myx-test @ https://192.168.12.127:6443/api/v1/namespaces/myx-test/limitranges
9 connections
Requests/bytes (per Connection):  [3027730 2893970 2887890 2881810 2966930 2930450 2979090 3015570 2924370]
Response/bytes (per Connection):  [4149226 3965922 3957590 3949258 4065906 4015914 4082570 4132562 4007582]
Requests Number (per Connection):  [498 476 475 474 488 482 490 496 481]
Requests/sec:  431.4422200520833 KB
Transfer/sec:  1022.6943359375 KB

2024-01-01 22:19:16.587164865 +0000 UTC m=+393595.127366147
Running 1m0s myx-test @ https://192.168.12.127:6443/api/v1/namespaces/myx-test/limitranges
15 connections
Requests/bytes (per Connection):  [2808850 2772370 2748050 2839250 2760210 2766290 2772370 2796690 2845330 2760210 2864041 2718097 2870122 2815393 2784988]
Response/bytes (per Connection):  [3849274 3799282 3765954 3890934 3782618 3790950 3799282 3832610 3899266 3782618 3924733 3724741 3933066 3858069 3816404]
Requests Number (per Connection):  [462 456 452 467 454 455 456 460 468 454 471 447 472 463 458]
Requests/sec:  682.328466796875 KB
Transfer/sec:  1617.3838216145834 KB

2024-01-02 00:38:49.288882849 +0000 UTC m=+401967.829084135
Running 1m0s myx-test @ https://192.168.12.127:6443/api/v1/namespaces/myx-test/limitranges
30 connections
Requests/bytes (per Connection):  [2589970 2675090 2583890 2523090 2656850 2589970 2632530 2626450 2620370 2626450 2651206 2632963 2675530 2590396 2614720 2669449 2639044 2584315 2620801 2645125 2578234 2590396 2681611 2480938 2590396 2614720 2626882 2590396 2632963 2687692]
Response/bytes (per Connection):  [3549322 3665970 3540990 3457670 3640974 3549322 3607646 3599314 3590982 3599314 3633078 3608079 3666410 3549748 3583080 3658077 3616412 3541415 3591413 3624745 3533082 3549748 3674743 3399754 3549748 3583080 3599746 3549748 3608079 3683076]
Requests Number (per Connection):  [426 440 425 415 437 426 433 432 431 432 436 433 440 426 430 439 434 425 431 435 424 426 441 408 426 430 432 426 433 442]
Requests/sec:  1278.0344563802084 KB
Transfer/sec:  3029.414095052083 KB

2024-01-02 03:00:50.68319913 +0000 UTC m=+410489.223400408
Running 1m0s myx-test @ https://192.168.12.127:6443/api/v1/namespaces/myx-test/limitranges
60 connections
Requests/bytes (per Connection):  [2030610 2103570 2097490 2091410 2133970 2170450 2121810 2109650 2079250 2091410 2097835 2146483 2091754 2140402 1994458 2037025 2122159 2109997 2079592 2109997 2091754 2116078 2097835 2103916 2140402 2055268 2116078 2122159 2109997 2128240 2073511 2116078 2091754 2122159 2109997 2091754 2158645 2152564 2170807 2109997 2103916 2073511 2164726 2097835 2164726 1994458 2116078 2085673 2061349 2152564 2122159 2128240 2134321 2176888 2043106 2103916 2067430 2079592 2067430 2134321]
Response/bytes (per Connection):  [2782778 2882762 2874430 2866098 2924422 2974414 2907758 2891094 2849434 2866098 2874775 2941439 2866442 2933106 2733114 2791445 2908107 2891441 2849776 2891441 2866442 2899774 2874775 2883108 2933106 2816444 2899774 2908107 2891441 2916440 2841443 2899774 2866442 2908107 2891441 2866442 2958105 2949772 2974771 2891441 2883108 2841443 2966438 2874775 2966438 2733114 2899774 2858109 2824777 2949772 2908107 2916440 2924773 2983104 2799778 2883108 2833110 2849776 2833110 2924773]
Requests Number (per Connection):  [334 346 345 344 351 357 349 347 342 344 345 353 344 352 328 335 349 347 342 347 344 348 345 346 352 338 348 349 347 350 341 348 344 349 347 344 355 354 357 347 346 341 356 345 356 328 348 343 339 354 349 350 351 358 336 346 340 342 340 351]
Requests/sec:  2055.83583984375 KB
Transfer/sec:  4873.077864583333 KB

