2023-12-06 04:29:54.964276943 +0800 CST m=+28449.129014313
Running 1m0s myx-test @ https://192.168.12.127:6443/api/v1/namespaces
3 connections
Requests/bytes (per Connection):  [2514850 4574722 4107658]
Response/bytes (per Connection):  [3517280 6398280 5745030]
Requests Number (per Connection):  [420 764 686]
Requests/sec:  182.24658203125 KB
Transfer/sec:  437.1389973958333 KB

2023-12-06 04:48:18.925689016 +0800 CST m=+29553.090426382
Running 1m0s myx-test @ https://192.168.12.127:6443/api/v1/namespaces
6 connections
Requests/bytes (per Connection):  [3496882 3478918 1910062 3191494 1898086 3197482]
Response/bytes (per Connection):  [4890780 4865655 2671405 4463655 2654655 4472030]
Requests Number (per Connection):  [584 581 319 533 317 534]
Requests/sec:  279.5072265625 KB
Transfer/sec:  670.428125 KB

2023-12-06 05:07:50.495884262 +0800 CST m=+30724.660621641
Running 1m0s myx-test @ https://192.168.12.127:6443/api/v1/namespaces
9 connections
Requests/bytes (per Connection):  [3077722 2658562 1664554 3023830 2676526 3101674 2616646 1670542 1694494]
Response/bytes (per Connection):  [4304530 3718280 2328030 4229155 3743405 4338030 3659655 2336405 2369905]
Requests Number (per Connection):  [514 444 278 505 447 518 437 279 283]
Requests/sec:  361.07666015625 KB
Transfer/sec:  866.079833984375 KB

2023-12-06 05:28:23.041419344 +0800 CST m=+31957.206156717
Running 1m0s myx-test @ https://192.168.12.127:6443/api/v1/namespaces
15 connections
Requests/bytes (per Connection):  [1317250 2299282 2275330 2628622 2305270 2622634 2275330 2592694 1305274 2323234 2599116 2599116 1311481 1311481 1317470]
Response/bytes (per Connection):  [1842280 3215780 3182280 3676405 3224155 3668030 3182280 3626155 1825530 3249280 3635398 3635398 1834343 1834343 1842720]
Requests Number (per Connection):  [220 384 380 439 385 438 380 433 218 388 434 434 219 219 220]
Requests/sec:  505.91770833333334 KB
Transfer/sec:  1213.5084798177083 KB

2023-12-06 05:50:28.066451169 +0800 CST m=+33282.231188539
Running 1m0s myx-test @ https://192.168.12.127:6443/api/v1/namespaces
30 connections
Requests/bytes (per Connection):  [1784314 940006 1742398 934018 928030 1730422 1592698 940006 1598686 1592698 1730711 1592964 934174 1586975 922196 1724722 934174 940163 940163 1736700 1592964 1754667 1736700 1598953 934174 1598953 1730711 1616920 1706755 1634887]
Response/bytes (per Connection):  [2495530 1314655 2436905 1306280 1297905 2420155 2227530 1314655 2235905 2227530 2420733 2228062 1306592 2219685 1289838 2412356 1306592 1314969 1314969 2429110 2228062 2454241 2429110 2236439 1306592 2236439 2420733 2261570 2387225 2286701]
Requests Number (per Connection):  [298 157 291 156 155 289 266 157 267 266 289 266 156 265 154 288 156 157 157 290 266 293 290 267 156 267 289 270 285 273]
Requests/sec:  695.5062174479167 KB
Transfer/sec:  1668.2775065104167 KB

2023-12-06 06:14:12.087392674 +0800 CST m=+34706.252130043
Running 1m0s myx-test @ https://192.168.12.127:6443/api/v1/namespaces
60 connections
Requests/bytes (per Connection):  [844198 838210 478950 957970 940006 957970 844198 844198 838210 945994 479030 952141 485018 838350 485018 958130 952141 946152 485018 946152 479030 473042 970108 479030 838350 940163 485018 838350 485018 838350 473042 952141 856317 958130 958130 479030 485018 982086 952141 479030 958130 856317 491006 964119 952141 850328 479030 844339 970108 479030 485018 844339 479030 844339 850328 844339 850328 485018 850328 844339]
Response/bytes (per Connection):  [1095075 1086700 662040 1246420 1221295 1246420 1095075 1095075 1078920 1229670 662200 1246143 670575 1086980 670575 1254520 1246143 1237766 670575 1237766 662200 653825 1271274 662200 1086980 1229389 670575 1086980 670575 1086980 661605 1331723 1197691 1340100 1340100 669980 678355 1373608 1331723 669980 1340100 1197691 686730 1348477 1331723 1189314 669980 1180937 1356854 669980 678355 1180937 669980 1180937 1189314 1180937 1189314 678355 1189314 1180937]
Requests Number (per Connection):  [141 140 80 160 157 160 141 141 140 158 80 159 81 140 81 160 159 158 81 158 80 79 162 80 140 157 81 140 81 140 79 159 143 160 160 80 81 164 159 80 160 143 82 161 159 142 80 141 162 80 81 141 80 141 142 141 142 81 142 141]
Requests/sec:  742.8472005208333 KB
Transfer/sec:  1752.05849609375 KB

2023-12-06 06:38:26.379626271 +0800 CST m=+36160.544363643
Running 1m0s myx-test @ https://192.168.12.127:6443/api/v1/namespaces
90 connections
Requests/bytes (per Connection):  [323288 544807 329275 628630 622642 323288 622642 622642 544807 317301 544898 628735 628735 544898 323342 622746 628735 628735 622746 538910 329330 323342 616757 550886 323342 544898 329330 538910 550886 538910 544898 317354 538910 323342 622746 622746 544898 550886 538910 544898 616757 538910 323342 622746 323342 532922 544898 538910 544898 550886 323342 323342 622746 323342 622746 616757 616757 628735 610768 616757 329330 628735 329330 317354 538910 323342 634724 634724 323342 323342 556874 628735 323342 550886 550886 323342 628735 329330 317354 323342 622746 550886 323342 634724 544898 628735 323342 544898 544898 323342]
Response/bytes (per Connection):  [452122 699683 460495 824695 816320 452122 800760 800760 699683 443749 762105 817125 879365 699865 452230 808748 817125 817125 870988 691490 460605 452230 800371 770480 452230 699865 460605 691490 770480 691490 754325 436075 683710 444450 723168 863208 754325 684900 683710 754325 714791 683710 444450 723168 444450 683115 754325 683710 684305 762700 444450 444450 863208 444450 715388 707011 707011 871585 698634 707011 460605 879365 460605 443855 753730 452230 887742 887742 452230 452230 778855 879365 452230 770480 770480 452230 879365 460605 443855 452230 870988 770480 452230 887742 762105 879365 452230 762105 762105 452230]
Requests Number (per Connection):  [54 91 55 105 104 54 104 104 91 53 91 105 105 91 54 104 105 105 104 90 55 54 103 92 54 91 55 90 92 90 91 53 90 54 104 104 91 92 90 91 103 90 54 104 54 89 91 90 91 92 54 54 104 54 104 103 103 105 102 103 55 105 55 53 90 54 106 106 54 54 93 105 54 92 92 54 105 55 53 54 104 92 54 106 91 105 54 91 91 54]
Requests/sec:  728.9819986979167 KB
Transfer/sec:  1702.32392578125 KB

2023-12-06 07:13:24.568720227 +0800 CST m=+38258.733457596
Running 1m0s myx-test @ https://192.168.12.127:6443/api/v1/namespaces
150 connections
Requests/bytes (per Connection):  [377171 383158 191574 185587 317301 311314 311314 317301 191574 383158 191606 191606 191606 191606 389210 323342 311366 383222 311366 317354 377234 383222 383222 377234 311366 383222 317354 191606 191606 383222 383222 191606 311366 311366 191606 317354 377234 377234 185618 383222 311366 191606 383222 383222 311366 317354 317354 383222 191606 383222 377234 185618 383222 191606 191606 383222 317354 191606 191606 185618 377234 317354 185618 317354 383222 311366 383222 185618 191606 311366 311366 311366 185618 191606 311366 191606 383222 191606 191606 191606 191606 185618 311366 377234 311366 383222 383222 311366 311366 377234 377234 311366 185618 383222 311366 311366 311366 383222 191606 185618 191638 185649 383286 191638 377297 305429 311418 191638 191638 377297 317407 383286 191638 383286 389275 383286 317407 317407 191638 377297 317407 191638 383286 185649 377297 191638 191638 383286 383286 317407 317407 191638 377297 185649 383286 191638 311418 317407 311418 191638 317407 377297 311418 317407 317407 383286 317407 383286 191638 317407]
Response/bytes (per Connection):  [527479 535852 267916 259543 443749 435376 435376 443749 267916 535852 267980 267980 267980 267980 544355 452230 435480 535980 435480 443855 527605 535980 535980 527605 435480 535980 443855 267980 267980 535980 535980 267980 435480 435480 267980 443855 527605 527605 259605 535980 435480 267980 535980 535980 435480 443855 443855 535980 267980 535980 527605 259605 535980 267980 267980 535980 443855 267980 267980 259605 527605 443855 259605 443855 535980 435480 535980 259605 267980 435480 435480 435480 259605 267980 435480 267980 535980 267980 267980 267980 267980 259605 435480 527605 435480 535980 535980 435480 435480 527605 527605 435480 259605 535980 435480 435480 435480 535980 267980 259605 268044 259667 536108 268044 527731 427207 435584 268044 268044 527731 443961 536108 268044 536108 544485 536108 443961 443961 268044 527731 443961 268044 536108 259667 527731 268044 268044 536108 536108 443961 443961 268044 527731 259667 536108 268044 435584 443961 435584 268044 443961 527731 435584 443961 443961 536108 443961 536108 268044 443961]
Requests Number (per Connection):  [63 64 32 31 53 52 52 53 32 64 32 32 32 32 65 54 52 64 52 53 63 64 64 63 52 64 53 32 32 64 64 32 52 52 32 53 63 63 31 64 52 32 64 64 52 53 53 64 32 64 63 31 64 32 32 64 53 32 32 31 63 53 31 53 64 52 64 31 32 52 52 52 31 32 52 32 64 32 32 32 32 31 52 63 52 64 64 52 52 63 63 52 31 64 52 52 52 64 32 31 32 31 64 32 63 51 52 32 32 63 53 64 32 64 65 64 53 53 32 63 53 32 64 31 63 32 32 64 64 53 53 32 63 31 64 32 52 53 52 32 53 63 52 53 53 64 53 64 32 53]
Requests/sec:  720.8290852864583 KB
Transfer/sec:  1729.0075032552083 KB

2023-12-06 07:48:01.925329574 +0800 CST m=+40336.090066952
Running 1m0s myx-test @ https://192.168.12.127:6443/api/v1/namespaces
300 connections
Requests/bytes (per Connection):  [101769 161639 197561 167626 101769 101769 197561 161639 155652 101769 101786 161666 209570 191606 197594 101786 179630 161666 167654 161666 155678 179630 191606 155678 95798 155678 95798 197594 155678 185618 101786 101786 101786 113762 95798 89810 173642 167654 191606 185618 95798 101786 161666 197594 161666 161666 191606 203582 185618 101786 203582 167654 161666 179630 161666 203582 173642 197594 161666 179630 161666 101786 203582 203582 101786 101786 191606 101786 155678 95798 203582 167654 107774 155678 191606 95798 191606 203582 107774 101786 185618 179630 203582 101786 107774 107774 179630 95798 161666 167654 167654 161666 179630 95798 167654 197594 197594 95798 101786 95798 209605 155704 95814 191638 161693 113781 167682 179660 161693 167682 167682 107792 101803 167682 155704 197627 155704 161693 167682 161693 101803 161693 203616 179660 101803 107792 101803 185649 161693 101803 197627 197627 95814 95814 95814 173671 161693 107792 191638 191638 161693 191638 191638 95814 161693 167682 167682 101803 155704 179660 161693 185649 95814 101803 107792 95814 161693 197627 101803 167682 167682 161693 101803 191638 161693 95814 191638 197627 95814 161693 161693 197627 155704 95814 191638 197627 101803 101803 167682 101803 167682 203616 179660 197627 155704 203616 185649 185649 203616 167682 191638 101803 185649 101803 101803 167682 155704 161693 191638 161693 167682 161693 101803 167682 167682 155704 197627 89825 155704 161693 161693 161693 173671 101803 161693 179660 101803 161693 161693 179660 173671 155704 179660 161693 179660 155704 161693 161693 101803 203616 101803 95814 197627 191638 179660 95814 101803 161693 167682 95814 107792 167682 197627 167682 95814 185649 179660 95814 191638 161693 95814 197627 107792 185649 107792 95814 95814 197627 101803 179660 101803 167682 107792 101803 191638 167682 191638 197627 197627 161693 197627 95814 101803 197627 167682 197627 101803 101803 191638 101803 161693 203616 95814 161693 191638 191638 197627 95814 185649 95814 95814 95814 95814 191638 161693 101803 101803 101803 161693 197627]
Response/bytes (per Connection):  [142321 226051 276289 234424 142321 142321 276289 226051 217678 142321 142355 226105 293105 267980 276355 142355 251230 226105 234480 226105 217730 251230 267980 217730 133980 217730 133980 276355 217730 259605 142355 142355 142355 159105 133980 125605 242855 234480 267980 259605 133980 142355 226105 276355 226105 226105 267980 284730 259605 142355 284730 234480 226105 251230 226105 284730 242855 276355 226105 251230 226105 142355 284730 284730 142355 142355 267980 142355 217730 133980 284730 234480 150730 217730 267980 133980 267980 284730 150730 142355 259605 251230 284730 142355 150730 150730 251230 133980 226105 234480 234480 226105 251230 133980 234480 276355 276355 133980 142355 133980 293175 217782 134012 268044 226159 159143 234536 251290 226159 234536 234536 150766 142389 234536 217782 276421 217782 226159 234536 226159 142389 226159 284798 251290 142389 150766 142389 259667 226159 142389 276421 276421 134012 134012 134012 242913 226159 150766 268044 268044 226159 268044 268044 134012 226159 234536 234536 142389 217782 251290 226159 259667 134012 142389 150766 134012 226159 276421 142389 234536 234536 226159 142389 268044 226159 134012 268044 276421 134012 226159 226159 276421 217782 134012 268044 276421 142389 142389 234536 142389 234536 284798 251290 276421 217782 284798 259667 259667 284798 234536 268044 142389 259667 142389 142389 234536 217782 226159 268044 226159 234536 226159 142389 234536 234536 217782 276421 125635 217782 226159 226159 226159 242913 142389 226159 251290 142389 226159 226159 251290 242913 217782 251290 226159 251290 217782 226159 226159 142389 284798 142389 134012 276421 268044 251290 134012 142389 226159 234536 134012 150766 234536 276421 234536 134012 259667 251290 134012 268044 226159 134012 276421 150766 259667 150766 134012 134012 276421 142389 251290 142389 234536 150766 142389 268044 234536 268044 276421 276421 226159 276421 134012 142389 276421 234536 276421 142389 142389 268044 142389 226159 284798 134012 226159 268044 268044 276421 134012 259667 134012 134012 134012 134012 268044 226159 142389 142389 142389 226159 276421]
Requests Number (per Connection):  [17 27 33 28 17 17 33 27 26 17 17 27 35 32 33 17 30 27 28 27 26 30 32 26 16 26 16 33 26 31 17 17 17 19 16 15 29 28 32 31 16 17 27 33 27 27 32 34 31 17 34 28 27 30 27 34 29 33 27 30 27 17 34 34 17 17 32 17 26 16 34 28 18 26 32 16 32 34 18 17 31 30 34 17 18 18 30 16 27 28 28 27 30 16 28 33 33 16 17 16 35 26 16 32 27 19 28 30 27 28 28 18 17 28 26 33 26 27 28 27 17 27 34 30 17 18 17 31 27 17 33 33 16 16 16 29 27 18 32 32 27 32 32 16 27 28 28 17 26 30 27 31 16 17 18 16 27 33 17 28 28 27 17 32 27 16 32 33 16 27 27 33 26 16 32 33 17 17 28 17 28 34 30 33 26 34 31 31 34 28 32 17 31 17 17 28 26 27 32 27 28 27 17 28 28 26 33 15 26 27 27 27 29 17 27 30 17 27 27 30 29 26 30 27 30 26 27 27 17 34 17 16 33 32 30 16 17 27 28 16 18 28 33 28 16 31 30 16 32 27 16 33 18 31 18 16 16 33 17 30 17 28 18 17 32 28 32 33 33 27 33 16 17 33 28 33 17 17 32 17 27 34 16 27 32 32 33 16 31 16 16 16 16 32 27 17 17 17 27 33]
Requests/sec:  741.5124837239583 KB
Transfer/sec:  1778.632373046875 KB

