2024-01-01 14:58:30.734078186 +0000 UTC m=+367149.274279474
Running 1m0s myx-test @ https://192.168.12.127:6443/api/v1/nodes
3 connections
Requests/bytes (per Connection):  [3321208 3399286 3297184]
Response/bytes (per Connection):  [4768409 4880508 4733917]
Requests Number (per Connection):  [553 566 549]
Requests/sec:  163.04814453125 KB
Transfer/sec:  397.14375 KB

2024-01-01 17:11:21.116209666 +0000 UTC m=+375119.656410934
Running 1m0s myx-test @ https://192.168.12.127:6443/api/v1/nodes
6 connections
Requests/bytes (per Connection):  [3074962 3026914 3056944 3020908 3008896 2954842]
Response/bytes (per Connection):  [4414866 4345882 4388997 4337259 4320013 4242406]
Requests Number (per Connection):  [512 504 509 503 501 492]
Requests/sec:  295.30380859375 KB
Transfer/sec:  719.285302734375 KB

2024-01-01 19:27:42.870700815 +0000 UTC m=+383301.410902187
Running 1m0s myx-test @ https://192.168.12.127:6443/api/v1/nodes
9 connections
Requests/bytes (per Connection):  [2792680 2822710 2774662 2894782 2750638 2696584 2882770 2816704 2780668]
Response/bytes (per Connection):  [4009585 4052700 3983716 4156176 3949224 3871617 4138930 4044077 3992339]
Requests Number (per Connection):  [465 470 462 482 458 449 480 469 463]
Requests/sec:  410.35478515625 KB
Transfer/sec:  999.5208658854167 KB

2024-01-01 21:47:03.090790242 +0000 UTC m=+391661.630991508
Running 1m0s myx-test @ https://192.168.12.127:6443/api/v1/nodes
15 connections
Requests/bytes (per Connection):  [2492380 2426314 2492380 2558446 2474362 2402290 2474362 2534422 2414302 2396284 2462760 2510816 2468767 2510816 2444739]
Response/bytes (per Connection):  [3578435 3483582 3578435 3673288 3552566 3449090 3552566 3638796 3466336 3440467 3535730 3604722 3544354 3604722 3509858]
Requests Number (per Connection):  [415 404 415 426 412 400 412 422 402 399 410 418 411 418 407]
Requests/sec:  603.24609375 KB
Transfer/sec:  1469.342236328125 KB

2024-01-02 00:05:32.784748899 +0000 UTC m=+399971.324950186
Running 1m0s myx-test @ https://192.168.12.127:6443/api/v1/nodes
30 connections
Requests/bytes (per Connection):  [2420308 2420308 2342230 2408296 2462350 2396284 2390278 2330218 2408296 2336224 2354634 2384669 2330606 2408697 2396683 2378662 2396683 2294564 2360641 2378662 2426718 2390676 2378662 2378662 2342620 2360641 2384669 2396683 2342620 2408697]
Response/bytes (per Connection):  [3474959 3474959 3362860 3457713 3535320 3440467 3431844 3345614 3457713 3354237 3380498 3423618 3346002 3458114 3440866 3414994 3440866 3294258 3389122 3414994 3483986 3432242 3414994 3414994 3363250 3389122 3423618 3440866 3363250 3458114]
Requests Number (per Connection):  [403 403 390 401 410 399 398 388 401 389 392 397 388 401 399 396 399 382 393 396 404 398 396 396 390 393 397 399 390 401]
Requests/sec:  1162.2711751302083 KB
Transfer/sec:  2830.9471842447915 KB

2024-01-02 02:27:25.655108971 +0000 UTC m=+408484.195310252
Running 1m0s myx-test @ https://192.168.12.127:6443/api/v1/nodes
60 connections
Requests/bytes (per Connection):  [2144032 2156044 2065954 2041930 2071960 2144032 2150038 2089978 2065954 2114002 2126368 2096333 2090326 2168417 2096333 2096333 2132375 2090326 2096333 2120361 2096333 2084319 2084319 2072305 2072305 2144389 2102340 2054284 2132375 2120361 2120361 2096333 2072305 2072305 2036263 2072305 2060291 2084319 2090326 2120361 2090326 2120361 2168417 2144389 2072305 2084319 2120361 2036263 2162410 2108347 2024249 2072305 2072305 2120361 2072305 2084319 2030256 2108347 2048277 2114354]
Response/bytes (per Connection):  [3078301 3095547 2966202 2931710 2974825 3078301 3086924 3000694 2966202 3035186 3052786 3009666 3001042 3113154 3009666 3009666 3061410 3001042 3009666 3044162 3009666 2992418 2992418 2975170 2975170 3078658 3018290 2949298 3061410 3044162 3044162 3009666 2975170 2975170 2923426 2975170 2957922 2992418 3001042 3044162 3001042 3044162 3113154 3078658 2975170 2992418 3044162 2923426 3104530 3026914 2906178 2975170 2975170 3044162 2975170 2992418 2914802 3026914 2940674 3035538]
Requests Number (per Connection):  [357 359 344 340 345 357 358 348 344 352 354 349 348 361 349 349 355 348 349 353 349 347 347 345 345 357 350 342 355 353 353 349 345 345 339 345 343 347 348 353 348 353 361 357 345 347 353 339 360 351 337 345 345 353 345 347 338 351 341 352]
Requests/sec:  2047.5342447916667 KB
Transfer/sec:  4987.165625 KB

