2024-01-01 15:36:34.693646946 +0000 UTC m=+369433.233848228
Running 1m0s myx-test @ https://192.168.12.127:6443/api/v1/namespaces/myx-test/persistentvolumeclaims
3 connections
Requests/bytes (per Connection):  [4109944 4183888 4116106]
Response/bytes (per Connection):  [5720082 5822994 5728658]
Requests Number (per Connection):  [667 679 668]
Requests/sec:  201.98466796875 KB
Transfer/sec:  483.1001302083333 KB

2024-01-01 17:50:40.87672101 +0000 UTC m=+377479.416922308
Running 1m0s myx-test @ https://192.168.12.127:6443/api/v1/namespaces/myx-test/persistentvolumeclaims
6 connections
Requests/bytes (per Connection):  [2686522 2735818 2674198 2624902 2600254 2624902]
Response/bytes (per Connection):  [3739026 3807634 3721874 3653266 3618962 3653266]
Requests Number (per Connection):  [436 444 434 426 422 426]
Requests/sec:  259.5474609375 KB
Transfer/sec:  620.7783854166667 KB

2024-01-01 20:07:21.291905229 +0000 UTC m=+385679.832106504
Running 1m0s myx-test @ https://192.168.12.127:6443/api/v1/namespaces/myx-test/persistentvolumeclaims
9 connections
Requests/bytes (per Connection):  [2982298 2976136 2988460 3068566 3019270 2988460 2963812 2994622 3043918]
Response/bytes (per Connection):  [4150674 4142098 4159250 4270738 4202130 4159250 4124946 4167826 4236434]
Requests Number (per Connection):  [484 483 485 498 490 485 481 486 494]
Requests/sec:  439.86884765625 KB
Transfer/sec:  1052.065234375 KB

2024-01-01 22:27:01.437128089 +0000 UTC m=+394059.977329382
Running 1m0s myx-test @ https://192.168.12.127:6443/api/v1/namespaces/myx-test/persistentvolumeclaims
15 connections
Requests/bytes (per Connection):  [2717332 2809762 2803600 2778952 2809762 2766628 2883706 2717332 2735818 2896030 2723936 2785566 2841033 2797892 2797892]
Response/bytes (per Connection):  [3781906 3910546 3901970 3867666 3910546 3850514 4013458 3781906 3807634 4030610 3790924 3876694 3953887 3893848 3893848]
Requests Number (per Connection):  [441 456 455 451 456 449 468 441 444 470 442 452 461 454 454]
Requests/sec:  681.4004069010417 KB
Transfer/sec:  1629.73955078125 KB

2024-01-02 00:46:46.750678714 +0000 UTC m=+402445.290879980
Running 1m0s myx-test @ https://192.168.12.127:6443/api/v1/namespaces/myx-test/persistentvolumeclaims
30 connections
Requests/bytes (per Connection):  [2544796 2550958 2532472 2587930 2513986 2513986 2594092 2550958 2606416 2526310 2520557 2520557 2502068 2545209 2483579 2563698 2526720 2495905 2539046 2532883 2508231 2526720 2551372 2563698 2514394 2532883 2489742 2588350 2563698 2502068]
Response/bytes (per Connection):  [3541778 3550354 3524626 3601810 3498898 3498898 3610386 3550354 3627538 3516050 3507883 3507883 3482152 3542191 3456421 3567922 3516460 3473575 3533614 3525037 3490729 3516460 3550768 3567922 3499306 3525037 3464998 3602230 3567922 3482152]
Requests Number (per Connection):  [413 414 411 420 408 408 421 414 423 410 409 409 406 413 403 416 410 405 412 411 407 410 414 416 408 411 404 420 416 406]
Requests/sec:  1238.4974283854167 KB
Transfer/sec:  2962.152278645833 KB

2024-01-02 03:08:44.986717925 +0000 UTC m=+410963.526919207
Running 1m0s myx-test @ https://192.168.12.127:6443/api/v1/namespaces/myx-test/persistentvolumeclaims
60 connections
Requests/bytes (per Connection):  [2212048 2273668 2212048 2156590 2236696 2298316 2193562 2267506 2150428 2205886 2274037 2181592 2249385 2206244 2212407 2237059 2274037 2255548 2218570 2200081 2267874 2261711 2206244 2206244 2218570 2206244 2218570 2169266 2311015 2218570 2206244 2212407 2243222 2169266 2193918 2274037 2206244 2224733 2267874 2206244 2224733 2255548 2267874 2200081 2187755 2163103 2237059 2218570 2249385 2237059 2218570 2150777 2249385 2243222 2255548 2132288 2243222 2304852 2132288 2261711]
Response/bytes (per Connection):  [3078674 3164434 3078674 3001490 3112978 3198738 3052946 3155858 2992914 3070098 3164803 3036148 3130495 3070456 3079033 3113341 3164803 3139072 3087610 3061879 3156226 3147649 3070456 3070456 3087610 3070456 3087610 3018994 3216265 3087610 3070456 3079033 3121918 3018994 3053302 3164803 3070456 3096187 3156226 3070456 3096187 3139072 3156226 3061879 3044725 3010417 3113341 3087610 3130495 3113341 3087610 2993263 3130495 3121918 3139072 2967532 3121918 3207688 2967532 3147649]
Requests Number (per Connection):  [359 369 359 350 363 373 356 368 349 358 369 354 365 358 359 363 369 366 360 357 368 367 358 358 360 358 360 352 375 360 358 359 364 352 356 369 358 361 368 358 361 366 368 357 355 351 363 360 365 363 360 349 365 364 366 346 364 374 346 367]
Requests/sec:  2171.8299967447915 KB
Transfer/sec:  5194.4142578125 KB

