2024-01-01 15:06:01.371218386 +0000 UTC m=+367599.911419653
Running 1m0s myx-test @ https://192.168.12.127:6443/api/v1/persistentvolumes
3 connections
Requests/bytes (per Connection):  [3857380 3955348 3900241]
Response/bytes (per Connection):  [5467660 5606524 5528413]
Requests Number (per Connection):  [630 646 637]
Requests/sec:  190.640771484375 KB
Transfer/sec:  460.86533203125 KB

2024-01-01 17:19:28.75208657 +0000 UTC m=+375607.292287851
Running 1m0s myx-test @ https://192.168.12.127:6443/api/v1/persistentvolumes
6 connections
Requests/bytes (per Connection):  [3281818 3343048 3422647 3306310 3306310 3355294]
Response/bytes (per Connection):  [4651834 4738624 4851451 4686550 4686550 4755982]
Requests Number (per Connection):  [536 546 559 540 540 548]
Requests/sec:  325.771923828125 KB
Transfer/sec:  787.53935546875 KB

2024-01-01 19:35:53.327193919 +0000 UTC m=+383791.867395193
Running 1m0s myx-test @ https://192.168.12.127:6443/api/v1/persistentvolumes
9 connections
Requests/bytes (per Connection):  [2853208 2840962 2877700 2804224 2859331 2779732 2779732 2804224 2834839]
Response/bytes (per Connection):  [4044304 4026946 4079020 3974872 4052983 3940156 3940156 3974872 4018267]
Requests Number (per Connection):  [466 464 470 458 467 454 454 458 463]
Requests/sec:  413.9640625 KB
Transfer/sec:  1000.741015625 KB

2024-01-01 21:55:03.811137535 +0000 UTC m=+392142.351338820
Running 1m0s myx-test @ https://192.168.12.127:6443/api/v1/persistentvolumes
15 connections
Requests/bytes (per Connection):  [2761363 2773609 2749117 2804224 2804224 2675641 2773609 2718502 2706256 2651149 2749566 2798558 2767938 2700574 2718946]
Response/bytes (per Connection):  [3914119 3931477 3896761 3974872 3974872 3792613 3931477 3853366 3836008 3757897 3897210 3966650 3923250 3827770 3853810]
Requests Number (per Connection):  [451 453 449 458 458 437 453 444 442 433 449 457 452 441 444]
Requests/sec:  669.8124348958333 KB
Transfer/sec:  1619.2289713541666 KB

2024-01-02 00:13:47.430956851 +0000 UTC m=+400465.971158132
Running 1m0s myx-test @ https://192.168.12.127:6443/api/v1/persistentvolumes
30 connections
Requests/bytes (per Connection):  [2547058 2577673 2583796 2516443 2504197 2516443 2583796 2559304 2553181 2504197 2608714 2541350 2578094 2541350 2498482 2498482 2480110 2529102 2559722 2522978 2516854 2504606 2516854 2559722 2504606 2535226 2522978 2602590 2627086 2516854]
Response/bytes (per Connection):  [3610354 3653749 3662428 3566959 3549601 3566959 3662428 3627712 3619033 3549601 3697570 3602090 3654170 3602090 3541330 3541330 3515290 3584730 3628130 3576050 3567370 3550010 3567370 3628130 3550010 3593410 3576050 3688890 3723610 3567370]
Requests Number (per Connection):  [416 421 422 411 409 411 422 418 417 409 426 415 421 415 408 408 405 413 418 412 411 409 411 418 409 414 412 425 429 411]
Requests/sec:  1240.4272135416666 KB
Transfer/sec:  2998.627473958333 KB

2024-01-02 02:35:37.666269357 +0000 UTC m=+408976.206470625
Running 1m0s myx-test @ https://192.168.12.127:6443/api/v1/persistentvolumes
60 connections
Requests/bytes (per Connection):  [2130694 2124571 2093956 2136817 2087833 2081710 2142940 2167432 2161309 2185801 2112670 2235150 2149414 2167786 2088174 2131042 2137166 2204530 2186158 2161662 2069802 2143290 2161662 2057554 2210654 2167786 2161662 2155538 2137166 2118794 2137166 2155538 2192282 2149414 2124918 2192282 2063678 2088174 2118794 2204530 2118794 2149414 2155538 2186158 2094298 2137166 2155538 2094298 2180034 2137166 2112670 2137166 2094298 2155538 2118794 2161662 2094298 2210654 2075926 2186158]
Response/bytes (per Connection):  [3020182 3011503 2968108 3028861 2959429 2950750 3037540 3072256 3063577 3098293 2994490 3168090 3046570 3072610 2959770 3020530 3029210 3124690 3098650 3063930 2933730 3037890 3063930 2916370 3133370 3072610 3063930 3055250 3029210 3003170 3029210 3055250 3107330 3046570 3011850 3107330 2925050 2959770 3003170 3124690 3003170 3046570 3055250 3098650 2968450 3029210 3055250 2968450 3089970 3029210 2994490 3029210 2968450 3055250 3003170 3063930 2968450 3133370 2942410 3098650]
Requests Number (per Connection):  [348 347 342 349 341 340 350 354 353 357 345 365 351 354 341 348 349 360 357 353 338 350 353 336 361 354 353 352 349 346 349 352 358 351 347 358 337 341 346 360 346 351 352 357 342 349 352 342 356 349 345 349 342 352 346 353 342 361 339 357]
Requests/sec:  2090.707470703125 KB
Transfer/sec:  5054.09091796875 KB

