2024-01-01 15:45:50.870062196 +0000 UTC m=+369989.410263521
Running 1m0s myx-test @ https://192.168.12.127:6443/api/v1/namespaces/myx-test/pods
3 connections
Requests/bytes (per Connection):  [12160 12160 24320]
Response/bytes (per Connection):  [19630 19630 39260]
Requests Number (per Connection):  [2 2 4]
Requests/sec:  0.7916666666666666 KB
Transfer/sec:  2.0696614583333335 KB

2024-01-01 18:00:51.682967291 +0000 UTC m=+378090.223168561
Running 1m0s myx-test @ https://192.168.12.127:6443/api/v1/namespaces/myx-test/pods
6 connections
Requests/bytes (per Connection):  [12160 12160 12160 12160 12160 36480]
Response/bytes (per Connection):  [19630 19630 19630 19630 19630 58890]
Requests Number (per Connection):  [2 2 2 2 2 6]
Requests/sec:  1.5833333333333333 KB
Transfer/sec:  4.139322916666667 KB

2024-01-01 20:19:03.194711231 +0000 UTC m=+386381.734912505
Running 1m0s myx-test @ https://192.168.12.127:6443/api/v1/namespaces/myx-test/pods
9 connections
Requests/bytes (per Connection):  [48640 24320 12160 18240 18240 24320 30400 12160 12160]
Response/bytes (per Connection):  [78520 39260 19630 29445 29445 39260 49075 19630 19630]
Requests Number (per Connection):  [8 4 2 3 3 4 5 2 2]
Requests/sec:  3.265625 KB
Transfer/sec:  8.537353515625 KB

2024-01-01 22:36:54.605914669 +0000 UTC m=+394653.146115953
Running 1m0s myx-test @ https://192.168.12.127:6443/api/v1/namespaces/myx-test/pods
15 connections
Requests/bytes (per Connection):  [24320 18240 12160 24320 24320 24320 12160 18240 12160 12160 12162 12162 12162 24324 12162]
Response/bytes (per Connection):  [39260 29445 19630 39260 39260 39260 19630 29445 19630 19630 19632 19632 19632 39264 19632]
Requests Number (per Connection):  [4 3 2 4 4 4 2 3 2 2 2 2 2 4 2]
Requests/sec:  4.1564453125 KB
Transfer/sec:  10.86611328125 KB

2024-01-02 00:57:43.637572249 +0000 UTC m=+403102.177773517
Running 1m0s myx-test @ https://192.168.12.127:6443/api/v1/namespaces/myx-test/pods
30 connections
Requests/bytes (per Connection):  [36480 18240 18240 24320 12160 24320 18240 12160 24320 18240 24324 18243 24324 24324 18243 12162 12162 18243 18243 12162 12162 12162 12162 12162 18243 12162 12162 12162 12162 12162]
Response/bytes (per Connection):  [58890 29445 29445 39260 19630 39260 29445 19630 39260 29445 39264 29448 39264 39264 29448 19632 19632 29448 29448 19632 19632 19632 19632 19632 29448 19632 19632 19632 19632 19632]
Requests Number (per Connection):  [6 3 3 4 2 4 3 2 4 3 4 3 4 4 3 2 2 3 3 2 2 2 2 2 3 2 2 2 2 2]
Requests/sec:  8.412288411458333 KB
Transfer/sec:  21.991813151041665 KB

2024-01-02 03:19:07.332922152 +0000 UTC m=+411585.873123429
Running 1m0s myx-test @ https://192.168.12.127:6443/api/v1/namespaces/myx-test/pods
60 connections
Requests/bytes (per Connection):  [18240 12160 12160 12160 18240 12160 12160 12160 12160 12160 12162 12162 12162 18243 24324 24324 12162 18243 12162 12162 12162 18243 30405 24324 24324 12162 12162 12162 12162 12162 30405 12162 12162 24324 12162 18243 18243 12162 24324 12162 12162 12162 12162 12162 12162 24324 24324 18243 18243 12162 30405 24324 18243 12162 12162 12162 24324 18243 18243 12162]
Response/bytes (per Connection):  [29445 19630 19630 19630 29445 19630 19630 19630 19630 19630 19632 19632 19632 29448 39264 39264 19632 29448 19632 19632 19632 29448 49080 39264 39264 19632 19632 19632 19632 19632 49080 19632 19632 39264 19632 29448 29448 19632 39264 19632 19632 19632 19632 19632 19632 39264 39264 29448 29448 19632 49080 39264 29448 19632 19632 19632 39264 29448 29448 19632]
Requests Number (per Connection):  [3 2 2 2 3 2 2 2 2 2 2 2 2 3 4 4 2 3 2 2 2 3 5 4 4 2 2 2 2 2 5 2 2 4 2 3 3 2 4 2 2 2 2 2 2 4 4 3 3 2 5 4 3 2 2 2 4 3 3 2]
Requests/sec:  15.934554036458334 KB
Transfer/sec:  41.65646158854167 KB

