2024-01-01 15:52:51.503441451 +0000 UTC m=+370410.043642719
Running 1m0s myx-test @ https://192.168.12.127:6443/api/v1/namespaces/myx-test/podtemplates
3 connections
Requests/bytes (per Connection):  [4292016 4310490 4199646]
Response/bytes (per Connection):  [6300770 6327890 6165170]
Requests Number (per Connection):  [697 700 682]
Requests/sec:  208.368359375 KB
Transfer/sec:  514.25751953125 KB

2024-01-01 18:07:52.806609553 +0000 UTC m=+378511.346810838
Running 1m0s myx-test @ https://192.168.12.127:6443/api/v1/namespaces/myx-test/podtemplates
6 connections
Requests/bytes (per Connection):  [3263630 3251314 3189734 3288262 3208208 3220524]
Response/bytes (per Connection):  [4791090 4773010 4682610 4827250 4709730 4727810]
Requests Number (per Connection):  [530 528 518 534 521 523]
Requests/sec:  316.1079427083333 KB
Transfer/sec:  780.1623046875 KB

2024-01-01 20:26:04.415151631 +0000 UTC m=+386802.955352909
Running 1m0s myx-test @ https://192.168.12.127:6443/api/v1/namespaces/myx-test/podtemplates
9 connections
Requests/bytes (per Connection):  [3146628 3078890 3066574 3140470 3091206 3066574 2961888 3115838 3140470]
Response/bytes (per Connection):  [4619330 4519890 4501810 4610290 4537970 4501810 4348130 4574130 4610290]
Requests Number (per Connection):  [511 500 498 510 502 498 481 506 510]
Requests/sec:  452.61292317708336 KB
Transfer/sec:  1117.0603515625 KB

2024-01-01 22:43:55.789569442 +0000 UTC m=+395074.329770715
Running 1m0s myx-test @ https://192.168.12.127:6443/api/v1/namespaces/myx-test/podtemplates
15 connections
Requests/bytes (per Connection):  [2703252 2727884 2666304 2709410 2814096 2697094 2826412 2758674 2746358 2727884 2703691 2765281 2722168 2722168 2765281]
Response/bytes (per Connection):  [3968450 4004610 3914210 3977490 4131170 3959410 4149250 4049810 4031730 4004610 3968889 4059299 3996012 3996012 4059299]
Requests Number (per Connection):  [439 443 433 440 457 438 459 448 446 443 439 449 442 442 449]
Requests/sec:  668.228466796875 KB
Transfer/sec:  1649.1895833333333 KB

2024-01-02 01:04:45.430435113 +0000 UTC m=+403523.970636395
Running 1m0s myx-test @ https://192.168.12.127:6443/api/v1/namespaces/myx-test/podtemplates
30 connections
Requests/bytes (per Connection):  [2463090 2481564 2530828 2500038 2493880 2518512 2469248 2586250 2475406 2463090 2518921 2445013 2543557 2488126 2457331 2506603 2537398 2445013 2506603 2500444 2537398 2432695 2488126 2469649 2500444 2531239 2543557 2537398 2481967 2500444]
Response/bytes (per Connection):  [3615890 3643010 3715330 3670130 3661090 3697250 3624930 3796690 3633970 3615890 3697659 3589167 3733823 3652454 3607249 3679577 3724782 3589167 3679577 3670536 3724782 3571085 3652454 3625331 3670536 3715741 3733823 3724782 3643413 3670536]
Requests Number (per Connection):  [400 403 411 406 405 409 401 420 402 400 409 397 413 404 399 407 412 397 407 406 412 395 404 401 406 411 413 412 403 406]
Requests/sec:  1219.9516927083334 KB
Transfer/sec:  3010.8152018229166 KB

2024-01-02 03:26:09.817215788 +0000 UTC m=+412008.357417056
Running 1m0s myx-test @ https://192.168.12.127:6443/api/v1/namespaces/myx-test/podtemplates
60 connections
Requests/bytes (per Connection):  [2185980 2204454 2155190 2173664 2192138 2192138 2204454 2204454 2167506 2105926 2192494 2217130 2174017 2155540 2087791 2161699 2204812 2149381 2198653 2161699 2155540 2204812 2186335 2210971 2180176 2186335 2223289 2149381 2192494 2106268 2143222 2192494 2149381 2210971 2180176 2210971 2143222 2247925 2124745 2223289 2180176 2161699 2167858 2167858 2137063 2198653 2192494 2192494 2143222 2143222 2186335 2192494 2198653 2198653 2167858 2143222 2229448 2198653 2235607 2192494]
Response/bytes (per Connection):  [3209090 3236210 3163890 3191010 3218130 3218130 3236210 3236210 3181970 3091570 3218486 3254650 3191363 3164240 3064789 3173281 3236568 3155199 3227527 3173281 3164240 3236568 3209445 3245609 3200404 3209445 3263691 3155199 3218486 3091912 3146158 3218486 3155199 3245609 3200404 3245609 3146158 3299855 3119035 3263691 3200404 3173281 3182322 3182322 3137117 3227527 3218486 3218486 3146158 3146158 3209445 3218486 3227527 3227527 3182322 3146158 3272732 3227527 3281773 3218486]
Requests Number (per Connection):  [355 358 350 353 356 356 358 358 352 342 356 360 353 350 339 351 358 349 357 351 350 358 355 359 354 355 361 349 356 342 348 356 349 359 354 359 348 365 345 361 354 351 352 352 347 357 356 356 348 348 355 356 357 357 352 348 362 357 363 356]
Requests/sec:  2127.9178548177083 KB
Transfer/sec:  5251.6361328125 KB

