2024-01-01 16:00:22.021766803 +0000 UTC m=+370860.561968081
Running 1m0s myx-test @ https://192.168.12.127:6443/api/v1/namespaces/myx-test/replicationcontrollers
3 connections
Requests/bytes (per Connection):  [3625009 3593704 3606226]
Response/bytes (per Connection):  [5370115 5323740 5342290]
Requests Number (per Connection):  [579 574 576]
Requests/sec:  176.187158203125 KB
Transfer/sec:  437.19212239583334 KB

2024-01-01 18:15:25.248061919 +0000 UTC m=+378963.788263193
Running 1m0s myx-test @ https://192.168.12.127:6443/api/v1/namespaces/myx-test/replicationcontrollers
6 connections
Requests/bytes (per Connection):  [3086563 3149173 3142912 3048997 3124129 3055258]
Response/bytes (per Connection):  [4572465 4665215 4655940 4516815 4628115 4526090]
Requests Number (per Connection):  [493 503 502 487 499 488]
Requests/sec:  302.848828125 KB
Transfer/sec:  751.4920572916667 KB

2024-01-01 20:33:44.800183791 +0000 UTC m=+387263.340385065
Running 1m0s myx-test @ https://192.168.12.127:6443/api/v1/namespaces/myx-test/replicationcontrollers
9 connections
Requests/bytes (per Connection):  [2986387 2955082 2992648 2948821 2917516 2948821 2942560 2961343 2967604]
Response/bytes (per Connection):  [4424065 4377690 4433340 4368415 4322040 4368415 4359140 4386965 4396240]
Requests Number (per Connection):  [477 472 478 471 466 471 470 473 474]
Requests/sec:  433.28095703125 KB
Transfer/sec:  1075.1479817708334 KB

2024-01-01 22:51:36.190140819 +0000 UTC m=+395534.730342119
Running 1m0s myx-test @ https://192.168.12.127:6443/api/v1/namespaces/myx-test/replicationcontrollers
15 connections
Requests/bytes (per Connection):  [2773513 2786035 2723425 2786035 2873689 2742208 2754730 2811079 2742208 2760991 2723860 2805266 2786480 2742646 2761432]
Response/bytes (per Connection):  [4108715 4127265 4034515 4127265 4257115 4062340 4080890 4164365 4062340 4090165 4034950 4155538 4127710 4062778 4090606]
Requests Number (per Connection):  [443 445 435 445 459 438 440 449 438 441 435 448 445 438 441]
Requests/sec:  676.6535970052083 KB
Transfer/sec:  1679.03896484375 KB

2024-01-02 01:12:43.056143265 +0000 UTC m=+404001.596344533
Running 1m0s myx-test @ https://192.168.12.127:6443/api/v1/namespaces/myx-test/replicationcontrollers
30 connections
Requests/bytes (per Connection):  [2316460 2347765 2379070 2335243 2354026 2322721 2328982 2397853 2416636 2285155 2354402 2316830 2323092 2316830 2348140 2404498 2348140 2266734 2360664 2329354 2360664 2279258 2379450 2304306 2304306 2366926 2354402 2448332 2379450 2373188]
Response/bytes (per Connection):  [3431640 3478015 3524390 3459465 3487290 3440915 3450190 3552215 3580040 3385265 3487666 3432010 3441286 3432010 3478390 3561874 3478390 3357802 3496942 3450562 3496942 3376354 3524770 3413458 3413458 3506218 3487666 3626806 3524770 3515494]
Requests Number (per Connection):  [370 375 380 373 376 371 372 383 386 365 376 370 371 370 375 384 375 362 377 372 377 364 380 368 368 378 376 391 380 379]
Requests/sec:  1145.8801595052084 KB
Transfer/sec:  2843.3458658854165 KB

2024-01-02 03:34:08.731725198 +0000 UTC m=+412487.271926466
Running 1m0s myx-test @ https://192.168.12.127:6443/api/v1/namespaces/myx-test/replicationcontrollers
60 connections
Requests/bytes (per Connection):  [2172457 2141152 2134891 2084803 2166196 2141152 2034715 2084803 2184979 2153674 2091398 2116446 2072612 2154018 2091398 2160280 2122708 2166542 2078874 2097660 2103922 2116446 2103922 2091398 2110184 2097660 2110184 2110184 2009992 2072612 2147756 2103922 2078874 2185328 2091398 2110184 2116446 2135232 2229162 2179066 2097660 2110184 2147756 2066350 2166542 2197852 2122708 2116446 2060088 2128970 2179066 2103922 2116446 2053826 2191590 2078874 2122708 2047564 2135232 2078874]
Response/bytes (per Connection):  [3218315 3171940 3162665 3088465 3209040 3171940 3014265 3088465 3236865 3190490 3098074 3135178 3070246 3190834 3098074 3200110 3144454 3209386 3079522 3107350 3116626 3135178 3116626 3098074 3125902 3107350 3125902 3125902 2977486 3070246 3181558 3116626 3079522 3237214 3098074 3125902 3135178 3163006 3302146 3227938 3107350 3125902 3181558 3060970 3209386 3255766 3144454 3135178 3051694 3153730 3227938 3116626 3135178 3042418 3246490 3079522 3144454 3033142 3163006 3079522]
Requests Number (per Connection):  [347 342 341 333 346 342 325 333 349 344 334 338 331 344 334 345 339 346 332 335 336 338 336 334 337 335 337 337 321 331 343 336 332 349 334 337 338 341 356 348 335 337 343 330 346 351 339 338 329 340 348 336 338 328 350 332 339 327 341 332]
Requests/sec:  2068.315234375 KB
Transfer/sec:  5132.22177734375 KB

