2024-01-01 14:43:08.350793473 +0000 UTC m=+366226.890994751
Running 1m0s myx-test @ https://192.168.12.127:6443/apis/apps/v1/namespaces/myx-test/replicasets
3 connections
Requests/bytes (per Connection):  [3633464 3645972 3677242]
Response/bytes (per Connection):  [5360196 5378648 5424778]
Requests Number (per Connection):  [581 583 588]
Requests/sec:  178.33134765625 KB
Transfer/sec:  441.4111328125 KB

2024-01-01 16:55:42.125766982 +0000 UTC m=+374180.665968276
Running 1m0s myx-test @ https://192.168.12.127:6443/apis/apps/v1/namespaces/myx-test/replicasets
6 connections
Requests/bytes (per Connection):  [3158160 3220700 3270732 3283240 3158160 3195684]
Response/bytes (per Connection):  [4659020 4751280 4825088 4843540 4659020 4714376]
Requests Number (per Connection):  [505 515 523 525 505 511]
Requests/sec:  313.9107421875 KB
Transfer/sec:  777.001953125 KB

2024-01-01 19:11:43.486735079 +0000 UTC m=+382342.026936363
Running 1m0s myx-test @ https://192.168.12.127:6443/apis/apps/v1/namespaces/myx-test/replicasets
9 connections
Requests/bytes (per Connection):  [2782920 2826698 2795428 2814190 2795428 2776666 2770412 2914254 2820444]
Response/bytes (per Connection):  [4105460 4170042 4123912 4151590 4123912 4096234 4087008 4299206 4160816]
Requests Number (per Connection):  [445 452 447 450 447 444 443 466 451]
Requests/sec:  411.7259114583333 KB
Transfer/sec:  1019.1181640625 KB

2024-01-01 21:30:53.291308955 +0000 UTC m=+390691.831510231
Running 1m0s myx-test @ https://192.168.12.127:6443/apis/apps/v1/namespaces/myx-test/replicasets
15 connections
Requests/bytes (per Connection):  [2826698 2870476 2851714 2820444 2889238 2882984 2814190 2745396 2870476 2882984 2883445 2839660 2889700 2820895 2977270]
Response/bytes (per Connection):  [4170042 4234624 4206946 4160816 4262302 4253076 4151590 4050104 4234624 4253076 4253537 4188948 4262764 4161267 4391942]
Requests Number (per Connection):  [452 459 456 451 462 461 450 439 459 461 461 454 462 451 476]
Requests/sec:  697.6818033854166 KB
Transfer/sec:  1726.9080078125 KB

2024-01-01 23:49:29.039858648 +0000 UTC m=+399007.580059916
Running 1m0s myx-test @ https://192.168.12.127:6443/apis/apps/v1/namespaces/myx-test/replicasets
30 connections
Requests/bytes (per Connection):  [2413934 2413934 2395172 2413934 2376410 2382664 2413934 2382664 2445204 2395172 2370535 2345515 2345515 2426830 2364280 2408065 2395555 2476870 2414320 2414320 2401810 2389300 2389300 2345515 2364280 2395555 2376790 2401810 2376790 2439340]
Response/bytes (per Connection):  [3561126 3561126 3533448 3561126 3505770 3514996 3561126 3514996 3607256 3533448 3496923 3460015 3460015 3579966 3487696 3552285 3533831 3653782 3561512 3561512 3543058 3524604 3524604 3460015 3487696 3533831 3506150 3543058 3506150 3598420]
Requests Number (per Connection):  [386 386 383 386 380 381 386 381 391 383 379 375 375 388 378 385 383 396 386 386 384 382 382 375 378 383 380 384 380 390]
Requests/sec:  1169.845654296875 KB
Transfer/sec:  2895.586881510417 KB

2024-01-02 02:11:11.115797511 +0000 UTC m=+407509.655998789
Running 1m0s myx-test @ https://192.168.12.127:6443/apis/apps/v1/namespaces/myx-test/replicasets
60 connections
Requests/bytes (per Connection):  [2076218 2157520 2088726 2126250 2101234 2138758 2076218 2107488 2082472 2051202 2151610 2039020 2114080 2082805 2139100 2164120 2126590 2114080 2057785 2107825 2182885 2114080 2095315 2114080 2101570 2095315 2132845 2107825 2095315 2126590 2157865 2089060 2107825 2114080 2095315 2114080 2145355 2164120 2132845 2126590 2145355 2082805 2082805 2076550 2070295 2214160 2089060 2245435 2095315 2070295 2132845 2101570 2145355 2132845 2107825 2107825 2114080 2126590 2095315 2114080]
Response/bytes (per Connection):  [3062922 3182860 3081374 3136730 3099826 3155182 3062922 3109052 3072148 3026018 3173978 3007892 3118616 3072481 3155524 3192432 3137070 3118616 3035573 3109389 3220113 3118616 3090935 3118616 3100162 3090935 3146297 3109389 3090935 3137070 3183205 3081708 3109389 3118616 3090935 3118616 3164751 3192432 3146297 3137070 3164751 3072481 3072481 3063254 3054027 3266248 3081708 3312383 3090935 3054027 3146297 3100162 3164751 3146297 3109389 3109389 3118616 3137070 3090935 3118616]
Requests Number (per Connection):  [332 345 334 340 336 342 332 337 333 328 344 326 338 333 342 346 340 338 329 337 349 338 335 338 336 335 341 337 335 340 345 334 337 338 335 338 343 346 341 340 343 333 333 332 331 354 334 359 335 331 341 336 343 341 337 337 338 340 335 338]
Requests/sec:  2064.8838053385416 KB
Transfer/sec:  5110.953287760417 KB

