2023-12-27 01:42:44.144507957 +0000 UTC m=+42815.355943698
Running 1m0s myx-test @ https://192.168.12.127:6443/api/v1/namespaces/myx-test/secrets
3 connections
Requests/bytes (per Connection):  [7284090 7284090 7284090]
Response/bytes (per Connection):  [9407311 8915787 9006079]
Requests Number (per Connection):  [1200 1200 1200]
Requests/sec:  355.66845703125 KB
Transfer/sec:  800.4792805989583 KB

2023-12-27 02:10:44.433787477 +0000 UTC m=+44495.645223221
Running 1m0s myx-test @ https://192.168.12.127:6443/api/v1/namespaces/myx-test/secrets
6 connections
Requests/bytes (per Connection):  [7284090 7278020 7284090 7284090 7278020 7278020]
Response/bytes (per Connection):  [6681007 6731889 6706899 6739319 6730540 6706900]
Requests Number (per Connection):  [1200 1200 1200 1200 1200 1200]
Requests/sec:  711.04052734375 KB
Transfer/sec:  1366.9089192708334 KB

2023-12-27 02:33:45.382308809 +0000 UTC m=+45876.593744579
Running 1m0s myx-test @ https://192.168.12.127:6443/api/v1/namespaces/myx-test/secrets
9 connections
Requests/bytes (per Connection):  [7284090 7284090 7284090 7284090 7284090 7284090 7284090 7284090 7284090]
Response/bytes (per Connection):  [9996090 9996090 9996090 9996090 9996090 9996090 9996090 9996090 9996090]
Requests Number (per Connection):  [1200 1200 1200 1200 1200 1200 1200 1200 1200]
Requests/sec:  1067.00537109375 KB
Transfer/sec:  2531.2763671875 KB

2023-12-27 02:42:17.331579531 +0000 UTC m=+46388.543015284
Running 1m0s myx-test @ https://192.168.12.127:6443/api/v1/namespaces/myx-test/secrets
15 connections
Requests/bytes (per Connection):  [7284090 7284090 7278019 7278019 7278019 7278019 7278019 7278019 7278019 7278019 7279218 7285290 7285290 7279218 7285290]
Response/bytes (per Connection):  [9996090 9996090 9987759 9987759 9987759 9987759 9987759 9987759 9987759 9987759 9988958 9997290 9997290 9988958 9997290]
Requests Number (per Connection):  [1200 1200 1199 1199 1199 1199 1199 1199 1199 1199 1199 1200 1200 1199 1200]
Requests/sec:  1777.4517903645833 KB
Transfer/sec:  4216.6451171875 KB

2023-12-27 02:50:58.838185857 +0000 UTC m=+46910.049621617
Running 1m0s myx-test @ https://192.168.12.127:6443/api/v1/namespaces/myx-test/secrets
30 connections
Requests/bytes (per Connection):  [7284090 7284090 7284090 7284090 7284090 7284090 7278019 7278019 7278019 7278019 7279218 7279218 7279218 7279218 7279218 7279218 7285290 7279218 7285290 7285290 7285290 7279218 7279218 7285290 7285290 7285290 7285290 7285290 7285290 7285290]
Response/bytes (per Connection):  [9972449 9877888 9917289 9909409 9925170 9940929 9948358 9924718 9901079 9940479 9910147 9941672 9925910 9918028 9894385 9925910 9950003 9965314 9934241 9926361 9894836 9902266 9902266 9997290 9957884 9918479 9918479 9973647 9942123 9942122]
Requests Number (per Connection):  [1200 1200 1200 1200 1200 1200 1199 1199 1199 1199 1199 1199 1199 1199 1199 1199 1200 1199 1200 1200 1200 1199 1199 1200 1200 1200 1200 1200 1200 1200]
Requests/sec:  3555.790494791667 KB
Transfer/sec:  8404.409163411457 KB

2023-12-27 06:43:13.511494795 +0000 UTC m=+60844.722930537
Running 1m0s myx-test @ https://192.168.12.127:6443/api/v1/namespaces/myx-test/secrets
60 connections
Requests/bytes (per Connection):  [7284090 7284090 7284090 7284090 7284090 7284090 7284090 7284090 7284090 7284090 7285290 7285290 7285290 7285290 7285290 7285290 7285290 7285290 7285290 7285290 7285290 7285290 7285290 7285290 7285290 7285290 7285290 7285290 7285290 7285290 7285290 7285290 7285290 7285290 7285290 7285290 7285290 7285290 7285290 7285290 7285290 7285290 7285290 7285290 7285290 7285290 7285290 7285290 7285290 7285290 7285290 7285290 7285290 7285290 7285290 7285290 7285290 7285290 7285290 7285290]
Response/bytes (per Connection):  [1041166 1049495 991191 1041166 1041167 999515 982861 1041165 1041164 974528 1007968 1007967 1074616 991307 991307 1041292 1007970 974640 957980 966308 991305 1041291 974645 982981 1032961 991298 1024630 1091275 991308 1007965 991309 991302 957982 1091281 1032960 957985 982976 999637 999636 957982 1007969 974647 1049626 1041296 1082949 999639 949649 974642 1007965 1032967 1066293 1032962 991306 991302 1007969 1041296 1041294 1024635 1007973 1041291]
Requests Number (per Connection):  [1200 1200 1200 1200 1200 1200 1200 1200 1200 1200 1200 1200 1200 1200 1200 1200 1200 1200 1200 1200 1200 1200 1200 1200 1200 1200 1200 1200 1200 1200 1200 1200 1200 1200 1200 1200 1200 1200 1200 1200 1200 1200 1200 1200 1200 1200 1200 1200 1200 1200 1200 1200 1200 1200 1200 1200 1200 1200 1200 1200]
Requests/sec:  7114.345703125 KB
Transfer/sec:  8102.059765625 KB

