2024-01-01 14:11:37.95213621 +0000 UTC m=+364336.492337484
Running 1m0s myx-test @ https://192.168.12.127:6443/api/v1/namespaces/myx-test/serviceaccounts
3 connections
Requests/bytes (per Connection):  [3356530 3374674 3368626]
Response/bytes (per Connection):  [4591960 4616782 4608508]
Requests Number (per Connection):  [555 558 557]
Requests/sec:  164.38525390625 KB
Transfer/sec:  389.275390625 KB

2024-01-01 16:24:46.907932596 +0000 UTC m=+372325.448133874
Running 1m0s myx-test @ https://192.168.12.127:6443/api/v1/namespaces/myx-test/serviceaccounts
6 connections
Requests/bytes (per Connection):  [3217426 3253714 3271858 3350482 3247666 3290002]
Response/bytes (per Connection):  [4401658 4451302 4476124 4583686 4443028 4500946]
Requests Number (per Connection):  [532 538 541 554 537 544]
Requests/sec:  319.5173828125 KB
Transfer/sec:  756.6388671875 KB

2024-01-01 18:40:35.929338931 +0000 UTC m=+380474.469540215
Running 1m0s myx-test @ https://192.168.12.127:6443/api/v1/namespaces/myx-test/serviceaccounts
9 connections
Requests/bytes (per Connection):  [3011794 3017842 2993650 3078322 2969458 2957362 3035986 3005746 3054130]
Response/bytes (per Connection):  [4120342 4128616 4095520 4211356 4062424 4045876 4153438 4112068 4178260]
Requests Number (per Connection):  [498 499 495 509 491 489 502 497 505]
Requests/sec:  441.47607421875 KB
Transfer/sec:  1045.44580078125 KB

2024-01-01 20:59:20.633370519 +0000 UTC m=+388799.173571794
Running 1m0s myx-test @ https://192.168.12.127:6443/api/v1/namespaces/myx-test/serviceaccounts
15 connections
Requests/bytes (per Connection):  [2806162 2775922 2854546 2781970 2685202 2757778 2824306 2703346 2824306 2739634 2776381 2667499 2740087 2746136 2788479]
Response/bytes (per Connection):  [3839026 3797656 3905218 3805930 3673546 3772834 3863848 3698368 3863848 3748012 3798115 3649165 3748465 3756740 3814665]
Requests Number (per Connection):  [464 459 472 460 444 456 467 447 467 453 459 441 453 454 461]
Requests/sec:  674.99599609375 KB
Transfer/sec:  1598.42431640625 KB

2024-01-01 23:17:32.197857096 +0000 UTC m=+397090.738058364
Running 1m0s myx-test @ https://192.168.12.127:6443/api/v1/namespaces/myx-test/serviceaccounts
30 connections
Requests/bytes (per Connection):  [2503762 2467474 2515858 2376754 2534002 2473522 2558194 2467474 2443282 2455378 2473931 2522323 2510225 2522323 2437637 2479980 2504176 2455784 2419490 2449735 2443686 2467882 2425539 2467882 2425539 2467882 2510225 2479980 2437637 2431588]
Response/bytes (per Connection):  [3425326 3375682 3441874 3251572 3466696 3383956 3499792 3375682 3342586 3359134 3384365 3450565 3434015 3450565 3334715 3392640 3425740 3359540 3309890 3351265 3342990 3376090 3318165 3376090 3318165 3376090 3434015 3392640 3334715 3326440]
Requests Number (per Connection):  [414 408 416 393 419 409 423 408 404 406 409 417 415 417 403 410 414 406 400 405 404 408 401 408 401 408 415 410 403 402]
Requests/sec:  1206.5290364583334 KB
Transfer/sec:  2857.098697916667 KB

2024-01-02 01:38:35.897780393 +0000 UTC m=+405554.437981668
Running 1m0s myx-test @ https://192.168.12.127:6443/api/v1/namespaces/myx-test/serviceaccounts
60 connections
Requests/bytes (per Connection):  [2140882 2134834 2219506 2074354 2146930 2159026 2128786 2092498 2189266 2171122 2201726 2207775 2171481 2141236 2159383 2159383 2159383 2201726 2213824 2135187 2195677 2129138 2110991 2153334 2165432 2201726 2171481 2098893 2141236 2141236 2177530 2238020 2183579 2159383 2153334 2147285 2153334 2147285 2207775 2231971 2117040 2213824 2147285 2213824 2086795 2147285 2165432 2135187 2207775 2213824 2201726 2268265 2201726 2153334 2123089 2159383 2129138 2225922 2207775 2207775]
Response/bytes (per Connection):  [2928886 2920612 3036448 2837872 2937160 2953708 2912338 2862694 2995078 2970256 3011990 3020265 2970615 2929240 2954065 2954065 2954065 3011990 3028540 2920965 3003715 2912690 2887865 2945790 2962340 3011990 2970615 2871315 2929240 2929240 2978890 3061640 2987165 2954065 2945790 2937515 2945790 2937515 3020265 3053365 2896140 3028540 2937515 3028540 2854765 2937515 2962340 2920965 3020265 3028540 3011990 3103015 3011990 2945790 2904415 2954065 2912690 3045090 3020265 3020265]
Requests Number (per Connection):  [354 353 367 343 355 357 352 346 362 359 364 365 359 354 357 357 357 364 366 353 363 352 349 356 358 364 359 347 354 354 360 370 361 357 356 355 356 355 365 369 350 366 355 366 345 355 358 353 365 366 364 375 364 356 351 357 352 368 365 365]
Requests/sec:  2116.591015625 KB
Transfer/sec:  5012.137109375 KB

