2024-01-01 14:19:39.090995586 +0000 UTC m=+364817.631196863
Running 1m0s myx-test @ https://192.168.12.127:6443/api/v1/namespaces/myx-test/services
3 connections
Requests/bytes (per Connection):  [775698 818125 836308]
Response/bytes (per Connection):  [1117464 1178567 1204712]
Requests Number (per Connection):  [128 135 138]
Requests/sec:  39.552913411458334 KB
Transfer/sec:  96.53115234375 KB

2024-01-01 16:32:20.57305838 +0000 UTC m=+372779.113259648
Running 1m0s myx-test @ https://192.168.12.127:6443/api/v1/namespaces/myx-test/services
6 connections
Requests/bytes (per Connection):  [515090 509030 624173 587810 599930 636295]
Response/bytes (per Connection):  [742024 733298 899169 846772 864240 916617]
Requests Number (per Connection):  [85 84 103 97 99 105]
Requests/sec:  56.51575520833333 KB
Transfer/sec:  137.93046875 KB

2024-01-01 18:48:13.996387847 +0000 UTC m=+380932.536589126
Running 1m0s myx-test @ https://192.168.12.127:6443/api/v1/namespaces/myx-test/services
9 connections
Requests/bytes (per Connection):  [436310 363590 424190 381770 393890 363590 321170 412070 436310]
Response/bytes (per Connection):  [628542 523796 611104 549984 567444 523772 462680 593602 628514]
Requests Number (per Connection):  [72 60 70 63 65 60 53 68 72]
Requests/sec:  57.50146484375 KB
Transfer/sec:  140.33736979166667 KB

2024-01-01 21:07:06.233015969 +0000 UTC m=+389264.773217280
Running 1m0s myx-test @ https://192.168.12.127:6443/api/v1/namespaces/myx-test/services
15 connections
Requests/bytes (per Connection):  [218150 218150 242390 224210 236330 254510 193910 206030 284810 248450 218186 248491 278796 272735 218186]
Response/bytes (per Connection):  [314262 314264 349172 322998 340452 366646 279348 296794 410290 357902 314300 357957 401600 392869 314302]
Requests Number (per Connection):  [36 36 40 37 39 42 32 34 47 41 36 41 46 45 36]
Requests/sec:  57.99697265625 KB
Transfer/sec:  141.54443359375 KB

2024-01-01 23:25:37.768924126 +0000 UTC m=+397576.309125409
Running 1m0s myx-test @ https://192.168.12.127:6443/api/v1/namespaces/myx-test/services
30 connections
Requests/bytes (per Connection):  [78770 139370 133310 121190 109070 96950 127250 103010 103010 139370 96966 84844 163637 96966 145454 121210 121210 115149 175759 157576 157576 121210 133332 115149 163637 175759 109088 139393 109088 103027]
Response/bytes (per Connection):  [113488 200780 192032 174584 157132 139666 183308 148400 148402 200766 139688 122216 235735 139684 209540 174592 174596 165881 253201 226998 227000 174614 192056 165875 235741 253177 157146 200799 157158 148423]
Requests Number (per Connection):  [13 23 22 20 18 16 21 17 17 23 16 14 27 16 24 20 20 19 29 26 26 20 22 19 27 29 18 23 18 17]
Requests/sec:  61.154459635416664 KB
Transfer/sec:  149.25143229166667 KB

2024-01-02 01:47:09.833741783 +0000 UTC m=+406068.373943067
Running 1m0s myx-test @ https://192.168.12.127:6443/api/v1/namespaces/myx-test/services
60 connections
Requests/bytes (per Connection):  [72710 48472 48472 84830 54531 115130 48472 78770 90890 90890 66661 72722 72722 42420 96966 66661 42420 109088 78783 48480 78783 36360 121210 54540 60600 78783 78783 42420 72722 109088 96966 103027 54540 84844 84844 66661 60600 66661 115149 54540 60600 60600 127271 42420 54540 78783 72722 54540 78783 90905 42420 42420 48480 66661 54540 72722 36360 48480 66661 90905]
Response/bytes (per Connection):  [104754 69834 69826 122208 78553 165848 69842 113486 130930 130952 96023 104752 104770 61106 139694 96029 61098 157144 113491 69838 113495 52384 174602 78574 87302 113489 113497 61104 104766 157128 139680 148413 78570 122230 122218 96037 87300 96027 165877 78578 87292 87304 183341 61112 78572 113487 104770 78568 113503 130951 61110 61106 69846 96031 78572 104750 52376 69846 96025 130947]
Requests Number (per Connection):  [12 8 8 14 9 19 8 13 15 15 11 12 12 7 16 11 7 18 13 8 13 6 20 9 10 13 13 7 12 18 16 17 9 14 14 11 10 11 19 9 10 10 21 7 9 13 12 9 13 15 7 7 8 11 9 12 6 8 11 15]
Requests/sec:  69.043359375 KB
Transfer/sec:  168.50556640625 KB

