2024-01-01 14:50:32.995556771 +0000 UTC m=+366671.535758046
Running 1m0s myx-test @ https://192.168.12.127:6443/apis/apps/v1/namespaces/myx-test/statefulsets
3 connections
Requests/bytes (per Connection):  [3691354 3678798 3647408]
Response/bytes (per Connection):  [5708782 5689364 5640819]
Requests Number (per Connection):  [588 586 581]
Requests/sec:  179.322265625 KB
Transfer/sec:  456.649169921875 KB

2024-01-01 17:03:28.041881257 +0000 UTC m=+374646.582082539
Running 1m0s myx-test @ https://192.168.12.127:6443/apis/apps/v1/namespaces/myx-test/statefulsets
6 connections
Requests/bytes (per Connection):  [3314674 3402566 3245616 3371176 3383732 3383732]
Response/bytes (per Connection):  [5126242 5262168 5019443 5213623 5233041 5233041]
Requests Number (per Connection):  [528 542 517 537 539 539]
Requests/sec:  327.17278645833335 KB
Transfer/sec:  833.15517578125 KB

2024-01-01 19:19:49.224444425 +0000 UTC m=+382827.764645707
Running 1m0s myx-test @ https://192.168.12.127:6443/apis/apps/v1/namespaces/myx-test/statefulsets
9 connections
Requests/bytes (per Connection):  [3025886 3088666 3057276 2906604 2944272 2969384 2925438 2956828 3019608]
Response/bytes (per Connection):  [4679628 4776718 4728173 4495157 4553411 4592247 4524284 4572829 4669919]
Requests Number (per Connection):  [482 492 487 463 469 473 466 471 481]
Requests/sec:  437.72724609375 KB
Transfer/sec:  1114.686328125 KB

2024-01-01 21:39:09.721597655 +0000 UTC m=+391188.261798923
Running 1m0s myx-test @ https://192.168.12.127:6443/apis/apps/v1/namespaces/myx-test/statefulsets
15 connections
Requests/bytes (per Connection):  [2680596 2674318 2768488 2711986 2686874 2674318 2812434 2693152 2693152 2718264 2699860 2649628 2681023 2655907 2750092]
Response/bytes (per Connection):  [4145633 4135924 4281559 4194178 4155342 4135924 4349522 4165051 4165051 4203887 4175190 4097510 4146060 4107220 4252870]
Requests Number (per Connection):  [427 426 441 432 428 426 448 429 429 433 430 422 427 423 438]
Requests/sec:  659.9949869791667 KB
Transfer/sec:  1680.6805501302083 KB

2024-01-01 23:57:31.425786981 +0000 UTC m=+399489.965988249
Running 1m0s myx-test @ https://192.168.12.127:6443/apis/apps/v1/namespaces/myx-test/statefulsets
30 connections
Requests/bytes (per Connection):  [2467144 2529924 2473422 2548758 2555036 2448310 2529924 2517368 2548758 2448310 2492653 2517769 2505211 2486374 2511490 2549164 2467537 2536606 2498932 2473816 2461258 2492653 2486374 2530327 2467537 2486374 2480095 2536606 2461258 2524048]
Response/bytes (per Connection):  [3815527 3912617 3825236 3941744 3951453 3786400 3912617 3893199 3941744 3786400 3854760 3893600 3874180 3845050 3883890 3942150 3815920 3922730 3864470 3825630 3806210 3854760 3845050 3913020 3815920 3845050 3835340 3922730 3806210 3903310]
Requests Number (per Connection):  [393 403 394 406 407 390 403 401 406 390 397 401 399 396 400 406 393 404 398 394 392 397 396 403 393 396 395 404 392 402]
Requests/sec:  1221.2408203125 KB
Transfer/sec:  3109.862516276042 KB

2024-01-02 02:19:17.309259507 +0000 UTC m=+407995.849460787
Running 1m0s myx-test @ https://192.168.12.127:6443/apis/apps/v1/namespaces/myx-test/statefulsets
60 connections
Requests/bytes (per Connection):  [2109298 2203468 2197190 2178356 2178356 2216024 2197190 2159522 2222302 2146966 2210098 2216377 2228935 2222656 2128471 2115913 2203819 2272888 2141029 2235214 2166145 2178703 2247772 2134750 2247772 2153587 2228935 2191261 2184982 2071960 2210098 2166145 2203819 2241493 2184982 2247772 2210098 2235214 2178703 2159866 2184982 2216377 2147308 2228935 2191261 2172424 2191261 2134750 2128471 2191261 2141029 2191261 2254051 2203819 2235214 2241493 2184982 2210098 2228935 2203819]
Response/bytes (per Connection):  [3262114 3407749 3398040 3368913 3368913 3427167 3398040 3339786 3436876 3320368 3417810 3427520 3446940 3437230 3291580 3272160 3408100 3514910 3311000 3456650 3349840 3369260 3476070 3301290 3476070 3330420 3446940 3388680 3378970 3204190 3417810 3349840 3408100 3466360 3378970 3476070 3417810 3456650 3369260 3340130 3378970 3427520 3320710 3446940 3388680 3359550 3388680 3301290 3291580 3388680 3311000 3388680 3485780 3408100 3456650 3466360 3378970 3417810 3446940 3408100]
Requests Number (per Connection):  [336 351 350 347 347 353 350 344 354 342 352 353 355 354 339 337 351 362 341 356 345 347 358 340 358 343 355 349 348 330 352 345 351 357 348 358 352 356 347 344 348 353 342 355 349 346 349 340 339 349 341 349 359 351 356 357 348 352 355 351]
Requests/sec:  2140.4599609375 KB
Transfer/sec:  5450.60947265625 KB

