2023-12-26 13:51:54.71859563 +0000 UTC m=+165.930031385
Running 43.421051249s myx-test @ https://192.168.12.127:6443/api/v1/namespaces/myx-test/secrets
3 connections
Requests/bytes (per Connection):  [1287690 1287690 1287690]
Response/bytes (per Connection):  [604890 604890 604890]
Requests Number (per Connection):  [1200 1200 1200]
Requests/sec:  86.88249566417124 KB
Transfer/sec:  127.6953875887032 KB

2023-12-26 14:27:47.001801948 +0000 UTC m=+2318.213237735
Running 16m3.303364139s myx-test @ https://192.168.12.127:6443/api/v1/namespaces/myx-test/secrets
6 connections
Requests/bytes (per Connection):  [1287690 1287690 1287690 1287690 1287690 1287690]
Response/bytes (per Connection):  [615228 615408 615227 615141 615504 615411]
Requests Number (per Connection):  [1200 1200 1200 1200 1200 1200]
Requests/sec:  7.832484422489035 KB
Transfer/sec:  11.575219870797154 KB

2023-12-26 15:21:43.904323558 +0000 UTC m=+5555.115759290
Running 25m0.223894402s myx-test @ https://192.168.12.127:6443/api/v1/namespaces/myx-test/secrets
9 connections
Requests/bytes (per Connection):  [1284468 1284468 1287690 1287690 1287690 1286616 1284468 1282320 1287690]
Response/bytes (per Connection):  [632310 631579 633090 633048 633273 632543 631571 630383 633231]
Requests Number (per Connection):  [1197 1197 1200 1200 1200 1199 1197 1195 1200]
Requests/sec:  7.5334458482645354 KB
Transfer/sec:  11.237989251411248 KB

2023-12-26 16:49:44.295595282 +0000 UTC m=+10835.507031028
Running 42m0.204785152s myx-test @ https://192.168.12.127:6443/api/v1/namespaces/myx-test/secrets
15 connections
Requests/bytes (per Connection):  [1290912 1289838 1289838 1288764 1289838 1290912 1287690 1288764 1287690 1287690 1288890 1289965 1288890 1288890 1288890]
Response/bytes (per Connection):  [645571 645246 644882 644605 645200 645391 643966 644380 644009 643870 645793 646581 645936 646032 646304]
Requests Number (per Connection):  [1203 1202 1202 1201 1202 1203 1200 1201 1200 1200 1200 1201 1200 1200 1200]
Requests/sec:  7.493136815337625 KB
Transfer/sec:  11.243206418830178 KB

2023-12-26 19:43:44.077544706 +0000 UTC m=+21275.288980540
Running 1h25m0.220334477s myx-test @ https://192.168.12.127:6443/api/v1/namespaces/myx-test/secrets
30 connections
Requests/bytes (per Connection):  [1286616 1286616 1286616 1286616 1286616 1286616 1286616 1286616 1286616 1286616 1287815 1287815 1287815 1287815 1287815 1287815 1287815 1287815 1287815 1287815 1287815 1287815 1287815 1287815 1287815 1287815 1287815 1287815 1287815 1287815]
Response/bytes (per Connection):  [649892 649442 649939 650077 649626 649761 650120 650120 649940 650026 652287 652008 652376 652054 652285 651823 652193 652146 652377 652468 652147 651917 652286 651778 652236 652052 651960 652191 652330 652420]
Requests Number (per Connection):  [1199 1199 1199 1199 1199 1199 1199 1199 1199 1199 1199 1199 1199 1199 1199 1199 1199 1199 1199 1199 1199 1199 1199 1199 1199 1199 1199 1199 1199 1199]
Requests/sec:  7.395218955303762 KB
Transfer/sec:  11.137068058136588 KB

2023-12-27 01:31:44.222024592 +0000 UTC m=+42155.433460336
Running 2h52m0.202412823s myx-test @ https://192.168.12.127:6443/api/v1/namespaces/myx-test/secrets
60 connections
Requests/bytes (per Connection):  [1286616 1286616 1286616 1286616 1286616 1286616 1286616 1286616 1286616 1286616 1287815 1287815 1287815 1287815 1287815 1287815 1287815 1287815 1287815 1287815 1287815 1287815 1287815 1287815 1287815 1287815 1287815 1287815 1287815 1287815 1287815 1287815 1287815 1287815 1287815 1287815 1287815 1287815 1287815 1287815 1287815 1287815 1287815 1287815 1287815 1288890 1287815 1287815 1288890 1288890 1287815 1288890 1287815 1287815 1287815 1287815 1288890 1287815 1287815 1287815]
Response/bytes (per Connection):  [653572 653041 653444 653483 653889 653623 653669 653845 653348 653572 655680 656095 656188 656274 656279 655680 655820 655819 655174 655401 656047 655865 655725 655679 655677 656143 655452 656092 655820 655727 655722 655953 655865 656277 656183 656089 656140 656096 655587 656046 655813 655910 655908 655819 655910 656277 655586 656094 656416 656553 656367 656878 656185 655955 656048 656185 656831 656141 655815 655728]
Requests Number (per Connection):  [1199 1199 1199 1199 1199 1199 1199 1199 1199 1199 1199 1199 1199 1199 1199 1199 1199 1199 1199 1199 1199 1199 1199 1199 1199 1199 1199 1199 1199 1199 1199 1199 1199 1199 1199 1199 1199 1199 1199 1199 1199 1199 1199 1199 1199 1200 1199 1199 1200 1200 1199 1200 1199 1199 1199 1199 1200 1199 1199 1199]
Requests/sec:  7.3110436382103305 KB
Transfer/sec:  11.033121570375865 KB

