2023-12-04 16:03:43.701476879 +0800 CST m=+5324.545061050
Running 1m0s myx-test @ https://192.168.12.127:6443/api/v1/namespaces/myx-test/configmaps
3 connections
Requests/bytes (per Connection):  [19451202 22998652 20052542]
Response/bytes (per Connection):  [12736191 15058970 13129921]
Requests Number (per Connection):  [15205 17978 15675]
Requests/sec:  1017.2916015625 KB
Transfer/sec:  1683.38994140625 KB

2023-12-04 16:05:23.944661454 +0800 CST m=+5424.788245627
Running 1m0s myx-test @ https://192.168.12.127:6443/api/v1/namespaces/myx-test/configmaps
6 connections
Requests/bytes (per Connection):  [16631640 16303050 19270910 16581880 19208194 16293994]
Response/bytes (per Connection):  [10890018 10674837 12618127 10857416 12577067 10668923]
Requests Number (per Connection):  [13001 12744 15064 12962 15015 12737]
Requests/sec:  1697.4229817708333 KB
Transfer/sec:  2808.855078125 KB

2023-12-04 16:07:03.983599144 +0800 CST m=+5524.827183317
Running 1m0s myx-test @ https://192.168.12.127:6443/api/v1/namespaces/myx-test/configmaps
9 connections
Requests/bytes (per Connection):  [12767016 15370398 13360630 12788798 12741530 13235210 15434316 15310246 13301920]
Response/bytes (per Connection):  [8359548 10064169 8748227 8373805 8342845 8666113 10106028 10024787 8709764]
Requests Number (per Connection):  [9980 12015 10444 9997 9960 10346 12065 11968 10398]
Requests/sec:  2023.27578125 KB
Transfer/sec:  3348.06884765625 KB

2023-12-04 16:08:44.023344858 +0800 CST m=+5624.866929033
Running 1m0s myx-test @ https://192.168.12.127:6443/api/v1/namespaces/myx-test/configmaps
15 connections
Requests/bytes (per Connection):  [10722804 12269440 10707446 12183694 10634620 9748068 9781328 12168492 9818336 12242570 10560270 9840220 10513074 12247738 9714804]
Response/bytes (per Connection):  [7021038 8033738 7010983 7977599 6963284 6382794 6404572 7967622 6428818 8016145 6914625 6443126 6883701 8019521 6361014]
Requests Number (per Connection):  [8382 9591 8370 9524 8313 7620 7646 9512 7675 9570 8255 7692 8218 9574 7594]
Requests/sec:  2655.483463541667 KB
Transfer/sec:  4394.2298828125 KB

2023-12-04 16:10:24.061374249 +0800 CST m=+5724.904958438
Running 1m0s myx-test @ https://192.168.12.127:6443/api/v1/namespaces/myx-test/configmaps
30 connections
Requests/bytes (per Connection):  [8777026 7417244 8935650 7424918 7850772 7814946 8880612 7385242 7479862 7753566 8837162 8839718 7894356 7353250 7409560 7838120 7786860 7321210 8740050 8848696 7866288 7423478 8738634 8753994 7419640 7945512 8899844 7424916 7939076 7926346]
Response/bytes (per Connection):  [5746991 4856626 5850855 4861651 5140512 5117055 5814822 4835675 4897637 5076861 5786365 5788039 5169036 4814729 4851596 5132206 5098656 4793759 5722761 5793914 5150646 4860733 5721855 5731911 4858220 5202534 5827408 4861650 5198326 5189981]
Requests Number (per Connection):  [6861 5798 6985 5804 6137 6109 6942 5773 5847 6061 6908 6910 6171 5748 5792 6127 6087 5723 6832 6917 6149 5803 6831 6843 5800 6211 6957 5804 6206 6196]
Requests/sec:  3921.330533854167 KB
Transfer/sec:  6488.92509765625 KB

2023-12-04 16:12:04.139900886 +0800 CST m=+5824.983485063
Running 1m0s myx-test @ https://192.168.12.127:6443/api/v1/namespaces/myx-test/configmaps
60 connections
Requests/bytes (per Connection):  [5681190 5654316 5622464 5041566 5534072 5421554 5521228 5644076 5722200 5082564 5048012 5490660 5636412 5037696 5486824 5528922 5718366 5686378 5527710 5471432 5050476 5679912 5500898 5067206 5732384 5525214 5646674 5104320 5650510 5105444 5526368 5664700 5077376 5467628 5037774 5104306 5695290 5610832 5120956 5103040 5686420 5100336 5672278 5477734 5065810 5493220 5504636 5064650 5508582 5631352 5504724 5027476 5484260 5099204 5679996 5081288 5696548 5489380 5527752 5077428]
Response/bytes (per Connection):  [3719913 3702318 3681442 3301101 3623584 3549901 3615182 3695614 3746754 3327936 3305314 3595146 3690594 3298572 3592634 3620217 3744243 3723299 3619413 3582562 3306942 3719076 3601849 3317881 3753430 3617769 3697309 3342180 3699821 3342940 3618544 3709094 3324550 3580066 3298611 3342173 3729141 3673844 3353072 3341342 3723320 3339594 3714071 3586703 3316985 3596822 3604312 3316207 3606879 3687272 3604356 3291878 3590956 3338830 3719118 3327100 3729968 3594308 3619434 3324576]
Requests Number (per Connection):  [4441 4420 4395 3941 4326 4238 4316 4412 4473 3973 3946 4292 4406 3938 4289 4322 4470 4445 4321 4277 3948 4440 4300 3961 4481 4319 4414 3990 4417 3991 4320 4428 3969 4274 3938 3990 4452 4386 4003 3989 4445 3987 4434 4282 3960 4294 4303 3959 4306 4402 4303 3930 4287 3986 4440 3972 4453 4291 4321 3969]
Requests/sec:  5288.118880208333 KB
Transfer/sec:  8750.65244140625 KB

2023-12-04 16:13:44.180887924 +0800 CST m=+5925.024472091
Running 1m0s myx-test @ https://192.168.12.127:6443/api/v1/namespaces/myx-test/configmaps
90 connections
Requests/bytes (per Connection):  [3941466 4330258 4262472 4377706 3891468 4422508 3988658 4339308 4001454 3895388 4441704 4371302 3948994 3951700 4410970 3990094 3920988 4299650 4352116 3963118 3954170 4412110 3955466 4341828 4396806 3935062 4361030 4316248 4372436 3909470 4437770 4334154 4349562 3988814 4343124 4459464 3920928 3986256 4330362 4433914 4315006 4351960 4374996 4345598 4386592 4290690 4426286 3955544 4001456 4321318 3908152 4390410 3899232 4348278 4436586 4404590 4395630 3940186 4424908 4308608 4286834 4361032 4362356 4428848 4435164 4417232 4367418 4340550 4432588 4323942 4432640 3997774 3913308 4374996 4377586 4321270 3920990 4337916 4345652 4390492 4390356 3961940 3954260 4341742 3978576 4000176 3923464 4345720 4364758 4286808]
Response/bytes (per Connection):  [2580771 2835359 2790972 2866409 2548050 2895740 2611693 2841270 2620071 2550604 2908308 2862217 2585723 2587472 2888189 2612609 2567364 2815303 2849654 2594963 2589103 2888957 2589949 2842926 2878929 2576579 2855497 2826176 2862982 2559823 2905747 2837901 2847981 2611771 2843772 2919960 2567334 2610096 2835411 2903225 2825357 2849576 2864658 2845405 2872238 2809437 2898223 2589988 2620072 2829503 2558966 2874741 2553120 2847141 2904957 2884009 2878143 2579933 2897336 2821168 2806915 2855498 2856358 2899900 2904048 2892310 2859681 2842089 2902364 2831211 2902390 2617637 2562336 2864658 2866349 2829479 2567365 2840376 2845432 2874782 2874714 2594176 2589148 2842883 2605068 2619234 2568998 2845466 2857955 2806902]
Requests Number (per Connection):  [3081 3385 3332 3422 3042 3457 3118 3392 3128 3045 3472 3417 3087 3089 3448 3119 3065 3361 3402 3098 3091 3449 3092 3394 3437 3076 3409 3374 3418 3056 3469 3388 3400 3118 3395 3486 3065 3116 3385 3466 3373 3402 3420 3397 3429 3354 3460 3092 3128 3378 3055 3432 3048 3399 3468 3443 3436 3080 3459 3368 3351 3409 3410 3462 3467 3453 3414 3393 3465 3380 3465 3125 3059 3420 3422 3378 3065 3391 3397 3432 3432 3097 3091 3394 3110 3127 3067 3397 3412 3351]
Requests/sec:  6194.380045572917 KB
Transfer/sec:  10250.313525390626 KB

2023-12-04 16:15:24.234785227 +0800 CST m=+6025.078369408
Running 1m0s myx-test @ https://192.168.12.127:6443/api/v1/namespaces/myx-test/configmaps
150 connections
Requests/bytes (per Connection):  [2873152 2923224 2944822 2935864 2988454 2655748 3025446 3015208 2696700 2651904 2672382 3030570 2889912 2988334 2634070 2641726 2685180 2866912 2625108 3016488 2964018 2988336 3044644 3031904 2859232 2962866 2664704 2906468 2951268 2828388 2956340 3039526 2889830 2642946 2672382 2900042 2988332 2994736 3098396 2685180 2683900 2891124 3033134 2669822 2935904 2992174 2947414 2912984 3016554 2731226 2695418 2983212 2901326 3043362 2874590 2874464 3077918 2680072 2985904 2891086 3026794 2921786 2892368 2665982 2964020 2618630 3040804 2689020 2930792 2721014 2663458 2695420 3072792 2919350 2875744 3034406 2747850 2600716 2978092 2935862 2654514 3022890 3034460 2713336 2712056 2980692 2692858 2677502 2990968 3054882 2625028 2686460 2891070 2898888 3015212 2618670 3030618 3093272 2897468 2690298 2691570 3013928 2936022 2916664 3034454 2975538 2731222 2967888 2855314 3007528 2923064 2645560 2934672 2901434 2701818 2832356 3054906 2910420 2674942 2687738 3061282 2901308 3022896 2916722 2649382 2640420 2900028 3019046 2651906 2958948 2901306 2662142 3022886 2985828 2851496 2653184 3015208 2703072 2903866 2697960 3025474 3004970 2654468 2944822 2955060 2969138 2959048 2668542 2685182 2961460]
Response/bytes (per Connection):  [1881284 1914042 1928207 1922342 1956755 1738922 1980993 1974290 1765734 1736406 1749813 1984347 1892238 1956695 1724717 1729733 1758192 1877174 1718850 1975128 1940775 1956696 1993562 1985212 1872146 1940001 1744786 1903090 1932420 1851972 1935748 1990211 1892197 1730541 1749813 1898887 1956694 1960886 2028754 1758192 1757354 1893042 1986025 1748137 1922362 1959209 1929899 1907338 1975161 1788343 1764895 1953342 1899727 1992723 1882201 1882138 2015347 1754846 1955084 1893023 1981865 1913125 1893862 1745623 1940776 1714621 1991048 1760706 1919014 1781653 1743965 1764896 2011992 1911511 1882976 1986859 1799229 1702892 1949990 1922341 1738107 1979319 1986886 1776626 1775788 1951686 1763219 1753165 1958408 2000265 1718810 1759030 1893015 1898112 1974292 1714641 1984371 2025400 1897204 1761543 1762377 1973452 1922421 1909772 1986883 1948317 1788341 1943304 1869593 1969262 1913962 1732244 1921548 1899781 1769085 1854550 2000277 1905660 1751489 1759867 2004455 1899718 1979322 1909801 1734749 1728882 1898880 1976803 1736407 1937448 1899717 1743109 1979317 1955046 1867090 1737244 1974290 1769910 1901393 1766562 1981007 1967587 1738084 1928207 1934910 1944127 1937498 1747299 1758193 1939100]
Requests Number (per Connection):  [2246 2285 2302 2295 2336 2076 2365 2357 2108 2073 2089 2369 2259 2336 2059 2065 2099 2241 2052 2358 2317 2336 2380 2370 2235 2316 2083 2272 2307 2211 2311 2376 2259 2066 2089 2267 2336 2341 2422 2099 2098 2260 2371 2087 2295 2339 2304 2277 2358 2135 2107 2332 2268 2379 2247 2247 2406 2095 2334 2260 2366 2284 2261 2084 2317 2047 2377 2102 2291 2127 2082 2107 2402 2282 2248 2372 2148 2033 2328 2295 2075 2363 2372 2121 2120 2330 2105 2093 2338 2388 2052 2100 2260 2266 2357 2047 2369 2418 2265 2103 2104 2356 2295 2280 2372 2326 2135 2320 2232 2351 2285 2068 2294 2268 2112 2214 2388 2275 2091 2101 2393 2268 2363 2280 2071 2064 2267 2360 2073 2313 2268 2081 2363 2334 2229 2074 2357 2113 2270 2109 2365 2349 2075 2302 2310 2321 2313 2086 2099 2315]
Requests/sec:  6998.249674479167 KB
Transfer/sec:  11580.53828125 KB

2023-12-04 16:17:04.284007464 +0800 CST m=+6125.127591652
Running 1m0s myx-test @ https://192.168.12.127:6443/api/v1/namespaces/myx-test/configmaps
300 connections
Requests/bytes (per Connection):  [1478808 1669498 1485208 1504404 1477532 1549176 1559406 1513396 1710350 1705204 1519762 1650300 1445532 1521066 1558156 1546638 1643794 1435298 1505688 1486486 1469874 1425076 1512082 1684856 1620848 1464840 1597832 1615744 1572176 1471206 1510840 1464734 1631106 1554316 1630976 1645180 1645034 1467292 1684854 1665562 1577288 1650300 1512084 1480092 1530000 1495506 1587592 1555582 1498004 1577350 1608066 1677176 1674584 1586312 1556876 1605450 1462264 1501844 1609272 1565836 1514644 1578600 1546638 1570900 1638782 1627268 1691096 1597784 1684776 1536400 1530002 1537676 1487770 1503126 1531286 1674616 1494204 1664368 1547918 1480086 1588872 1481368 1611816 1523602 1569674 1480088 1489046 1443080 1656646 1440414 1526160 1481368 1585020 1564514 1480088 1679736 1723126 1527440 1514642 1550478 1737328 1697654 1613190 1582474 1693694 1637384 1639988 1555596 1540232 1537680 1656626 1584990 1684810 1526176 1657870 1474972 1546640 1549198 1574732 1630994 1553038 1632386 1639914 1506964 1660380 1536400 1709124 1442972 1625984 1565836 1533842 1527442 1646410 1681004 1549176 1592708 1743726 1660398 1588788 1574796 1466010 1444334 1486504 1469850 1490326 1519762 1538960 1591344 1736010 1501844 1535120 1599112 1592712 1679612 1538960 1446868 1654140 1643848 1670650 1527454 1441692 1646352 1559438 1531282 1546638 1519762 1494170 1707892 1450652 1664368 1528720 1489046 1503154 1476252 1546638 1657854 1563276 1671992 1572234 1471128 1634850 1560716 1530002 1550454 1591432 1541520 1541518 1588872 1587592 1544064 1526178 1431564 1628548 1617024 1454576 1519762 1508244 1606740 1545358 1569676 1554288 1436574 1656600 1662948 1446816 1495498 1697620 1476248 1559436 1556844 1518482 1533842 1687324 1464792 1489054 1518484 1518482 1510802 1633662 1613188 1692508 1509526 1532560 1481366 1692524 1569670 1623428 1660478 1489118 1499286 1662944 1507008 1526176 1569622 1620864 1500568 1671900 1677088 1544080 1530002 1654114 1505730 1554288 1682296 1460890 1631106 1595268 1729588 1556844 1572236 1531280 1597780 1533840 1510842 1687414 1651552 1512120 1661818 1436664 1729578 1519766 1554288 1591432 1491610 1513366 1576070 1625982 1657978 1570956 1586312 1675820 1583700 1560716 1440428 1573454 1427688 1654094 1486486 1535120 1442978 1725810 1514644 1636222 1641342 1515924 1625986 1521060 1637502 1528730 1560718 1492934 1573510 1696374 1481410 1503176 1503128 1666820 1508244 1570956 1651468]
Response/bytes (per Connection):  [968292 1093139 972482 985050 967456 1014366 1021065 990932 1119901 1116536 995105 1080570 946506 995955 1020242 1012701 1076327 939805 985890 973319 962439 933110 990077 1103194 1061290 959130 1046218 1057946 1029430 963303 989258 959077 1068003 1017728 1067938 1077218 1077145 960752 1103193 1090577 1032778 1080570 990078 969132 1001808 979215 1039514 1018559 980860 1032809 1052919 1098166 1096474 1038676 1019404 1051215 957446 983374 1053720 1025270 991754 1033632 1012701 1028594 1073029 1065490 1107304 1046194 1103154 1005998 1001809 1006834 974159 984213 1002649 1096490 978366 1089782 1013539 969129 1040352 969968 1055388 997619 1027783 969130 974995 944884 1084733 943155 999294 969968 1037832 1024411 969130 1099842 1128269 1000132 991753 1015215 1137548 1111573 1056273 1036163 1108999 1072132 1073830 1018566 1008508 1006836 1084723 1037817 1103171 999302 1085543 965780 1012702 1014377 1031104 1067947 1016891 1068841 1073793 986726 1087194 1005998 1119090 944830 1064650 1025270 1004323 1000133 1078031 1100674 1014366 1042864 1141737 1087203 1040310 1031136 959913 945709 973328 962427 975833 995105 1007674 1041984 1136691 983374 1005160 1047056 1042866 1099780 1007674 947372 1083084 1076354 1093913 1000139 943992 1078002 1021081 1002647 1012701 995105 978349 1118276 949858 1089782 1000970 974995 984227 966618 1012701 1085535 1023594 1094782 1029459 963264 1070469 1021918 1001809 1015203 1042028 1009350 1009349 1040352 1039514 1011018 999303 937344 1066328 1058784 952414 995105 987564 1052058 1011863 1027784 1017714 940641 1084710 1088874 947346 979211 1111556 966616 1021080 1019388 994267 1004323 1104824 959106 974999 994268 994267 989239 1069677 1056272 1108208 988403 1003484 969967 1108216 1027781 1062976 1087243 975031 981699 1088872 986748 999302 1027757 1061298 982538 1094736 1098122 1011026 1001809 1083071 985911 1017714 1101518 956561 1068003 1044540 1132490 1019388 1029460 1002646 1046192 1004322 989259 1104869 1081394 990096 1088111 940686 1132485 995107 1017714 1042028 976673 990917 1031971 1064649 1085597 1028622 1038676 1097290 1036974 1021918 943162 1030267 934812 1083061 973319 1005160 944833 1130007 991754 1071353 1074705 992592 1064651 995952 1072191 1000975 1021919 977533 1030295 1110735 969989 984238 984214 1091404 987564 1028622 1081352]
Requests Number (per Connection):  [1156 1305 1161 1176 1155 1211 1219 1183 1337 1333 1188 1290 1130 1189 1218 1209 1285 1122 1177 1162 1149 1114 1182 1317 1267 1145 1249 1263 1229 1150 1181 1145 1275 1215 1275 1286 1286 1147 1317 1302 1233 1290 1182 1157 1196 1169 1241 1216 1171 1233 1257 1311 1309 1240 1217 1255 1143 1174 1258 1224 1184 1234 1209 1228 1281 1272 1322 1249 1317 1201 1196 1202 1163 1175 1197 1309 1168 1301 1210 1157 1242 1158 1260 1191 1227 1157 1164 1128 1295 1126 1193 1158 1239 1223 1157 1313 1347 1194 1184 1212 1358 1327 1261 1237 1324 1280 1282 1216 1204 1202 1295 1239 1317 1193 1296 1153 1209 1211 1231 1275 1214 1276 1282 1178 1298 1201 1336 1128 1271 1224 1199 1194 1287 1314 1211 1245 1363 1298 1242 1231 1146 1129 1162 1149 1165 1188 1203 1244 1357 1174 1200 1250 1245 1313 1203 1131 1293 1285 1306 1194 1127 1287 1219 1197 1209 1188 1168 1335 1134 1301 1195 1164 1175 1154 1209 1296 1222 1307 1229 1150 1278 1220 1196 1212 1244 1205 1205 1242 1241 1207 1193 1119 1273 1264 1137 1188 1179 1256 1208 1227 1215 1123 1295 1300 1131 1169 1327 1154 1219 1217 1187 1199 1319 1145 1164 1187 1187 1181 1277 1261 1323 1180 1198 1158 1323 1227 1269 1298 1164 1172 1300 1178 1193 1227 1267 1173 1307 1311 1207 1196 1293 1177 1215 1315 1142 1275 1247 1352 1217 1229 1197 1249 1199 1181 1319 1291 1182 1299 1123 1352 1188 1215 1244 1166 1183 1232 1271 1296 1228 1240 1310 1238 1220 1126 1230 1116 1293 1162 1200 1128 1349 1184 1279 1283 1185 1271 1189 1280 1195 1220 1167 1230 1326 1158 1175 1175 1303 1179 1228 1291]
Requests/sec:  7655.046256510416 KB
Transfer/sec:  12667.388623046874 KB

