2023-12-05 07:33:33.788078314 +0800 CST m=+61114.631662482
Running 1m0s myx-test @ https://192.168.12.127:6443/apis/apps/v1/namespaces/myx-test/controllerrevisions
3 connections
Requests/bytes (per Connection):  [23706238 20175748 20645612]
Response/bytes (per Connection):  [15032377 12793652 13091596]
Requests Number (per Connection):  [17861 15201 15555]
Requests/sec:  1050.2538736979166 KB
Transfer/sec:  1716.2308430989583 KB

2023-12-05 07:35:13.827983126 +0800 CST m=+61214.671567313
Running 1m0s myx-test @ https://192.168.12.127:6443/apis/apps/v1/namespaces/myx-test/controllerrevisions
6 connections
Requests/bytes (per Connection):  [21055738 18460910 18549814 18340178 21218924 18261838]
Response/bytes (per Connection):  [13351661 11706257 11762635 11629693 13455148 11580021]
Requests Number (per Connection):  [15864 13909 13976 13818 15987 13759]
Requests/sec:  1886.18818359375 KB
Transfer/sec:  3082.2398600260417 KB

2023-12-05 07:36:53.873925234 +0800 CST m=+61314.717509417
Running 1m0s myx-test @ https://192.168.12.127:6443/apis/apps/v1/namespaces/myx-test/controllerrevisions
9 connections
Requests/bytes (per Connection):  [19133884 15716240 16531160 16687708 19133886 15636448 19084756 16617340 15648368]
Response/bytes (per Connection):  [12132990 9965818 10482570 10581848 12132991 9915242 12101840 10537230 9922804]
Requests Number (per Connection):  [14416 11841 12455 12573 14416 11781 14379 12520 11790]
Requests/sec:  2509.5994466145835 KB
Transfer/sec:  4100.962288411459 KB

2023-12-05 07:38:33.90994273 +0800 CST m=+61414.753526902
Running 1m0s myx-test @ https://192.168.12.127:6443/apis/apps/v1/namespaces/myx-test/controllerrevisions
15 connections
Requests/bytes (per Connection):  [13338950 13328328 12347564 15483922 12358186 12224130 13315162 12248042 13199602 15339304 15397570 12281252 13266072 15210510 15076402]
Response/bytes (per Connection):  [8458375 8451640 7829716 9818509 7836451 7751445 8443277 7766605 8370011 9726798 9763763 7787660 8412146 9645135 9560103]
Requests Number (per Connection):  [10050 10042 9303 11666 9311 9210 10032 9228 9945 11557 11601 9253 9995 11460 11359]
Requests/sec:  3327.0669921875 KB
Transfer/sec:  5436.794108072917 KB

2023-12-05 07:40:13.954878767 +0800 CST m=+61514.798462939
Running 1m0s myx-test @ https://192.168.12.127:6443/apis/apps/v1/namespaces/myx-test/controllerrevisions
30 connections
Requests/bytes (per Connection):  [9839108 8797082 9961136 10880982 10956668 8921900 8911328 9013412 10903506 8891410 8895236 9771264 9796630 10708374 8897952 8948348 10805252 10899444 9809908 9885458 8827680 10873014 10995018 9840434 10976428 10995018 8854232 9857712 9888108 9858898]
Response/bytes (per Connection):  [6239068 5578325 6316458 6899735 6947724 5657466 5650756 5715504 6914023 5638127 5640574 6196068 6212133 6790291 5642288 5674250 6851724 6911458 6220552 6268473 5597718 6894683 6972061 6239909 6960274 6972061 5614554 6250862 6270154 6251633]
Requests Number (per Connection):  [7413 6628 7505 8198 8255 6722 6714 6791 8215 6699 6702 7362 7381 8068 6704 6742 8141 8212 7391 7448 6651 8192 8284 7414 8270 8284 6671 7427 7450 7428]
Requests/sec:  4825.210611979167 KB
Transfer/sec:  7884.92587890625 KB

2023-12-05 07:41:53.995164021 +0800 CST m=+61614.838748190
Running 1m0s myx-test @ https://192.168.12.127:6443/apis/apps/v1/namespaces/myx-test/controllerrevisions
60 connections
Requests/bytes (per Connection):  [6563334 5838632 6864658 5908968 6954892 5940880 6592464 6788976 5882510 5932864 6820800 5928882 6685534 6501002 5981994 6546148 6799598 6664166 5966062 6850022 6538022 5964732 6747814 6835450 5920918 6820846 6516936 6601758 5926296 6599122 6005896 6966742 6828808 6782338 6601758 6718602 6802256 6526124 5939504 6561924 5926230 5895690 6580656 5926226 6928260 6563340 6796946 6540712 6646964 6741176 5930210 6742544 6605884 5908964 6584596 5861206 6861936 6814138 5936902 6759764]
Response/bytes (per Connection):  [4161877 3702338 4352945 3746940 4410166 3767168 4180358 4304958 3730151 3762092 4325142 3759567 4239353 4122345 3793243 4150970 4311693 4225821 3783141 4343669 4145839 3782298 4278859 4334425 3754517 4325165 4132448 4186251 3757918 4184577 3808398 4417693 4330214 4300749 4186251 4260337 4313378 4138288 3766302 4160994 3757885 3738521 4172852 3757883 4393290 4161880 4310011 4147540 4214906 4274650 3760409 4275512 4188848 3746938 4175356 3716651 4351228 4320921 3764645 4286436]
Requests Number (per Connection):  [4945 4399 5172 4452 5240 4476 4967 5115 4432 4470 5139 4467 5037 4898 4507 4932 5123 5021 4495 5161 4926 4494 5084 5150 4461 5139 4910 4974 4465 4972 4525 5249 5145 5110 4974 5062 5125 4917 4475 4944 4465 4442 4958 4465 5220 4945 5121 4928 5008 5079 4468 5080 4977 4452 4961 4416 5170 5134 4473 5093]
Requests/sec:  6295.094010416667 KB
Transfer/sec:  10286.877864583334 KB

2023-12-05 07:43:34.053158448 +0800 CST m=+61714.896742620
Running 1m0s myx-test @ https://192.168.12.127:6443/apis/apps/v1/namespaces/myx-test/controllerrevisions
90 connections
Requests/bytes (per Connection):  [5147128 5216174 4533966 5176340 5143146 4532676 5184306 5121900 5182980 5173684 5167044 5129866 5159078 5169712 5238748 5038360 4650690 5224070 4552436 4584378 4559232 5124556 4608360 5208160 5129866 4626848 5206834 5178992 5143176 5116588 5168372 5214788 5128610 4571180 5237420 4637414 5132526 5153770 4551208 5298496 5257336 4597580 5132522 5221482 5216170 5230776 4626794 5245386 4572446 5246696 5128558 4679904 5141816 5182978 5164408 5343594 4612346 4563210 4607034 5182978 5255918 5233416 5176340 5262516 5250624 4578992 5168374 5117916 4536658 4622894 5084724 5178996 4621524 4556536 4626952 5185634 5152470 5074122 5151110 4496824 5289078 5234676 4589614 4641516 5238748 5222800 4601564 4600236 5278550 5083394]
Response/bytes (per Connection):  [3263848 3307627 2875031 3282370 3261323 2874208 3287421 3247852 3286580 3280686 3276476 3252903 3271425 3278166 3321940 3194868 2949057 3312643 2886758 2907001 2891046 3249536 2922196 3302552 3252903 2933932 3301711 3284052 3261338 3244484 3277318 3306756 3252097 2898622 3321098 2940639 3254589 3268059 2885966 3359824 3333726 2915382 3254587 3310993 3307625 3316886 2933905 3326149 2899433 3326982 3252071 2967580 3260480 3286579 3274802 3388425 2924723 2893569 2921355 3286579 3332839 3318562 3282370 3337028 3329480 2903596 3277319 3245326 2876733 2931421 3224280 3284054 2930558 2889342 2933984 3288263 3267231 3217555 3266373 2851476 3353869 3319370 2910331 2943224 3321940 3311830 2917908 2917066 3347181 3223437]
Requests Number (per Connection):  [3878 3930 3416 3900 3875 3415 3906 3859 3905 3898 3893 3865 3887 3895 3947 3796 3504 3936 3430 3454 3435 3861 3472 3924 3865 3486 3923 3902 3875 3855 3894 3929 3864 3444 3946 3494 3867 3883 3429 3992 3961 3464 3867 3934 3930 3941 3486 3952 3445 3953 3864 3526 3874 3905 3891 4026 3475 3438 3471 3905 3960 3943 3900 3965 3956 3450 3894 3856 3418 3483 3831 3902 3482 3433 3486 3907 3882 3823 3881 3388 3985 3944 3458 3497 3947 3935 3467 3466 3977 3830]
Requests/sec:  7314.287239583334 KB
Transfer/sec:  11952.35166015625 KB

2023-12-05 07:45:14.112191133 +0800 CST m=+61814.955775318
Running 1m0s myx-test @ https://192.168.12.127:6443/apis/apps/v1/namespaces/myx-test/controllerrevisions
150 connections
Requests/bytes (per Connection):  [3193396 3558392 3235898 3709660 3277056 3242536 3214652 3492004 3278382 3489362 3708432 3543786 3574324 3575654 3206684 3514628 3189424 3498640 3518558 3782632 3519886 3738942 3262422 3231914 3566384 3484038 3712414 3734966 3783958 3667146 3728348 3213322 3576980 3745610 3226592 3692502 3570340 3270302 3213320 3758770 3547774 3489450 3663256 3154946 3575652 3679154 3667268 3283650 3526524 3672556 3651324 3263778 3225274 3497442 3730856 3748108 3237226 3789310 3506606 3470760 3219910 3567686 3565058 3561046 3668602 3262416 3200046 3676566 3180128 3287556 3205358 3287682 3222620 3265076 3587604 3237226 3519896 3740300 3190752 3207980 3712414 3651278 3245184 3729676 3505280 3586276 3495988 3217308 3561048 3721714 3542482 3770820 3555736 3269092 3264988 3209340 3219962 3184116 3582294 3669802 3729614 3652666 3201350 3685802 3553080 3543784 3234570 3565030 3708280 3707072 3541136 3545112 3584946 3610176 3725670 3680552 3765488 3699014 3209304 3728190 3538542 3204002 3162868 3283696 3433614 3758804 3563702 3776150 3753506 3531878 3604866 3685862 3214648 3794714 3749460 3737562 3197390 3791948 3229192 3468176 3184114 3561082 3559718 3705688 3262414 3650012 3773414 3470770 3583620 3235898]
Response/bytes (per Connection):  [2024966 2256414 2051913 2352340 2078010 2056122 2038442 2214320 2078851 2212643 2351548 2247153 2266516 2267359 2033390 2228658 2022446 2218528 2231157 2398616 2231999 2370897 2068735 2049387 2261478 2209269 2354073 2368375 2399457 2325387 2364176 2037599 2268200 2375121 2046014 2341447 2263990 2073743 2037598 2383481 2249681 2212687 2322908 2000579 2267358 2332993 2325448 2082197 2236208 2328804 2315340 2069591 2045177 2217751 2365786 2376726 2052755 2402845 2223579 2200850 2041783 2262307 2260637 2258097 2326293 2068732 2029181 2331343 2016552 2084684 2032549 2084747 2043494 2070418 2274936 2052755 2232004 2371754 2023288 2034216 2354073 2315317 2057802 2365018 2222738 2274094 2216846 2040126 2258098 2359969 2246323 2391108 2254730 2072960 2070374 2035074 2041809 2019080 2271569 2327071 2364987 2316189 2030011 2337207 2253046 2247152 2051071 2260623 2351472 2350690 2245472 2247994 2273251 2289248 2362481 2333870 2387730 2345593 2035056 2364097 2243819 2031693 2005608 2082220 2177293 2383498 2259781 2394485 2380137 2239597 2285881 2337237 2038440 2406259 2377580 2370029 2027497 2404520 2047670 2199202 2019079 2258115 2257255 2349820 2068731 2314506 2392761 2200855 2272410 2051913]
Requests Number (per Connection):  [2406 2681 2438 2795 2469 2443 2422 2631 2470 2629 2794 2670 2693 2694 2416 2648 2403 2636 2651 2850 2652 2817 2458 2435 2687 2625 2797 2814 2851 2763 2809 2421 2695 2822 2431 2782 2690 2464 2421 2832 2673 2629 2760 2377 2694 2772 2763 2474 2657 2767 2751 2459 2430 2635 2811 2824 2439 2855 2642 2615 2426 2688 2686 2683 2764 2458 2411 2770 2396 2477 2415 2477 2428 2460 2703 2439 2652 2818 2404 2417 2797 2751 2445 2810 2641 2702 2634 2424 2683 2804 2669 2841 2679 2463 2460 2418 2426 2399 2699 2765 2810 2752 2412 2777 2677 2670 2437 2686 2794 2793 2668 2671 2701 2720 2807 2773 2837 2787 2418 2809 2666 2414 2383 2474 2587 2832 2685 2845 2828 2661 2716 2777 2422 2859 2825 2816 2409 2857 2433 2613 2399 2683 2682 2792 2458 2750 2843 2615 2700 2438]
Requests/sec:  8534.66181640625 KB
Transfer/sec:  13946.578499348958 KB

2023-12-05 07:46:54.17344952 +0800 CST m=+61915.017033690
Running 1m0s myx-test @ https://192.168.12.127:6443/apis/apps/v1/namespaces/myx-test/controllerrevisions
300 connections
Requests/bytes (per Connection):  [1986922 2090410 1913886 1889990 1793058 1965672 2097124 1786522 2101042 1851484 1816958 2082456 1832934 2073124 2070530 1956426 2095794 1791790 1830238 2074426 1924608 1783866 1963016 1812976 1969674 1982938 1968328 2118366 1964344 2185986 1769272 2138266 1997534 1905994 1984260 1947148 1892758 1923180 2078536 2010794 1795714 2166166 1808994 1908574 1953722 1921878 1927168 1823600 2014802 2118284 1900612 1976294 2097126 1847498 2131646 1905918 2111656 1953720 1791866 1961688 1828910 1993554 1941770 2111728 1963016 1831670 1867452 1821000 2123678 1879368 1939122 1939192 1847500 1799698 1830390 1965710 1786544 1908674 1939120 2061178 1833052 1944426 1757306 1806336 1955050 1971012 2099700 2083830 2111716 1827600 2106268 2047998 2083848 2078426 1828988 1977640 1948434 1833016 2070450 1809076 1844964 1944430 1783858 2143528 2104992 1998866 1808992 2115712 2013438 2082506 1819674 1893972 1814304 1797048 2142108 1878040 1917980 2063874 1893974 2016130 2081188 2045336 1775850 1970984 1892642 1921866 1795874 2082518 1854296 1959032 1860872 1936460 1890102 1757336 1952420 2119596 1970984 1803682 1795716 1840996 1799754 1945754 2121010 1952438 2008158 2029408 1840860 2135562 1903288 1805010 2074500 2146118 2089084 2061168 2126244 1956376 1783866 1805166 1844924 2117040 2147496 1839612 1805010 1992226 2121022 1911232 2077136 2124930 2106420 1815632 1823756 1814462 1921958 2058618 2098452 1936460 1965670 2075772 1843530 1927164 1993554 2086400 2082520 2044010 2042686 1846208 1795776 1789100 2136894 1993554 1850298 1931152 1798370 1947082 2156874 1940442 2075876 1842188 2055962 2146148 1821092 1790402 2001508 1967036 2024086 1879516 2085176 2108950 1847646 2102422 1928492 1794490 2106416 1998854 2024096 2106420 1968342 1955050 2073224 1843630 1949738 2108960 1956376 2057192 2083848 1830238 2074450 1949738 2082464 1974966 1814398 2054610 1944426 1819774 1993552 1986918 2085108 2079860 1818286 1856832 1803682 1838314 1798370 2074548 2138138 2147580 1985588 2170004 2058616 1901960 2085172 1905920 1957704 1843674 1963058 2105094 2090478 2106418 2086500 1835626 1959032 2121022 1746732 2082520 1867536 1880814 1904694 1898026 1971014 1931148 1782594 1984260 2020108 1972314 1810380 1963058 1952394 2099778 1990900 1880694 1924560 1907322 1928496 2077208 1803792 1860872 1928568 1901936 1892642 1808992 1980276 1855538 1789134 1880692 2002832 1837000 2024056 2073226 1778610 1989572]
Response/bytes (per Connection):  [1259927 1325555 1213619 1198467 1137007 1246454 1329802 1132849 1332295 1174052 1152161 1320510 1162285 1314598 1312945 1240585 1328959 1136195 1160581 1315427 1220404 1131165 1244770 1149636 1248989 1257401 1248138 1343271 1245612 1386159 1121910 1355891 1266657 1208605 1258240 1234700 1200207 1219512 1318016 1275067 1138691 1373579 1147111 1210251 1238877 1218683 1222040 1156372 1277605 1343230 1205202 1253189 1329803 1171525 1351691 1208567 1339026 1238876 1136233 1243928 1159739 1264133 1231299 1339062 1244770 1161475 1184172 1154716 1346639 1191732 1229619 1229654 1171526 1141217 1160657 1246473 1132860 1210301 1229618 1307023 1162344 1232983 1114325 1145426 1239719 1249836 1331446 1321375 1339056 1158906 1335620 1298653 1321384 1317961 1159778 1254040 1235521 1162326 1312905 1147152 1169902 1232985 1131161 1359234 1334804 1267501 1147110 1341588 1276745 1320535 1153875 1200992 1150478 1139536 1358346 1190890 1216200 1308727 1200993 1278447 1319698 1296966 1126089 1249822 1200149 1218677 1138771 1320541 1175814 1242244 1179992 1227932 1198523 1114340 1238048 1344064 1249822 1143743 1138692 1167384 1141245 1233825 1344949 1238057 1273393 1286866 1167316 1354183 1206896 1144585 1315464 1360885 1324714 1307018 1348278 1240560 1131165 1144663 1169882 1342430 1361752 1166514 1144585 1263291 1344955 1211936 1317138 1347443 1335696 1151320 1156450 1150557 1218723 1305387 1330644 1227932 1246453 1316278 1169007 1222038 1264133 1323016 1320542 1296125 1295285 1170702 1138722 1134494 1355027 1264133 1173281 1224566 1140375 1234667 1367687 1230457 1316330 1168158 1303703 1360900 1154762 1135323 1269178 1247314 1283493 1191806 1322226 1337317 1171599 1333163 1222880 1137901 1335694 1267495 1283498 1335696 1248145 1239719 1314648 1169057 1236351 1337322 1240560 1304496 1321384 1160581 1315439 1236351 1320514 1252347 1150525 1302849 1232983 1153925 1264132 1259925 1322192 1318856 1153003 1177438 1143743 1165687 1140375 1315488 1355827 1361794 1259082 1376032 1305386 1206054 1322224 1208568 1241402 1169079 1244791 1334855 1325589 1335695 1323066 1163987 1242244 1344955 1107614 1320542 1184214 1192633 1207777 1203553 1249837 1224564 1130351 1258240 1280970 1250665 1147982 1244791 1238035 1331485 1262450 1192573 1220380 1209447 1222882 1317174 1143798 1179992 1222918 1206042 1200149 1147110 1255714 1176613 1134511 1192572 1270018 1164852 1283478 1314649 1127825 1261608]
Requests Number (per Connection):  [1497 1575 1442 1424 1351 1481 1580 1346 1583 1395 1369 1569 1381 1562 1560 1474 1579 1350 1379 1563 1450 1344 1479 1366 1484 1494 1483 1596 1480 1647 1333 1611 1505 1436 1495 1467 1426 1449 1566 1515 1353 1632 1363 1438 1472 1448 1452 1374 1518 1596 1432 1489 1580 1392 1606 1436 1591 1472 1350 1478 1378 1502 1463 1591 1479 1380 1407 1372 1600 1416 1461 1461 1392 1356 1379 1481 1346 1438 1461 1553 1381 1465 1324 1361 1473 1485 1582 1570 1591 1377 1587 1543 1570 1566 1378 1490 1468 1381 1560 1363 1390 1465 1344 1615 1586 1506 1363 1594 1517 1569 1371 1427 1367 1354 1614 1415 1445 1555 1427 1519 1568 1541 1338 1485 1426 1448 1353 1569 1397 1476 1402 1459 1424 1324 1471 1597 1485 1359 1353 1387 1356 1466 1598 1471 1513 1529 1387 1609 1434 1360 1563 1617 1574 1553 1602 1474 1344 1360 1390 1595 1618 1386 1360 1501 1598 1440 1565 1601 1587 1368 1374 1367 1448 1551 1581 1459 1481 1564 1389 1452 1502 1572 1569 1540 1539 1391 1353 1348 1610 1502 1394 1455 1355 1467 1625 1462 1564 1388 1549 1617 1372 1349 1508 1482 1525 1416 1571 1589 1392 1584 1453 1352 1587 1506 1525 1587 1483 1473 1562 1389 1469 1589 1474 1550 1570 1379 1563 1469 1569 1488 1367 1548 1465 1371 1502 1497 1571 1567 1370 1399 1359 1385 1355 1563 1611 1618 1496 1635 1551 1433 1571 1436 1475 1389 1479 1586 1575 1587 1572 1383 1476 1598 1316 1569 1407 1417 1435 1430 1485 1455 1343 1495 1522 1486 1364 1479 1471 1582 1500 1417 1450 1437 1453 1565 1359 1402 1453 1433 1426 1363 1492 1398 1348 1417 1509 1384 1525 1562 1340 1499]
Requests/sec:  9552.341959635416 KB
Transfer/sec:  15609.579866536458 KB

