2023-12-05 16:38:19.435715366 +0800 CST m=+15449.943023215
Running 1m0s myx-test @ https://192.168.12.127:6443/apis/batch/v1/namespaces/myx-test/cronjobs
3 connections
Requests/bytes (per Connection):  [19184760 18614422 20441752]
Response/bytes (per Connection):  [24909078 24168522 26541090]
Requests Number (per Connection):  [12882 12499 13726]
Requests/sec:  947.9318684895833 KB
Transfer/sec:  2178.7048177083334 KB

2023-12-05 16:39:59.48819532 +0800 CST m=+15549.995503191
Running 1m0s myx-test @ https://192.168.12.127:6443/apis/batch/v1/namespaces/myx-test/cronjobs
6 connections
Requests/bytes (per Connection):  [16515962 19006092 16803370 16541288 16703558 18974754]
Response/bytes (per Connection):  [21443991 24677064 21817172 21476867 21687603 24636426]
Requests Number (per Connection):  [11090 12762 11283 11107 11216 12741]
Requests/sec:  1701.5791666666667 KB
Transfer/sec:  3910.874788411458 KB

2023-12-05 16:41:39.536314275 +0800 CST m=+15650.043622150
Running 1m0s myx-test @ https://192.168.12.127:6443/apis/batch/v1/namespaces/myx-test/cronjobs
9 connections
Requests/bytes (per Connection):  [14183738 16434074 16681328 15127946 14249286 15014724 16658980 14274614 15099732]
Response/bytes (per Connection):  [18415905 21337652 21658653 19641835 18500995 19494860 21629644 18533872 19605137]
Requests Number (per Connection):  [9524 11035 11201 10158 9568 10082 11186 9585 10139]
Requests/sec:  2241.608430989583 KB
Transfer/sec:  5152.066650390625 KB

2023-12-05 16:43:19.593198159 +0800 CST m=+15750.100506020
Running 1m0s myx-test @ https://192.168.12.127:6443/apis/batch/v1/namespaces/myx-test/cronjobs
15 connections
Requests/bytes (per Connection):  [9538808 9555128 9534326 11373600 10128452 10235714 10136000 10210392 11237970 11370620 9541728 11334866 10287842 9610254 11348172]
Response/bytes (per Connection):  [12384949 12406188 12379141 14767193 13150615 13289854 13160334 13256980 14591179 14763325 12388787 14716912 13357533 12477744 14734266]
Requests Number (per Connection):  [6405 6416 6402 7637 6801 6873 6806 6856 7546 7635 6407 7611 6908 6453 7620]
Requests/sec:  2530.0109375 KB
Transfer/sec:  5814.923046875 KB

2023-12-05 16:44:59.699397276 +0800 CST m=+15850.206705136
Running 1m0s myx-test @ https://192.168.12.127:6443/apis/batch/v1/namespaces/myx-test/cronjobs
30 connections
Requests/bytes (per Connection):  [7595260 8770296 8584168 7598236 8217744 7534228 7532716 8655620 8771880 8791090 7540138 8618430 8258052 8767270 7571422 8201446 8593108 8226710 8244492 8636308 7559504 7627992 8107592 8171592 8253590 7546136 7674220 8692922 8064382 8259392]
Response/bytes (per Connection):  [9861530 11387169 11145480 9865396 10669774 9782265 9780320 11238278 11389150 11414212 9789976 11189958 10722031 11383278 9830587 10648546 11157084 10681391 10704550 11213165 9815116 9904054 10526712 10609839 10716233 9797731 9964027 11286654 10470626 10723890]
Requests Number (per Connection):  [5100 5889 5764 5102 5518 5059 5058 5812 5890 5903 5063 5787 5545 5887 5084 5507 5770 5524 5536 5799 5076 5122 5444 5487 5542 5067 5153 5837 5415 5546]
Requests/sec:  3982.19296875 KB
Transfer/sec:  9152.58720703125 KB

2023-12-05 16:46:39.788998208 +0800 CST m=+15950.296306066
Running 1m0s myx-test @ https://192.168.12.127:6443/apis/batch/v1/namespaces/myx-test/cronjobs
60 connections
Requests/bytes (per Connection):  [5830488 5721778 5796230 5261542 5906438 5233376 5286898 5718750 5240840 5330074 5848360 5683132 5855814 5794732 5723222 5858794 5924342 5276444 5273464 5900412 5748546 5291340 5755998 5258566 5858726 5334544 5689046 5267588 5727690 5264522 5331604 5840912 5806652 5854262 5910898 5279424 5255588 5776852 5218376 5808140 5860262 5855750 5273514 5711320 5691934 5711426 5872172 5639794 5709874 5696452 5282402 5764934 5940730 5723316 5319646 5751528 5894484 5890080 5849852 5231808]
Response/bytes (per Connection):  [7570179 7429027 7525703 6831508 7668793 6794834 6864399 7425135 6804511 6920468 7593383 7378790 7603055 7523765 7430938 7606923 7692013 6850849 6846981 7661024 7463813 6870187 7473484 6827642 7606889 6926270 7386503 6839287 7436739 6835376 6922422 7583714 7539237 7601090 7674590 6854717 6823775 7500557 6775444 7541170 7608846 7603023 6847006 7415475 7390325 7415528 7624313 7322640 7413563 7396151 6858584 7485086 7713286 7430985 6906931 7467682 7653304 7647535 7595318 6792861]
Requests Number (per Connection):  [3915 3842 3892 3533 3966 3514 3550 3840 3519 3579 3927 3816 3932 3891 3843 3934 3978 3543 3541 3962 3860 3553 3865 3531 3934 3582 3820 3537 3846 3535 3580 3922 3899 3931 3969 3545 3529 3879 3504 3900 3935 3932 3541 3835 3822 3835 3943 3787 3834 3825 3547 3871 3989 3843 3572 3862 3958 3955 3928 3513]
Requests/sec:  5491.79169921875 KB
Transfer/sec:  12622.221809895833 KB

2023-12-05 16:48:19.846109762 +0800 CST m=+16050.353417639
Running 1m0s myx-test @ https://192.168.12.127:6443/apis/batch/v1/namespaces/myx-test/cronjobs
90 connections
Requests/bytes (per Connection):  [4332306 3842246 4341166 3880982 4420168 4302434 3845328 4266772 4445452 4265190 3776852 4350232 4461842 3824526 3818512 4345728 4400802 4356090 4371092 4405228 3848280 3848318 3861612 4327856 4292004 4442472 4341248 4244332 3855654 4417156 4488658 4417146 4420126 4476740 4376948 4414168 3840832 4367986 4423164 4351674 4320470 4457386 3903426 3952488 3830484 4260756 4439494 4438002 3808028 4190800 4391822 4360658 3851262 4376920 3879648 3891410 4466310 4248800 3864712 3821546 3885450 4266730 4311372 4370964 4530370 3863248 4397824 4436514 4327904 4356106 3839424 4390330 3830382 4426104 4370966 3898858 3965896 4335334 4511004 4363652 4292028 3930146 4376926 4359132 4417146 3879490 3851184 4438002 3858634 3849844]
Response/bytes (per Connection):  [5624954 4988743 5636518 5039025 5739036 5586238 4992662 5539871 5771891 5537891 4903730 5648185 5793165 4965615 4957852 5642366 5713896 5655870 5675261 5719676 4996516 4996535 5013883 5619162 5572700 5768023 5636559 5510816 5006148 5735152 5827975 5735147 5739015 5812504 5682945 5731280 4986847 5671330 5742912 5650095 5609524 5787370 5068082 5131850 4973350 5532107 5764156 5762221 4944287 5441246 5702272 5661721 5000385 5682931 5037169 5052562 5798966 5516617 5017811 4961747 5044826 5539850 5597841 5675197 5882123 5015890 5710029 5760288 5619186 5655878 4984954 5700337 4973299 5746760 5675198 5062231 5149255 5628846 5856983 5665596 5572712 5102844 5682934 5659769 5735147 5037090 5000346 5762221 5010016 4998487]
Requests Number (per Connection):  [2909 2580 2915 2606 2968 2889 2582 2865 2985 2864 2536 2921 2996 2568 2564 2918 2955 2925 2935 2958 2584 2584 2593 2906 2882 2983 2915 2850 2589 2966 3014 2966 2968 3006 2939 2964 2579 2933 2970 2922 2901 2993 2621 2654 2572 2861 2981 2980 2557 2814 2949 2928 2586 2939 2605 2613 2999 2853 2595 2566 2609 2865 2895 2935 3042 2594 2953 2979 2906 2925 2578 2948 2572 2972 2935 2618 2663 2911 3029 2930 2882 2639 2939 2927 2966 2605 2586 2980 2591 2585]
Requests/sec:  6149.002408854167 KB
Transfer/sec:  14132.734440104166 KB

2023-12-05 16:49:59.923102155 +0800 CST m=+16150.430410015
Running 1m0s myx-test @ https://192.168.12.127:6443/apis/batch/v1/namespaces/myx-test/cronjobs
150 connections
Requests/bytes (per Connection):  [2804320 2640454 2853338 3060418 3051582 3088768 2638964 2589802 2829658 2631516 3006792 3066458 2710476 2628574 2567476 2854884 2630028 3020294 2832480 2612230 2774538 2621088 2991886 2640454 3002382 3045630 3049992 2838478 3045628 3008278 2588310 2641944 3076806 2826536 3057438 2802846 3108092 2790888 2837046 2841578 2777518 2700048 3134900 2902640 2655352 2621170 2609168 3054554 2822210 2802702 3032168 3054458 2840010 3045520 3051544 2805824 3044030 2828102 2929318 2820724 2671740 2786316 2607780 3112562 2597254 3036584 2781872 2843066 2671740 2793906 2836954 2661312 3051478 2854888 2680680 2837112 2850516 2838596 2633006 2697068 2893658 2817740 3108092 2929356 3112562 2808800 2644924 2878798 2999486 2628564 2784964 2622578 2589882 2823698 2695574 2576532 3060422 3099152 3030696 2994976 2886114 2682168 3042544 3076806 2676216 2834128 3039562 2831006 2600230 3036586 2820722 2881662 3067868 3057438 2589922 2658358 2600230 3060418 2664314 2607680 2615128 2673230 2647904 3035130 2804332 2862372 3052988 3060466 3112562 2659824 3102132 2668762 2670252 3044074 2829650 2837062 2621146 2841450 2851886 3041112 3114050 3015832 3053028 2603214 2683656 2644924 2878664 3106618 2795396 2633018]
Response/bytes (per Connection):  [3641047 3428324 3704793 3973604 3962052 4010370 3426390 3362572 3673929 3416721 3903987 3981380 3519218 3412872 3333574 3706755 3414788 3921439 3677718 3391621 3602376 3403184 3884644 3428324 3898215 3954320 3960068 3685473 3954319 3905919 3360637 3430258 3994877 3669990 3969736 3639121 4035489 3623630 3683568 3689401 3606244 3505681 4070295 3768681 3447663 3403225 3387712 3965916 3664260 3639049 3936888 3965868 3687428 3954265 3962033 3642988 3952331 3671962 3803422 3662328 3468936 3617777 3385829 4041291 3372243 3942663 3611988 3691334 3468936 3627517 3683522 3455399 3962000 3706757 3480540 3683601 3701004 3685532 3418655 3501813 3757056 3658458 4035489 3803441 4041291 3646854 3434126 3737736 3894389 3412867 3615912 3405118 3362612 3666193 3499877 3345236 3973606 4023885 3934963 3888567 3747339 3482473 3950399 3994877 3474741 3679731 3946530 3675792 3376109 3942664 3662327 3741546 3983274 3969736 3362632 3451544 3376109 3973604 3459278 3385779 3395448 3470870 3437994 3940747 3641053 3716444 3963944 3973628 4041291 3453466 4027753 3465069 3467003 3952353 3673925 3683576 3403213 3689337 3702878 3948494 4043224 3915641 3963964 3379979 3484406 3434126 3737669 4033563 3629451 3418661]
Requests Number (per Connection):  [1883 1773 1916 2055 2049 2074 1772 1739 1900 1767 2019 2059 1820 1765 1724 1917 1766 2028 1902 1754 1863 1760 2009 1773 2016 2045 2048 1906 2045 2020 1738 1774 2066 1898 2053 1882 2087 1874 1905 1908 1865 1813 2105 1949 1783 1760 1752 2051 1895 1882 2036 2051 1907 2045 2049 1884 2044 1899 1967 1894 1794 1871 1751 2090 1744 2039 1868 1909 1794 1876 1905 1787 2049 1917 1800 1905 1914 1906 1768 1811 1943 1892 2087 1967 2090 1886 1776 1933 2014 1765 1870 1761 1739 1896 1810 1730 2055 2081 2035 2011 1938 1801 2043 2066 1797 1903 2041 1901 1746 2039 1894 1935 2060 2053 1739 1785 1746 2055 1789 1751 1756 1795 1778 2038 1883 1922 2050 2055 2090 1786 2083 1792 1793 2044 1900 1905 1760 1908 1915 2042 2091 2025 2050 1748 1802 1776 1933 2086 1877 1768]
Requests/sec:  6941.064908854167 KB
Transfer/sec:  15953.200472005208 KB

2023-12-05 16:51:39.989817177 +0800 CST m=+16250.497125037
Running 1m0s myx-test @ https://192.168.12.127:6443/apis/batch/v1/namespaces/myx-test/cronjobs
300 connections
Requests/bytes (per Connection):  [1443082 1489322 1429674 1596462 1638142 1393974 1405888 1437094 1501078 1443138 1662080 1600896 1653110 1575604 1495278 1367156 1626360 1498258 1562318 1395452 1545776 1597956 1435654 1461016 1490726 1675404 1529384 1535502 1449096 1452072 1334380 1577116 1481726 1507194 1496686 1396954 1444558 1468434 1685938 1721568 1712648 1465480 1428238 1566702 1502726 1526534 1599482 1398382 1524930 1437156 1408872 1347790 1630746 1425260 1617432 1614412 1361198 1620264 1678366 1533980 1435686 1544376 1636742 1678364 1602480 1456542 1382000 1571158 1517608 1705244 1666548 1645590 1392484 1547296 1621816 1623344 1504216 1388014 1641130 1617396 1399932 1399854 1599406 1617400 1420786 1571158 1638280 1542796 1517486 1449098 1504158 1578548 1566688 1443032 1690382 1598076 1518984 1608456 1647082 1517550 1495278 1414832 1715608 1522086 1405846 1541416 1556202 1651550 1458032 1428240 1483364 1499630 1736466 1389438 1647228 1382052 1521936 1475840 1632182 1480220 1603902 1639632 1498256 1437090 1486338 1526416 1578670 1420702 1587488 1548910 1471332 1589056 1458036 1456542 1699298 1423770 1684460 1502568 1388014 1632304 1416306 1529454 1656044 1607014 1588978 1420786 1443138 1426750 1435676 1518956 1575604 1633696 1481824 1498130 1514644 1639720 1474420 1429626 1437178 1523426 1362686 1454982 1584538 1527896 1572590 1452076 1648572 1548910 1524996 1671040 1645620 1531034 1554712 1440158 1471400 1410362 1452072 1656016 1644102 1524988 1563650 1581686 1553332 1419302 1553380 1457906 1407308 1609894 1593574 1405892 1580100 1465482 1574238 1642654 1460946 1542872 1528018 1528002 1392414 1410356 1466924 1644184 1386462 1608420 1481872 1596550 1440046 1493770 1629212 1441644 1499724 1694752 1653040 1560670 1392436 1548910 1672408 1650218 1414750 1656030 1534014 1432710 1590626 1578706 1425256 1593446 1510148 1639688 1365668 1519114 1639628 1547262 1446114 1463996 1529384 1575600 1466888 1569650 1359680 1379024 1444608 1377584 1672428 1460934 1620266 1560830 1533854 1398442 1657594 1648710 1553248 1374606 1390994 1627814 1398442 1593446 1571136 1425180 1449020 1493672 1443106 1595056 1589010 1566788 1575568 1498258 1492250 1455056 1373116 1590466 1398426 1653036 1647182 1523494 1624764 1556330 1510166 1566774 1422206 1598052 1434078 1411810 1663466 1398444 1542900 1636654 1416300 1520604 1603922 1410268 1687438 1569684 1507166 1524916 1450586 1545852 1633680 1544378 1511664 1505658]
Response/bytes (per Connection):  [1873682 1933661 1856277 2072839 2126971 1809891 1825360 1865932 1949051 1873710 2157964 2078623 2146345 2045764 1941395 1775080 2111568 1945263 2028420 1811819 2007070 2074775 1864023 1896917 1935552 2175327 1985795 1993610 1881445 1885311 1732534 2047709 1923918 1956865 1943288 1813759 1875609 1906571 2188917 2235268 2223674 1902716 1854370 2034179 1951064 1981992 2076727 1815662 1980001 1865963 1829230 1749940 2117328 1850503 2099970 2096082 1767345 2103764 2179186 1991660 1864039 2005181 2125082 2179185 2080604 1891113 1794392 2039974 1970395 2214027 2163765 2136640 1807957 2009019 2105729 2107682 1952998 1802155 2130843 2099952 1817626 1817587 2076689 2099954 1844699 2039974 2127040 2003202 1970334 1881446 1952969 2049614 2034172 1873657 2194706 2074835 1972272 2088348 2138575 1970366 1941395 1836966 2227532 1976201 1825339 2001323 2020606 2144376 1893047 1854371 1925926 1947138 2254607 1804056 2138648 1794418 1976126 1916219 2119235 1921976 2082504 2128905 1945262 1865930 1929791 1981933 2049675 1844657 2061218 2011015 1910398 2063191 1893049 1891113 2206298 1848569 2186989 1950985 1802155 2119296 1838892 1985830 2150190 2086438 2063152 1844699 1873710 1852437 1864034 1972258 2045764 2121181 1923967 1945199 1966535 2128949 1914320 1856253 1865974 1978060 1769278 1889144 2057365 1983862 2041879 1885313 2140509 2011015 1980034 2169578 2136655 1987809 2018672 1869842 1910432 1831164 1885311 2150176 2134707 1980030 2030275 2053561 2016793 1842768 2016817 1892984 1827259 2090256 2069017 1825362 2051579 1902717 2043892 2132794 1896882 2003240 1983923 1983915 1807922 1831161 1904627 2134748 1800190 2088330 1923991 2072883 1869786 1939452 2115372 1871774 1947185 2200458 2146310 2026407 1807933 2011015 2171451 2142521 1836925 2150183 1991677 1860173 2065165 2049693 1850501 2068953 1960720 2128933 1773147 1972337 2128903 2009002 1877576 1900785 1985795 2045762 1904609 2038031 1765397 1790526 1875634 1788617 2171461 1896876 2103765 2026487 1991597 1815692 2152154 2140578 2016751 1784750 1806023 2113484 1815692 2068953 2039963 1850463 1881407 1939403 1873694 2070947 2063168 2034222 2045746 1945263 1937503 1889181 1782816 2065085 1815684 2146308 2138625 1978094 2109581 2020670 1960729 2034215 1846598 2074823 1862046 1833077 2159846 1815693 2003254 2125038 1838889 1974271 2082514 1831117 2190856 2038048 1956851 1979994 1883379 2007108 2121173 2005182 1962667 1954908]
Requests Number (per Connection):  [969 1000 960 1072 1100 936 944 965 1008 969 1116 1075 1110 1058 1004 918 1092 1006 1049 937 1038 1073 964 981 1001 1125 1027 1031 973 975 896 1059 995 1012 1005 938 970 986 1132 1156 1150 984 959 1052 1009 1025 1074 939 1024 965 946 905 1095 957 1086 1084 914 1088 1127 1030 964 1037 1099 1127 1076 978 928 1055 1019 1145 1119 1105 935 1039 1089 1090 1010 932 1102 1086 940 940 1074 1086 954 1055 1100 1036 1019 973 1010 1060 1052 969 1135 1073 1020 1080 1106 1019 1004 950 1152 1022 944 1035 1045 1109 979 959 996 1007 1166 933 1106 928 1022 991 1096 994 1077 1101 1006 965 998 1025 1060 954 1066 1040 988 1067 979 978 1141 956 1131 1009 932 1096 951 1027 1112 1079 1067 954 969 958 964 1020 1058 1097 995 1006 1017 1101 990 960 965 1023 915 977 1064 1026 1056 975 1107 1040 1024 1122 1105 1028 1044 967 988 947 975 1112 1104 1024 1050 1062 1043 953 1043 979 945 1081 1070 944 1061 984 1057 1103 981 1036 1026 1026 935 947 985 1104 931 1080 995 1072 967 1003 1094 968 1007 1138 1110 1048 935 1040 1123 1108 950 1112 1030 962 1068 1060 957 1070 1014 1101 917 1020 1101 1039 971 983 1027 1058 985 1054 913 926 970 925 1123 981 1088 1048 1030 939 1113 1107 1043 923 934 1093 939 1070 1055 957 973 1003 969 1071 1067 1052 1058 1006 1002 977 922 1068 939 1110 1106 1023 1091 1045 1014 1052 955 1073 963 948 1117 939 1036 1099 951 1021 1077 947 1133 1054 1012 1024 974 1038 1097 1037 1015 1011]
Requests/sec:  7450.043131510417 KB
Transfer/sec:  17123.0255859375 KB

