2023-12-05 08:58:04.302959239 +0800 CST m=+66185.146543401
Running 1m0s myx-test @ https://192.168.12.127:6443/apis/apps/v1/namespaces/myx-test/daemonsets
3 connections
Requests/bytes (per Connection):  [2455660 2324370 1216172]
Response/bytes (per Connection):  [4364785 4131830 2161606]
Requests Number (per Connection):  [1684 1594 834]
Requests/sec:  97.59443359375 KB
Transfer/sec:  271.0680826822917 KB

2023-12-05 08:59:44.450526015 +0800 CST m=+66285.294110193
Running 1m0s myx-test @ https://192.168.12.127:6443/apis/apps/v1/namespaces/myx-test/daemonsets
6 connections
Requests/bytes (per Connection):  [1643429 1014884 1655101 1937945 993093 1932153]
Response/bytes (per Connection):  [2921072 1804252 2941768 3444910 1764849 3434299]
Requests Number (per Connection):  [1127 696 1135 1329 681 1325]
Requests/sec:  149.35880533854166 KB
Transfer/sec:  414.8397623697917 KB

2023-12-05 09:01:24.656746388 +0800 CST m=+66385.500330577
Running 1m0s myx-test @ https://192.168.12.127:6443/apis/apps/v1/namespaces/myx-test/daemonsets
9 connections
Requests/bytes (per Connection):  [921578 1669725 1467072 915806 1475824 1465611 1649277 912890 1698861]
Response/bytes (per Connection):  [1638239 2967415 2606876 1627488 2622412 2604303 2931336 1622300 3019433]
Requests Number (per Connection):  [632 1145 1006 628 1012 1005 1131 626 1165]
Requests/sec:  198.18756510416668 KB
Transfer/sec:  550.3978841145833 KB

2023-12-05 09:03:04.850263489 +0800 CST m=+66485.693847676
Running 1m0s myx-test @ https://192.168.12.127:6443/apis/apps/v1/namespaces/myx-test/daemonsets
15 connections
Requests/bytes (per Connection):  [832713 825408 1397048 1529643 829737 1539886 1258463 832653 1414554 829741 1277456 1432064 1262856 1297856 1252629]
Response/bytes (per Connection):  [1479584 1466704 2482644 2719174 1474771 2737103 2236754 1479959 2513702 1474758 2270233 2544747 2244418 2306618 2226392]
Requests Number (per Connection):  [571 566 958 1049 569 1056 863 571 970 569 876 982 866 890 859]
Requests/sec:  289.920361328125 KB
Transfer/sec:  805.1801432291667 KB

2023-12-05 09:04:45.059145996 +0800 CST m=+66585.902730167
Running 1m0s myx-test @ https://192.168.12.127:6443/apis/apps/v1/namespaces/myx-test/daemonsets
30 connections
Requests/bytes (per Connection):  [1257004 1109825 1284721 1277478 1099528 1065905 1086373 699906 691308 1146188 701365 698573 1216162 1141761 707275 702822 1224914 1121339 1192818 692729 1184064 1264365 1249711 679482 705834 1092161 1079032 1121469 1229291 704293]
Response/bytes (per Connection):  [2234167 1971740 2283333 2270094 1954159 1895075 1931029 1244403 1227879 2037124 1246990 1241009 2161676 2029683 1256865 1249591 2177212 1993437 2120269 1230717 2104747 2246685 2221218 1208171 1254167 1941683 1918386 1992617 2184973 1252109]
Requests Number (per Connection):  [862 761 881 876 754 731 745 480 474 786 481 479 834 783 485 482 840 769 818 475 812 867 857 466 484 749 740 769 843 483]
Requests/sec:  495.24244791666666 KB
Transfer/sec:  1375.4704427083334 KB

2023-12-05 09:06:25.188274224 +0800 CST m=+66686.031858408
Running 1m0s myx-test @ https://192.168.12.127:6443/apis/apps/v1/namespaces/myx-test/daemonsets
60 connections
Requests/bytes (per Connection):  [631407 632890 1173907 1013385 1047096 660517 627122 1192816 1208865 997498 1150515 653300 621172 612420 1030941 1033919 1200111 993049 613851 1178244 1030893 612384 1070416 1009044 664894 1032350 1023598 634417 1238109 1191357 1232315 667928 1047008 1044108 1191459 640121 1006144 613863 1169480 1226381 1055848 1057253 1063143 656298 1186986 646035 1184186 1063141 1038214 1194371 629936 1033967 1184068 696988 612382 676722 1200233 1243969 1159317 1207410]
Response/bytes (per Connection):  [1122341 1124790 2086291 1801915 1860443 1174526 1113996 2120283 2148740 1772429 2045205 1161105 1104371 1088835 1832668 1837452 2133218 1765127 1091603 2094302 1832959 1089072 1901988 1793932 1182287 1835560 1820009 1126931 2200077 2117696 2189465 1186724 1861014 1855714 2117057 1138113 1788647 1091534 2078850 2179743 1875979 1878914 1888914 1165764 2109908 1147960 2103983 1888913 1845742 2122273 1119838 1837146 2104734 1239229 1089086 1201996 2132454 2210272 2060421 2146140]
Requests Number (per Connection):  [433 434 805 695 718 453 430 818 829 684 789 448 426 420 707 709 823 681 421 808 707 420 734 692 456 708 702 435 849 817 845 458 718 716 817 439 690 421 802 841 724 725 729 450 814 443 812 729 712 819 432 709 812 478 420 464 823 853 795 828]
Requests/sec:  934.403662109375 KB
Transfer/sec:  2595.156884765625 KB

2023-12-05 09:08:05.316454969 +0800 CST m=+66786.160039138
Running 1m0s myx-test @ https://192.168.12.127:6443/apis/apps/v1/namespaces/myx-test/daemonsets
90 connections
Requests/bytes (per Connection):  [1392675 1488931 1442275 873501 889548 1455374 1459781 1461236 886630 1372251 1439231 1411616 1445189 915806 1424765 888073 901218 1417414 1453941 889526 1407133 1376628 1448011 1429142 912836 1407259 899761 1493330 1367876 1380939 1357623 1488909 1450865 1502082 1433517 1396938 911431 888089 1434926 1359122 1382436 1407197 1446554 885171 902641 1398505 1376628 867665 886630 1411604 1478740 1357663 1480073 898300 1468529 1442115 866206 1437896 1411636 1471393 902677 1372211 1386739 901200 1436439 872044 1398511 904136 1383825 1443630 1364958 896811 888071 1442133 888089 888085 869124 890985 1381005 1383889 889548 1373656 1408604 1426128 888091 1375091 1486013 1395585 898268 1497707]
Response/bytes (per Connection):  [2474870 2645848 2562870 1552423 1580894 2586347 2593928 2596528 1575720 2438638 2558488 2508668 2568057 1627488 2531825 1578419 1601604 2519252 2583593 1581018 2501574 2446399 2573843 2539586 1622633 2500767 1599003 2653470 2430863 2454577 2413004 2646002 2579420 2669021 2547361 2483354 1619713 1578307 2550268 2415341 2456913 2501171 2571242 1573133 1604428 2485245 2446399 1542075 1575720 2508737 2627600 2412754 2630994 1596430 2609477 2563855 1539488 2555108 2508528 2614999 1604191 2438888 2465162 1601715 2552522 1549822 2485218 1606778 2459960 2566110 2425689 1594023 1578418 2563759 1578307 1578320 1544662 1583620 2454160 2459542 1580894 2441558 2504077 2535024 1578293 2444298 2640689 2480085 1596624 2661231]
Requests Number (per Connection):  [955 1021 989 599 610 998 1001 1002 608 941 987 968 991 628 977 609 618 972 997 610 965 944 993 980 626 965 617 1024 938 947 931 1021 995 1030 983 958 625 609 984 932 948 965 992 607 619 959 944 595 608 968 1014 931 1015 616 1007 989 594 986 968 1009 619 941 951 618 985 598 959 620 949 990 936 615 609 989 609 609 596 611 947 949 610 942 966 978 609 943 1019 957 616 1027]
Requests/sec:  1823.994677734375 KB
Transfer/sec:  5065.676302083333 KB

2023-12-05 09:09:45.438756866 +0800 CST m=+66886.282341061
Running 1m0s myx-test @ https://192.168.12.127:6443/apis/apps/v1/namespaces/myx-test/daemonsets
150 connections
Requests/bytes (per Connection):  [1284761 1324094 936230 1278935 952277 1337241 1312440 1341618 1252711 979862 1343075 1303698 1337239 956650 1324112 1313899 934769 926009 943525 923097 1251244 1350368 1306604 1232315 927478 1299311 924560 1334293 1245334 1246795 1243939 1332862 1344534 947884 1289098 1294934 944984 1319725 1249711 1378071 961031 1316817 950818 940607 1347452 1316817 1289130 961003 969737 1353286 1329946 934737 1310981 959568 1348911 1296393 955195 1300772 1331379 994440 1264365 1334321 993025 1283264 1293475 955195 949355 987289 1310983 1299311 934771 975489 1369333 955191 943519 1325569 950818 1299311 944928 1303700 1300788 1338664 1278933 1284761 1310981 1278887 1383917 1255607 1369333 1353288 933282 1233772 953732 1233664 963947 1308069 979976 1331405 1328487 1299329 955195 1345991 1328487 1264367 1319735 1294936 1337235 1318276 981385 956650 1268680 1318274 1286216 1258539 961029 1364924 931853 1312440 942064 1348911 947902 1238099 1296415 944984 968198 1337239 1324112 1324110 1281815 1363499 940605 1310983 1334323 1322653 1398509 937689 1303686 1338698 1286186 1322653 966777 1306612 1322651 1360577 1334291 963945 1327028 1268734 946437 939060]
Response/bytes (per Connection):  [2283098 2353322 1663720 2272695 1692191 2376508 2332515 2384269 2225878 1742206 2386870 2316909 2376522 1699965 2353211 2335102 1661132 1645652 1676655 1640436 2223347 2399819 2322167 2189465 1648184 2309218 1643010 2371529 2213457 2216030 2210467 2368761 2389457 1684527 2291109 2301457 1679242 2345520 2221218 2449083 1707713 2340276 1689604 1671481 2394631 2340276 2290900 1707879 1723541 2404993 2363573 1661341 2329928 1705139 2397218 2304044 1697365 2311806 2366327 1768145 2246685 2371348 1765280 2280747 2298870 1697365 1687030 1754307 2329914 2309218 1661133 1734417 2433464 1697378 1676682 2355812 1689604 2309218 1679589 2316910 2311709 2379332 2272694 2283098 2329928 2272986 2459361 2231191 2433464 2404979 1658726 2192066 1694791 2192747 1712901 2324712 1741483 2366160 2360986 2309107 1697365 2392058 2360986 2246686 2345450 2301443 2376535 2342863 1744390 1699965 2254850 2342877 2285698 2236282 1707727 2425897 1655959 2332515 1674082 2397218 1684416 2200147 2303905 1679242 1721469 2376522 2353211 2353225 2278105 2423102 1671495 2329914 2371334 2350624 2485232 1666307 2316993 2379109 2285908 2350624 1718631 2322111 2350638 2417941 2371528 1712900 2358399 2254487 1681856 1669450]
Requests Number (per Connection):  [881 908 642 877 653 917 900 920 859 672 921 894 917 656 908 901 641 635 647 633 858 926 896 845 636 891 634 915 854 855 853 914 922 650 884 888 648 905 857 945 659 903 652 645 924 903 884 659 665 928 912 641 899 658 925 889 655 892 913 682 867 915 681 880 887 655 651 677 899 891 641 669 939 655 647 909 652 891 648 894 892 918 877 881 899 877 949 861 939 928 640 846 654 846 661 897 672 913 911 891 655 923 911 867 905 888 917 904 673 656 870 904 882 863 659 936 639 900 646 925 650 849 889 648 664 917 908 908 879 935 645 899 915 907 959 643 894 918 882 907 663 896 907 933 915 661 910 870 649 644]
Requests/sec:  2908.3170084635417 KB
Transfer/sec:  8076.923225911459 KB

2023-12-05 09:11:25.557348765 +0800 CST m=+66986.400932937
Running 1m0s myx-test @ https://192.168.12.127:6443/apis/apps/v1/namespaces/myx-test/daemonsets
300 connections
Requests/bytes (per Connection):  [1064488 1065903 1067448 940517 819530 1052774 959548 839996 1074749 1065903 946341 835627 934773 828278 940603 966863 946359 1036885 851624 1020842 851620 857454 996039 828278 832655 854568 978535 1068889 977072 829799 942064 920179 959518 844367 1032510 842866 848702 961027 1057289 1080649 816606 972663 829737 1080649 971124 850193 976974 927478 829737 831198 820983 959518 857478 809399 800559 943525 835627 850159 968320 869124 1087844 1038234 835571 1067460 1041262 928915 1039713 969683 828310 1026674 1057307 1055850 1039691 1052932 1013465 984367 946391 831234 971162 1049910 1030931 958111 1070438 831236 856021 966861 956540 853079 966861 853077 968260 828342 1068975 805032 861831 953732 1057179 1070360 1061548 972571 958091 1052932 1051409 860372 1033967 940529 979938 835573 984371 955191 1052932 1061686 1004769 1087812 958091 993125 861829 832655 963945 952273 1035326 1033853 943521 841453 1039677 918670 826819 829737 832655 1054391 968324 995999 839992 1096696 856017 1045493 950814 1041150 1054331 1060195 1060191 864749 867665 1058692 1068821 832711 1071889 1070286 845824 1048487 918722 1046954 1042591 1055850 816612 971108 847281 854536 1054391 959492 822512 867667 1055850 955089 1051473 819570 974066 972701 1057307 848700 1057149 1023634 966757 851618 1029488 857454 829799 952243 975619 829737 959480 1055726 835573 952273 1058642 845784 826865 950816 974160 1041104 1070438 1064570 968324 969697 933300 1047096 978397 955191 1028133 942064 985830 978457 971242 1076264 952225 1082008 861831 1076194 965306 835581 1055738 1060127 956546 1076272 823903 966813 829797 1068975 867669 1055780 825360 802042 842866 947900 1068979 825402 1042715 1039685 956654 990207 939144 863298 828282 858935 835571 1047098 960955 844325 987289 1035428 1090842 979990 1035304 1084968 885173 851620 971138 940603 883712 939104 969729 858913 1057307 956650 844323 959550 1067508 822514 825428 969783 985826 965302 972675 977078 848702 853079 1083497 841453 978499 822444 976940 1036727 863306 947902 953736 1046954 854536 854564 819528 1042707 1054391 829737 1039659 826885 1051443 819544 971238 1038224 851618 979878 815149 1039693 1087848 949359 971242 1077595 960997 1044114 848700 823931]
Response/bytes (per Connection):  [1892224 1895089 1897134 1672051 1456635 1871792 1705279 1492588 1910027 1895089 1682453 1484786 1661119 1472184 1671494 1718074 1682357 1842320 1513577 1813836 1513590 1523952 1769842 1472184 1479945 1518599 1738785 1899832 1736211 1474382 1674082 1635262 1705459 1500391 1834545 1498068 1508416 1707726 1878677 1919972 1451488 1728659 1474771 1919972 1726572 1510794 1736837 1648184 1474771 1477359 1459249 1705459 1523799 1437997 1423002 1676655 1484786 1511017 1720675 1544662 1933547 1845617 1485133 1897065 1850081 1650910 1848079 1723874 1471990 1824197 1878581 1875965 1848203 1870791 1801415 1749146 1682148 1477122 1726336 1866285 1832723 1702553 1901849 1477108 1521198 1718088 1700660 1516177 1718088 1516191 1721065 1471781 1899290 1430166 1531713 1694791 1879387 1902350 1887189 1729243 1702678 1870791 1868622 1529126 1837146 1671967 1741719 1485119 1749133 1697378 1870791 1886313 1785517 1933756 1702678 1764655 1531727 1479945 1712900 1692204 1840373 1837869 1676668 1495189 1848301 1632995 1469597 1474771 1479945 1873378 1720662 1770107 1492616 1948443 1521226 1858774 1689617 1850805 1873768 1883935 1883963 1536887 1542075 1881626 1900263 1479583 1904477 1902823 1502992 1863461 1632661 1861347 1853503 1875965 1451461 1726669 1505593 1518778 1873378 1705626 1461391 1542061 1875965 1698032 1868204 1456370 1731608 1728423 1878566 1508430 1879567 1819802 1718756 1513604 1830039 1523952 1474382 1692399 1733597 1474771 1705695 1876758 1485119 1692204 1881946 1503242 1469320 1689603 1731010 1851082 1901849 1891695 1720662 1723791 1658615 1860443 1739646 1697378 1826784 1674082 1751720 1739271 1725836 1912252 1692510 1923199 1531713 1912712 1716113 1485078 1876689 1884366 1700633 1912211 1464409 1718394 1474381 1899290 1542062 1876410 1467010 1425451 1498068 1684430 1899262 1466746 1852710 1848245 1699952 1759481 1668907 1534259 1472171 1526400 1485133 1860429 1708185 1500655 1754307 1839719 1938206 1741385 1840512 1928094 1573119 1513590 1726489 1671494 1570546 1669172 1723582 1526539 1878566 1699965 1500669 1705265 1896744 1461377 1466579 1723249 1751733 1716141 1728590 1736184 1508416 1516177 1925591 1495189 1739007 1461822 1737045 1843321 1534203 1684416 1694793 1861347 1518778 1518597 1456649 1852766 1873378 1474771 1848412 1469180 1868399 1456537 1725849 1845672 1513604 1742094 1448887 1848189 1933519 1687017 1725836 1915660 1707921 1855687 1508430 1464243]
Requests Number (per Connection):  [730 731 732 645 562 722 658 576 737 731 649 573 641 568 645 663 649 711 584 700 584 588 683 568 571 586 671 733 670 569 646 631 658 579 708 578 582 659 725 741 560 667 569 741 666 583 670 636 569 570 563 658 588 555 549 647 573 583 664 596 746 712 573 732 714 637 713 665 568 704 725 724 713 722 695 675 649 570 666 720 707 657 734 570 587 663 656 585 663 585 664 568 733 552 591 654 725 734 728 667 657 722 721 590 709 645 672 573 675 655 722 728 689 746 657 681 591 571 661 653 710 709 647 577 713 630 567 569 571 723 664 683 576 752 587 717 652 714 723 727 727 593 595 726 733 571 735 734 580 719 630 718 715 724 560 666 581 586 723 658 564 595 724 655 721 562 668 667 725 582 725 702 663 584 706 588 569 653 669 569 658 724 573 653 726 580 567 652 668 714 734 730 664 665 640 718 671 655 705 646 676 671 666 738 653 742 591 738 662 573 724 727 656 738 565 663 569 733 595 724 566 550 578 650 733 566 715 713 656 679 644 592 568 589 573 718 659 579 677 710 748 672 710 744 607 584 666 645 606 644 665 589 725 656 579 658 732 564 566 665 676 662 667 670 582 585 743 577 671 564 670 711 592 650 654 718 586 586 562 715 723 569 713 567 721 562 666 712 584 672 559 713 746 651 666 739 659 716 582 565]
Requests/sec:  4649.580322265625 KB
Transfer/sec:  12912.958740234375 KB

