2023-12-05 12:24:57.676308526 +0800 CST m=+248.183616381
Running 1m0s myx-test @ https://192.168.12.127:6443/apis/apps/v1/namespaces/myx-test/deployments
3 connections
Requests/bytes (per Connection):  [7839650 9776554 9867970]
Response/bytes (per Connection):  [16235770 20247214 20436590]
Requests Number (per Connection):  [5314 6627 6689]
Requests/sec:  447.33356119791665 KB
Transfer/sec:  1373.7589192708333 KB

2023-12-05 12:26:37.818975199 +0800 CST m=+348.326283059
Running 1m0s myx-test @ https://192.168.12.127:6443/apis/apps/v1/namespaces/myx-test/deployments
6 connections
Requests/bytes (per Connection):  [10154250 10114408 7774594 10138016 7706720 10247168]
Response/bytes (per Connection):  [21029390 20946888 16101194 20995776 15960640 21221848]
Requests Number (per Connection):  [6883 6856 5270 6872 5224 6946]
Requests/sec:  913.6581380208333 KB
Transfer/sec:  2805.841341145833 KB

2023-12-05 12:28:17.913374134 +0800 CST m=+448.420681994
Running 1m0s myx-test @ https://192.168.12.127:6443/apis/apps/v1/namespaces/myx-test/deployments
9 connections
Requests/bytes (per Connection):  [9270566 9398908 7194914 9459342 9571596 7209672 7255372 9568632 9446068]
Response/bytes (per Connection):  [19200739 19466572 14901741 19591830 19824143 14932275 15026976 19818025 19564325]
Requests Number (per Connection):  [6284 6371 4877 6412 6488 4887 4918 6486 6403]
Requests/sec:  1275.6359049479167 KB
Transfer/sec:  3917.670833333333 KB

2023-12-05 12:29:57.982108211 +0800 CST m=+548.489416078
Running 1m0s myx-test @ https://192.168.12.127:6443/apis/apps/v1/namespaces/myx-test/deployments
15 connections
Requests/bytes (per Connection):  [7779142 5855372 7976770 8066796 7836668 8125752 7844010 5951296 7877892 8015142 8147884 7910358 5892264 5861272 5802240]
Response/bytes (per Connection):  [16117985 12132022 16527523 16714037 16237185 16836225 16252434 12330762 16322717 16607014 16882101 16389935 12208470 12144246 12021966]
Requests Number (per Connection):  [5273 3969 5407 5468 5312 5508 5317 4034 5340 5433 5523 5362 3994 3973 3933]
Requests/sec:  1773.15849609375 KB
Transfer/sec:  5447.061848958333 KB

2023-12-05 12:31:38.09131904 +0800 CST m=+648.598626900
Running 1m0s myx-test @ https://192.168.12.127:6443/apis/apps/v1/namespaces/myx-test/deployments
30 connections
Requests/bytes (per Connection):  [5648830 4275342 4220684 4209016 5600090 5600168 5586778 5626748 5614812 5681224 5626618 5524894 4223646 5552876 4217872 4188344 4222234 5600190 4195734 5600198 5609044 5731404 5726974 5547086 5699010 5613482 4247352 5610402 5684180 4247248]
Response/bytes (per Connection):  [11705738 8859528 8746381 8722050 11604822 11604855 11577227 11659912 11635364 11772940 11659824 11448899 8752507 11506984 8740398 8679192 8749468 11604877 8694513 11604897 11623234 11876889 11867713 11494821 11809691 11632407 8801518 11626163 11779041 8801421]
Requests Number (per Connection):  [3829 2898 2861 2853 3796 3796 3787 3814 3806 3851 3814 3745 2863 3764 2859 2839 2862 3796 2844 3796 3802 3885 3882 3760 3863 3805 2879 3803 3853 2879]
Requests/sec:  2518.4322916666665 KB
Transfer/sec:  7737.235579427083 KB

2023-12-05 12:33:18.179609114 +0800 CST m=+748.686916991
Running 1m0s myx-test @ https://192.168.12.127:6443/apis/apps/v1/namespaces/myx-test/deployments
60 connections
Requests/bytes (per Connection):  [4048156 4020114 4144020 4129314 4089480 4144080 3043458 4077672 3089218 4087882 4037782 4164742 3114272 3896178 3987642 4093814 3111324 3121674 4027496 4068818 3081826 3953712 3915336 3090692 4145556 3083306 3938944 4191242 4005348 3996498 4093908 3872676 3111324 4182346 3096584 4145398 3074478 4036350 3084778 3102488 4148350 4160162 3149644 4070176 4180976 4200162 3077398 4133750 3103964 4158840 4008308 3114294 3024270 3055304 3968462 4211858 3078900 3980268 3971414 4111454]
Response/bytes (per Connection):  [8389164 8331064 8587858 8557332 8474784 8587918 6307124 8450320 6401926 8471604 8367716 8630728 6453874 8074240 8263788 8483864 6447762 6469186 8346356 8431974 6386624 8193472 8113964 6404982 8590976 6389686 8162884 8685704 8300478 8282136 8483958 8025426 6447762 8667316 6417202 8590818 6371366 8364702 6392740 6429434 8596934 8621402 6527214 8434914 8664364 8704116 6377450 8566514 6432492 8618498 8306602 6453896 6267370 6331626 8224042 8728468 6380534 8248504 8230158 8520488]
Requests Number (per Connection):  [2744 2725 2809 2799 2772 2809 2063 2764 2094 2771 2737 2823 2111 2641 2703 2775 2109 2116 2730 2758 2089 2680 2654 2095 2810 2090 2670 2841 2715 2709 2775 2625 2109 2835 2099 2810 2084 2736 2091 2103 2812 2820 2135 2759 2834 2847 2086 2802 2104 2819 2717 2111 2050 2071 2690 2855 2087 2698 2692 2787]
Requests/sec:  3655.7272135416665 KB
Transfer/sec:  11231.667936197917 KB

2023-12-05 12:34:58.314131066 +0800 CST m=+848.821438935
Running 1m0s myx-test @ https://192.168.12.127:6443/apis/apps/v1/namespaces/myx-test/deployments
90 connections
Requests/bytes (per Connection):  [3127578 3145282 3027220 2369262 3018366 3176278 2354574 2416416 3183658 3139354 2376712 3161450 3008036 3036074 3136380 2360478 3016890 3016890 3133480 3202718 3056736 3039032 3126100 2394396 2376670 2985902 2395898 3139384 3018364 2416504 2376670 3114294 3010988 3039104 3055262 3118716 2378146 2991888 3058268 2367858 2388360 2407618 3010990 2354424 3183658 3171852 3000660 3149714 3167424 3037552 2397214 3143768 2370718 3198412 2389988 2373678 3161516 3089218 2444600 3003612 2369332 3162996 3089206 3021316 3202738 2392878 3179226 2382560 2996232 2394396 3142334 2993280 3065592 2437222 3005084 3173322 2401780 3046406 3075922 3146696 3183658 2406168 2386946 3170372 3114294 2361844 3040502 3155616 2373760 3037550]
Response/bytes (per Connection):  [6481418 6518106 6273484 4909954 6255138 6582324 4879446 5007732 6597614 6505850 4925314 6551676 6233734 6291830 6499712 4891678 6252080 6252080 6493648 6637240 6334640 6297952 6478358 4961982 4925272 6187870 4965066 6505880 6255136 5007820 4925272 6453896 6239850 6298024 6331584 6463064 4928330 6200184 6337754 4906968 4949618 4989442 6239852 4879296 6597614 6573152 6218448 6527284 6563978 6294890 4967964 6515010 4912992 6628188 4952828 4919116 6551742 6401926 5065974 6224564 4910024 6554804 6401914 6261252 6637260 4958882 6588436 4937490 6209274 4961982 6511994 6203158 6352988 5050686 6227618 6576204 4977276 6313236 6374392 6521102 6597614 4986410 4946622 6570090 6453896 4894626 6301004 6539514 4919198 6294888]
Requests Number (per Connection):  [2120 2132 2052 1606 2046 2153 1596 1638 2158 2128 1611 2143 2039 2058 2126 1600 2045 2045 2124 2171 2072 2060 2119 1623 1611 2024 1624 2128 2046 1638 1611 2111 2041 2060 2071 2114 1612 2028 2073 1605 1619 1632 2041 1596 2158 2150 2034 2135 2147 2059 1625 2131 1607 2168 1620 1609 2143 2094 1657 2036 1606 2144 2094 2048 2171 1622 2155 1615 2031 1623 2130 2029 2078 1652 2037 2151 1628 2065 2085 2133 2158 1631 1618 2149 2111 1601 2061 2139 1609 2059]
Requests/sec:  4186.547526041667 KB
Transfer/sec:  12862.535026041667 KB

2023-12-05 12:36:38.491969561 +0800 CST m=+948.999277426
Running 1m0s myx-test @ https://192.168.12.127:6443/apis/apps/v1/namespaces/myx-test/deployments
150 connections
Requests/bytes (per Connection):  [2125922 2324938 1749658 2149444 1823378 1826326 2311776 1767372 1807166 2179002 1833692 2171578 1799836 2344086 2133206 2366322 2171578 1795376 1819022 1780652 2293960 2328010 2212900 2192266 2313120 2336868 1801312 2146512 1793902 2187810 1776224 2348672 2208480 2156894 2274884 1776224 2133210 2140584 2314714 2140586 1818956 2316128 2347170 2366386 1793928 2285216 2140586 2159842 2320598 2158368 2307224 2162790 1783602 1792456 2307352 2173052 2320600 1827822 1808646 1798362 2170100 1798362 2298496 1749688 2140602 2353100 1801312 2124422 2299968 1811604 2326472 2307350 2116976 2338336 1826398 1804264 2322108 2189288 2173082 2280788 2165688 1801312 2291066 1785080 2299876 2207004 2174548 1776216 2344244 2345712 1779174 2171630 1810166 2308828 1790982 1821974 2196684 2341292 1789480 2145104 2285216 1795386 2313256 2323586 2171634 1805740 2155342 2121490 2291118 1807216 2184860 2204046 1804264 2342664 1818956 2292594 1758514 2204046 1841156 2301438 2199636 2178958 1798360 2167168 2168684 1802788 2195190 2289642 2189290 2345724 2274800 2195192 1795374 1823378 2186336 1742278 1789506 2179000 2335392 1813062 2280784 2335392 2181908 2151002 2329366 2289640 2311776 2345724 1759990 2159842]
Response/bytes (per Connection):  [4405584 4818170 3625910 4454418 3778730 3784842 4790770 3662608 3745116 4515616 3800118 4500282 3729876 4857884 4420778 4903850 4500282 3720670 3769628 3690126 4753970 4824406 4585900 4543118 4793696 4842756 3732934 4448322 3717614 4533916 3680952 4867216 4576734 4469778 4714328 3680952 4420782 4436066 4796872 4436068 3769562 4799868 4864132 4903914 3717640 4735734 4436068 4475890 4809084 4472834 4781472 4482002 3696240 3714586 4781600 4503338 4809086 3787920 3748178 3726820 4497222 3726820 4763252 3625940 4436084 4876390 3732934 4402502 4766306 3754300 4821286 4781598 4387146 4845806 3784914 3739050 4812176 4536976 4503368 4726560 4488064 3732934 4747912 3699300 4766214 4573676 4506416 3680944 4858042 4861092 3687066 4500334 3751280 4784658 3711530 3775744 4552282 4851926 3708446 4445332 4735734 3720680 4793832 4815236 4500338 3742108 4466644 4396406 4747964 3745166 4527802 4567554 3739050 4854880 3769562 4751022 3644258 4567554 3815492 4769358 4558398 4515572 3726818 4491126 4494224 3735992 4549206 4744906 4536978 4861104 4714244 4549208 3720668 3778730 4530860 3610620 3708472 4515614 4839698 3757340 4726556 4839698 4521686 4457558 4827344 4744904 4790770 4861104 3647316 4475890]
Requests Number (per Connection):  [1441 1576 1186 1457 1236 1238 1567 1198 1225 1477 1243 1472 1220 1589 1446 1604 1472 1217 1233 1207 1555 1578 1500 1486 1568 1584 1221 1455 1216 1483 1204 1592 1497 1462 1542 1204 1446 1451 1569 1451 1233 1570 1591 1604 1216 1549 1451 1464 1573 1463 1564 1466 1209 1215 1564 1473 1573 1239 1226 1219 1471 1219 1558 1186 1451 1595 1221 1440 1559 1228 1577 1564 1435 1585 1238 1223 1574 1484 1473 1546 1468 1221 1553 1210 1559 1496 1474 1204 1589 1590 1206 1472 1227 1565 1214 1235 1489 1587 1213 1454 1549 1217 1568 1575 1472 1224 1461 1438 1553 1225 1481 1494 1223 1588 1233 1554 1192 1494 1248 1560 1491 1477 1219 1469 1470 1222 1488 1552 1484 1590 1542 1488 1217 1236 1482 1181 1213 1477 1583 1229 1546 1583 1479 1458 1579 1552 1567 1590 1193 1464]
Requests/sec:  5113.330501302084 KB
Transfer/sec:  15709.923470052083 KB

2023-12-05 12:38:18.602640607 +0800 CST m=+1049.109948465
Running 1m0s myx-test @ https://192.168.12.127:6443/apis/apps/v1/namespaces/myx-test/deployments
300 connections
Requests/bytes (per Connection):  [1091770 1408800 1432390 1298224 1274636 1100624 1258380 1296748 1411858 1330692 1103576 1367588 1056350 1099064 1068146 1277564 1397104 1423616 1084254 1090218 1084234 1096044 1060756 1388248 1279038 1292320 1400034 1401530 1071044 1085830 1419238 1327740 1103578 1069634 1292322 1280514 1079806 1268706 1417704 1310034 1422192 1464992 1435472 1404482 1293796 1270184 1413338 1284940 1075476 1289370 1403008 1081330 1081432 1091756 1090296 1059144 1069552 1321844 1343974 1290846 1068158 1403002 1280514 1063680 1071110 1430942 1380864 1398576 1054718 1376442 1292322 1259856 1433996 1292368 1258376 1287892 1076914 1422138 1273134 1289422 1102010 1416216 1411858 1268706 1299700 1072586 1279104 1087276 1273210 1398574 1444330 1088802 1091694 1410382 1277562 1096198 1059304 1259854 1408910 1093088 1312998 1050368 1050446 1277562 1298238 1389640 1388248 1292328 1439872 1253950 1315934 1312982 1056228 1305602 1292368 1283466 1286472 1057826 1441370 1447276 1410366 1085836 1060778 1068130 1425140 1479738 1281990 1304126 1411862 1299700 1099056 1314456 1366060 1370540 1442746 1248046 1081434 1282030 1395618 1305602 1073902 1317408 1082758 1408910 1106528 1383822 1243618 1408910 1264280 1062234 1388168 1087184 1265756 1441358 1292368 1065064 1079964 1444290 1283526 1411826 1079964 1088660 1102102 1307106 1413338 1107846 1273138 1383820 1271658 1101942 1466462 1382344 1433996 1287920 1327740 1100466 1287946 1054876 1403008 1094704 1399998 1078468 1299738 1312986 1444330 1416290 1413338 1407430 1408910 1268738 1251064 1302652 1082846 1391114 1082916 1116826 1447132 1296746 1405954 1472370 1087200 1423614 1068090 1081440 1113880 1050364 1398580 1094686 1400020 1419202 1286418 1262808 1078488 1425144 1305602 1054874 1293796 1251096 1071110 1090282 1451708 1265756 1065090 1423668 1433994 1253958 1407430 1063730 1110878 1464912 1301174 1060780 1438306 1274610 1466362 1082758 1249542 1051924 1286416 1432482 1376438 1310030 1079926 1433946 1065096 1271660 1103578 1441298 1438276 1249570 1075538 1305604 1106442 1292358 1422192 1315938 1112278 1054788 1276090 1413228 1047338 1290844 1400054 1068000 1311528 1411774 1429572 1075536 1376442 1283488 1428094 1330690 1377850 1079822 1102006 1450070 1093184 1314456 1416284 1299700 1292320 1392652 1102042 1081282 1430910 1261398 1403006 1444260 1103550 1279038 1453182 1084392 1304158 1085726 1392602 1085868 1279038 1122672 1298228 1411862]
Response/bytes (per Connection):  [2262450 2919610 2968512 2690384 2641484 2280796 2607826 2687326 2925832 2757656 2286912 2834102 2189062 2277654 2213514 2647576 2895258 2950246 2247024 2259316 2247004 2271470 2198214 2876910 2650632 2678152 2901352 2904430 2219576 2250182 2941122 2751540 2286914 2216584 2678154 2653690 2237830 2629226 2938006 2714850 2947240 3035918 2974758 2910546 2681210 2632286 2928894 2662862 2228754 2672038 2907490 2240936 2241038 2262436 2259394 2195020 2216502 2739316 2785176 2675096 2213526 2907484 2653690 2204302 2219642 2965482 2861616 2898312 2185848 2852448 2678154 2610884 2971700 2678200 2607822 2668978 2231774 2947186 2638400 2672090 2283764 2934936 2925832 2629226 2693442 2222700 2650698 2253210 2638476 2898310 2993108 2256318 2262374 2922774 2647574 2271624 2195180 2610882 2919720 2265350 2720978 2176752 2176830 2647574 2690398 2879884 2876910 2678160 2983904 2598650 2727078 2720962 2188940 2705672 2678200 2659806 2665976 2192120 2986984 2999218 2922758 2250188 2198236 2213498 2953352 3066484 2656748 2702614 2925836 2693442 2277646 2724018 2830992 2840218 2989942 2586418 2241040 2656788 2892190 2705672 2225598 2730134 2243946 2919720 2293028 2867738 2577244 2919720 2620054 2201274 2876830 2253118 2623112 2986972 2678200 2207268 2237988 2993068 2659866 2925800 2237988 2256176 2283856 2708758 2928894 2295928 2638404 2867736 2635342 2283696 3038970 2864678 2971700 2669006 2751540 2280638 2669032 2186006 2907490 2268548 2901316 2234910 2693480 2720966 2993108 2935010 2928894 2916658 2919720 2629258 2592600 2699558 2244034 2882940 2244104 2314400 2999074 2687324 2913600 3051206 2253134 2950244 2213458 2241046 2308290 2176748 2898316 2268530 2901338 2941086 2665922 2617000 2234930 2953356 2705672 2186004 2681210 2592632 2219642 2259380 3008396 2623112 2207294 2950298 2971698 2598658 2916658 2204352 2302124 3035838 2696498 2198238 2980756 2641458 3038870 2243946 2589496 2179890 2665920 2968604 2852444 2714846 2237950 2971650 2207300 2635344 2286914 2986912 2980726 2589524 2228816 2705674 2292942 2678190 2947240 2727082 2305106 2185918 2644520 2928784 2170558 2675094 2901372 2213368 2717926 2925748 2962530 2228814 2852448 2659828 2959470 2757654 2855438 2237846 2283760 3005176 2265446 2724018 2935004 2693442 2678152 2886060 2283796 2240888 2965450 2614008 2907488 2993038 2286886 2650632 3011452 2247162 2702646 2250078 2886010 2250220 2650632 2326574 2690388 2925836]
Requests Number (per Connection):  [740 955 971 880 864 746 853 879 957 902 748 927 716 745 724 866 947 965 735 739 735 743 719 941 867 876 949 950 726 736 962 900 748 725 876 868 732 860 961 888 964 993 973 952 877 861 958 871 729 874 951 733 733 740 739 718 725 896 911 875 724 951 868 721 726 970 936 948 715 933 876 854 972 876 853 873 730 964 863 874 747 960 957 860 881 727 867 737 863 948 979 738 740 956 866 743 718 854 955 741 890 712 712 866 880 942 941 876 976 850 892 890 716 885 876 870 872 717 977 981 956 736 719 724 966 1003 869 884 957 881 745 891 926 929 978 846 733 869 946 885 728 893 734 955 750 938 843 955 857 720 941 737 858 977 876 722 732 979 870 957 732 738 747 886 958 751 863 938 862 747 994 937 972 873 900 746 873 715 951 742 949 731 881 890 979 960 958 954 955 860 848 883 734 943 734 757 981 879 953 998 737 965 724 733 755 712 948 742 949 962 872 856 731 966 885 715 877 848 726 739 984 858 722 965 972 850 954 721 753 993 882 719 975 864 994 734 847 713 872 971 933 888 732 972 722 862 748 977 975 847 729 885 750 876 964 892 754 715 865 958 710 875 949 724 889 957 969 729 933 870 968 902 934 732 747 983 741 891 960 881 876 944 747 733 970 855 951 979 748 867 985 735 884 736 944 736 867 761 880 957]
Requests/sec:  6161.9419921875 KB
Transfer/sec:  18931.617838541668 KB

