2023-12-04 17:28:07.10646274 +0800 CST m=+10387.950046901
Running 1m0s myx-test @ https://192.168.12.127:6443/api/v1/namespaces/myx-test/endpoints
3 connections
Requests/bytes (per Connection):  [23084354 19582966 19577956]
Response/bytes (per Connection):  [14353362 12176278 12173163]
Requests Number (per Connection):  [18434 15638 15634]
Requests/sec:  1013.1067057291667 KB
Transfer/sec:  1643.0351399739584 KB

2023-12-04 17:29:47.14356421 +0800 CST m=+10487.987148387
Running 1m0s myx-test @ https://192.168.12.127:6443/api/v1/namespaces/myx-test/endpoints
6 connections
Requests/bytes (per Connection):  [19358717 16456029 17403950 16596319 19748336 17543051]
Response/bytes (per Connection):  [12036856 10232017 10821420 10319242 12279093 10907898]
Requests Number (per Connection):  [15459 13141 13898 13253 15770 14009]
Requests/sec:  1743.26826171875 KB
Transfer/sec:  2827.19609375 KB

2023-12-04 17:31:27.180074142 +0800 CST m=+10588.023658324
Running 1m0s myx-test @ https://192.168.12.127:6443/api/v1/namespaces/myx-test/endpoints
9 connections
Requests/bytes (per Connection):  [14841928 13972820 14731574 17221160 14051637 13845036 14764238 17418938 17447901]
Response/bytes (per Connection):  [9228394 8688005 9159797 10707760 8737021 8608558 9180094 10830744 10848733]
Requests Number (per Connection):  [11852 11158 11764 13752 11221 11056 11790 13910 13933]
Requests/sec:  2250.898958333333 KB
Transfer/sec:  3650.46123046875 KB

2023-12-04 17:33:07.240153156 +0800 CST m=+10688.083737324
Running 1m0s myx-test @ https://192.168.12.127:6443/api/v1/namespaces/myx-test/endpoints
15 connections
Requests/bytes (per Connection):  [11613560 10885949 11009926 10932300 11567217 13568285 10877182 13580857 13595891 13667138 10889708 11832589 13384216 11618562 11627293]
Response/bytes (per Connection):  [7221065 6768657 6845743 6797475 7192251 8436480 6763206 8444291 8453638 8497954 6770994 7357267 8322028 7224176 7229609]
Requests Number (per Connection):  [9274 8693 8792 8730 9237 10835 8686 10845 10857 10914 8696 9449 10688 9278 9285]
Requests/sec:  2940.277880859375 KB
Transfer/sec:  4768.481559244791 KB

2023-12-04 17:34:47.277640792 +0800 CST m=+10788.121224974
Running 1m0s myx-test @ https://192.168.12.127:6443/api/v1/namespaces/myx-test/endpoints
30 connections
Requests/bytes (per Connection):  [8110933 8739599 7324585 7228122 8768304 8669453 7998183 8033351 7318286 8800998 7297015 8035841 8803356 7268186 8002030 7359507 7945655 8052014 7290760 8802107 7914336 7368298 8097088 8054594 8807153 8837171 8660684 8778398 7342017 7305636]
Response/bytes (per Connection):  [5043209 5434097 4554265 4494291 5451957 5390484 4973109 4994963 4550353 5472269 4537125 4996513 5473753 4519203 4975490 4575996 4940440 5006582 4533235 5472976 4920968 4581459 5034609 5008177 5476109 5494778 5385032 5458224 4565116 4542503]
Requests Number (per Connection):  [6477 6979 5849 5772 7002 6923 6387 6415 5844 7028 5827 6417 7030 5804 6390 5877 6345 6430 5822 7029 6320 5884 6466 6432 7033 7057 6916 7010 5863 5834]
Requests/sec:  3922.7483723958335 KB
Transfer/sec:  6361.831787109375 KB

2023-12-04 17:36:27.39137655 +0800 CST m=+10888.234960732
Running 1m0s myx-test @ https://192.168.12.127:6443/api/v1/namespaces/myx-test/endpoints
60 connections
Requests/bytes (per Connection):  [5019142 5790544 5073011 4991436 5426141 5712870 5059230 5689071 5358457 5001452 5057821 5697742 5601373 5437404 5462472 5712872 5473625 5469876 5439822 5642718 4946482 5677782 5650234 5001600 5467326 5439880 5071602 5049142 5751707 5719139 5467326 5402298 5153091 5757972 5717886 5076704 5451141 5081624 5666509 5052865 5367262 5648981 5441017 5434856 4980283 5481107 5067857 5617660 5017887 5489914 5650234 5473625 5032823 5660256 5475002 5005341 5027781 5670280 5613903 5453549]
Response/bytes (per Connection):  [3120791 3600432 3154283 3103583 3373853 3552140 3145715 3537343 3331776 3109811 3144858 3542746 3482819 3380857 3396441 3552141 3403390 3401058 3382371 3508524 3075616 3530326 3513197 3109885 3399478 3382400 3153426 3139451 3576286 3556037 3399478 3359034 3204083 3580181 3555258 3156587 3389403 3159657 3523317 3141770 3337246 3512418 3383121 3379278 3096634 3408046 3151096 3492945 3120011 3413517 3513197 3403390 3129309 3519428 3404231 3112213 3126178 3525660 3490609 3390912]
Requests Number (per Connection):  [4008 4624 4051 3986 4333 4562 4040 4543 4279 3994 4039 4550 4473 4342 4362 4562 4371 4368 4344 4506 3950 4534 4512 3994 4366 4344 4050 4032 4593 4567 4366 4314 4115 4598 4566 4054 4353 4058 4525 4035 4286 4511 4345 4340 3977 4377 4047 4486 4007 4384 4512 4371 4019 4520 4372 3997 4015 4528 4483 4355]
Requests/sec:  5262.516389973958 KB
Transfer/sec:  8534.639453125 KB

2023-12-04 17:38:07.472481278 +0800 CST m=+10988.316065450
Running 1m0s myx-test @ https://192.168.12.127:6443/api/v1/namespaces/myx-test/endpoints
90 connections
Requests/bytes (per Connection):  [3909608 4298961 4259011 3809420 3839486 4303983 4299005 3903375 3928427 4295342 4324159 4221427 4264027 4351611 3821944 4392918 4305208 4340286 4322862 4311619 3887088 3870745 3883195 4361741 3849510 3894608 3897000 4282658 4282662 4253997 3883331 4325410 4344201 3905827 4364091 4327862 4341539 3944712 4346709 4332884 4263865 4295342 4286469 3835729 4322904 4330422 4268991 3878249 4334021 4299101 4312724 3907038 3874562 3859528 4265174 4337922 4319147 3883297 4237618 4369259 4357826 3907136 3928389 4253903 4320240 4340444 4262692 4286509 4270286 4302702 4258981 3913315 4295278 4339035 4268941 3954740 4275140 3875813 4296583 4218925 3902000 4243819 3877066 4301497 4364123 3898347 3875817 4325308 4267648 4285232]
Response/bytes (per Connection):  [2430909 2673013 2648158 2368615 2387308 2676134 2673035 2427030 2442606 2670746 2688662 2624791 2651276 2705743 2376402 2731429 2676899 2698708 2687861 2680867 2416904 2406750 2414500 2712028 2393540 2421579 2423080 2662879 2662881 2645041 2414568 2689440 2701123 2428561 2713508 2690971 2699487 2452731 2702682 2694092 2651195 2670746 2665242 2384972 2687882 2692556 2654368 2411417 2694813 2673083 2681572 2429319 2409116 2399769 2652002 2697221 2685546 2414551 2634869 2716702 2709613 2429368 2442587 2644994 2686245 2698787 2650456 2665262 2655168 2675341 2648143 2433220 2670714 2697930 2654343 2458965 2658205 2409894 2671519 2623235 2426190 2638732 2410673 2674586 2713524 2423906 2409896 2689389 2653544 2664471]
Requests Number (per Connection):  [3122 3433 3401 3042 3066 3437 3433 3117 3137 3430 3453 3371 3405 3475 3052 3508 3438 3466 3452 3443 3104 3091 3101 3483 3074 3110 3112 3420 3420 3397 3101 3454 3469 3119 3485 3456 3467 3150 3471 3460 3405 3430 3423 3063 3452 3458 3409 3097 3461 3433 3444 3120 3094 3082 3406 3464 3449 3101 3384 3489 3480 3120 3137 3397 3450 3466 3404 3423 3410 3436 3401 3125 3430 3465 3409 3158 3414 3095 3431 3369 3116 3389 3096 3435 3485 3113 3095 3454 3408 3422]
Requests/sec:  6100.773860677084 KB
Transfer/sec:  9894.1068359375 KB

2023-12-04 17:39:47.517237919 +0800 CST m=+11088.360822113
Running 1m0s myx-test @ https://192.168.12.127:6443/api/v1/namespaces/myx-test/endpoints
150 connections
Requests/bytes (per Connection):  [3120696 3089247 3071761 2684884 2986647 2842578 3145594 3034255 3039265 2584694 2585911 3133066 2842600 3078040 2653527 3086869 2912732 2692400 2875150 2885252 3081863 3158280 3045530 3060564 3074263 2605955 2701171 2644794 2693655 2677318 2666093 2627254 2822626 2692302 3063070 2698565 3081741 2852742 3118194 3034255 2920264 2789984 2885206 3120696 2890182 2619754 2677318 3024201 3068014 2684884 2697304 3110528 3074345 3055550 3075522 2580901 2654806 3050542 2602198 2598439 2651059 2896449 3061775 2682380 2634770 2835204 3113124 2614730 2636025 2890184 3091855 2684866 2866439 3070584 2865286 3096857 2826449 2870236 3141993 2643541 2835116 3052970 2622244 2904049 2817678 3144499 2621003 2662334 2905216 2890300 2915306 2841411 2840210 2662286 3051749 2804994 2891437 3058060 3146947 3100654 2647300 2907720 3040518 2873899 2832658 2726085 2681121 2885174 2714948 2647272 2803741 2648553 2694906 2828795 2732486 3086873 2836313 2816293 2666035 2592212 3056805 2862780 3029243 3098144 2835062 2867792 3045472 2823863 2629760 2679830 2793877 2569680 2851477 2637278 3029239 2863875 2652294 2826449 3083082 2684796 2867634 2851347 2893943 3055528 2917746 2868887 3029207 3113142 3062976 2632266]
Response/bytes (per Connection):  [1940378 1920841 1909963 1669402 1857036 1767464 1955877 1886635 1889750 1607107 1607868 1948088 1767475 1913865 1649911 1919347 1811081 1674075 1787715 1793986 1916234 1963745 1893645 1902992 1911519 1620330 1679528 1644477 1674855 1664704 1657719 1633572 1755048 1674026 1904550 1677920 1916173 1773766 1938822 1886635 1815762 1734762 1793963 1940378 1797061 1628907 1664704 1880388 1907632 1669402 1677137 1934074 1911560 1899875 1912301 1604753 1650703 1896761 1617994 1615657 1648372 1800957 1903750 1667845 1638245 1762862 1935677 1625785 1639025 1797062 1922450 1669393 1782292 1909222 1781563 1925561 1757417 1784648 1953619 1643698 1762818 1898280 1630457 1805672 1751964 1955177 1629684 1655382 1806408 1797120 1812673 1766728 1765975 1655358 1897517 1744097 1797841 1901435 1956706 1927917 1646035 1807965 1890529 1786937 1761284 1695035 1667063 1793947 1688094 1646021 1743318 1646814 1675633 1758895 1698998 1919349 1763569 1751119 1657690 1611781 1900655 1780005 1883519 1926357 1762791 1783121 1893616 1755819 1635130 1666265 1737166 1597770 1772981 1639804 1883517 1780705 1649142 1757417 1916996 1669358 1783042 1772916 1799399 1899864 1814198 1783821 1883501 1935686 1904503 1636688]
Requests Number (per Connection):  [2492 2467 2453 2144 2385 2270 2512 2423 2427 2064 2065 2502 2270 2458 2119 2465 2326 2150 2296 2304 2461 2522 2432 2444 2455 2081 2157 2112 2151 2138 2129 2098 2254 2150 2446 2155 2461 2278 2490 2423 2332 2228 2304 2492 2308 2092 2138 2415 2450 2144 2154 2484 2455 2440 2456 2061 2120 2436 2078 2075 2117 2313 2445 2142 2104 2264 2486 2088 2105 2308 2469 2144 2289 2452 2288 2473 2257 2292 2509 2111 2264 2438 2094 2319 2250 2511 2093 2126 2320 2308 2328 2269 2268 2126 2437 2240 2309 2442 2513 2476 2114 2322 2428 2295 2262 2177 2141 2304 2168 2114 2239 2115 2152 2259 2182 2465 2265 2249 2129 2070 2441 2286 2419 2474 2264 2290 2432 2255 2100 2140 2231 2052 2277 2106 2419 2287 2118 2257 2462 2144 2290 2277 2311 2440 2330 2291 2419 2486 2446 2102]
Requests/sec:  6994.542415364584 KB
Transfer/sec:  11343.604557291666 KB

2023-12-04 17:41:27.59472962 +0800 CST m=+11188.438313812
Running 1m0s myx-test @ https://192.168.12.127:6443/api/v1/namespaces/myx-test/endpoints
300 connections
Requests/bytes (per Connection):  [1582900 1664173 1497708 1519007 1610460 1579143 1455188 1543997 1584101 1580396 1466389 1481455 1635514 1560258 1475202 1609191 1557844 1642874 1500214 1607954 1535290 1626733 1540306 1619069 1486433 1483957 1662918 1554003 1655454 1561509 1503971 1515248 1482674 1520260 1496457 1516501 1586525 1585402 1443837 1626745 1577868 1596677 1506479 1498963 1605388 1544063 1554085 1562838 1458871 1561603 1610458 1641779 1536541 1660474 1591649 1461377 1490192 1516487 1443839 1572766 1614217 1511475 1654307 1501469 1680616 1600418 1671707 1644283 1521513 1562850 1481421 1442662 1443841 1570372 1587912 1581573 1496465 1544063 1537800 1621727 1516501 1688084 1420084 1621733 1445126 1544063 1622986 1559033 1522740 1657908 1620444 1595374 1646779 1560346 1488961 1465136 1500218 1590296 1624179 1630504 1508983 1445090 1569061 1535294 1611675 1507726 1493949 1520260 1541509 1637912 1460128 1472662 1674249 1495202 1468893 1536547 1467696 1478921 1655500 1559071 1487688 1438827 1639273 1699279 1600418 1540304 1443889 1586659 1577886 1648042 1481457 1525268 1485180 1557844 1645524 1575380 1587880 1612894 1616723 1488939 1612964 1576635 1655458 1585402 1443893 1683102 1466389 1460194 1670496 1501467 1549075 1585402 1696771 1470146 1604153 1657994 1567762 1577796 1646697 1539049 1534037 1607958 1501467 1733234 1433815 1521513 1456365 1513977 1448935 1452686 1501467 1631721 1432636 1522732 1530282 1611711 1595426 1526525 1661757 1584155 1631647 1572878 1556591 1498963 1541559 1540268 1515234 1566511 1438927 1584051 1574127 1432562 1477664 1616585 1570288 1546567 1458871 1549073 1470146 1571565 1492698 1622986 1636745 1470146 1530282 1660572 1531535 1640526 1396235 1671697 1541557 1462630 1567868 1683070 1443903 1586659 1633014 1602824 1535290 1584099 1461435 1646651 1600382 1641649 1545316 1488939 1505226 1677952 1616723 1473907 1690556 1515244 1521511 1500214 1508973 1503973 1581647 1589153 1661667 1512744 1416321 1601613 1607956 1634257 1432594 1491445 1470146 1595280 1516501 1488939 1432566 1516501 1585406 1617976 1516501 1569077 1495204 1640526 1604043 1565362 1569085 1605446 1601693 1467642 1569115 1560348 1475158 1487710 1491445 1488939 1609169 1460192 1511489 1452686 1460138 1457624 1581647 1493963 1541557 1415060 1512726 1541559 1659281 1566613 1507730 1476453 1617976 1545316 1443841 1591667 1524019 1488961 1546569 1581529 1539047 1636767 1597934 1517730 1468895 1589161]
Response/bytes (per Connection):  [984210 1034759 931244 944486 1001345 981874 904799 960031 984963 982653 911772 921135 1016922 970144 917246 1000558 968632 1021517 932802 999787 954610 1011464 957728 1006717 924234 922691 1033979 966254 1029332 970922 935138 942149 921897 945265 930466 942928 986480 985766 897751 1011470 981084 992776 936697 932024 998199 960064 966295 971739 907098 970969 1001344 1020817 955388 1032452 989652 908656 926571 942921 897752 977923 1003681 939805 1028606 933582 1044963 995104 1039441 1022374 946044 971745 921118 897011 897753 976421 987326 983394 930470 960064 956170 1008351 942928 1049612 882977 1008354 898548 960064 1009133 969379 946810 1030864 1007557 991972 1023927 970188 925803 910993 932804 988823 1009882 1013807 938254 898530 975613 954612 1002105 937473 928907 945265 958482 1018426 907879 915671 1041017 929686 913329 955391 912578 919563 1029355 969398 925014 894636 1019259 1056582 995104 957727 897777 986547 981093 1024711 921136 948379 923455 968632 1023147 979535 987310 1002867 1005239 925792 1002902 980315 1029334 985766 897779 1046511 911772 907912 1038683 933581 963180 985766 1055023 914108 997429 1030907 974811 981048 1023886 956947 953831 999789 933581 1077677 891520 946044 905540 941361 900910 903243 933581 1014568 890778 946806 951496 1002123 991998 949160 1033246 984990 1014531 977979 967853 932024 958507 957709 942142 974033 894686 984938 978756 890741 918782 1005170 976379 961621 907098 963179 914108 977170 928129 1009133 1017690 914108 951496 1032501 952275 1020038 868155 1039436 958506 909435 974864 1046495 897784 986547 1015367 996612 954610 984962 908685 1023863 995086 1020752 960843 925792 935918 1043326 1005239 916446 1051153 942147 946043 932802 938249 935139 983431 988099 1033201 940592 880638 995854 999788 1016141 890757 927350 914108 991925 942928 925792 890743 942928 985768 1006018 942928 975621 929687 1020038 997374 973306 975625 998228 995894 912551 975640 970189 917224 925025 927350 925792 1000547 907911 939812 903243 907884 906322 983431 928914 958506 879855 940583 958507 1031703 974084 937475 918024 1006018 960843 897753 989661 947602 925803 961622 983372 956946 1017701 993557 943695 913330 988103]
Requests Number (per Connection):  [1264 1329 1196 1213 1286 1261 1162 1233 1265 1262 1171 1183 1306 1246 1178 1285 1244 1312 1198 1284 1226 1299 1230 1293 1187 1185 1328 1241 1322 1247 1201 1210 1184 1214 1195 1211 1267 1266 1153 1299 1260 1275 1203 1197 1282 1233 1241 1248 1165 1247 1286 1311 1227 1326 1271 1167 1190 1211 1153 1256 1289 1207 1321 1199 1342 1278 1335 1313 1215 1248 1183 1152 1153 1254 1268 1263 1195 1233 1228 1295 1211 1348 1134 1295 1154 1233 1296 1245 1216 1324 1294 1274 1315 1246 1189 1170 1198 1270 1297 1302 1205 1154 1253 1226 1287 1204 1193 1214 1231 1308 1166 1176 1337 1194 1173 1227 1172 1181 1322 1245 1188 1149 1309 1357 1278 1230 1153 1267 1260 1316 1183 1218 1186 1244 1314 1258 1268 1288 1291 1189 1288 1259 1322 1266 1153 1344 1171 1166 1334 1199 1237 1266 1355 1174 1281 1324 1252 1260 1315 1229 1225 1284 1199 1384 1145 1215 1163 1209 1157 1160 1199 1303 1144 1216 1222 1287 1274 1219 1327 1265 1303 1256 1243 1197 1231 1230 1210 1251 1149 1265 1257 1144 1180 1291 1254 1235 1165 1237 1174 1255 1192 1296 1307 1174 1222 1326 1223 1310 1115 1335 1231 1168 1252 1344 1153 1267 1304 1280 1226 1265 1167 1315 1278 1311 1234 1189 1202 1340 1291 1177 1350 1210 1215 1198 1205 1201 1263 1269 1327 1208 1131 1279 1284 1305 1144 1191 1174 1274 1211 1189 1144 1211 1266 1292 1211 1253 1194 1310 1281 1250 1253 1282 1279 1172 1253 1246 1178 1188 1191 1189 1285 1166 1207 1160 1166 1164 1263 1193 1231 1130 1208 1231 1325 1251 1204 1179 1292 1234 1153 1271 1217 1189 1235 1263 1229 1307 1276 1212 1173 1269]
Requests/sec:  7572.886360677084 KB
Transfer/sec:  12281.547477213542 KB

