2023-12-05 18:02:49.123372383 +0800 CST m=+20519.630680235
Running 1m0s myx-test @ https://192.168.12.127:6443/apis/batch/v1/namespaces/myx-test/jobs
3 connections
Requests/bytes (per Connection):  [16967348 19025942 17559140]
Response/bytes (per Connection):  [79887348 89579542 82673540]
Requests Number (per Connection):  [12100 13568 12522]
Requests/sec:  871.62158203125 KB
Transfer/sec:  4975.4697265625 KB

2023-12-05 18:04:29.186534433 +0800 CST m=+20619.693842301
Running 1m0s myx-test @ https://192.168.12.127:6443/apis/batch/v1/namespaces/myx-test/jobs
6 connections
Requests/bytes (per Connection):  [14852854 16921189 14789637 15204801 16879049 15068808]
Response/bytes (per Connection):  [69931254 79669589 69634037 71588401 79471449 70948008]
Requests Number (per Connection):  [10592 12067 10547 10843 12037 10746]
Requests/sec:  1525.3310221354166 KB
Transfer/sec:  8707.0162109375 KB

2023-12-05 18:06:09.250492589 +0800 CST m=+20719.757800459
Running 1m0s myx-test @ https://192.168.12.127:6443/apis/batch/v1/namespaces/myx-test/jobs
9 connections
Requests/bytes (per Connection):  [14936866 12867134 13638366 13595023 14942586 12890983 13471579 15054704 12638637]
Response/bytes (per Connection):  [70327266 60582334 64213566 64009023 70353786 60694583 63427979 70881904 59506237]
Requests Number (per Connection):  [10652 9176 9726 9695 10656 9193 9607 10736 9013]
Requests/sec:  2018.8131184895833 KB
Transfer/sec:  11523.9673828125 KB

2023-12-05 18:07:49.342083431 +0800 CST m=+20819.849391287
Running 1m0s myx-test @ https://192.168.12.127:6443/apis/batch/v1/namespaces/myx-test/jobs
15 connections
Requests/bytes (per Connection):  [9832724 9778045 10688140 11027460 9863456 11931911 11100404 11070899 9974359 10660084 11906615 11976775 11773438 9626541 11727137]
Response/bytes (per Connection):  [46295124 46037645 50322540 51920260 46440256 56178711 52263604 52124899 46961959 50190484 56059815 56389975 55432638 45324541 55214737]
Requests Number (per Connection):  [7012 6973 7622 7864 7034 8509 7916 7895 7113 7602 8491 8541 8396 6865 8363]
Requests/sec:  2651.9854817708333 KB
Transfer/sec:  15138.267838541668 KB

2023-12-05 18:09:29.41457199 +0800 CST m=+20919.921879867
Running 1m0s myx-test @ https://192.168.12.127:6443/apis/batch/v1/namespaces/myx-test/jobs
30 connections
Requests/bytes (per Connection):  [6970645 7350710 6470020 7321287 7157170 7269374 6948301 6412535 7286068 7336602 6371924 7050590 6932724 7080033 6484146 6889395 7087030 7221696 7269256 6440661 7144545 6433558 6442060 6474203 6997314 6468569 6995851 7251119 6329812 6988838]
Response/bytes (per Connection):  [32819845 34609110 30462820 34470487 33697970 34226174 32714301 30192135 34305268 34543002 30000724 33196190 32641524 33334833 30528946 32436995 33367830 34001696 34226056 30324261 33638545 30291158 30330860 30482603 32945314 30456169 32938651 34140319 29802612 32905638]
Requests Number (per Connection):  [4971 5242 4614 5221 5104 5184 4955 4573 5196 5232 4544 5028 4944 5049 4624 4913 5054 5150 5184 4593 5095 4588 4594 4617 4990 4613 4989 5171 4514 4984]
Requests/sec:  3367.122981770833 KB
Transfer/sec:  19220.508984375 KB

2023-12-05 18:11:09.601748791 +0800 CST m=+21020.109056652
Running 1m0s myx-test @ https://192.168.12.127:6443/apis/batch/v1/namespaces/myx-test/jobs
60 connections
Requests/bytes (per Connection):  [4536417 4661148 4269927 4192792 4649924 4648523 4690607 4583993 4255829 4623271 4173146 4212410 4195594 4624674 4684937 4633092 4620475 4637285 4619062 4715853 4202591 4626081 4523778 4157701 4642911 4652696 4753730 4760599 4243274 4698921 4623271 4612069 4562954 4230649 4237658 4666754 4627480 4640105 4314701 4606439 4240468 4666760 4631683 4227813 4254462 4614873 4663954 4237662 4198384 4647120 4271326 4762060 4607868 4717260 4614859 4600827 4539107 4215218 4199787 4605066]
Response/bytes (per Connection):  [21358417 21945948 20103927 19740792 21893124 21886523 22084607 21582793 20037829 21767671 19648346 19833210 19753994 21774274 22058137 21813892 21754475 21833685 21747862 22203453 19786991 21780881 21298978 19575701 21860111 21906296 22381730 22414599 19978474 22124121 21767671 21714869 21483754 19919049 19952058 21972354 21787480 21846905 20315101 21688439 19965268 21972360 21807283 19905813 20031262 21728073 21959154 19952062 19767184 21879920 20110526 22421260 21695068 22210060 21728059 21662027 21371507 19846418 19773787 21681866]
Requests Number (per Connection):  [3235 3324 3045 2990 3316 3315 3345 3269 3035 3297 2976 3004 2992 3298 3341 3304 3295 3307 3294 3363 2997 3299 3226 2965 3311 3318 3390 3395 3026 3351 3297 3289 3254 3017 3022 3328 3300 3309 3077 3285 3024 3328 3303 3015 3034 3291 3326 3022 2994 3314 3046 3396 3286 3364 3291 3281 3237 3006 2995 3284]
Requests/sec:  4396.645149739584 KB
Transfer/sec:  25097.2876953125 KB

2023-12-05 18:12:49.704716889 +0800 CST m=+21120.212024757
Running 1m0s myx-test @ https://192.168.12.127:6443/apis/batch/v1/namespaces/myx-test/jobs
90 connections
Requests/bytes (per Connection):  [3526619 3192929 3432718 3730008 3467847 3173355 3474706 3487481 3448107 3519638 3265895 3253264 3474720 3689329 3734215 3488758 3279943 3473455 3486078 3665480 3197104 3178921 3230810 3239186 3200020 3697745 3655663 3451011 3717417 3204231 3173415 3638827 3690734 3212537 3484677 3497224 3228024 3725887 3706273 3689419 3722993 3481813 3253218 3654396 3685186 3232177 3686519 3208360 3631940 3460730 3644549 3221025 3167709 3553414 3506963 3436981 3707562 3138346 3665494 3669741 3202760 3494496 3717469 3599549 3724426 3184535 3176221 3183104 3478993 3167717 3428567 3661427 3263039 3199912 3448207 3422943 3445397 3685238 3216746 3484583 3462231 3202848 3515541 3436981 3458024 3685120 3673898 3191652 3708965 3685168]
Response/bytes (per Connection):  [16604619 15033329 16162318 17562008 16327447 14940955 16360306 16419881 16234907 16571638 15376695 15317264 16360320 17370529 17581815 16426358 15442743 16353855 16413278 17258280 15053104 14967321 15211610 15251186 15066420 17410145 17212063 16248211 17502617 15086231 14941015 17132827 17377134 15125737 16406677 16466024 15198424 17542287 17449873 17370619 17528993 16393413 15317218 17205596 17350786 15218177 17357319 15105960 17099940 16294330 17159349 15165425 14914509 16730214 16512163 16182181 17456362 14775946 17258294 17278141 15079560 16452896 17502669 16947949 17535626 14993735 14954221 14987104 16380193 14914517 16142567 17238627 15363439 15066312 16235007 16116143 16221797 17350838 15145546 16406583 16301031 15079648 16551941 16182181 16281224 17350720 17297898 15026852 17462965 17350768]
Requests Number (per Connection):  [2515 2277 2448 2660 2473 2263 2478 2487 2459 2510 2329 2320 2478 2631 2663 2488 2339 2477 2486 2614 2280 2267 2304 2310 2282 2637 2607 2461 2651 2285 2263 2595 2632 2291 2485 2494 2302 2657 2643 2631 2655 2483 2320 2606 2628 2305 2629 2288 2590 2468 2599 2297 2259 2534 2501 2451 2644 2238 2614 2617 2284 2492 2651 2567 2656 2271 2265 2270 2481 2259 2445 2611 2327 2282 2459 2441 2457 2628 2294 2485 2469 2284 2507 2451 2466 2628 2620 2276 2645 2628]
Requests/sec:  5062.150764973959 KB
Transfer/sec:  28896.183040364584 KB

2023-12-05 18:14:29.796355772 +0800 CST m=+21220.303663633
Running 1m0s myx-test @ https://192.168.12.127:6443/apis/batch/v1/namespaces/myx-test/jobs
150 connections
Requests/bytes (per Connection):  [1831322 1815983 1829855 1894399 1984267 1783642 2023553 1933663 1957510 1963118 1848186 1921038 2110415 1898750 2054301 1950621 1859462 2006727 1807545 1874817 1916881 1915554 1947691 2010846 1963276 1869133 1821595 1820172 1820194 1923848 1939275 1905765 1954706 2058510 1888885 2100598 2037503 1978553 2038874 1848134 2033258 1811686 1856506 1811780 1870694 2024846 2020633 1968848 1848220 1877613 1918270 2031947 2104801 1801959 1944887 1832819 1929460 1957586 1813101 1985584 1817322 2045965 1963244 2036064 1926648 1923894 2072562 1978653 2000995 2054305 1778112 1909814 1960474 2037525 1834222 2040335 1820142 1782321 1907168 1878990 1964561 1820076 1944885 2013624 1814422 2075344 1830011 1895860 2034661 1909814 2006609 1897307 1808854 1932260 1808970 2034663 1940714 2034761 2026245 1803358 1800554 2044482 1908411 2030454 1935224 2055708 2071135 1853860 1940678 2050092 1935130 2043149 2062719 1946388 2023453 1998307 1827139 1817388 1891691 2080988 1828600 1951900 1761186 1909814 1932260 2051501 1876306 1918232 1828494 1935224 1860807 1942191 1950655 2040273 1797746 1947691 1862146 1843881 2065523 2050168 1873412 1928133 2051497 1851056 1977150 1914181 2029117 2076745 1786400 2037471]
Response/bytes (per Connection):  [8622522 8549983 8615855 8919599 9342267 8398042 9527153 9104463 9216710 9243118 8701786 9045038 9936415 8939550 9672301 9183821 8754662 9447927 8510345 8827217 9025281 9018754 9170491 9467646 9243276 8800733 8576395 8569772 8569794 9058248 9130875 8972565 9203506 9692110 8893285 9890198 9593103 9315753 9599674 8701734 9573258 8530086 8741306 8530180 8807494 9533646 9513833 9269648 8701820 8840413 9031870 9566747 9910001 8483959 9157287 8629219 9084660 9216786 8536701 9348784 8556522 9632765 9243244 9586464 9071448 9058294 9758162 9315853 9421395 9672305 8371712 8992214 9230074 9593125 8635822 9606335 8569742 8391521 8979168 8846990 9249761 8569676 9157285 9480824 8543222 9771344 8616011 8926260 9579861 8992214 9447809 8932907 8516854 9097860 8516970 9579863 9137514 9579961 9540245 8490558 8477354 9626082 8985611 9560054 9111224 9678908 9751535 8728260 9137478 9652492 9111130 9619549 9711919 9163988 9527053 9408307 8602739 8556588 8906491 9797788 8609400 9190300 8292386 8992214 9097860 9659101 8833906 9031832 8609294 9111224 8761207 9144191 9183855 9606273 8464146 9170491 8767746 8681881 9725123 9652568 8820612 9078133 9659097 8715056 9309150 9012181 9553517 9777945 8411200 9593071]
Requests Number (per Connection):  [1306 1295 1305 1351 1415 1272 1443 1379 1396 1400 1318 1370 1505 1354 1465 1391 1326 1431 1289 1337 1367 1366 1389 1434 1400 1333 1299 1298 1298 1372 1383 1359 1394 1468 1347 1498 1453 1411 1454 1318 1450 1292 1324 1292 1334 1444 1441 1404 1318 1339 1368 1449 1501 1285 1387 1307 1376 1396 1293 1416 1296 1459 1400 1452 1374 1372 1478 1411 1427 1465 1268 1362 1398 1453 1308 1455 1298 1271 1360 1340 1401 1298 1387 1436 1294 1480 1305 1352 1451 1362 1431 1353 1290 1378 1290 1451 1384 1451 1445 1286 1284 1458 1361 1448 1380 1466 1477 1322 1384 1462 1380 1457 1471 1388 1443 1425 1303 1296 1349 1484 1304 1392 1256 1362 1378 1463 1338 1368 1304 1380 1327 1385 1391 1455 1282 1389 1328 1315 1473 1462 1336 1375 1463 1320 1410 1365 1447 1481 1274 1453]
Requests/sec:  4721.942203776041 KB
Transfer/sec:  26954.190397135415 KB

2023-12-05 18:16:09.888249199 +0800 CST m=+21320.395557063
Running 1m0s myx-test @ https://192.168.12.127:6443/apis/batch/v1/namespaces/myx-test/jobs
300 connections
Requests/bytes (per Connection):  [1147032 1347489 1227019 1198913 1183482 1388290 1218553 1165249 1183556 1187755 1163896 1134511 1327911 1332178 1149908 1325167 1173681 1193307 1374176 1194706 1183486 1292902 1137351 1273262 1374232 1353223 1221417 1222760 1169454 1346132 1194706 1172260 1339111 1212961 1231222 1190495 1315348 1179351 1316697 1088252 1253634 1175112 1308267 1142805 1332182 1320876 1147012 1218551 1327879 1194708 1339111 1340486 1231182 1203206 1243829 1414943 1166728 1399512 1159649 1329374 1193401 1375669 1162443 1341917 1248012 1193303 1238225 1220016 1326570 1163984 1218559 1175066 1173783 1368650 1357428 1350349 1235385 1269055 1233984 1149960 1172258 1177908 1364445 1219956 1336385 1354622 1138732 1372859 1374264 1365844 1259238 1173663 1182095 1182113 1205928 1364341 1378475 1198913 1204525 1385464 1197514 1224173 1377072 1236828 1217150 1203122 1382678 1372847 1327973 1224165 1315348 1347609 1388220 1168051 1147116 1372863 1189124 1177872 1320958 1182079 1212945 1198915 1220008 1281652 1177990 1197602 1229779 1259234 1332180 1228372 1381275 1226971 1191932 1166650 1372793 1365846 1172288 1226969 1304064 1193303 1332146 1241027 1155430 1130222 1313927 1127372 1246619 1168055 1207329 1325141 1259234 1313941 1175064 1186306 1248032 1184975 1308309 1210135 1183484 1187689 1217150 1225566 1347557 1155468 1343404 1347487 1312542 1132992 1137341 1201719 1217150 1250832 1357344 1151221 1179287 1235385 1329376 1325163 1204529 1145769 1316749 1246609 1221411 1198913 1162443 1320902 1341887 1332122 1214348 1194708 1187757 1190599 1179275 1180704 1232581 1176583 1336391 1325167 1187691 1225572 1329372 1173697 1371364 1301262 1406439 1239594 1349014 1175064 1384075 1228372 1190597 1320874 1236788 1339085 1225568 1189190 1159637 1361511 1343308 1155462 1326570 1250818 1232581 1212997 1194704 1189110 1322307 1163962 1228380 1173765 1165251 1337748 1219960 1217202 1356027 1194802 1238217 1196189 1207335 1161042 1325093 1208734 1176505 1225570 1370023 1221361 1149816 1172336 1128909 1379816 1210211 1200316 1179343 1187795 1203148 1217214 1316745 1332170 1313943 1196107 1215747 1204525 1155430 1302663 1189144 1391100 1142883 1326500 1233984 1194800 1208792 1211610 1207329 1165249 1236788 1249415 1356029 1236790 1172264 1165245 1367221 1266247 1340528 1337792 1161038 1124586 1211538 1248012 1344807 1177872 1172262 1242400 1183482 1243803 1322283 1243803 1208810 1353151 1142803 1323764]
Response/bytes (per Connection):  [5400632 6344689 5777019 5644913 5572282 6536290 5737353 5486449 5572356 5592155 5479896 5341311 6252311 6272178 5413908 6239167 5526081 5618507 6470176 5625106 5572286 6087302 5354551 5994862 6470232 6371223 5750617 5757160 5506254 6338132 5625106 5519460 6305111 5710961 5796822 5605295 6192948 5552551 6199497 5123452 5902434 5532712 6159867 5380805 6272182 6219276 5400612 5737351 6252279 5625108 6305111 6311686 5796782 5664806 5856229 6661743 5493128 6589112 5460049 6258974 5618601 6476869 5473243 6318317 5876012 5618503 5829825 5744016 6245770 5479984 5737359 5532666 5526183 6443850 6391028 6357949 5816585 5975055 5809984 5413960 5519458 5545908 6424045 5743956 6291985 6377822 5361132 6463659 6470264 6430644 5928838 5526063 5565695 5565713 5677928 6423941 6490075 5644913 5671325 6523064 5638314 5763773 6483472 5823228 5730750 5664722 6509878 6463647 6252373 5763765 6192948 6344809 6536220 5499651 5400716 6463663 5598724 5545872 6219358 5565679 5710945 5644915 5744008 6034452 5545990 5638402 5790179 5928834 6272180 5783572 6503275 5776971 5611932 5493050 6463593 6430646 5519488 5776969 6140064 5618503 6272146 5843027 5440230 5321422 6186327 5308172 5869419 5499655 5684529 6239141 5928834 6186341 5532664 5585506 5876032 5578975 6159909 5697735 5572284 5592089 5730750 5770366 6344757 5440268 6325004 6344687 6179742 5334592 5354541 5658119 5730750 5889232 6390944 5420421 5552487 5816585 6258976 6239163 5671329 5394169 6199549 5869409 5750611 5644913 5473243 6219302 6318287 6272122 5717548 5625108 5592157 5605399 5552475 5559104 5803381 5539383 6291991 6239167 5592091 5770372 6258972 5526097 6456964 6126862 6622039 5836394 6351414 5532664 6516475 5783572 5605397 6219274 5823188 6305085 5770368 5598790 5460037 6410711 6324908 5440262 6245770 5889218 5803381 5710997 5625104 5598710 6225907 5479962 5783580 5526165 5486451 6298548 5743960 5730802 6384427 5625202 5829817 5631789 5684535 5466642 6239093 5691134 5539305 5770370 6450423 5750561 5413816 5519536 5314909 6496616 5697811 5651516 5552543 5592195 5664748 5730814 6199545 6272170 6186343 5631707 5724147 5671325 5440230 6133463 5598744 6549500 5380883 6245700 5809984 5625200 5691192 5704410 5684529 5486449 5823188 5882615 6384429 5823190 5519464 5486445 6437221 5961847 6311728 6298592 5466638 5294986 5704338 5876012 6331607 5545872 5519462 5849600 5572282 5856203 6225883 5856203 5691210 6371151 5380803 6232564]
Requests Number (per Connection):  [818 961 875 855 844 990 869 831 844 847 830 809 947 950 820 945 837 851 980 852 844 922 811 908 980 965 871 872 834 960 852 836 955 865 878 849 938 841 939 776 894 838 933 815 950 942 818 869 947 852 955 956 878 858 887 1009 832 998 827 948 851 981 829 957 890 851 883 870 946 830 869 838 837 976 968 963 881 905 880 820 836 840 973 870 953 966 812 979 980 974 898 837 843 843 860 973 983 855 859 988 854 873 982 882 868 858 986 979 947 873 938 961 990 833 818 979 848 840 942 843 865 855 870 914 840 854 877 898 950 876 985 875 850 832 979 974 836 875 930 851 950 885 824 806 937 804 889 833 861 945 898 937 838 846 890 845 933 863 844 847 868 874 961 824 958 961 936 808 811 857 868 892 968 821 841 881 948 945 859 817 939 889 871 855 829 942 957 950 866 852 847 849 841 842 879 839 953 945 847 874 948 837 978 928 1003 884 962 838 987 876 849 942 882 955 874 848 827 971 958 824 946 892 879 865 852 848 943 830 876 837 831 954 870 868 967 852 883 853 861 828 945 862 839 874 977 871 820 836 805 984 863 856 841 847 858 868 939 950 937 853 867 859 824 929 848 992 815 946 880 852 862 864 861 831 882 891 967 882 836 831 975 903 956 954 828 802 864 890 959 840 836 886 844 887 943 887 862 965 815 944]
Requests/sec:  6085.006168619791 KB
Transfer/sec:  34734.91468098958 KB

