2023-12-04 18:52:29.665442018 +0800 CST m=+15450.509026190
Running 1m0s myx-test @ https://192.168.12.127:6443/api/v1/namespaces/myx-test/limitranges
3 connections
Requests/bytes (per Connection):  [10875964 11053006 12859108]
Response/bytes (per Connection):  [7076150 7191327 8366426]
Requests Number (per Connection):  [8358 8494 9882]
Requests/sec:  566.21220703125 KB
Transfer/sec:  934.6025553385417 KB

2023-12-04 18:54:09.979389191 +0800 CST m=+15550.822973372
Running 1m0s myx-test @ https://192.168.12.127:6443/api/v1/namespaces/myx-test/limitranges
6 connections
Requests/bytes (per Connection):  [12169470 12836976 14312580 14316640 12192908 12883842]
Response/bytes (per Connection):  [7917727 8352028 9312094 9314712 7932974 8382517]
Requests Number (per Connection):  [9352 9865 10999 11002 9370 9901]
Requests/sec:  1281.1265625 KB
Transfer/sec:  2114.6560546875 KB

2023-12-04 18:55:50.022744834 +0800 CST m=+15650.866329027
Running 1m0s myx-test @ https://192.168.12.127:6443/api/v1/namespaces/myx-test/limitranges
9 connections
Requests/bytes (per Connection):  [14230724 12359374 14428462 12473964 14402466 11954704 11966520 12414056 11868916]
Response/bytes (per Connection):  [9258818 8041295 9387479 8115838 9370561 7778004 7785676 8076868 7722174]
Requests Number (per Connection):  [10936 9498 11088 9586 11068 9187 9196 9540 9121]
Requests/sec:  1889.6351888020833 KB
Transfer/sec:  3119.073876953125 KB

2023-12-04 18:57:30.063203025 +0800 CST m=+15750.906787197
Running 1m0s myx-test @ https://192.168.12.127:6443/api/v1/namespaces/myx-test/limitranges
15 connections
Requests/bytes (per Connection):  [9438112 8831638 9369120 8831798 10704246 9367820 10735370 10730294 9334004 8839608 8724944 10691110 9512308 10727718 8829178]
Response/bytes (per Connection):  [6140644 5746071 6095760 5746151 6964419 6094914 6984685 6981363 6072910 5751232 5676652 6955891 6188914 6979683 5744449]
Requests Number (per Connection):  [7253 6787 7200 6787 8226 7199 8250 8246 7173 6793 6705 8216 7310 8244 6785]
Requests/sec:  2354.6104817708333 KB
Transfer/sec:  3886.57236328125 KB

2023-12-04 18:59:10.093917341 +0800 CST m=+15850.937501513
Running 1m0s myx-test @ https://192.168.12.127:6443/api/v1/namespaces/myx-test/limitranges
30 connections
Requests/bytes (per Connection):  [5605822 5648750 5650118 6085960 5624130 5689072 6576580 5673448 6620840 6663796 6217440 5600706 6229156 6577882 6192708 6653384 6201822 6212234 6207086 6208328 6128916 6648158 5664370 6252590 6594866 6659892 5633250 6546638 5587688 6626044]
Response/bytes (per Connection):  [3647279 3675211 3676091 3959672 3659177 3701448 4278874 3691284 4307668 4335614 4045208 3643937 4052830 4279721 4029118 4328840 4035047 4041821 4038463 4039280 3987618 4325443 3685373 4068075 4290761 4333074 3665109 4259395 3635468 4311054]
Requests Number (per Connection):  [4308 4341 4342 4677 4322 4372 5054 4360 5088 5121 4778 4304 4787 5055 4759 5113 4766 4774 4770 4771 4710 5109 4353 4805 5068 5118 4329 5031 4294 5092]
Requests/sec:  3002.631412760417 KB
Transfer/sec:  4956.211376953125 KB

2023-12-04 19:00:50.323160588 +0800 CST m=+15951.166744764
Running 1m0s myx-test @ https://192.168.12.127:6443/api/v1/namespaces/myx-test/limitranges
60 connections
Requests/bytes (per Connection):  [4187434 4525808 3906400 3966288 3922020 4536156 4516628 4175720 4299386 4503610 3890782 3911610 4472524 3919422 4521996 3871254 4459350 4184930 4209566 3944156 3950628 4203056 4183570 3955838 4161520 4567508 4238250 4471176 3907706 4576536 3919422 4502464 4243428 3938902 4255128 4232994 4244728 4442466 4191336 3935040 4229090 4197850 3890782 3890782 4499862 4249944 4227786 4514072 4449094 3889482 4235598 4492012 3869966 3915516 4529708 4550612 3898592 4454172 4201756 4464562]
Response/bytes (per Connection):  [2724445 2944592 2541592 2580552 2551754 2951334 2938630 2716824 2797277 2930161 2531431 2544981 2909914 2550063 2942098 2518727 2901367 2722801 2738843 2566154 2570370 2734608 2721925 2573759 2707568 2971714 2757497 2909044 2542441 2977600 2550063 2929392 2760870 2562743 2768484 2754085 2761716 2890377 2726984 2560224 2751545 2731221 2531431 2531431 2927699 2765108 2750697 2936960 2894671 2530585 2755779 2922598 2517887 2547522 2947130 2960718 2536512 2897994 2733762 2904757]
Requests Number (per Connection):  [3218 3478 3002 3048 3014 3486 3471 3209 3304 3461 2990 3006 3437 3012 3475 2975 3427 3216 3235 3031 3036 3230 3215 3040 3198 3510 3257 3436 3003 3517 3012 3460 3261 3027 3270 3253 3262 3414 3221 3024 3250 3226 2990 2990 3458 3266 3249 3469 3419 2989 3255 3452 2974 3009 3481 3497 2996 3423 3229 3431]
Requests/sec:  4112.92275390625 KB
Transfer/sec:  6788.883219401042 KB

2023-12-04 19:02:30.638727792 +0800 CST m=+16051.482311970
Running 1m0s myx-test @ https://192.168.12.127:6443/api/v1/namespaces/myx-test/limitranges
90 connections
Requests/bytes (per Connection):  [2912148 2625930 2895312 2887572 2817278 2651948 2853566 2974638 2886250 2836800 2874492 2942142 2590798 2800280 2843262 2592068 2622010 2952564 2871862 2922694 2644270 2927862 2636468 2652072 2840710 2869350 2893924 2554436 2598642 2927772 2823788 2873132 2930374 2854870 2606440 2960316 2903154 2853726 2854926 2943550 2877056 3000674 2628676 2895226 2615496 2624610 2847216 2640240 2821184 2602640 2633722 2926470 2953808 2931718 2662362 2978630 2639054 2861536 2871934 2882366 2979966 2559536 2996768 2831498 2606544 2843314 2620820 2799052 2580390 2897954 2874554 2589464 2929166 2887574 2877158 2678012 2601330 2631122 2914910 2869348 2877158 2808160 2882366 2640230 2835504 2867924 2644136 2921292 2602558 2901734]
Response/bytes (per Connection):  [1894722 1708493 1883756 1878710 1832979 1725422 1856611 1935375 1877853 1845680 1870210 1914227 1685635 1821932 1849891 1686466 1705945 1921006 1868503 1901563 1720407 1904931 1715330 1725484 1848223 1866855 1882866 1661966 1690733 1904886 1837214 1869334 1906579 1857459 1695808 1926058 1888853 1856691 1857487 1915127 1871884 1952313 1710258 1883713 1701708 1707637 1852456 1717804 1835520 1693320 1713565 1904039 1921824 1907447 1732197 1937959 1717015 1861772 1868539 1875323 1938823 1665300 1949772 1842245 1695860 1849917 1705154 1821122 1678863 1885469 1870241 1684772 1905779 1878711 1871935 1742374 1692469 1711873 1896495 1866854 1871935 1827048 1875323 1717799 1844836 1865946 1720340 1900666 1693279 1887947]
Requests Number (per Connection):  [2238 2018 2225 2219 2165 2038 2193 2286 2218 2180 2209 2261 1991 2152 2185 1992 2015 2269 2207 2246 2032 2250 2026 2038 2183 2205 2224 1963 1997 2250 2170 2208 2252 2194 2003 2275 2231 2193 2194 2262 2211 2306 2020 2225 2010 2017 2188 2029 2168 2000 2024 2249 2270 2253 2046 2289 2028 2199 2207 2215 2290 1967 2303 2176 2003 2185 2014 2151 1983 2227 2209 1990 2251 2219 2211 2058 1999 2022 2240 2205 2211 2158 2215 2029 2179 2204 2032 2245 2000 2230]
Requests/sec:  4100.708919270834 KB
Transfer/sec:  6768.72177734375 KB

2023-12-04 19:04:10.759009243 +0800 CST m=+16151.602593412
Running 1m0s myx-test @ https://192.168.12.127:6443/api/v1/namespaces/myx-test/limitranges
150 connections
Requests/bytes (per Connection):  [2248550 2491976 2394274 2405998 2572540 2412470 2556918 2439912 2214700 2562124 2258986 2399560 2353996 2399560 2499796 2214818 2253756 2528278 2393050 2557064 2242104 2499750 2212174 2381336 2529580 2261694 2425596 2403464 2236864 2524530 2528278 2533486 2239468 2391674 2348788 2278588 2416480 2264214 2252456 2272060 2493128 2261602 2282488 2489312 2521926 2245944 2231630 2355298 2491986 2430768 2516664 2226426 2541326 2235652 2218750 2234244 2277204 2253760 2377374 2455534 2369614 2262944 2507508 2506216 2382636 2505004 2562284 2481570 2369618 2392976 2170572 2422994 2227720 2413770 2251178 2377424 2403456 2210860 2257734 2368276 2390442 2495888 2381316 2547962 2407366 2367010 2234282 2516578 2504974 2206986 2481570 2234310 2540044 2515418 2449026 2468554 2564730 2378726 2343582 2549234 2403466 2220072 2204448 2546628 2249850 2536206 2396956 2461986 2229144 2476206 2519324 2525824 2373476 2525674 2207008 2246074 2562126 2541406 2445124 2383938 2521770 2391692 2178412 2223818 2251264 2443708 2515418 2253766 2361778 2275888 2511454 2187526 2477536 2498494 2378674 2456836 2487952 2553170 2390448 2411172 2231764 2205614 2232930 2497034 2472374 2363078 2402164 2221214 2308470 2514044]
Response/bytes (per Connection):  [1462963 1621328 1557777 1565403 1673762 1569619 1663599 1587456 1440942 1666986 1469749 1561204 1531562 1561204 1626414 1441001 1466350 1644967 1556969 1663672 1458760 1626391 1439287 1549348 1645814 1471495 1578142 1563744 1455356 1642505 1644967 1648355 1457050 1556085 1528174 1482490 1572212 1473147 1465504 1478246 1622100 1471449 1485028 1619604 1640811 1461268 1451955 1532409 1621333 1581512 1637396 1448569 1653451 1454554 1443555 1453654 1481602 1466352 1546779 1597619 1541723 1472316 1631446 1630604 1550194 1629802 1667066 1614557 1541725 1556932 1412214 1576449 1449412 1570465 1464669 1546804 1563740 1438434 1468927 1540858 1555273 1623872 1549338 1657749 1566283 1540029 1453673 1637353 1629787 1435909 1614557 1453687 1652614 1636577 1593385 1606089 1668681 1547651 1524787 1658581 1563745 1444412 1434248 1656886 1463809 1650107 1559510 1601825 1450320 1611091 1639118 1643348 1544242 1643273 1435920 1461333 1666987 1653491 1590846 1551041 1640733 1556094 1417310 1446873 1464712 1589942 1636577 1466355 1536629 1480748 1634007 1423239 1611952 1625567 1547625 1598466 1618728 1661137 1555276 1568774 1452022 1435027 1452801 1624641 1608587 1537475 1562898 1445179 1501939 1635694]
Requests Number (per Connection):  [1728 1915 1840 1849 1977 1854 1965 1875 1702 1969 1736 1844 1809 1844 1921 1702 1732 1943 1839 1965 1723 1921 1700 1830 1944 1738 1864 1847 1719 1940 1943 1947 1721 1838 1805 1751 1857 1740 1731 1746 1916 1738 1754 1913 1938 1726 1715 1810 1915 1868 1934 1711 1953 1718 1705 1717 1750 1732 1827 1887 1821 1739 1927 1926 1831 1925 1969 1907 1821 1839 1668 1862 1712 1855 1730 1827 1847 1699 1735 1820 1837 1918 1830 1958 1850 1819 1717 1934 1925 1696 1907 1717 1952 1933 1882 1897 1971 1828 1801 1959 1847 1706 1694 1957 1729 1949 1842 1892 1713 1903 1936 1941 1824 1941 1696 1726 1969 1953 1879 1832 1938 1838 1674 1709 1730 1878 1933 1732 1815 1749 1930 1681 1904 1920 1828 1888 1912 1962 1837 1853 1715 1695 1716 1919 1900 1816 1846 1707 1774 1932]
Requests/sec:  5824.197200520834 KB
Transfer/sec:  9613.54892578125 KB

2023-12-04 19:05:50.812055965 +0800 CST m=+16251.655640136
Running 1m0s myx-test @ https://192.168.12.127:6443/api/v1/namespaces/myx-test/limitranges
300 connections
Requests/bytes (per Connection):  [1489920 1283060 1391070 1497736 1353332 1396300 1496430 1407910 1445690 1427436 1407910 1309018 1279028 1492612 1393670 1417180 1471804 1457392 1333844 1344120 1374198 1427432 1281694 1434088 1461430 1336466 1448266 1499032 1396310 1348038 1280368 1495210 1471810 1527724 1310342 1463882 1294722 1436652 1479506 1306526 1417044 1492524 1450930 1374152 1313034 1489920 1335006 1466568 1405308 1457464 1395044 1345580 1397506 1487316 1470442 1324594 1449622 1424890 1263556 1311718 1445662 1322148 1457448 1433946 1515956 1362504 1462586 1292184 1320764 1366332 1377994 1333732 1451000 1518560 1398796 1433942 1380644 1275284 1357296 1359754 1328498 1458770 1392444 1333746 1502938 1491220 1506848 1384476 1436548 1323448 1522466 1348182 1387238 1423532 1285624 1420984 1302620 1385778 1333864 1437992 1353234 1435306 1297412 1492522 1483412 1409296 1445662 1452184 1255758 1359854 1450870 1456074 1502938 1441916 1297412 1421086 1431342 1316940 1374208 1486050 1440454 1480822 1315638 1350716 1402768 1493826 1463884 1473064 1301308 1471698 1448262 1414424 1401490 1341674 1443164 1461284 1528974 1463900 1419626 1522476 1303922 1284396 1305066 1435396 1440468 1357256 1482232 1322058 1346882 1419626 1316940 1327354 1342976 1418426 1478332 1335066 1422230 1351942 1370216 1451028 1324594 1445810 1314336 1328618 1424834 1474298 1461282 1376770 1466536 1422230 1404004 1389684 1488618 1436690 1506844 1285696 1444360 1411814 1322148 1319394 1293508 1328656 1352088 1539420 1350666 1380572 1492524 1260828 1397520 1441858 1436670 1530276 1473102 1512126 1422230 1475604 1405412 1458756 1363796 1491310 1441914 1393748 1484784 1450988 1344278 1426134 1328648 1396228 1366342 1344278 1391106 1322076 1306524 1376666 1473000 1376666 1439304 1488660 1385778 1380570 1445680 1333856 1393588 1306522 1305112 1515956 1510758 1376824 1439154 1413198 1410630 1497730 1484714 1319502 1432644 1453548 1329914 1427436 1457482 1311732 1303922 1260966 1401400 1342968 1462592 1397494 1275230 1486014 1398954 1450870 1332542 1333706 1408068 1376824 1379334 1292130 1393704 1458746 1504240 1482190 1302620 1381874 1345498 1395050 1333814 1394970 1474408 1378074 1405438 1363806 1478202 1327336 1448266 1318242 1454774 1487336 1471742 1411814 1461346 1331120 1324750 1283094 1318174 1499052 1427536 1323372 1462682 1355994 1340290 1449678 1371502 1419752 1354692 1437988 1532880 1324656 1451000 1314336 1372904 1272538]
Response/bytes (per Connection):  [969380 834786 905059 974464 880506 908458 973615 916027 940601 928730 916027 851685 832182 971118 906751 922034 957578 948216 867822 874528 894075 928728 833907 933036 950823 869525 942281 975308 908463 877075 833048 972809 957581 993966 852543 952441 842381 934710 962605 850047 921966 971074 944005 894052 854281 969380 868599 954176 914334 948252 907634 875454 909257 967686 956701 861825 943155 927065 822094 853427 940587 860210 948244 932965 986318 886464 951597 840720 859322 888966 896561 867766 944040 988012 910098 932963 898278 829722 883076 884697 864365 949101 905942 867773 977849 970226 980392 900782 934658 861056 990553 877147 902555 926190 836460 924524 847506 901629 867832 935576 880457 933841 844118 971073 965146 916916 940587 944828 817019 884747 943975 947361 977849 938126 844118 924575 931271 856822 894080 966857 937199 963459 855975 878806 912672 971921 952442 958404 846654 957525 942279 920264 911837 872913 938946 950750 994787 952450 923649 990558 848353 835650 849121 933886 937206 883056 964360 860165 876301 923649 856822 863597 873760 922853 961822 868629 925343 879615 891496 944054 861825 940661 855128 864425 927037 959217 950749 895753 954160 925343 913486 904170 968533 934729 980390 836496 939740 918567 860210 858441 841578 864444 879688 1001578 878781 898242 971074 820338 909264 938097 934719 995634 958423 983815 925343 960066 914386 949094 887306 970271 938125 906790 966028 944034 874607 927883 864440 908422 888971 874607 905077 860174 850046 895701 958372 895701 936428 968554 901629 898241 940596 867828 906710 850045 849144 986318 982935 895780 936353 919455 917779 974461 965993 858495 932118 945706 865269 928730 948261 853434 848353 820407 911792 873756 951600 909251 829695 966839 910177 943975 866975 867753 916106 895780 897427 840693 906768 949089 978696 964339 847506 899089 875413 907637 867807 907597 959272 896601 914399 887311 961757 863588 942281 857669 946515 967696 957547 918567 950781 866068 861903 834803 857635 975318 928780 861018 951645 882229 872025 943183 892335 923712 881382 935574 997328 861856 944040 855128 893232 827957]
Requests Number (per Connection):  [1145 986 1069 1151 1040 1073 1150 1082 1111 1097 1082 1006 983 1147 1071 1089 1131 1120 1025 1033 1056 1097 985 1102 1123 1027 1113 1152 1073 1036 984 1149 1131 1174 1007 1125 995 1104 1137 1004 1089 1147 1115 1056 1009 1145 1026 1127 1080 1120 1072 1034 1074 1143 1130 1018 1114 1095 971 1008 1111 1016 1120 1102 1165 1047 1124 993 1015 1050 1059 1025 1115 1167 1075 1102 1061 980 1043 1045 1021 1121 1070 1025 1155 1146 1158 1064 1104 1017 1170 1036 1066 1094 988 1092 1001 1065 1025 1105 1040 1103 997 1147 1140 1083 1111 1116 965 1045 1115 1119 1155 1108 997 1092 1100 1012 1056 1142 1107 1138 1011 1038 1078 1148 1125 1132 1000 1131 1113 1087 1077 1031 1109 1123 1175 1125 1091 1170 1002 987 1003 1103 1107 1043 1139 1016 1035 1091 1012 1020 1032 1090 1136 1026 1093 1039 1053 1115 1018 1111 1010 1021 1095 1133 1123 1058 1127 1093 1079 1068 1144 1104 1158 988 1110 1085 1016 1014 994 1021 1039 1183 1038 1061 1147 969 1074 1108 1104 1176 1132 1162 1093 1134 1080 1121 1048 1146 1108 1071 1141 1115 1033 1096 1021 1073 1050 1033 1069 1016 1004 1058 1132 1058 1106 1144 1065 1061 1111 1025 1071 1004 1003 1165 1161 1058 1106 1086 1084 1151 1141 1014 1101 1117 1022 1097 1120 1008 1002 969 1077 1032 1124 1074 980 1142 1075 1115 1024 1025 1082 1058 1060 993 1071 1121 1156 1139 1001 1062 1034 1072 1025 1072 1133 1059 1080 1048 1136 1020 1113 1013 1118 1143 1131 1085 1123 1023 1018 986 1013 1152 1097 1017 1124 1042 1030 1114 1054 1091 1041 1105 1178 1018 1115 1010 1055 978]
Requests/sec:  6841.040234375 KB
Transfer/sec:  11291.970377604166 KB

