2023-12-04 10:23:06.394685515 +0800 CST m=+60.073990384
Running 1m0s myx-test @ https://192.168.12.127:6443/api/v1/namespaces
3 connections
Requests/bytes (per Connection):  [19199352 16684959 16518165]
Response/bytes (per Connection):  [14432352 12542259 12416865]
Requests Number (per Connection):  [15890 13809 13671]
Requests/sec:  852.9048828125 KB
Transfer/sec:  1494.0421875 KB

2023-12-04 10:24:47.407117582 +0800 CST m=+161.086422453
Running 1m0s myx-test @ https://192.168.12.127:6443/api/v1/namespaces
6 connections
Requests/bytes (per Connection):  [13318831 16155775 13404508 16074760 14240678 14154823]
Response/bytes (per Connection):  [10011931 12144475 10076308 12083560 10704878 10640323]
Requests Number (per Connection):  [11023 13371 11094 13304 11786 11715]
Requests/sec:  1421.7020670572917 KB
Transfer/sec:  2490.4109700520835 KB

2023-12-04 10:26:27.446166535 +0800 CST m=+261.125471401
Running 1m0s myx-test @ https://192.168.12.127:6443/api/v1/namespaces
9 connections
Requests/bytes (per Connection):  [15718283 12811303 15840330 15928571 12870378 13654571 13798418 13731931 12775045]
Response/bytes (per Connection):  [11815583 9630403 11907330 11973671 9674778 10264271 10372418 10322431 9603145]
Requests Number (per Connection):  [13009 10603 13110 13183 10652 11301 11420 11365 10573]
Requests/sec:  2069.1541341145835 KB
Transfer/sec:  3624.5582682291665 KB

2023-12-04 10:28:07.483667794 +0800 CST m=+361.162972651
Running 1m0s myx-test @ https://192.168.12.127:6443/api/v1/namespaces
15 connections
Requests/bytes (per Connection):  [10227943 10925130 10894949 10263066 10955257 12631246 10325790 10977087 10319783 12562291 12402859 12702511 12706140 10931177 10283467]
Response/bytes (per Connection):  [7688443 8212530 8189849 7714866 8235157 9495046 7761990 8251587 7757483 9443191 9323359 9548611 9551340 8217077 7730167]
Requests Number (per Connection):  [8465 9042 9017 8494 9067 10454 8546 9085 8541 10397 10265 10513 10516 9047 8511]
Requests/sec:  2752.4201822916666 KB
Transfer/sec:  4821.441927083333 KB

2023-12-04 10:29:48.410587189 +0800 CST m=+462.089892046
Running 1m0s myx-test @ https://192.168.12.127:6443/api/v1/namespaces
30 connections
Requests/bytes (per Connection):  [4702586 4712240 4719492 5031202 5046917 4348551 4364266 5036036 5048126 4400530 4656726 5010693 5007096 4701369 4372727 5044501 4335254 4694137 4392067 4672349 4663890 4704986 4377563 5043290 4322003 5051791 4365449 5040874 4343715 4677187]
Response/bytes (per Connection):  [3534986 3542240 3547692 3782002 3793817 3268851 3280666 3785636 3794726 3307930 3500526 3766593 3763896 3534069 3287027 3792001 3258854 3528637 3301567 3512249 3505890 3536786 3290663 3791090 3248903 3797491 3281549 3789274 3265215 3515887]
Requests Number (per Connection):  [3892 3900 3906 4164 4177 3599 3612 4168 4178 3642 3854 4147 4144 3891 3619 4175 3588 3885 3635 3867 3860 3894 3623 4174 3577 4181 3613 4172 3595 3871]
Requests/sec:  2293.0926595052083 KB
Transfer/sec:  4016.8347330729166 KB

2023-12-04 10:31:28.449427729 +0800 CST m=+562.128732588
Running 1m0s myx-test @ https://192.168.12.127:6443/api/v1/namespaces
60 connections
Requests/bytes (per Connection):  [5003473 4813778 4928523 5061445 5036102 4955201 4550384 5081974 4916369 4979223 4833118 4907906 4559966 4927248 4831909 4516572 5054169 4518990 4533416 4584194 4912900 4986489 4968348 4524983 4858353 4975698 4848825 4850034 4563671 4942963 4887515 5031202 5017907 4514156 4576856 4936986 4920154 5015491 4563559 5049335 4953948 4547844 4871642 4593778 4556311 4930997 5078341 4905490 5040930 5003495 4894697 4515281 4940659 4913951 4527453 4517703 4585429 4888566 4552808 4588944]
Response/bytes (per Connection):  [3761173 3618578 3704823 3804745 3785702 3724901 3420584 3820174 3695669 3742923 3633118 3689306 3427766 3703848 3632209 3395172 3799269 3396990 3407816 3445994 3693100 3748389 3734748 3401483 3652053 3740298 3644925 3645834 3430571 3715663 3674015 3782002 3772007 3393356 3440456 3711186 3698554 3770191 3430459 3795635 3723948 3418644 3662042 3453178 3425011 3706697 3817441 3687490 3789330 3761195 3679397 3394181 3713959 3693851 3403353 3396003 3446929 3674766 3422408 3449544]
Requests Number (per Connection):  [4141 3984 4079 4189 4168 4101 3766 4206 4069 4121 4000 4062 3774 4078 3999 3738 4183 3740 3752 3794 4066 4127 4112 3745 4021 4118 4013 4014 3777 4091 4045 4164 4153 3736 3788 4086 4072 4151 3777 4179 4100 3764 4032 3802 3771 4081 4203 4060 4172 4141 4051 3737 4089 4067 3747 3739 3795 4046 3768 3798]
Requests/sec:  4702.9240234375 KB
Transfer/sec:  8238.1625 KB

2023-12-04 10:33:08.492915747 +0800 CST m=+662.172220594
Running 1m0s myx-test @ https://192.168.12.127:6443/api/v1/namespaces
90 connections
Requests/bytes (per Connection):  [1478932 1340017 1484977 1458381 1468053 1466844 1346124 1318283 1330361 1505526 1520032 1486142 1326784 1492159 1506733 1342357 1441459 1342339 1355632 1487389 1468053 1501813 1332667 1478932 1488598 1462008 1318223 1466840 1497033 1470469 1478882 1464422 1474096 1458367 1510346 1459574 1476510 1511565 1478932 1500686 1343548 1463217 1510360 1330357 1529640 1451129 1470467 1492229 1521239 1523657 1348516 1360526 1336294 1332667 1454750 1465619 1475287 1336322 1411252 1494647 1460799 1313329 1477723 1436645 1332767 1472855 1472849 1339921 1343654 1509131 1471680 1346090 1326766 1495854 1448711 1441459 1365402 1368929 1471678 1470469 1461988 1350822 1469262 1478932 1376201 1475301 1341202 1318161 1446293 1370148]
Response/bytes (per Connection):  [1111732 1007317 1116277 1096281 1103553 1102644 1011924 990983 1000061 1131726 1142632 1117142 997384 1121659 1132633 1009057 1083559 1009039 1019032 1118089 1103553 1128913 1001767 1111732 1118998 1099008 990923 1102640 1125333 1105369 1111682 1100822 1108096 1096267 1135346 1097174 1109910 1136265 1111732 1128086 1009948 1099917 1135360 1000057 1149840 1090829 1105367 1121729 1143539 1145357 1013716 1022726 1004494 1001767 1093550 1101719 1108987 1004522 1060852 1123547 1098099 987229 1110823 1079945 1001867 1107155 1107149 1007221 1010054 1134431 1106280 1011890 997366 1124454 1089011 1083559 1026402 1029029 1106278 1105369 1098988 1015422 1104462 1111732 1034501 1109001 1008202 990861 1087193 1029948]
Requests Number (per Connection):  [1224 1109 1229 1207 1215 1214 1114 1091 1101 1246 1258 1230 1098 1235 1247 1111 1193 1111 1122 1231 1215 1243 1103 1224 1232 1210 1091 1214 1239 1217 1224 1212 1220 1207 1250 1208 1222 1251 1224 1242 1112 1211 1250 1101 1266 1201 1217 1235 1259 1261 1116 1126 1106 1103 1204 1213 1221 1106 1168 1237 1209 1087 1223 1189 1103 1219 1219 1109 1112 1249 1218 1114 1098 1238 1199 1193 1130 1133 1218 1217 1210 1118 1216 1224 1139 1221 1110 1091 1197 1134]
Requests/sec:  2098.035221354167 KB
Transfer/sec:  3675.1524739583333 KB

2023-12-04 10:34:48.74696503 +0800 CST m=+762.426269879
Running 1m0s myx-test @ https://192.168.12.127:6443/api/v1/namespaces
150 connections
Requests/bytes (per Connection):  [947322 1082604 1065718 973810 1057219 993156 936341 1041518 1098301 983594 1074143 953265 1103129 1046340 1023433 1012498 1024684 1075350 1066891 1069341 1060846 904975 1056064 1013751 1006485 1109198 1041510 1017384 965355 955683 934041 1059637 1091067 1104336 1076561 1105573 1066891 935156 1113990 931599 943749 1063262 1025843 1083813 1006449 979859 1081395 1065682 946171 1058428 1036672 1068126 939968 953421 1064471 966562 983558 1109198 1066891 1046340 1054827 911006 978650 955765 961782 1095887 925462 958101 930296 1066907 1027000 1016121 1056016 996807 1047549 1097106 950847 1080190 1048756 1080188 1066891 926677 1039086 953375 1060890 1069339 1089858 1046344 1072960 932816 1085026 1103149 1066925 931657 1069309 1041548 972671 947366 1070516 937688 1070516 1076579 978804 1020955 983486 976232 1059685 1066891 1091067 985960 1078977 1066889 1072934 958147 953265 1065686 1047549 1120079 1080188 1065680 924259 1083815 1080198 1111616 1066895 1047549 1081395 987123 1081395 1024582 1060850 1034252 1089858 1085024 1023377 977437 1035481 1120037 1077770 1033043 955821 1076561 1017332 950847 1089858 1076559 966562 1074143 976336 1053592]
Response/bytes (per Connection):  [712122 813804 801118 732010 794719 746556 703841 782918 825601 739394 807443 716565 829229 786540 769333 761098 770284 808350 801991 803841 797446 680275 793864 762051 756585 833798 782910 764784 725655 718383 702141 796537 820167 830136 809261 831073 801991 702956 837390 700299 709449 799262 771143 814713 756549 736559 812895 801082 711271 795628 779272 802926 706568 716721 800171 726562 739358 833798 801991 786540 792927 684806 735650 718465 722982 823787 695662 720201 699296 802007 772000 763821 793816 749307 787449 824706 714747 811990 788356 811988 801991 696577 781086 716675 797490 803839 819258 786544 806560 701216 815626 829249 802025 700357 803809 782948 731171 712166 804716 704888 804716 809279 735804 767455 739286 733832 796585 801991 820167 741160 811077 801989 806534 720247 716565 801086 787449 841979 811988 801080 694759 814715 811998 835616 801995 787449 812895 742023 812895 770182 797450 777452 819258 815624 769277 734737 778381 841937 810170 776543 718521 809261 764732 714747 819258 809259 726562 807443 733936 791992]
Requests Number (per Connection):  [784 896 882 806 875 822 775 862 909 814 889 789 913 866 847 838 848 890 883 885 878 749 874 839 833 918 862 842 799 791 773 877 903 914 891 915 883 774 922 771 781 880 849 897 833 811 895 882 783 876 858 884 778 789 881 800 814 918 883 866 873 754 810 791 796 907 766 793 770 883 850 841 874 825 867 908 787 894 868 894 883 767 860 789 878 885 902 866 888 772 898 913 883 771 885 862 805 784 886 776 886 891 810 845 814 808 877 883 903 816 893 883 888 793 789 882 867 927 894 882 765 897 894 920 883 867 895 817 895 848 878 856 902 898 847 809 857 927 892 855 791 891 842 787 902 891 800 889 808 872]
Requests/sec:  2514.2432779947917 KB
Transfer/sec:  4404.223860677083 KB

2023-12-04 10:36:28.827435365 +0800 CST m=+862.506740217
Running 1m0s myx-test @ https://192.168.12.127:6443/api/v1/namespaces
300 connections
Requests/bytes (per Connection):  [1296405 1277089 1394316 1306145 1275888 1412509 1312118 1370252 1338846 1373779 1292936 1268726 1228813 1221609 1331488 1233697 1402781 1393109 1383439 1348510 1231285 1208310 1321796 1306075 1316974 1236121 1216623 1302528 1232456 1374974 1399150 1291673 1273542 1225084 1333972 1377394 1250473 1268690 1188854 1429371 1324208 1353296 1361681 1302586 1248183 1322997 1256512 1325451 1251822 1238381 1300068 1236077 1353304 1290360 1239628 1275968 1376305 1296561 1225168 1358050 1259038 1319486 1204691 1383481 1391910 1240841 1244518 1313329 1372556 1329196 1290518 1217934 1196172 1383439 1372554 1387060 1203432 1382332 1243373 1337503 1312220 1255463 1297666 1292858 1220256 1337661 1262715 1355636 1234840 1239670 1227540 1333904 1311025 1303751 1233655 1225242 1294143 1419699 1312264 1268636 1326624 1268680 1291699 1236057 1237230 1412447 1297714 1337501 1227660 1330251 1251676 1352081 1228867 1199791 1312118 1260297 1410029 1221571 1195021 1411246 1209429 1296461 1312128 1295338 1398027 1359263 1320663 1221615 1316962 1325493 1359259 1260193 1373891 1335087 1294101 1320727 1321800 1372560 1393105 1336294 1216683 1424535 1312180 1350902 1393105 1319370 1273476 1193724 1342431 1176788 1383439 1308503 1234754 1251836 1240875 1260211 1309850 1158649 1246842 1333920 1273442 1203484 1312118 1347275 1350802 1313399 1285682 1272227 1263766 1239748 1373763 1214273 1329038 1407611 1349587 1371361 1238447 1384644 1400357 1210714 1202275 1347299 1390689 1268758 1267393 1290360 1362890 1300188 1216711 1400363 1329082 1311019 1219189 1342491 1228869 1257771 1243215 1359285 1333872 1307422 1389480 1194915 1250577 1220254 1207109 1344757 1271092 1307408 1228869 1309740 1388271 1333876 1384710 1290518 1290518 1300140 1251836 1334036 1405195 1321790 1356865 1215576 1256578 1377394 1257795 1216697 1277173 1374976 1229956 1266216 1215414 1269903 1273594 1434205 1322999 1221475 1208258 1174476 1335081 1393105 1239694 1372678 1229996 1362922 1234810 1341252 1337503 1318299 1316952 1385855 1361679 1335085 1365374 1431789 1182899 1346108 1428162 1337505 1213014 1261506 1291625 1327833 1368965 1371389 1313327 1319490 1367860 1271018 1383439 1377478 1279607 1252887 1363030 1352009 1217906 1300120 1284355 1362890 1312118 1399150 1267551 1217834 1278430 1307442 1414867 1306151 1196080 1390699 1336352 1278430 1249372 1203404 1370262 1294021 1420908 1238539 1397941 1335209 1330345 1200976]
Response/bytes (per Connection):  [974505 959989 1048116 981845 959088 1061809 986318 1030052 1006446 1032679 971936 953726 923713 918309 1000888 927397 1054481 1047209 1039939 1013710 925585 908310 993596 981775 989974 929221 914523 979128 926456 1033574 1051750 970973 957342 920884 1002772 1035394 939973 953690 893654 1074471 995408 1017296 1023581 979186 938283 994497 944512 996351 941022 930881 977268 929177 1017304 969960 931828 959168 1034605 974661 920968 1020850 946438 991886 905591 1039981 1046310 932741 935518 987229 1031756 999196 970118 915534 899172 1039939 1031754 1042660 904632 1039132 934673 1005403 986420 943763 975466 971858 917256 1005561 949215 1019036 928240 931870 922740 1002704 985525 980051 927355 921042 972843 1067199 986464 953636 997224 953680 970999 929157 930030 1061747 975514 1005401 922860 999951 940876 1016381 923767 901891 986318 947397 1059929 918271 898321 1060846 909129 974561 986328 973738 1050927 1021763 992763 918315 989962 996393 1021759 947293 1032791 1003587 972801 992827 993600 1031760 1047205 1004494 914583 1070835 986380 1015502 1047205 991770 957276 897324 1009131 884588 1039939 983603 928154 941036 932775 947311 984650 870949 937242 1002720 957242 904684 986318 1012775 1015402 987299 966482 956327 949966 931948 1032663 912773 999038 1058111 1014487 1030861 930947 1040844 1052657 910114 903775 1012799 1045389 953758 952693 969960 1024490 977388 914611 1052663 999082 985519 916489 1009191 923769 945471 934515 1021785 1002672 982822 1044480 898215 940077 917254 907409 1010857 955492 982808 923769 984540 1043571 1002676 1040910 970118 970118 977340 941036 1002836 1056295 993590 1019965 913776 944578 1035394 945495 914597 960073 1033576 924556 951816 913614 954603 957394 1078105 994499 918175 908258 882876 1003581 1047205 931894 1031878 924596 1024522 928210 1008252 1005403 990999 989952 1041755 1023579 1003585 1026374 1076289 889199 1011908 1073562 1005405 911814 948306 970925 998133 1029065 1030889 987227 991890 1028260 955418 1039939 1035478 961907 941787 1024630 1016309 915506 977320 965455 1024490 986318 1051750 952851 915434 961030 982842 1063567 981851 899080 1045399 1004552 961030 939172 904604 1030062 972721 1068108 931039 1050841 1003709 1000045 902776]
Requests Number (per Connection):  [1073 1057 1154 1081 1056 1169 1086 1134 1108 1137 1070 1050 1017 1011 1102 1021 1161 1153 1145 1116 1019 1000 1094 1081 1090 1023 1007 1078 1020 1138 1158 1069 1054 1014 1104 1140 1035 1050 984 1183 1096 1120 1127 1078 1033 1095 1040 1097 1036 1025 1076 1023 1120 1068 1026 1056 1139 1073 1014 1124 1042 1092 997 1145 1152 1027 1030 1087 1136 1100 1068 1008 990 1145 1136 1148 996 1144 1029 1107 1086 1039 1074 1070 1010 1107 1045 1122 1022 1026 1016 1104 1085 1079 1021 1014 1071 1175 1086 1050 1098 1050 1069 1023 1024 1169 1074 1107 1016 1101 1036 1119 1017 993 1086 1043 1167 1011 989 1168 1001 1073 1086 1072 1157 1125 1093 1011 1090 1097 1125 1043 1137 1105 1071 1093 1094 1136 1153 1106 1007 1179 1086 1118 1153 1092 1054 988 1111 974 1145 1083 1022 1036 1027 1043 1084 959 1032 1104 1054 996 1086 1115 1118 1087 1064 1053 1046 1026 1137 1005 1100 1165 1117 1135 1025 1146 1159 1002 995 1115 1151 1050 1049 1068 1128 1076 1007 1159 1100 1085 1009 1111 1017 1041 1029 1125 1104 1082 1150 989 1035 1010 999 1113 1052 1082 1017 1084 1149 1104 1146 1068 1068 1076 1036 1104 1163 1094 1123 1006 1040 1140 1041 1007 1057 1138 1018 1048 1006 1051 1054 1187 1095 1011 1000 972 1105 1153 1026 1136 1018 1128 1022 1110 1107 1091 1090 1147 1127 1105 1130 1185 979 1114 1182 1107 1004 1044 1069 1099 1133 1135 1087 1092 1132 1052 1145 1140 1059 1037 1128 1119 1008 1076 1063 1128 1086 1158 1049 1008 1058 1082 1171 1081 990 1151 1106 1058 1034 996 1134 1071 1176 1025 1157 1105 1101 994]
Requests/sec:  6359.663720703125 KB
Transfer/sec:  11140.28935546875 KB

