2023-12-04 12:19:31.263779581 +0800 CST m=+254.818086055
Running 1m0s myx-test @ https://192.168.12.127:6443/api/v1/nodes
3 connections
Requests/bytes (per Connection):  [2060324 3360950 3349958]
Response/bytes (per Connection):  [1890178 3010486 3041924]
Requests Number (per Connection):  [1687 2752 2743]
Requests/sec:  142.7609375 KB
Transfer/sec:  272.0348307291667 KB

2023-12-04 12:21:11.373105479 +0800 CST m=+354.927411948
Running 1m0s myx-test @ https://192.168.12.127:6443/api/v1/nodes
6 connections
Requests/bytes (per Connection):  [3507548 3678462 3759022 1945526 1933312 3485560]
Response/bytes (per Connection):  [3198028 3308742 3360922 1723256 1763542 3183780]
Requests Number (per Connection):  [2872 3012 3078 1593 1583 2854]
Requests/sec:  298.0050455729167 KB
Transfer/sec:  567.1826171875 KB

2023-12-04 12:22:51.467759214 +0800 CST m=+455.022065685
Running 1m0s myx-test @ https://192.168.12.127:6443/api/v1/nodes
9 connections
Requests/bytes (per Connection):  [3866518 3531898 3511234 1947910 3537958 3799264 3783480 1955212 1935752]
Response/bytes (per Connection):  [3523122 3213778 3156080 1817324 3217688 3444814 3469324 1822046 1747770]
Requests Number (per Connection):  [3166 2892 2875 1595 2897 3111 3098 1601 1585]
Requests/sec:  453.60068359375 KB
Transfer/sec:  867.2065755208333 KB

2023-12-04 12:24:31.623641931 +0800 CST m=+555.177948395
Running 1m0s myx-test @ https://192.168.12.127:6443/api/v1/nodes
15 connections
Requests/bytes (per Connection):  [2979908 2648954 2664850 2989682 2967634 1532716 2711116 2663624 2946900 2652486 1548480 1537488 1527746 1526610 2929818]
Response/bytes (per Connection):  [2671060 2456636 2420670 2677394 2663086 1363242 2429388 2406378 2649662 2366334 1384984 1366294 1359992 1359286 2638600]
Requests Number (per Connection):  [2440 2169 2182 2448 2430 1255 2220 2181 2413 2172 1268 1259 1251 1250 2399]
Requests/sec:  583.1382161458333 KB
Transfer/sec:  1107.4384440104166 KB

2023-12-04 12:26:11.784458812 +0800 CST m=+655.338765276
Running 1m0s myx-test @ https://192.168.12.127:6443/api/v1/nodes
30 connections
Requests/bytes (per Connection):  [1267738 1283606 2556108 1272478 2335120 2363132 2557330 2542666 1256750 2549998 2313098 1276298 2528010 2343674 1244374 2550022 2349782 2336324 1259194 2503670 2331454 1266366 2534114 2339848 1262858 2493910 2332662 2355734 2531724 1278622]
Response/bytes (per Connection):  [1099030 1201852 2292358 1119402 2068224 2178890 2295078 2295214 1091912 2278758 2053942 1177844 2285718 2127752 1110828 2299990 2077726 2068998 1137840 2269978 2065848 1119296 2245328 2075088 1095870 2263658 2159170 2170216 2288142 1198588]
Requests Number (per Connection):  [1038 1051 2093 1042 1912 1935 2094 2082 1029 2088 1894 1045 2070 1919 1019 2088 1924 1913 1031 2050 1909 1037 2075 1916 1034 2042 1910 1929 2073 1047]
Requests/sec:  999.6201822916667 KB
Transfer/sec:  1898.2617513020834 KB

2023-12-04 12:27:52.040401743 +0800 CST m=+755.594708201
Running 1m0s myx-test @ https://192.168.12.127:6443/api/v1/nodes
60 connections
Requests/bytes (per Connection):  [1756146 1899100 1778156 1883212 1737866 1919866 1013718 1008726 1885572 1884438 1007504 1894212 1003840 1750130 1877108 1880774 1888100 1764704 990448 1784282 997866 995286 1776966 1741488 1005144 1006358 1880772 1003952 1007518 1789188 995392 1913758 1001486 1012390 1900208 1753718 1752482 1730490 1899096 1018504 1770898 1006378 1868554 1896648 998956 997734 1787942 1747626 1009952 1761034 1900322 1746376 1781886 1916202 1012504 1873442 1923532 1757374 1913662 1761064]
Response/bytes (per Connection):  [1600526 1693170 1551172 1682872 1496152 1722050 934450 848274 1684372 1708732 899538 1769050 928012 1558100 1705910 1714070 1686040 1606074 826806 1618772 897196 922468 1575476 1591028 928886 862190 1700572 928124 930400 1604606 922574 1704596 926518 883424 1693848 1506414 1598152 1524132 1693166 931732 1610118 929690 1673374 1778338 924848 924056 1621142 1502472 931974 1603694 1724810 1594196 1617236 1704252 906674 1676542 1709002 1601324 1702572 1526604]
Requests Number (per Connection):  [1438 1555 1456 1542 1423 1572 830 826 1544 1543 825 1551 822 1433 1537 1540 1546 1445 811 1461 817 815 1455 1426 823 824 1540 822 825 1465 815 1567 820 829 1556 1436 1435 1417 1555 834 1450 824 1530 1553 818 817 1464 1431 827 1442 1556 1430 1459 1569 829 1534 1575 1439 1567 1442]
Requests/sec:  1517.2859700520833 KB
Transfer/sec:  2881.585481770833 KB

2023-12-04 12:29:32.174784878 +0800 CST m=+855.729091345
Running 1m0s myx-test @ https://192.168.12.127:6443/api/v1/nodes
90 connections
Requests/bytes (per Connection):  [1465520 801074 1465520 1590090 1478960 1554708 787742 799960 1456968 1566926 1480182 1575354 1448416 1456968 801178 1460632 1580324 795072 1469184 790182 797516 793808 1562044 1579046 1452102 1565698 796264 1559600 1580370 787742 1459410 1453302 785298 790186 1463080 787690 795074 1571814 1570452 1559596 803588 802404 1563264 1444782 786442 802398 1560818 798734 788872 1461856 1549826 1453302 1571678 797516 1460634 1571814 1463076 799960 1450858 1449652 1430086 788956 1576676 793810 1463080 1465520 1559596 806038 1568138 1470402 1559596 1581512 1461860 1579150 1471618 1573036 799960 1455746 1585138 1443528 1456968 796198 1463078 802404 1558374 1575484 791366 1568054 806018 1572938]
Response/bytes (per Connection):  [1319696 704082 1319696 1400406 1328406 1377494 695480 703398 1302586 1425900 1350406 1435174 1308612 1314154 704186 1308816 1394080 700230 1322070 697060 732662 699396 1382250 1393232 1311008 1384614 700992 1419226 1475102 695480 1306096 1311778 693896 697064 1318116 695428 734936 1396292 1412712 1380662 705736 704982 1383040 1306268 694610 704976 1381454 702602 696180 1317322 1445668 1311778 1388444 701814 1316530 1411716 1318112 703398 1310194 1309418 1244676 696264 1484266 751454 1318116 1319696 1394158 786374 1478738 1322858 1413438 1487382 1317326 1458888 1323644 1389372 726534 1313362 1464654 1274596 1302586 708638 1318114 772462 1379870 1452656 746014 1386110 769002 1454826]
Requests Number (per Connection):  [1200 656 1200 1302 1211 1273 645 655 1193 1283 1212 1290 1186 1193 656 1196 1294 651 1203 647 653 650 1279 1293 1189 1282 652 1277 1294 645 1195 1190 643 647 1198 645 651 1287 1286 1277 658 657 1280 1183 644 657 1278 654 646 1197 1269 1190 1287 653 1196 1287 1198 655 1188 1187 1171 646 1291 650 1198 1200 1277 660 1284 1204 1277 1295 1197 1293 1205 1288 655 1192 1298 1182 1193 652 1198 657 1276 1290 648 1284 660 1288]
Requests/sec:  1867.5269205729167 KB
Transfer/sec:  3549.2194661458334 KB

2023-12-04 12:31:12.276257582 +0800 CST m=+955.830564040
Running 1m0s myx-test @ https://192.168.12.127:6443/api/v1/nodes
150 connections
Requests/bytes (per Connection):  [672990 1215210 1210254 1194438 1078370 670514 672890 1084502 1083282 1085700 1194438 671670 1217654 1078370 1201770 682748 1082036 1068596 1205438 1205438 681444 1084502 680234 679088 681442 680254 1209104 1204212 668108 1077148 1080812 1197960 1078402 1216430 676556 683888 1061264 685156 676556 680226 1213846 1089366 675334 1216432 1096696 674122 1215208 1077182 671726 1206656 680222 1078404 1209016 1212748 1085700 1213862 674112 1213986 1078390 665670 1209024 1071038 686408 1217652 1091810 1084502 1085700 1204174 679088 1060094 680222 1207882 1089382 675340 1191996 1073482 683888 682668 1196886 1211544 677778 1093030 1196882 682666 1074736 1210326 679000 1204100 1200548 1226154 1194360 670452 1069816 1078370 1231092 1078368 1204082 1077158 1204084 674208 1207816 1078372 1211530 682746 679000 1073480 1212766 679004 1209022 1079590 679076 669224 1191850 679000 1066198 676560 674138 1071038 682666 1082062 1219954 1217552 1229872 683888 1204216 1073486 1089382 682714 681442 1213848 1072264 1080814 1211428 1221274 675376 1084502 1078370 1091810 1077150 677870 694946 1082062 671682 1071084 1096700 1086922 683886 1066188 1244388 1222540]
Response/bytes (per Connection):  [621148 1064992 1061756 1051530 976312 619532 621048 980294 979504 981062 1066954 620258 1099352 947392 1056282 627466 978688 969978 1124212 1149276 626592 980294 560260 625096 626590 625832 1138156 1057864 617986 975520 972110 1067258 976344 1065782 623424 581904 965226 600094 542448 625804 1102618 969942 614920 1065784 988188 544730 1064990 975554 581754 1086440 625800 976346 1060948 1155934 981062 1064074 621840 1064198 964764 616408 1060956 944568 629836 1105134 975382 980294 961782 1150370 625096 964486 625800 1143148 983454 622638 1049948 973144 562624 627386 1053118 1103104 599152 976172 1053114 556048 973968 1061828 625008 1107880 1055490 1164610 1051452 619470 955344 976312 1075284 976310 1092438 952394 1057736 621936 1060178 976314 1062602 627464 625008 973142 1088472 625012 1060954 948182 625084 547336 1053658 625008 968440 623428 621866 971560 627384 978714 1068016 1066474 1074494 558768 1057868 973148 983454 596584 626590 1104548 935724 977896 1120340 1068906 576402 980294 976312 985022 975522 624308 635364 978714 620270 971606 988192 981854 556838 968430 1162898 1087094]
Requests Number (per Connection):  [551 995 991 978 883 549 551 888 887 889 978 550 997 883 984 559 886 875 987 987 558 888 557 556 558 557 990 986 547 882 885 981 883 996 554 560 869 561 554 557 994 892 553 996 898 552 995 882 550 988 557 883 990 993 889 994 552 994 883 545 990 877 562 997 894 888 889 986 556 868 557 989 892 553 976 879 560 559 980 992 555 895 980 559 880 991 556 986 983 1004 978 549 876 883 1008 883 986 882 986 552 989 883 992 559 556 879 993 556 990 884 556 548 976 556 873 554 552 877 559 886 999 997 1007 560 986 879 892 559 558 994 878 885 992 1000 553 888 883 894 882 555 569 886 550 877 898 890 560 873 1019 1001]
Requests/sec:  2415.2101236979165 KB
Transfer/sec:  4583.892805989583 KB

2023-12-04 12:32:52.405102755 +0800 CST m=+1055.959409216
Running 1m0s myx-test @ https://192.168.12.127:6443/api/v1/nodes
300 connections
Requests/bytes (per Connection):  [856164 850054 532474 533706 845062 847606 901210 909790 533766 856114 534860 898922 531232 532426 536210 545984 831702 827936 897548 531202 898764 531316 830502 543382 863462 532544 839054 525212 886582 536050 835390 849990 903764 896326 906254 528796 851262 901318 860890 830500 908698 890212 901302 541096 900038 537274 839056 531270 842718 533632 901210 842660 898858 834172 847612 894036 536210 534986 520206 842720 843930 902460 843940 841470 856112 909824 532544 853674 887806 901222 890230 534830 907476 852494 893878 892656 854942 536050 843938 896322 848832 877994 897648 904950 899988 534988 896480 528724 534898 544684 531322 532490 886684 902574 847556 901210 831718 534986 835392 857382 530054 854864 846386 526362 891462 850052 534830 537274 890370 537272 887926 849998 542318 532448 835394 886706 887856 856142 848828 539836 837804 531322 840178 848682 540938 843836 853716 851216 902552 885324 906214 898924 532434 859666 529960 851272 841380 888990 528810 534986 522660 858604 896322 895258 840220 901302 889048 525088 900142 895258 527500 853716 892748 854854 538612 537418 525120 527650 887858 898766 913428 846390 834170 536210 901356 909770 845120 841390 527656 897702 853718 839046 908630 903654 854780 852494 540988 525212 867156 532544 859826 854780 908598 843840 900048 840252 908582 530100 899988 838962 890314 843810 542318 529942 531322 856160 884262 537430 531230 911006 537338 898832 865848 531320 848748 533764 895258 530098 854780 847608 902588 864572 538652 903666 536166 847608 538652 890212 532386 838974 851116 908614 852336 530100 529942 902546 836586 896424 542218 909904 846390 917252 902550 532394 538648 898922 886662 902430 892668 897620 851198 531174 909920 528738 899988 856002 878034 539782 536194 523834 531320 901208 852486 906096 847484 897598 539716 850052 537396 854938 847520 853668 845162 903654 902558 538530 536090 898924 847608 846388 840176 899988 539716 929408 854866 537272 531322 530004 532386 900146 531194 897702 536092 898844 890370 842720 531164 891492 856160 530100 865792 900146 904874 847608 538594 534828 847488 847578 541096 541064]
Response/bytes (per Connection):  [739822 735862 530082 438340 732590 734274 855718 774528 480816 832316 439064 806090 436726 530034 455408 533078 723960 721484 766586 436696 844492 436810 723190 467712 837084 507016 728732 432856 852034 532368 726358 828342 770652 765794 791562 435150 829184 769066 762108 723188 829778 823526 769050 499062 768216 459898 728734 529308 731106 438266 819086 823592 767466 816186 734280 764364 447696 498958 522114 731108 731888 769778 731898 822832 832314 774562 528224 738192 852828 768970 761848 473738 773074 737442 825902 854030 825790 441752 824440 804350 808334 811752 859230 771408 787446 531736 769804 527622 531646 445448 436816 530098 759592 769892 734224 803662 723976 439190 726360 740610 528522 831496 733484 433576 762650 735860 448674 459898 763916 533160 795108 828350 467078 437512 793842 759614 760334 832344 777482 442320 820456 436816 794978 769624 462272 795418 778722 829138 769870 837710 864786 767532 437498 745890 528428 736650 730198 786102 527708 477750 523708 741402 835198 842276 729468 861594 853640 525276 860864 807572 492124 738234 856050 738942 534070 533306 432764 526978 852880 825214 805796 733488 725568 509392 769104 774508 825192 730208 434440 766740 738236 728724 773798 859230 746580 737442 443042 432856 748872 437608 805818 769716 773766 799278 860770 822044 866294 436024 822150 798048 854476 774184 509494 451290 486944 739818 758030 463910 529268 867858 533226 859984 838610 473446 734986 438398 786364 436022 746580 734276 850882 745220 441566 770554 439940 734276 441566 810030 445162 728652 749990 866326 756564 470728 459002 862408 819668 765892 443842 867186 802896 779410 769868 530002 534106 784882 759570 862292 855970 766658 829120 436668 819002 435092 851070 762796 753952 442266 532512 489748 436814 849932 737434 793332 734152 859180 505824 735860 440740 771802 820948 830730 769322 824526 769876 441444 532408 767532 734276 733486 729424 777806 442200 879810 738954 486888 508152 528472 504930 768324 529232 824580 532410 767452 761988 731108 442442 762680 801514 526640 809634 768324 829172 743916 534052 479520 791996 734246 487494 443118]
Requests Number (per Connection):  [701 696 436 437 692 694 738 745 437 701 438 736 435 436 439 447 681 678 735 435 736 435 680 445 707 436 687 430 726 439 684 696 740 734 742 433 697 738 705 680 744 729 738 443 737 440 687 435 690 437 738 690 736 683 694 732 439 438 426 690 691 739 691 689 701 745 436 699 727 738 729 438 743 698 732 731 700 439 691 734 695 719 735 741 737 438 734 433 438 446 435 436 726 739 694 738 681 438 684 702 434 700 693 431 730 696 438 440 729 440 727 696 444 436 684 726 727 701 695 442 686 435 688 695 443 691 699 697 739 725 742 736 436 704 434 697 689 728 433 438 428 703 734 733 688 738 728 430 737 733 432 699 731 700 441 440 430 432 727 736 748 693 683 439 738 745 692 689 432 735 699 687 744 740 700 698 443 430 710 436 704 700 744 691 737 688 744 434 737 687 729 691 444 434 435 701 724 440 435 746 440 736 709 435 695 437 733 434 700 694 739 708 441 740 439 694 441 729 436 687 697 744 698 434 434 739 685 734 444 745 693 751 739 436 441 736 726 739 731 735 697 435 745 433 737 701 719 442 439 429 435 738 698 742 694 735 442 696 440 700 694 699 692 740 739 441 439 736 694 693 688 737 442 761 700 440 435 434 436 737 435 735 439 736 729 690 435 730 701 434 709 737 741 694 441 438 694 694 443 443]
Requests/sec:  3711.952180989583 KB
Transfer/sec:  7048.562141927084 KB

