2023-12-04 20:16:54.942770984 +0800 CST m=+20515.786355152
Running 1m0s myx-test @ https://192.168.12.127:6443/api/v1/namespaces/myx-test/persistentvolumeclaims
3 connections
Requests/bytes (per Connection):  [3250125 5342794 5521326]
Response/bytes (per Connection):  [2435085 4003017 4136763]
Requests Number (per Connection):  [2331 3832 3960]
Requests/sec:  229.72403971354166 KB
Transfer/sec:  401.8409830729167 KB

2023-12-04 20:18:35.018567801 +0800 CST m=+20615.862151971
Running 1m0s myx-test @ https://192.168.12.127:6443/api/v1/namespaces/myx-test/persistentvolumeclaims
6 connections
Requests/bytes (per Connection):  [5345586 2920989 2922390 5076549 5044468 5267476]
Response/bytes (per Connection):  [4005108 2188507 2189555 3803522 3779489 3946593]
Requests Number (per Connection):  [3834 2095 2096 3641 3618 3778]
Requests/sec:  432.57581380208336 KB
Transfer/sec:  756.676953125 KB

2023-12-04 20:20:15.081205608 +0800 CST m=+20715.924789784
Running 1m0s myx-test @ https://192.168.12.127:6443/api/v1/namespaces/myx-test/persistentvolumeclaims
9 connections
Requests/bytes (per Connection):  [8569222 5924267 5910319 8212174 5963241 8647188 8576123 8326594 8265208]
Response/bytes (per Connection):  [6420346 4438661 4428212 6152862 4467878 6478789 6425534 6238567 6192584]
Requests Number (per Connection):  [6146 4249 4239 5890 4277 6202 6151 5972 5928]
Requests/sec:  1113.1890625 KB
Transfer/sec:  1947.2293131510417 KB

2023-12-04 20:21:55.170271583 +0800 CST m=+20816.013855758
Running 1m0s myx-test @ https://192.168.12.127:6443/api/v1/namespaces/myx-test/persistentvolumeclaims
15 connections
Requests/bytes (per Connection):  [7485805 4916222 7173527 7237683 7147022 7407785 7480273 4923125 4956637 7489984 7289136 5009597 7424543 7148415 4923233]
Response/bytes (per Connection):  [5608630 3683396 5374651 5422714 5354796 5550160 5604474 3688585 3713681 5611762 5461298 3753366 5562709 5355840 3688639]
Requests Number (per Connection):  [5369 3526 5145 5191 5126 5313 5365 3531 3555 5372 5228 3593 5325 5127 3531]
Requests/sec:  1595.2634602864584 KB
Transfer/sec:  2790.489713541667 KB

2023-12-04 20:23:35.228220015 +0800 CST m=+20916.071804183
Running 1m0s myx-test @ https://192.168.12.127:6443/api/v1/namespaces/myx-test/persistentvolumeclaims
30 connections
Requests/bytes (per Connection):  [4677795 3056280 4874450 3073018 4684768 3053494 4924516 4655449 4716847 3046451 4960782 4941262 3099361 4704148 4928701 4758691 3059004 3070070 4932884 4702811 4867329 3044980 4748932 4969158 4872991 3071517 4680471 4889797 4659664 3068685]
Response/bytes (per Connection):  [3504760 2289860 3652085 2302399 3509984 2287772 3689628 3488027 3534016 2282513 3716796 3702171 2322173 3524539 3692763 3565363 2291917 2300230 3695897 3523523 3646787 2281430 3558051 3723069 3651008 2301301 3506793 3663581 3491177 2299190]
Requests Number (per Connection):  [3355 2192 3496 2204 3360 2190 3532 3339 3383 2185 3558 3544 2223 3374 3535 3413 2194 2202 3538 3373 3491 2184 3406 3564 3495 2203 3357 3507 3342 2201]
Requests/sec:  2063.709407552083 KB
Transfer/sec:  3609.913883463542 KB

2023-12-04 20:25:15.304231207 +0800 CST m=+21016.147815375
Running 1m0s myx-test @ https://192.168.12.127:6443/api/v1/namespaces/myx-test/persistentvolumeclaims
60 connections
Requests/bytes (per Connection):  [2516655 3969397 2568262 2509680 3944449 3940106 3937396 2505501 4018214 3955557 3945842 3874601 3917914 4015426 2545946 3957002 3895618 3993266 3903932 3973740 2518050 2547285 3915156 3919341 3954198 4018214 2527787 4008599 3933149 3959742 2513865 3998724 4014081 2536143 2548680 3983453 2566867 2527813 3913603 3975035 2545946 3940262 3913761 4009884 2518050 3961097 4023890 4004384 2527811 3955607 3912372 3892838 2533393 2522217 3969397 4008451 3931894 2561289 2515252 3965322]
Response/bytes (per Connection):  [1885565 2974031 1924226 1880340 2955302 2952088 2950038 1877208 3010602 2963636 2956346 2903003 2935432 3008513 1907508 2964706 2918724 2991873 2924966 2977245 1886610 1908525 2933358 2936493 2962609 3010602 1893911 3003362 2946872 2966771 1883475 2995992 3007493 1900174 1909570 2984534 1923181 1893924 2932234 2978240 1907508 2952166 2932313 3004352 1886610 2967796 3014830 3000212 1893923 2963661 2931271 2916639 1898104 1889736 2974031 3003288 2945897 1919002 1884516 2970951]
Requests Number (per Connection):  [1805 2847 1842 1800 2829 2826 2824 1797 2882 2837 2830 2779 2810 2880 1826 2838 2794 2864 2800 2850 1806 1827 2808 2811 2836 2882 1813 2875 2821 2840 1803 2868 2879 1819 1828 2857 1841 1813 2807 2851 1826 2826 2807 2876 1806 2841 2886 2872 1813 2837 2806 2792 1817 1809 2847 2875 2820 1837 1804 2844]
Requests/sec:  3401.390071614583 KB
Transfer/sec:  5949.82900390625 KB

2023-12-04 20:26:55.363661941 +0800 CST m=+21116.207246109
Running 1m0s myx-test @ https://192.168.12.127:6443/api/v1/namespaces/myx-test/persistentvolumeclaims
90 connections
Requests/bytes (per Connection):  [2730038 1727469 2664449 2664343 2677054 2651948 2693792 1692648 2668622 1709334 2706345 2658907 2660190 2681239 1721935 1696833 2669923 2681081 2686817 2692263 1735887 1746963 2695187 2671476 2676922 2703543 2715950 1695406 2686691 1726118 2667131 2686819 2678449 1712176 2686819 2695187 2696580 1701016 2660316 1734404 2703557 2704792 2683891 2667187 2700767 2721670 1742810 2708979 2735480 2731343 2683983 1760993 1776276 2697819 1700978 2718838 1726048 1733011 2682634 2703497 1721939 2695153 2729964 2679698 1742856 2668546 1747045 2691002 2683871 2671318 1740072 1766535 2656133 2676908 2693792 2702162 2723079 1720540 1713569 1744257 2672871 2711767 1727519 1717750 1745546 1728912 2696580 2710432 2683991 2706219]
Response/bytes (per Connection):  [2045424 1294287 1996297 1996244 2005727 1986919 2018266 1268189 1999426 1280702 2027670 1992136 1993125 2008862 1290130 1271324 2000424 2008783 2013041 2017154 1300581 1308899 2019311 2001548 2005661 2025574 2034905 1270263 2012978 1293264 1998333 2013042 2006772 1282818 2013042 2019311 2020355 1274458 1993188 1299492 2025581 2026546 2010883 1998361 2023491 2039155 1305780 2029682 2049535 2046424 2010929 1319389 1330853 2021322 1274439 2037044 1293229 1298448 2009907 2025551 1290132 2019294 2045387 2007744 1305803 1999388 1308940 2016176 2010873 2001469 1303716 1323550 1990054 2005654 2018266 2024536 2040207 1289085 1283862 1306851 2002593 2031771 1294312 1286995 1307843 1295356 2020355 2030756 2010933 2027607]
Requests Number (per Connection):  [1958 1239 1911 1911 1920 1902 1932 1214 1914 1226 1941 1907 1908 1923 1235 1217 1915 1923 1927 1931 1245 1253 1933 1916 1920 1939 1948 1216 1927 1238 1913 1927 1921 1228 1927 1933 1934 1220 1908 1244 1939 1940 1925 1913 1937 1952 1250 1943 1962 1959 1925 1263 1274 1935 1220 1950 1238 1243 1924 1939 1235 1933 1958 1922 1250 1914 1253 1930 1925 1916 1248 1267 1905 1920 1932 1938 1953 1234 1229 1251 1917 1945 1239 1232 1252 1240 1934 1944 1925 1941]
Requests/sec:  3471.075016276042 KB
Transfer/sec:  6071.725764973959 KB

2023-12-04 20:28:35.464717456 +0800 CST m=+21216.308301644
Running 1m0s myx-test @ https://192.168.12.127:6443/api/v1/namespaces/myx-test/persistentvolumeclaims
150 connections
Requests/bytes (per Connection):  [1369164 1342711 2078847 1344108 2098373 1367663 2105338 1349564 1369212 2078847 2098361 1356587 2120693 2101165 1358056 1363540 2122086 2101163 2070479 2099758 2129059 2092795 2085828 2071900 2062109 2080258 1339871 2094190 2105348 2127614 1344108 2113704 2122086 2110928 2105348 2070477 1356663 2122084 1341276 1349552 1339921 2081637 1338524 2092795 2115097 2074686 1341320 2116508 2101163 1383160 2088610 2133246 1356527 2113716 2106743 2092795 2094190 2083032 1359371 2092793 2096980 2106743 2133196 1359391 2074662 2066294 1359451 2096970 2090005 1362105 1337123 2103955 2099768 2074662 2073267 2076057 2105348 2063504 1352478 2078847 2096978 2090005 2117901 2090007 2070507 1380224 2078847 2099770 2095585 1349684 2083032 1370473 2113706 1348293 1362167 2119296 1385950 1339919 2108138 2099770 1344104 2092795 2131851 2073267 2117901 2096978 1380220 1351083 1349686 2092795 2098373 2094186 1337131 2085820 1355188 2091400 2147114 2077452 1358056 2138824 2120649 2109531 2074666 2127666 1367723 2091400 2116470 2083042 1332946 2096980 2098365 2127666 1377584 2129007 1380324 2101151 1346846 1366422 2119292 1348269 1373395 2073267 1392925 2098375 2124876 1378979 2127666 1366426 2116508 2117869]
Response/bytes (per Connection):  [1025827 1005998 1557546 1007044 1572174 1024729 1577394 1011162 1025851 1557546 1572168 1016411 1588894 1574265 1017493 1021625 1589938 1574264 1551277 1573214 1595162 1567995 1562774 1552335 1545007 1558599 1003883 1569040 1577399 1594092 1007044 1583662 1589938 1581579 1577399 1551276 1016449 1589937 1004933 1011156 1003908 1559636 1002862 1567995 1584706 1554423 1004955 1585759 1574264 1036300 1564860 1598298 1016381 1583668 1578444 1567995 1569040 1560681 1018498 1567994 1571130 1578444 1598273 1018508 1554411 1548142 1018538 1571125 1565905 1020560 1001814 1576355 1573219 1554411 1553366 1555456 1577399 1546052 1013314 1557546 1571129 1565905 1586803 1565906 1551291 1034137 1557546 1573220 1570085 1011222 1560681 1026829 1583663 1010179 1020591 1587848 1038390 1003907 1579489 1573220 1007042 1567995 1597253 1553366 1586803 1571129 1034135 1012269 1011223 1567995 1572174 1569038 1001818 1562770 1015364 1566950 1608707 1556501 1017493 1602477 1588872 1580533 1554413 1594118 1024759 1566950 1585740 1560686 998683 1571130 1572170 1594118 1032122 1595136 1034187 1574258 1009108 1023761 1587846 1010167 1028985 1553366 1043615 1572175 1592028 1033167 1594118 1023763 1585759 1586787]
Requests Number (per Connection):  [982 963 1491 964 1505 981 1510 968 982 1491 1505 973 1521 1507 974 978 1522 1507 1485 1506 1527 1501 1496 1486 1479 1492 961 1502 1510 1526 964 1516 1522 1514 1510 1485 973 1522 962 968 961 1493 960 1501 1517 1488 962 1518 1507 992 1498 1530 973 1516 1511 1501 1502 1494 975 1501 1504 1511 1530 975 1488 1482 975 1504 1499 977 959 1509 1506 1488 1487 1489 1510 1480 970 1491 1504 1499 1519 1499 1485 990 1491 1506 1503 968 1494 983 1516 967 977 1520 994 961 1512 1506 964 1501 1529 1487 1519 1504 990 969 968 1501 1505 1502 959 1496 972 1500 1540 1490 974 1534 1521 1513 1488 1526 981 1500 1518 1494 956 1504 1505 1526 988 1527 990 1507 966 980 1520 967 985 1487 999 1505 1524 989 1526 980 1518 1519]
Requests/sec:  4522.107975260416 KB
Transfer/sec:  7910.229345703125 KB

2023-12-04 20:30:15.635877121 +0800 CST m=+21316.479461310
Running 1m0s myx-test @ https://192.168.12.127:6443/api/v1/namespaces/myx-test/persistentvolumeclaims
300 connections
Requests/bytes (per Connection):  [1070726 1410990 1419426 1402688 1373399 1098624 1079098 1081906 1098670 1377434 1426241 1374740 1079150 1452902 1388738 1402544 1355194 1409539 1088897 1376155 1370607 1397108 1464000 1443137 1362237 1426267 1083317 1094439 1436162 1366294 1402568 1120942 1395623 1387237 1090402 1348235 1373399 1365027 1450110 1365031 1396950 1401287 1362231 1461232 1405454 1466784 1073516 1388740 1384553 1072179 1058331 1370511 1072281 1431947 1376157 1098626 1423609 1363596 1422214 1367817 1098782 1462665 1433372 1449954 1409525 1345501 1087566 1413706 1437559 1381769 1381765 1091649 1440211 1410956 1069481 1109784 1417975 1376189 1069479 1473735 1461268 1398427 1434767 1076360 1365005 1112674 1369210 1344104 1374788 1115424 1415109 1406721 1102809 1079108 1445895 1088953 1344104 1378895 1420663 1373399 1397106 1388672 1433372 1087464 1377584 1091649 1425004 1396992 1091651 1081948 1079198 1094439 1459753 1443005 1075011 1405402 1076368 1377530 1362237 1084794 1416574 1086123 1079096 1367817 1437413 1388742 1380272 1369212 1369212 1360842 1083439 1348287 1430550 1113967 1423451 1093044 1443137 1378935 1441740 1426241 1080649 1440203 1091727 1337133 1452814 1081886 1461270 1072281 1365031 1366336 1377580 1086071 1086229 1359451 1401293 1088861 1086071 1076446 1102825 1412451 1087466 1093056 1352336 1444438 1423609 1380374 1094575 1450112 1388738 1070842 1095916 1081964 1084716 1408126 1398487 1101456 1371914 1447322 1401293 1341316 1385948 1343986 1108487 1388740 1424908 1378895 1091713 1402528 1387243 1443049 1086129 1093066 1070880 1392923 1362191 1079096 1417909 1409603 1353791 1423503 1076306 1073594 1366422 1426277 1440347 1447260 1391528 1369142 1068096 1390133 1423451 1083281 1459737 1395639 1065200 1380368 1447210 1081940 1105749 1374730 1422210 1397108 1385792 1378975 1081886 1367821 1422186 1448607 1062458 1455622 1399768 1394318 1399898 1455532 1444372 1087466 1059570 1466730 1384555 1383054 1406871 1066701 1087498 1394200 1405340 1086169 1348289 1429145 1434755 1073630 1091651 1074913 1388738 1084808 1359451 1476515 1416494 1097229 1399898 1358016 1419366 1079194 1102899 1356661 1090256 1107152 1374664 1438824 1422118 1444488 1427788 1377432 1076424 1449966 1107116 1408170 1440215 1408266 1082006 1388738 1093194 1081896 1086069 1371946 1373329 1431937 1104298 1378975 1391528 1408136 1081886 1403963 1391470 1405428 1107070 1106992 1079096 1385948 1366416 1399778]
Response/bytes (per Connection):  [802243 1057165 1063468 1050929 1028987 823142 808514 810613 823165 1032047 1068613 1030005 808540 1088546 1040479 1050857 1015367 1056092 815846 1031060 1026896 1046749 1096875 1081231 1020626 1068626 811666 820007 1076006 1023697 1050869 839861 1045659 1039381 816946 1010150 1028987 1022716 1086455 1022718 1046670 1049881 1020623 1094796 1053007 1098962 804333 1040480 1037344 803317 792918 1026848 803368 1072856 1031061 823143 1066602 1021653 1065557 1024806 823221 1095860 1073916 1086377 1056085 1008088 814833 1059218 1077052 1035257 1035255 817917 1079073 1057148 801273 831502 1062395 1031077 801272 1104175 1094814 1047756 1074961 806450 1022705 833642 1025850 1007042 1030029 835712 1060267 1053988 826277 808519 1083305 815874 1007042 1033125 1064434 1028987 1046748 1040446 1073916 814782 1032122 817917 1067647 1046691 817918 810634 808564 820007 1093709 1081165 805428 1052981 806454 1032095 1020626 812752 1061347 813764 808513 1024806 1076979 1040481 1034161 1025851 1025851 1019581 811727 1010176 1071810 834636 1066523 818962 1081231 1033145 1080185 1068613 809637 1079069 817956 1001819 1088502 810603 1094815 803368 1022718 1023718 1032120 813738 813817 1018538 1049884 815828 813738 806493 826285 1058243 814783 818968 1013243 1082229 1066602 1034212 820075 1086456 1040479 802301 821093 810642 812713 1055038 1047786 825253 1027897 1084366 1049884 1004953 1038389 1006983 830506 1040480 1067599 1033125 817949 1050849 1039384 1081187 813767 818973 802320 1043614 1020603 808513 1062362 1056124 1014318 1066549 806423 804372 1023761 1068631 1079141 1084335 1042569 1025816 800233 1041524 1066523 811648 1093701 1045667 798090 1034209 1084310 810630 828442 1030000 1065555 1046749 1038311 1033165 810603 1024808 1065543 1085356 796024 1090601 1048774 1044659 1048839 1090556 1082196 814783 793885 1098935 1037345 1036247 1054063 799188 814799 1044600 1052950 813787 1010177 1070760 1074955 804390 817918 805379 1040479 812759 1018538 1106260 1061307 822097 1048839 1017473 1063438 808562 826322 1016448 816873 829491 1029967 1078032 1065509 1082254 1069734 1032046 806482 1086383 829473 1055060 1079075 1055108 810663 1040479 819037 810608 813737 1027913 1028952 1072851 827369 1033165 1042569 1055043 810603 1051914 1042540 1052994 829450 829411 808513 1038389 1023758 1048779]
Requests Number (per Connection):  [768 1012 1018 1006 985 788 774 776 788 988 1023 986 774 1042 996 1006 972 1011 781 987 983 1002 1050 1035 977 1023 777 785 1030 980 1006 804 1001 995 782 967 985 979 1040 979 1002 1005 977 1048 1008 1052 770 996 993 769 759 983 769 1027 987 788 1021 978 1020 981 788 1049 1028 1040 1011 965 780 1014 1031 991 991 783 1033 1012 767 796 1017 987 767 1057 1048 1003 1029 772 979 798 982 964 986 800 1015 1009 791 774 1037 781 964 989 1019 985 1002 996 1028 780 988 783 1022 1002 783 776 774 785 1047 1035 771 1008 772 988 977 778 1016 779 774 981 1031 996 990 982 982 976 777 967 1026 799 1021 784 1035 989 1034 1023 775 1033 783 959 1042 776 1048 769 979 980 988 779 779 975 1005 781 779 772 791 1013 780 784 970 1036 1021 990 785 1040 996 768 786 776 778 1010 1003 790 984 1038 1005 962 994 964 795 996 1022 989 783 1006 995 1035 779 784 768 999 977 774 1017 1011 971 1021 772 770 980 1023 1033 1038 998 982 766 997 1021 777 1047 1001 764 990 1038 776 793 986 1020 1002 994 989 776 981 1020 1039 762 1044 1004 1000 1004 1044 1036 780 760 1052 993 992 1009 765 780 1000 1008 779 967 1025 1029 770 783 771 996 778 975 1059 1016 787 1004 974 1018 774 791 973 782 794 986 1032 1020 1036 1024 988 772 1040 794 1010 1033 1010 776 996 784 776 779 984 985 1027 792 989 998 1010 776 1007 998 1008 794 794 774 994 980 1004]
Requests/sec:  6333.476497395834 KB
Transfer/sec:  11078.738020833332 KB

