2023-12-04 14:39:06.204691102 +0800 CST m=+247.048275274
Running 1m0s myx-test @ https://192.168.12.127:6443/api/v1/persistentvolumes
3 connections
Requests/bytes (per Connection):  [8236678 5503622 8093496]
Response/bytes (per Connection):  [8202289 5480693 8059731]
Requests Number (per Connection):  [6100 4076 5994]
Requests/sec:  355.3677734375 KB
Transfer/sec:  709.253076171875 KB

2023-12-04 14:40:46.25649581 +0800 CST m=+347.100080048
Running 1m0s myx-test @ https://192.168.12.127:6443/api/v1/persistentvolumes
6 connections
Requests/bytes (per Connection):  [5492944 7769464 5464587 7701924 8112406 8120492]
Response/bytes (per Connection):  [5469998 7737035 5441760 7669790 8078559 8086619]
Requests Number (per Connection):  [4068 5754 4047 5704 6008 6014]
Requests/sec:  694.3655110677083 KB
Transfer/sec:  1385.8329752604166 KB

2023-12-04 14:42:26.325664415 +0800 CST m=+447.169248584
Running 1m0s myx-test @ https://192.168.12.127:6443/api/v1/persistentvolumes
9 connections
Requests/bytes (per Connection):  [7628980 7599260 7669504 7938155 5247128 5295758 5284952 7858482 7846447]
Response/bytes (per Connection):  [7597165 7567576 7637512 7905068 5225241 5273658 5262899 7825731 7813688]
Requests Number (per Connection):  [5650 5628 5680 5879 3886 3922 3914 5820 5811]
Requests/sec:  1015.1150065104167 KB
Transfer/sec:  2025.9961588541667 KB

2023-12-04 14:44:06.382180063 +0800 CST m=+547.225764256
Running 1m0s myx-test @ https://192.168.12.127:6443/api/v1/persistentvolumes
15 connections
Requests/bytes (per Connection):  [6307029 6621762 4250624 4266806 6257048 6678338 4249233 6689144 6693355 6239567 4238529 4284489 6655375 6244937 6267936]
Response/bytes (per Connection):  [6280749 6594109 4232898 4249023 6230987 6650516 4231533 6661275 6665389 6213543 4220825 4266568 6627653 6218906 6241787]
Requests Number (per Connection):  [4671 4904 3148 3160 4634 4946 3147 4954 4957 4621 3139 3173 4929 4625 4642]
Requests/sec:  1398.8309244791667 KB
Transfer/sec:  2791.828336588542 KB

2023-12-04 14:45:46.458723135 +0800 CST m=+647.302307288
Running 1m0s myx-test @ https://192.168.12.127:6443/api/v1/persistentvolumes
30 connections
Requests/bytes (per Connection):  [2909765 4684079 4650236 4588256 2899045 2931463 4731284 4517926 2911180 4716441 4557191 4709830 4582826 2885525 4512608 4675901 4523422 2889512 2884138 4728662 2919310 4713725 2915257 4561244 4523422 4711101 4499106 4682786 4593664 2903102]
Response/bytes (per Connection):  [2897655 4664535 4630876 4569089 2886939 2919216 4711570 4499110 2899032 4696784 4538158 4690131 4563696 2873484 4493773 4656429 4504536 2877486 2872121 4708920 2907114 4694087 2903079 4542193 4504536 4691436 4480327 4663219 4574471 2890976]
Requests Number (per Connection):  [2155 3469 3444 3398 2147 2171 3504 3346 2156 3493 3375 3488 3394 2137 3342 3463 3350 2140 2136 3502 2162 3491 2159 3378 3350 3489 3332 3468 3402 2150]
Requests/sec:  1977.7344889322917 KB
Transfer/sec:  3947.216552734375 KB

2023-12-04 14:47:26.658132038 +0800 CST m=+747.501716226
Running 1m0s myx-test @ https://192.168.12.127:6443/api/v1/persistentvolumes
60 connections
Requests/bytes (per Connection):  [2458847 3757835 3848284 2446688 2419674 3846831 3830767 2407515 2445339 3779405 3772632 2411568 3736221 2423727 3810358 3791536 3774045 3787553 3806391 2437235 2435884 2445323 3790253 3825217 3810390 3786060 3723952 2425076 3771289 3790253 3880646 3784739 2458805 3755133 3761880 3782151 3784691 3803763 2410217 3757715 2419672 3803685 3795591 3699752 3802288 3759030 3825217 2434533 2430480 3776709 3784851 2429129 3836183 2446690 3823942 2431831 3737446 2415621 3746969 3756354]
Response/bytes (per Connection):  [2448583 3742136 3832217 2436478 2409581 3830821 3814755 2397476 2435134 3763633 3756899 2401511 3720617 2413616 3794508 3775724 3758275 3771724 3790516 2427065 2425720 2435126 3774413 3809302 3794524 3770308 3708457 2414960 3755558 3774413 3864466 3768978 2448562 3739446 3746167 3766345 3768954 3787863 2400166 3742076 2409580 3787824 3779760 3684306 3786456 3743403 3809302 2424375 2420340 3760946 3769034 2418995 3820141 2436479 3807995 2421685 3721899 2405546 3731347 3740726]
Requests Number (per Connection):  [1821 2783 2850 1812 1792 2849 2837 1783 1811 2799 2794 1786 2767 1795 2822 2808 2795 2805 2819 1805 1804 1811 2807 2833 2822 2804 2758 1796 2793 2807 2874 2803 1821 2781 2786 2801 2803 2817 1785 2783 1792 2817 2811 2740 2816 2784 2833 1803 1800 2797 2803 1799 2841 1812 2832 1801 2768 1789 2775 2782]
Requests/sec:  3257.3545084635416 KB
Transfer/sec:  6501.124235026042 KB

2023-12-04 14:49:06.78010759 +0800 CST m=+847.623691759
Running 1m0s myx-test @ https://192.168.12.127:6443/api/v1/persistentvolumes
90 connections
Requests/bytes (per Connection):  [2002437 3123123 1983587 2994952 2994830 3023321 1984906 2986706 2990865 2013243 3016446 1978125 3013706 3147557 1995726 3111036 1979506 3115177 3150139 3015057 1983525 1976770 1992980 3034023 3115013 1999735 1976770 3120565 2010563 2006498 3053039 3016566 3015149 3056944 3125939 3034127 3108262 1990278 3115013 2030804 3143386 3116368 3028707 2007843 2002437 3005750 3012433 2009190 3000326 1982174 3112315 1982174 1982174 3070502 2976040 3116526 3129876 2997498 3135386 1988983 2985339 3143396 3006951 3116376 3104211 2006508 3055601 3092054 2982637 2002437 3115091 3116458 2003788 3107057 3001671 2030804 3028711 3137982 3113786 3065154 1984874 3116368 3031267 3035318 3109641 1998388 3005618 3085411 1983587 2990829]
Response/bytes (per Connection):  [1994087 3110115 1975289 2982427 2982366 3010671 1976618 2974287 2978375 2004846 3003886 1969880 3001177 3134383 1987384 3098046 1971240 3102125 3137013 3002522 1975258 1968533 1984672 3021378 3102043 1991397 1968533 3107497 2002167 1998126 3040259 3003946 3002568 3044220 3112862 3021430 3095320 1981982 3102043 2022330 3130289 3103390 3016042 1999468 1994087 2993182 2999871 2000811 2987792 1973913 3099355 1973913 1973913 3057694 2963598 3103469 3116839 2985039 3122272 1980665 2972934 3130294 2994452 3103394 3091286 1998131 3042879 3079182 2970244 1994087 3102082 3103435 1995432 3094048 2989134 2022330 3016044 3124909 3100760 3052342 1976602 3103390 3018661 3022695 3096679 1990054 2993116 3072513 1975289 2978357]
Requests Number (per Connection):  [1483 2313 1469 2218 2218 2239 1470 2212 2215 1491 2234 1465 2232 2331 1478 2304 1466 2307 2333 2233 1469 1464 1476 2247 2307 1481 1464 2311 1489 1486 2261 2234 2233 2264 2315 2247 2302 1474 2307 1504 2328 2308 2243 1487 1483 2226 2231 1488 2222 1468 2305 1468 1468 2274 2204 2308 2318 2220 2322 1473 2211 2328 2227 2308 2299 1486 2263 2290 2209 1483 2307 2308 1484 2301 2223 1504 2243 2324 2306 2270 1470 2308 2245 2248 2303 1480 2226 2285 1469 2215]
Requests/sec:  3967.129052734375 KB
Transfer/sec:  7917.709423828125 KB

2023-12-04 14:50:46.849254368 +0800 CST m=+947.692838556
Running 1m0s myx-test @ https://192.168.12.127:6443/api/v1/persistentvolumes
150 connections
Requests/bytes (per Connection):  [2021353 2037557 1323304 2068564 2045661 2065922 2052416 2048365 2082050 2032153 2060522 1324651 2060518 2036190 2032155 2025400 1334112 2028102 1325882 2047014 1359773 2055118 1324631 1323264 2029453 1321951 2051067 2098266 2049680 2038908 2057820 2038908 2025400 2064573 2051065 2030802 1336654 2064515 1312432 2001090 2061863 1320604 2019996 2038888 2032153 1308405 2063222 2072609 2045647 2029447 2037557 2053767 2052376 1315200 1311023 1324551 2017294 2052416 1339512 1298930 2030802 1331410 2040237 1317898 2009194 1327355 2053767 1307038 2060494 2053767 2067213 2065926 2060522 2075381 2032153 2052398 2047012 2032145 2083481 2082132 1300309 2029451 2033504 2083485 2061873 2048361 2052374 2042961 1301692 2091511 1309680 2055114 2029447 1324653 2102283 2042935 1300235 2071328 1312498 1327229 2038890 1328556 2078081 2056423 1302917 1334044 2025400 2026751 2028102 1334108 2063224 2053761 1334108 2068626 2076652 1336808 1298988 1312420 1294825 2055074 2055074 1307002 1308445 2048339 1327265 2080749 1300327 2034855 2014598 1344762 1321951 2024049 2083481 1336814 2045641 2003786 2030804 1312368 2045659 2041584 2072647 1346245 1330055 1327357 1321827 2102397 1320600 2017294 2086183 2063224]
Response/bytes (per Connection):  [2012918 2029054 1317762 2059956 2037123 2057296 2043848 2039814 2073394 2023674 2051918 1319105 2051916 2027701 2023675 2016950 1328522 2019640 1320390 2038469 1354073 2046538 1319095 1317742 2020985 1316416 2042504 2089536 2041141 2030399 2049228 2030399 2016950 2055952 2042503 2022329 1331132 2055923 1306970 1992744 2053258 1315073 2011570 2030389 2023674 1302948 2054607 2063987 2037116 2020982 2029054 2045193 2043828 1309693 1305596 1319055 2008880 2043848 1333900 1293524 2022329 1325832 2031733 1312381 2000813 1321796 2045193 1301595 2051904 2045193 2058611 2057298 2051918 2066712 2023674 2043839 2038468 2023670 2074779 2073435 1294883 2020984 2025019 2074781 2053263 2039812 2043827 2034434 1296244 2082811 1304255 2046536 2020982 1319106 2093553 2034421 1294846 2062677 1307003 1321733 2030390 1323066 2069401 2047860 1297526 1328488 2016950 2018295 2019640 1328520 2054608 2045190 1328520 2059987 2068017 1331209 1293553 1306964 1289463 2046516 2046516 1301577 1302968 2039801 1321751 2072074 1294892 2026364 2006193 1339203 1316416 2015605 2074779 1331212 2037113 1995431 2022330 1306938 2037122 2033076 2064006 1340614 1324485 1321797 1316354 2093610 1315071 2008880 2077469 2054608]
Requests Number (per Connection):  [1497 1509 980 1532 1515 1530 1520 1517 1542 1505 1526 981 1526 1508 1505 1500 988 1502 982 1516 1007 1522 981 980 1503 979 1519 1554 1518 1510 1524 1510 1500 1529 1519 1504 990 1529 972 1482 1527 978 1496 1510 1505 969 1528 1535 1515 1503 1509 1521 1520 974 971 981 1494 1520 992 962 1504 986 1511 976 1488 983 1521 968 1526 1521 1531 1530 1526 1537 1505 1520 1516 1505 1543 1542 963 1503 1506 1543 1527 1517 1520 1513 964 1549 970 1522 1503 981 1557 1513 963 1534 972 983 1510 984 1539 1523 965 988 1500 1501 1502 988 1528 1521 988 1532 1538 990 962 972 959 1522 1522 968 969 1517 983 1541 963 1507 1492 996 979 1499 1543 990 1515 1484 1504 972 1515 1512 1535 997 985 983 979 1557 978 1494 1545 1528]
Requests/sec:  4411.411279296875 KB
Transfer/sec:  8804.422672526041 KB

2023-12-04 14:52:26.978839642 +0800 CST m=+1047.822423813
Running 1m0s myx-test @ https://192.168.12.127:6443/api/v1/persistentvolumes
300 connections
Requests/bytes (per Connection):  [1274608 1306994 923466 1278723 916779 1269274 1315066 1351581 914109 922277 1267923 1311113 918176 1261106 1309792 1253062 1226046 922245 1280078 1327253 1336810 904716 1263870 920882 1325964 1335463 1266536 911469 1250326 1270623 1315196 926264 1257111 1246309 914173 1343433 1273323 1363808 899310 1311145 933045 1325902 1257053 896612 1300233 1255758 1331356 1258466 1265147 931730 1258406 1317902 1334108 906053 1294859 915460 1255706 903363 1281397 1323300 1347620 1323156 1271904 1330055 914173 1251709 1346265 1284131 911471 1259767 1251699 1305679 1320468 1217938 916869 1316453 904612 914173 1250362 1246309 1231450 1330059 1300341 1266540 1300215 914103 1262519 1253024 1302913 1247646 918222 1297639 911467 907420 1319233 1262449 1332747 911467 1255752 1300337 1347606 1312480 923490 908679 1316461 911447 1219293 1326006 910070 1271976 872298 900661 1251659 915382 1315102 1278653 1338119 908765 1274588 914161 1267921 1325864 918226 1275945 906069 1316545 903245 1290886 895179 1320532 1316547 918210 1257115 927605 1366528 1289531 1347616 1319145 1278635 904594 1278729 1285478 904594 914173 1278635 1288094 1320500 1240905 1309796 1238203 1336810 909974 1259793 1265221 1323198 1258466 1316515 1316415 1315166 1261106 910122 916791 888434 1332757 908767 1350320 908769 1316547 1269268 1269268 930349 905995 1277372 897963 1215240 906065 908765 918220 1253062 1242256 1263870 1236852 1327353 1255704 919521 1339512 1247660 1263866 1261100 1273323 1347558 1340767 1338011 907420 912684 899314 1344900 1266570 914021 1276025 1332731 1311143 1317780 904708 1276025 1315176 1251713 906069 908707 1304380 904714 915402 1315202 904716 1323214 1282776 1321951 1254415 1285376 1251713 1301650 922275 906069 1263866 900571 1307068 912818 904574 1331392 1327357 1265147 903357 1331376 1288184 1271976 928918 1346265 1311069 1266572 1300225 1289499 1335301 1258466 1307082 919515 1267923 1258466 919577 1319249 926248 902016 1339512 1348967 923528 923626 903319 1273239 1334108 1258440 1263798 1317902 904718 1335459 1267921 1330043 1278717 1323236 1267845 939748 900665 903367 937134 1255708 900543 900531 1312496 1280080 918174 1307092 910002 1307092 1267867 1270623 908767 1288184 923610 1353020 1284061 1344916 916875 926168 1328638 939762 918220 1239556 1350318 934296 1244958 914117 1336706]
Response/bytes (per Connection):  [1269312 1301573 919671 1273378 912980 1263967 1309626 1345960 910306 918407 1262622 1305641 914348 1255866 1304311 1247827 1220929 918391 1274725 1321745 1331210 900923 1258587 917040 1320431 1329867 1261259 907647 1245120 1265311 1309691 922409 1251860 1241103 910338 1337869 1268000 1358099 895542 1305657 929147 1320400 1251831 892854 1294845 1250514 1325805 1253207 1259895 927820 1253177 1312383 1328520 902261 1289480 911651 1250488 899577 1276054 1317760 1341971 1317688 1266621 1324485 910338 1246481 1340624 1278760 907648 1254527 1246476 1300246 1315005 1212858 913025 1310989 900871 910338 1245138 1241103 1226309 1324487 1294899 1261261 1294836 910303 1257242 1247808 1297524 1242441 914371 1292209 907646 903614 1313718 1257207 1327170 907646 1250511 1294897 1341964 1306994 919683 904913 1310993 907636 1214205 1320452 906278 1266657 868646 896887 1246456 911612 1309644 1273343 1332534 904956 1269302 910332 1262621 1320381 914373 1270650 902269 1311035 899518 1285485 891468 1315037 1311036 914365 1251862 923749 1360798 1284138 1341969 1313674 1273334 900862 1273381 1280103 900862 910338 1273334 1282750 1315021 1235723 1304313 1233033 1331210 906230 1254540 1259932 1317709 1253207 1311020 1310970 1309676 1255866 906304 912986 884748 1327175 904957 1344660 904958 1311036 1263964 1263964 926460 902232 1272033 894199 1210170 902267 904956 914370 1247827 1237068 1258587 1231688 1321795 1250487 915690 1333900 1242448 1258585 1255863 1268000 1341940 1335197 1332480 903614 908924 895544 1339272 1261276 910262 1270690 1327162 1305656 1312322 900919 1270690 1309681 1246483 902269 904927 1298927 900922 911622 1309694 900923 1317717 1277413 1316416 1249173 1280052 1246483 1296223 918406 902269 1258585 896842 1301610 908991 900852 1325823 1321797 1259895 899574 1325815 1282795 1266657 925075 1340624 1305619 1261277 1294841 1284122 1329786 1253207 1301617 915687 1262622 1253207 915718 1313726 922401 898234 1333900 1343314 919702 919751 899555 1267958 1328520 1253194 1258551 1312383 900924 1329865 1262621 1324479 1273375 1317728 1262583 935846 896889 899579 933200 1250489 896828 896822 1307002 1274726 914347 1301622 906244 1301622 1262594 1265311 904957 1282795 919743 1347349 1278725 1339280 913028 922361 1323107 935853 914370 1234379 1344659 930442 1239758 910310 1331158]
Requests Number (per Connection):  [944 968 684 947 679 940 974 1001 677 683 939 971 680 934 970 928 908 683 948 983 990 670 936 682 982 989 938 675 926 941 974 686 931 923 677 995 943 1010 666 971 691 982 931 664 963 930 986 932 937 690 932 976 988 671 959 678 930 669 949 980 998 980 942 985 677 927 997 951 675 933 927 967 978 902 679 975 670 677 926 923 912 985 963 938 963 677 935 928 965 924 680 961 675 672 977 935 987 675 930 963 998 972 684 673 975 675 903 982 674 942 646 667 927 678 974 947 991 673 944 677 939 982 680 945 671 975 669 956 663 978 975 680 931 687 1012 955 998 977 947 670 947 952 670 677 947 954 978 919 970 917 990 674 933 937 980 932 975 975 974 934 674 679 658 987 673 1000 673 975 940 940 689 671 946 665 900 671 673 680 928 920 936 916 983 930 681 992 924 936 934 943 998 993 991 672 676 666 996 938 677 945 987 971 976 670 945 974 927 671 673 966 670 678 974 670 980 950 979 929 952 927 964 683 671 936 667 968 676 670 986 983 937 669 986 954 942 688 997 971 938 963 955 989 932 968 681 939 932 681 977 686 668 992 999 684 684 669 943 988 932 936 976 670 989 939 985 947 980 939 696 667 669 694 930 667 667 972 948 680 968 674 968 939 941 673 954 684 1002 951 996 679 686 984 696 680 918 1000 692 922 677 990]
Requests/sec:  5695.46279296875 KB
Transfer/sec:  11367.167854817708 KB

