2023-12-04 21:41:40.164106775 +0800 CST m=+25601.007690952
Running 1m0s myx-test @ https://192.168.12.127:6443/api/v1/namespaces/myx-test/pods
3 connections
Requests/bytes (per Connection):  [16601239 14634848 14970663]
Response/bytes (per Connection):  [48628011 44225552 45229701]
Requests Number (per Connection):  [12807 11290 11549]
Requests/sec:  752.06298828125 KB
Transfer/sec:  2999.5119466145834 KB

2023-12-04 21:43:20.254581542 +0800 CST m=+25701.098165711
Running 1m0s myx-test @ https://192.168.12.127:6443/api/v1/namespaces/myx-test/pods
6 connections
Requests/bytes (per Connection):  [14634866 12988654 12449340 14585572 12949750 12484361]
Response/bytes (per Connection):  [42860742 39242464 37621596 42721040 39126934 37724537]
Requests Number (per Connection):  [11290 10020 9604 11252 9990 9631]
Requests/sec:  1303.5895670572916 KB
Transfer/sec:  5198.402604166667 KB

2023-12-04 21:45:00.355522839 +0800 CST m=+25801.199107027
Running 1m0s myx-test @ https://192.168.12.127:6443/api/v1/namespaces/myx-test/pods
9 connections
Requests/bytes (per Connection):  [10657866 12288664 11216575 10698159 11308644 10680003 12420818 12140766 11272334]
Response/bytes (per Connection):  [32212290 35983988 33898339 32319609 34172010 32265807 36379294 35566510 34064126]
Requests Number (per Connection):  [8222 9480 8653 8253 8724 8239 9582 9366 8696]
Requests/sec:  1671.286279296875 KB
Transfer/sec:  6665.784537760416 KB

2023-12-04 21:46:40.449454111 +0800 CST m=+25901.293038282
Running 1m0s myx-test @ https://192.168.12.127:6443/api/v1/namespaces/myx-test/pods
15 connections
Requests/bytes (per Connection):  [8727833 9434118 8074407 8744594 8093914 8095155 8105529 8188493 9498976 9440697 8684880 8739346 8703050 9518403 9488688]
Response/bytes (per Connection):  [26365661 27644816 24405009 26428232 24455920 24466737 24497601 24748151 27829252 27651653 26258808 26420494 26310932 27888087 27788466]
Requests Number (per Connection):  [6733 7278 6229 6746 6244 6245 6253 6317 7328 7283 6700 6742 6714 7343 7320]
Requests/sec:  2140.9193196614583 KB
Transfer/sec:  8540.004915364583 KB

2023-12-04 21:48:20.554541363 +0800 CST m=+26001.398125551
Running 1m0s myx-test @ https://192.168.12.127:6443/api/v1/namespaces/myx-test/pods
30 connections
Requests/bytes (per Connection):  [5330204 5980876 6266172 6310264 6155941 5374290 6066608 5372995 6023671 5365307 5887662 6264875 5956373 5306860 5314724 5957618 5921248 5979735 5331645 6155943 6224670 5392448 6216892 5398979 5848738 6232452 5350976 5934348 6207815 5978282]
Response/bytes (per Connection):  [16113326 18086476 18350050 18476836 18033221 16244706 17757734 16240603 18213475 16205633 17789394 18346345 17995931 16044232 16056536 18006470 17906422 18062787 16098681 18032949 18231218 16298228 18208170 16311467 17676664 18253174 16171694 17927862 18182237 18078830]
Requests Number (per Connection):  [4112 4614 4834 4868 4749 4146 4680 4145 4647 4139 4542 4833 4595 4094 4100 4596 4568 4613 4113 4749 4802 4160 4796 4165 4512 4808 4128 4578 4789 4612]
Requests/sec:  2850.075048828125 KB
Transfer/sec:  11368.97724609375 KB

2023-12-04 21:50:00.663416142 +0800 CST m=+26101.507000383
Running 1m0s myx-test @ https://192.168.12.127:6443/api/v1/namespaces/myx-test/pods
60 connections
Requests/bytes (per Connection):  [3795430 3766902 3406552 3352158 3755389 3409250 3413033 3463610 3798068 3419522 3419516 3717624 3781169 3739669 3724265 3807171 3766942 3792918 3453250 3708705 3766902 3834334 3742411 3807099 3789033 3426001 3773483 3799429 3823964 3448126 3450642 3769570 3388394 3368945 3794131 3770793 3765655 3773453 3706021 3774704 3757863 3414460 3774800 3400117 3813584 3466204 3779968 3767036 3744993 3825301 3843411 3801939 3424704 3826552 3765677 3466204 3416984 3833037 3414332 3761852]
Response/bytes (per Connection):  [11474404 11389740 10299244 10128324 10985637 10293458 10318637 10468574 11476454 10337192 10338032 10896946 11079579 10960475 10896173 11500137 11384422 11456406 10436032 10851169 11038824 11589934 10949401 11509371 11091479 10357147 11396543 11472163 11202660 10412344 10430064 11387872 10245440 10187537 11470861 11049939 11028867 11400461 10854903 11409878 11007723 10305952 11397848 10273693 11528486 10476220 11063914 11021970 10958443 11557297 11259049 11490441 10353324 11566996 11026149 10476220 10322552 11586111 10322462 11006880]
Requests Number (per Connection):  [2928 2906 2628 2586 2897 2630 2633 2672 2930 2638 2638 2868 2917 2885 2873 2937 2906 2926 2664 2861 2906 2958 2887 2937 2923 2643 2911 2931 2950 2660 2662 2908 2614 2599 2927 2909 2905 2911 2859 2912 2899 2634 2912 2623 2942 2674 2916 2906 2889 2951 2965 2933 2642 2952 2905 2674 2636 2957 2634 2902]
Requests/sec:  3573.6206217447916 KB
Transfer/sec:  14258.165755208332 KB

2023-12-04 21:51:41.117159424 +0800 CST m=+26201.960743614
Running 1m0s myx-test @ https://192.168.12.127:6443/api/v1/namespaces/myx-test/pods
90 connections
Requests/bytes (per Connection):  [2682021 2863357 2888068 2444806 2451227 2833682 2461511 2829791 2504436 2836236 2859620 2705303 2425351 2608104 2626338 2799916 2625011 2429244 2792188 2494034 2653433 2820636 2841462 2667718 2672880 2885398 2925707 2862182 2438319 2605446 2837571 2461597 2457774 2652156 2440911 2433135 2644458 2659950 2466821 2628898 2880272 2461661 2869994 2650835 2777925 2437026 2615820 2836208 2672904 2455176 2442078 2438319 2810302 2819361 2470580 2650839 2657420 2429224 2618552 2802438 2850541 2653429 2625003 2648299 2468094 2430527 2451207 2470674 2794770 2654806 2676771 2802440 2872544 2661213 2815530 2439510 2649538 2430405 2422623 2628886 2806449 2473234 2719566 2823312 2790889 2815532 2630091 2457774 2658679 2390302]
Response/bytes (per Connection):  [7849397 8665507 8729470 7381990 7409219 8557430 7451555 8545961 7561764 8570394 8634170 7923969 7324363 7636580 7679210 8463628 7679311 7335834 8433976 7534538 7774683 8528994 8580648 7812990 7831072 8731336 8836979 8646014 7362873 7637052 8569179 7440361 7420500 7768532 7370799 7347303 7735700 7789130 7451177 7690696 8708210 7432247 8665034 7767543 8391363 7358772 7666690 8573750 7828082 7413132 7391412 7362873 8493094 8522373 7479434 7767273 7773838 7338352 7657250 8480508 8607409 7774953 7680125 7753067 7458078 7341335 7411737 7467684 8443020 7768874 7842187 8480510 8678558 7797185 8503350 7380408 7763838 7357005 7334067 7692328 8476587 7479526 7965268 8526288 8430151 8503070 7707175 7420500 7782163 7225060]
Requests Number (per Connection):  [2069 2209 2228 1886 1891 2186 1899 2183 1932 2188 2206 2087 1871 2012 2026 2160 2025 1874 2154 1924 2047 2176 2192 2058 2062 2226 2257 2208 1881 2010 2189 1899 1896 2046 1883 1877 2040 2052 1903 2028 2222 1899 2214 2045 2143 1880 2018 2188 2062 1894 1884 1881 2168 2175 1906 2045 2050 1874 2020 2162 2199 2047 2025 2043 1904 1875 1891 1906 2156 2048 2065 2162 2216 2053 2172 1882 2044 1875 1869 2028 2165 1908 2098 2178 2153 2172 2029 1896 2051 1844]
Requests/sec:  3874.125455729167 KB
Transfer/sec:  15459.688932291667 KB

2023-12-04 21:53:21.215440828 +0800 CST m=+26302.059025015
Running 1m0s myx-test @ https://192.168.12.127:6443/api/v1/namespaces/myx-test/pods
150 connections
Requests/bytes (per Connection):  [2167430 2500565 2059811 2138832 2049439 2070187 2233425 2416256 2195822 2474629 2461661 2071412 2140071 2153027 2468146 2067517 2226944 2472035 2111617 2033799 2151730 2469441 2141460 2251687 2461591 2169982 2466849 2066202 2062295 2548502 2217921 2410970 2166019 2208868 2424048 2475850 2451163 2221758 2097320 2496674 2024804 2366978 2431836 2088249 2086918 2473334 2074078 2057093 2208832 2184267 2072623 2207587 2464103 2102532 2085601 2185448 2232128 2449928 2085623 2073926 2238613 2509484 2473296 2491488 2480968 2448695 2470738 2438321 2464097 2477169 2479769 2216588 2092234 2459067 2101265 2477079 2057155 2070187 2057219 2189495 2061030 2203602 2192019 2451287 2233429 2068746 2199869 2215273 2207487 2210085 2210231 2208788 2017018 2067449 2205013 2208798 2444802 2090783 2234830 2224486 2465506 2486154 2042954 2068892 2466853 2178963 2097420 2453879 2050740 2206196 2050696 2491488 2199721 2067491 2252954 2531531 2483708 2249079 2194635 2180258 2491364 2512080 2184149 2443505 2064863 2050616 2090815 2453827 2226940 2436918 2256779 2055910 2494054 2046795 2460364 2112946 2072689 2094828 2128386 2250292 2083029 2484947 2035168 2123198 2066266 2163401 2242502 2493924 2217863 2141354]
Response/bytes (per Connection):  [6338826 7547777 6218855 6265472 6187711 6249439 6546535 7299842 6438004 7470757 7432247 6262496 6276243 6314923 7451362 6251587 6527740 7463111 6381289 6151629 6311218 7455465 6268258 6585631 7441201 6351400 7447539 6250002 6240773 7695662 6494737 7297142 6349255 6465540 7321380 7484374 7417333 6512648 6343154 7536308 6114236 7153448 7343478 6315273 6315928 7466654 6260908 6227159 6470162 6389981 6277231 6459933 7459481 6355368 6314623 6408092 6542830 7405676 6311825 6280496 6561355 7594964 7471692 7520736 7508620 7394021 7459288 7362875 7460039 7485399 7492205 6495380 6314710 7424601 6347627 7496871 6219325 6249439 6210929 6399909 6232752 6460506 6415743 7401383 6546265 6264084 6429821 6494123 6472163 6479303 6461091 6475598 6091576 6260261 6450077 6474238 7382268 6330755 6536922 6503478 7449874 7524192 6168596 6245336 7447261 6389567 6330282 7409309 6191256 6467916 6196852 7520736 6448031 6254945 6593142 7660235 7497518 6579851 6420435 6393544 7536686 7602330 6404659 7378445 6251495 6206924 6326557 7416025 6528010 7372482 6612411 6208786 7532020 6186501 7428424 6380914 6268837 6322356 6442740 6594158 6304179 7508897 6146218 6427448 6241888 6344835 6572742 7548528 6501803 6481250]
Requests Number (per Connection):  [1672 1929 1589 1650 1581 1597 1723 1864 1694 1909 1899 1598 1651 1661 1904 1595 1718 1907 1629 1569 1660 1905 1652 1737 1899 1674 1903 1594 1591 1966 1711 1860 1671 1704 1870 1910 1891 1714 1618 1926 1562 1826 1876 1611 1610 1908 1600 1587 1704 1685 1599 1703 1901 1622 1609 1686 1722 1890 1609 1600 1727 1936 1908 1922 1914 1889 1906 1881 1901 1911 1913 1710 1614 1897 1621 1911 1587 1597 1587 1689 1590 1700 1691 1891 1723 1596 1697 1709 1703 1705 1705 1704 1556 1595 1701 1704 1886 1613 1724 1716 1902 1918 1576 1596 1903 1681 1618 1893 1582 1702 1582 1922 1697 1595 1738 1953 1916 1735 1693 1682 1922 1938 1685 1885 1593 1582 1613 1893 1718 1880 1741 1586 1924 1579 1898 1630 1599 1616 1642 1736 1607 1917 1570 1638 1594 1669 1730 1924 1711 1652]
Requests/sec:  5489.513102213542 KB
Transfer/sec:  21913.951009114582 KB

2023-12-04 21:55:01.371921803 +0800 CST m=+26402.215505989
Running 1m0s myx-test @ https://192.168.12.127:6443/api/v1/namespaces/myx-test/pods
300 connections
Requests/bytes (per Connection):  [1173123 1179610 1431030 1164050 1209435 1188685 1441400 1235373 1429829 1212019 1250929 1206841 1495866 1200356 1243153 1240555 1193873 1449184 1432401 1287135 1396173 1186061 1393423 1254688 1169232 1445291 1156266 1285946 1259870 1445295 1174420 1467354 1495866 1453081 1267650 1245721 1442709 1189982 1418062 1205488 1270382 1418062 1250933 1182200 1415552 1149781 1253523 1463451 1219811 1419359 1170531 1230157 1429781 1245747 1240507 1179608 1245675 1210728 1182202 1183473 1480308 1445315 1175705 1224905 1256029 1214623 1236560 1477832 1197758 1269051 1228846 1156266 1187388 1459662 1254796 1243091 1257384 1287241 1410438 1239262 1147193 1282053 1247038 1451778 1167935 1149807 1175717 1179608 1253527 1180883 1176998 1232775 1418060 1269011 1204247 1192576 1498460 1466169 1177014 1144593 1459570 1453213 1473823 1253523 1247028 1158870 1462290 1437649 1423342 1421951 1256117 1145890 1258609 1174420 1262606 1254792 1254806 1468633 1179608 1195170 1244344 1282053 1455669 1174422 1283206 1258583 1184796 1147187 1205542 1293726 1431148 1285882 1195170 1266359 1228878 1458263 1218512 1253523 1205544 1191279 1428512 1188685 1219811 1151102 1450479 1267688 1252226 1387096 1441400 1208138 1415500 1413002 1454372 1434915 1171818 1300203 1485502 1449182 1187390 1451780 1179608 1217215 1184796 1200358 1214619 1472576 1149781 1470038 1158870 1272976 1468633 1272974 1405250 1212029 1476423 1234074 1208138 1243149 1460857 1157563 1237881 1458289 1265194 1410288 1396037 1265178 1218512 1280670 1180903 1199061 1139407 1208138 1282053 1405092 1481629 1201653 1269063 1208072 1440103 1223696 1183473 1259868 1501054 1197716 1263897 1445295 1449300 1169234 1160157 1205544 1183483 1178293 1212027 1418118 1451926 1479007 1409141 1276715 1222341 1456962 1281943 1419357 1254824 1234070 1167935 1296296 1188687 1398625 1253407 1420694 1193873 1420656 1227591 1490680 1272970 1517971 1510131 1197764 1447889 1503648 1231382 1209369 1179608 1511428 1258625 1223700 1433624 1209435 1174420 1414253 1402596 1269013 1248339 1244436 1441530 1432325 1270276 1199009 1179590 1187388 1396077 1244450 1431030 1244450 1186063 1235371 1479013 1473821 1244326 1247012 1235353 1458259 1197764 1424569 1221024 1482902 1510135 1173113 1231422 1188687 1250923 1169232 1265044 1410362 1192576 1170531 1394794 1437577 1230185 1247030 1138110 1434919 1248341 1219751 1162757 1257418 1480316 1189946 1228888 1143298]
Response/bytes (per Connection):  [3544881 3563716 4330842 3517280 3539943 3591037 4361984 3614315 4314707 3661249 3659589 3644839 4523670 3514008 3636817 3629677 3606329 4384924 4325151 3777193 4206915 3587027 4219135 3687286 3533412 4373453 3494622 3760170 3702648 4373175 3548704 4436766 4523670 4395553 3725150 3647215 4364409 3594860 4292332 3535622 3715436 4292050 3659319 3571922 4273772 3475507 3666999 4426977 3569583 4296155 3536955 3603029 4320863 3644227 3635657 3563996 3652923 3543918 3571642 3578823 4477236 4370375 3554207 3595817 3685281 3667777 3631610 4454480 3618356 3716081 3600954 3494622 3587214 4402356 3673968 3644427 3681920 3763873 4249248 3625702 3467303 3749053 3648474 4392570 3529589 3472149 3552527 3563996 3666729 3570617 3558308 3607175 4292612 3720973 3637193 3602506 4531316 4418673 3556350 3460215 4414108 4378765 4458121 3666999 3649834 3500868 4405806 4332889 4295872 4304081 3674409 3464038 3694595 3548704 3692664 3674238 3672608 4442827 3563996 3610152 3653568 3749053 4404039 3548424 3770698 3815387 3579288 3467861 3641014 3782398 4315732 3768052 3610152 3720629 3596876 4411685 3679526 3666999 3641016 3598683 4313402 3480391 3683069 3476252 4388745 3720530 3663294 4179874 4361984 3648662 4280488 4260530 4400216 4342869 3541896 3837857 4491688 4384922 3586934 4392290 3563996 3562445 3579288 3625444 3555033 4447862 3475507 4432940 3500868 3722846 4442827 3723118 4233956 3660131 4464927 3610882 3648662 3637087 4419331 3498445 3632325 4408327 3700616 4268274 4224263 3702792 3679526 3756222 3567817 3621621 3444643 3536238 3749053 4254102 4477981 3629547 3714449 3544118 4358161 3695096 3578823 3703194 4538962 3623954 3696911 4373175 4370094 3533132 3506091 3528828 3577423 3562411 3660411 4285056 4373542 4473691 4245425 3752989 3584875 4408140 3762643 4296435 3670434 3611152 3529589 3793072 3590757 4232749 3798415 4294940 3606329 4299978 3592085 4508098 3723662 4581667 4566003 3617798 4380821 4546608 3615704 3660879 3563996 4569826 3692693 3694818 4338488 3652485 3548704 4270229 4233864 3720701 3651909 3757944 4345476 4334945 3728756 3628055 3566234 3587214 4218945 3640522 4330842 3640522 3587029 3614587 4473133 4458119 3771652 3651736 3616761 4411963 3617798 4308649 3583616 4484882 4565725 3545999 3610538 3590757 3660405 3533412 3719098 4258760 3602506 3536955 4213444 4341841 3599495 3649562 3440820 4342591 3651637 3576921 3513179 3677844 4476116 3599336 3595790 3456112]
Requests Number (per Connection):  [905 910 1104 898 933 917 1112 953 1103 935 965 931 1154 926 959 957 921 1118 1105 993 1077 915 1075 968 902 1115 892 992 972 1115 906 1132 1154 1121 978 961 1113 918 1094 930 980 1094 965 912 1092 887 967 1129 941 1095 903 949 1103 961 957 910 961 934 912 913 1142 1115 907 945 969 937 954 1140 924 979 948 892 916 1126 968 959 970 993 1088 956 885 989 962 1120 901 887 907 910 967 911 908 951 1094 979 929 920 1156 1131 908 883 1126 1121 1137 967 962 894 1128 1109 1098 1097 969 884 971 906 974 968 968 1133 910 922 960 989 1123 906 990 971 914 885 930 998 1104 992 922 977 948 1125 940 967 930 919 1102 917 941 888 1119 978 966 1070 1112 932 1092 1090 1122 1107 904 1003 1146 1118 916 1120 910 939 914 926 937 1136 887 1134 894 982 1133 982 1084 935 1139 952 932 959 1127 893 955 1125 976 1088 1077 976 940 988 911 925 879 932 989 1084 1143 927 979 932 1111 944 913 972 1158 924 975 1115 1118 902 895 930 913 909 935 1094 1120 1141 1087 985 943 1124 989 1095 968 952 901 1000 917 1079 967 1096 921 1096 947 1150 982 1171 1165 924 1117 1160 950 933 910 1166 971 944 1106 933 906 1091 1082 979 963 960 1112 1105 980 925 910 916 1077 960 1104 960 915 953 1141 1137 960 962 953 1125 924 1099 942 1144 1165 905 950 917 965 902 976 1088 920 903 1076 1109 949 962 878 1107 963 941 897 970 1142 918 948 882]
Requests/sec:  6313.6748046875 KB
Transfer/sec:  25204.040266927084 KB

