2023-12-04 23:06:11.370012893 +0800 CST m=+30672.213597064
Running 1m0s myx-test @ https://192.168.12.127:6443/api/v1/namespaces/myx-test/podtemplates
3 connections
Requests/bytes (per Connection):  [19098745 21677009 19447952]
Response/bytes (per Connection):  [21525296 24431182 21918871]
Requests Number (per Connection):  [13837 15705 14090]
Requests/sec:  980.2035481770833 KB
Transfer/sec:  2084.945556640625 KB

2023-12-04 23:07:51.421250422 +0800 CST m=+30772.264834611
Running 1m0s myx-test @ https://192.168.12.127:6443/api/v1/namespaces/myx-test/podtemplates
6 connections
Requests/bytes (per Connection):  [16835059 19659213 17345793 16844726 17381695 19062869]
Response/bytes (per Connection):  [18974033 22156923 19549635 18984925 19590089 21484855]
Requests Number (per Connection):  [12197 14243 12567 12204 12593 13811]
Requests/sec:  1743.641845703125 KB
Transfer/sec:  3708.818603515625 KB

2023-12-04 23:09:31.472524072 +0800 CST m=+30872.316108286
Running 1m0s myx-test @ https://192.168.12.127:6443/api/v1/namespaces/myx-test/podtemplates
9 connections
Requests/bytes (per Connection):  [13448013 14066301 15886926 14222322 15993091 14096671 16067655 13399528 13380354]
Response/bytes (per Connection):  [15156573 15853461 17905368 16029273 18025094 15887687 18109113 15102038 15080334]
Requests Number (per Connection):  [9743 10191 11510 10304 11587 10213 11641 9708 9694]
Requests/sec:  2125.014013671875 KB
Transfer/sec:  4520.01630859375 KB

2023-12-04 23:11:11.511132735 +0800 CST m=+30972.354716911
Running 1m0s myx-test @ https://192.168.12.127:6443/api/v1/namespaces/myx-test/podtemplates
15 connections
Requests/bytes (per Connection):  [10430657 12659740 10470746 10465094 11115261 12365787 10883367 12677809 11079365 10955167 11064298 10380997 10394797 12565844 12706688]
Response/bytes (per Connection):  [11755912 14268236 11801056 11794768 12527502 13936908 12266151 14288522 12487051 12347057 12469997 11699924 11715479 14162434 14321137]
Requests Number (per Connection):  [7557 9172 7586 7582 8053 8959 7885 9185 8027 7937 8016 7521 7531 9104 9206]
Requests/sec:  2770.436474609375 KB
Transfer/sec:  5892.867041015625 KB

2023-12-04 23:12:52.17630925 +0800 CST m=+31073.019893428
Running 1m0s myx-test @ https://192.168.12.127:6443/api/v1/namespaces/myx-test/podtemplates
30 connections
Requests/bytes (per Connection):  [4278878 3581875 4222151 3877225 4237326 3902081 4262308 4254024 3595547 3574940 3929697 3562407 3878554 3628683 4263689 3852371 3895044 3590153 3888115 4285623 3585886 4263557 3874431 3609351 3841257 4189125 3530756 4303734 3562481 3959917]
Response/bytes (per Connection):  [4822489 4036910 4758640 4369802 4775748 4397809 4803818 4794483 4052401 4029115 4428927 4015059 4371332 4089741 4805374 4341796 4389963 4046242 4382171 4830189 4041512 4805308 4366674 4067958 4329315 4721355 3979327 4850496 4015096 4463078]
Requests Number (per Connection):  [3100 2595 3059 2809 3070 2827 3088 3082 2605 2590 2847 2581 2810 2629 3089 2791 2822 2601 2817 3105 2598 3089 2807 2615 2783 3035 2558 3118 2581 2869]
Requests/sec:  1908.8734700520833 KB
Transfer/sec:  4060.27529296875 KB

2023-12-04 23:14:32.251285689 +0800 CST m=+31173.094869863
Running 1m0s myx-test @ https://192.168.12.127:6443/api/v1/namespaces/myx-test/podtemplates
60 connections
Requests/bytes (per Connection):  [2552139 2559044 2342259 2226315 2567238 2521709 2478964 2517620 2296852 2603226 2314643 2559044 2542474 2614276 2277486 2305014 2517620 2559016 2516239 2295471 2293966 2266472 2576991 2538253 2496907 2507953 2450009 2236094 2512096 2294088 2495514 2574209 2245605 2299572 2541095 2623943 2487238 2556198 2518999 2570030 2590657 2320217 2528666 2498288 2552137 2545232 2481718 2473434 2275981 2527285 2256805 2538329 2532809 2289911 2280122 2564496 2547996 2552139 2260866 2287153]
Response/bytes (per Connection):  [2876379 2884159 2639883 2509209 2893449 2842123 2793920 2837482 2588618 2933946 2608765 2884159 2865488 2946395 2566818 2597892 2837482 2884145 2835926 2587062 2585444 2554387 2904384 2860781 2814143 2826590 2761267 2520157 2831258 2585505 2812581 2901262 2530971 2591709 2863933 2957287 2803250 2881005 2839037 2896576 2919872 2615014 2849929 2815699 2876378 2868598 2797028 2787693 2565200 2848373 2543495 2860819 2854597 2580820 2569867 2890347 2871711 2876379 2548122 2577710]
Requests Number (per Connection):  [1849 1854 1697 1613 1860 1827 1796 1824 1664 1886 1677 1854 1842 1894 1650 1670 1824 1854 1823 1663 1662 1642 1867 1839 1809 1817 1775 1620 1820 1662 1808 1865 1627 1666 1841 1901 1802 1852 1825 1862 1877 1681 1832 1810 1849 1844 1798 1792 1649 1831 1635 1839 1835 1659 1652 1858 1846 1849 1638 1657]
Requests/sec:  2395.119173177083 KB
Transfer/sec:  5094.541015625 KB

2023-12-04 23:16:12.340808277 +0800 CST m=+31273.184392450
Running 1m0s myx-test @ https://192.168.12.127:6443/api/v1/namespaces/myx-test/podtemplates
90 connections
Requests/bytes (per Connection):  [2220877 2081446 2052449 2214002 2249782 2038641 2017928 2254045 2030355 2193287 2262211 2271838 2165673 2244380 2248381 2302216 2234557 2189148 2031738 2222128 2274600 2074537 2202810 2088325 2085589 2233182 2267853 2285796 2269180 2048306 2190527 2246986 2033173 2168435 2031738 2270491 2085589 2042784 2222286 2176719 2313422 2042782 2215381 2267801 2045546 2164296 2052465 2254045 2019309 2140721 2227666 2220747 2231809 2278789 2040026 2233310 2081446 2081446 2209701 2259411 2207019 2317563 2040022 2258156 2226423 2030355 2027595 2328483 2245759 2033173 2234633 2229189 2306517 2066257 2245701 2215281 2075918 2340888 2296740 2220747 2233192 2057973 1994561 2038683 2296850 2247022 2186384 2247084 2289947 2176691]
Response/bytes (per Connection):  [2503028 2345897 2313223 2495263 2535656 2297664 2274325 2540384 2288328 2471923 2549660 2560532 2440806 2529493 2534090 2594762 2518523 2467257 2289885 2504519 2563644 2338115 2482743 2353664 2350565 2516970 2555943 2576166 2557472 2308555 2468812 2532527 2291468 2443918 2289885 2558993 2350565 2302332 2504598 2453253 2607289 2302331 2496818 2555917 2305444 2439252 2313231 2540384 2275881 2412751 2510750 2502963 2515418 2568335 2299222 2517034 2345897 2345897 2490516 2546529 2487444 2611956 2299220 2545036 2509263 2288328 2285217 2624340 2531048 2291468 2518561 2512377 2599509 2328782 2531019 2496768 2339671 2638332 2588562 2502963 2516975 2319447 2247928 2297685 2588617 2532545 2464144 2532576 2580838 2453239]
Requests Number (per Connection):  [1609 1508 1487 1604 1630 1477 1462 1633 1471 1589 1639 1646 1569 1626 1629 1668 1619 1586 1472 1610 1648 1503 1596 1513 1511 1618 1643 1656 1644 1484 1587 1628 1473 1571 1472 1645 1511 1480 1610 1577 1676 1480 1605 1643 1482 1568 1487 1633 1463 1551 1614 1609 1617 1651 1478 1618 1508 1508 1601 1637 1599 1679 1478 1636 1613 1471 1469 1687 1627 1473 1619 1615 1671 1497 1627 1605 1504 1696 1664 1609 1618 1491 1445 1477 1664 1628 1584 1628 1659 1577]
Requests/sec:  3188.784391276042 KB
Transfer/sec:  6782.7154296875 KB

2023-12-04 23:17:52.57526602 +0800 CST m=+31373.418850190
Running 1m0s myx-test @ https://192.168.12.127:6443/api/v1/namespaces/myx-test/podtemplates
150 connections
Requests/bytes (per Connection):  [1733558 1703268 1628702 1567952 1677031 1717028 1566643 1719838 1686698 1664606 1551430 1690839 1562428 1675622 1517019 1661844 1661844 1747338 1726743 1672890 1704649 1641131 1704649 1712933 1656320 1576334 1732193 1739064 1562564 1761246 1641131 1699063 1665987 1707411 1590060 1701839 1536189 1668747 1577699 1708736 1585915 1712933 1675624 1706026 1685317 1508575 1736304 1549999 1573580 1573590 1707407 1678382 1541835 1551378 1686694 1570814 1670128 1641131 1594183 1663223 1701821 1678414 1740551 1710169 1558325 1683936 1665971 1704649 1707367 1572093 1682517 1692190 1657699 1591425 1706030 1750214 1635609 1563805 1563937 1777832 1725296 1548714 1539099 1685317 1694928 1558299 1739170 1598410 1580415 1707409 1674271 1718457 1656320 1701871 1596949 1681174 1735027 1645288 1554140 1764024 1543098 1657699 1565236 1690841 1576348 1551450 1561159 1736404 1750150 1707337 1624561 1583191 1705958 1703268 1725362 1619039 1692222 1688075 1498912 1688033 1719834 1530671 1700506 1737783 1710167 1714312 1547379 1659076 1572161 1715695 1726743 1544609 1681172 1759881 1547235 1726651 1657701 1573474 1692222 1675652 1708792 1518386 1725362 1736406 1563809 1554142 1678414 1563927 1672866 1529414]
Response/bytes (per Connection):  [1953847 1919661 1835641 1767184 1890098 1935196 1765664 1938332 1900990 1876096 1748537 1905657 1760960 1888528 1709694 1872984 1872984 1969392 1946112 1885431 1921217 1849645 1921217 1930552 1866760 1776568 1952299 1960062 1761028 1985001 1849645 1914962 1877652 1924329 1792086 1918081 1731396 1880763 1778116 1925857 1787417 1930552 1888529 1922771 1899434 1700279 1956951 1746956 1773460 1773465 1924327 1891639 1737681 1748511 1900988 1770346 1882319 1849645 1796744 1874539 1918072 1891655 1961671 1927439 1756312 1897878 1877644 1921217 1924307 1771851 1896303 1907198 1868315 1793634 1922773 1972561 1843422 1762514 1762580 2003680 1944523 1745448 1734582 1899434 1910298 1756299 1960115 1801454 1781205 1924328 1886987 1936776 1866760 1918097 1799858 1894766 1955447 1854320 1751623 1988121 1739178 1868315 1764095 1905658 1776575 1748547 1759460 1957001 1972529 1924292 1830974 1784324 1922737 1919661 1944556 1824751 1907214 1902544 1689389 1902523 1938330 1725175 1916549 1958556 1927438 1932107 1743915 1869869 1771885 1933664 1946112 1740799 1894765 1983453 1743843 1946066 1868316 1773407 1907214 1888543 1925885 1711243 1944556 1957002 1762516 1751624 1891655 1762575 1885419 1723681]
Requests Number (per Connection):  [1256 1234 1180 1136 1215 1244 1135 1246 1222 1206 1124 1225 1132 1214 1099 1204 1204 1266 1251 1212 1235 1189 1235 1241 1200 1142 1255 1260 1132 1276 1189 1231 1207 1237 1152 1233 1113 1209 1143 1238 1149 1241 1214 1236 1221 1093 1258 1123 1140 1140 1237 1216 1117 1124 1222 1138 1210 1189 1155 1205 1233 1216 1261 1239 1129 1220 1207 1235 1237 1139 1219 1226 1201 1153 1236 1268 1185 1133 1133 1288 1250 1122 1115 1221 1228 1129 1260 1158 1145 1237 1213 1245 1200 1233 1157 1218 1257 1192 1126 1278 1118 1201 1134 1225 1142 1124 1131 1258 1268 1237 1177 1147 1236 1234 1250 1173 1226 1223 1086 1223 1246 1109 1232 1259 1239 1242 1121 1202 1139 1243 1251 1119 1218 1275 1121 1251 1201 1140 1226 1214 1238 1100 1250 1258 1133 1126 1216 1133 1212 1108]
Requests/sec:  4033.1416178385416 KB
Transfer/sec:  8578.69384765625 KB

2023-12-04 23:19:32.705866213 +0800 CST m=+31473.549450391
Running 1m0s myx-test @ https://192.168.12.127:6443/api/v1/namespaces/myx-test/podtemplates
300 connections
Requests/bytes (per Connection):  [1015790 980018 1076546 997921 974522 1013186 1014505 984049 1002140 1032370 1058613 956577 1014567 1057292 924738 944064 942659 948291 927464 996476 923337 1014513 1028227 1006125 1071170 934403 949672 938626 984183 951049 1002138 993798 964707 927454 971754 993696 973109 916444 1039421 1018710 1021472 1062762 1019945 959335 997997 915143 948287 1010266 1018684 1035278 982720 917913 993856 1028331 1037882 967461 989573 1069643 1072451 926077 1010424 975905 944072 975827 1031137 1036661 1055957 1051758 1046324 934479 1024090 908248 1011763 964861 960714 1055969 1033899 984189 974366 1008983 971602 1021470 989711 1008955 960720 956423 1000663 1017227 1046324 1004890 1010268 917873 1022851 1066881 951035 973055 960716 1093198 1024232 949530 1011759 971762 960714 984091 1028375 1024138 975905 924796 1025613 975801 1028375 1018550 1039353 986949 952384 978665 997929 1043528 1029756 1010424 1009043 1029700 962043 988236 992473 1071022 927576 992425 975789 962099 963460 921932 1029756 1022695 1017319 977238 992387 1010320 1141441 938480 1025613 1025613 1003521 1051690 1020085 960714 997939 1039423 1051760 910888 1025505 1001980 1043406 1015870 927438 1028375 1076544 1055967 981413 1014549 1047705 1046326 1008885 959257 1010424 989561 919200 997997 1011653 986921 1006281 1013184 1029680 930248 924818 932954 1022739 941388 920601 1019941 952416 1031079 982808 991092 1059976 1002116 1051724 1000689 1054482 996534 943996 941302 1021452 1075251 926079 1040756 1017315 942721 1039383 923317 1036557 1033897 975905 921940 993856 966242 951049 913692 1004902 970375 985542 957952 1047587 978533 942765 999234 1042183 1010416 957876 938600 1089049 1017313 1029736 949670 935738 1054452 1007584 978617 1053159 996560 1032422 1028319 1064275 1033861 973129 1026902 1026994 1047629 984189 985412 1033847 963438 946850 1022813 966134 996480 1083449 981427 966222 1032360 1042129 990994 1040644 1032476 1071090 1048930 1000759 1064117 1049086 944144 901339 1006171 995103 1061357 1014437 1040736 1042025 1021464 1035278 1022829 920571 985548 986819 934403 997997 977190 1090470 986951 1014519 1029636 1051772 935726 964857 967619 1000759 1000731 1024174 915151 1058753 960718 1026994 977282 1010380 915025 986949 996604 1003509 1032360 1011747 1068260]
Response/bytes (per Connection):  [1144903 1104514 1213363 1124717 1098304 1141870 1143395 1109126 1129423 1163579 1193145 1078080 1143426 1191619 1042254 1064034 1062466 1068744 1045348 1123129 1040688 1143399 1158911 1134012 1207213 1053145 1070300 1057853 1109193 1071854 1129422 1120059 1087338 1045343 1095189 1120008 1096732 1032914 1171432 1148094 1151206 1197816 1149577 1081190 1124755 1031398 1068742 1138679 1148081 1166764 1107596 1034514 1120088 1158963 1169797 1090446 1115350 1205584 1208719 1043789 1138758 1099861 1064038 1099822 1162097 1168321 1190086 1185390 1179211 1053183 1154246 1023623 1140293 1087415 1082745 1190092 1165209 1109196 1098226 1137172 1095113 1151205 1115419 1137158 1082748 1078003 1127819 1146487 1179211 1132529 1138680 1034494 1152761 1202472 1071847 1096705 1082746 1232075 1154317 1070229 1140291 1095193 1082745 1109147 1158985 1154270 1099861 1042283 1155873 1099809 1158985 1148014 1171398 1112307 1073387 1102972 1124721 1176082 1160541 1138758 1137202 1160513 1084275 1113816 1118531 1207139 1045404 1118507 1099803 1084303 1085849 1039120 1160541 1152683 1146533 1101393 1118488 1138706 1286489 1057780 1155873 1155873 1130979 1185356 1149647 1082745 1124726 1171433 1185391 1026674 1155819 1129343 1176021 1144943 1045335 1158985 1213362 1190091 1106077 1143417 1180767 1179212 1137123 1081151 1138758 1115344 1036023 1124755 1140238 1112293 1134090 1141869 1160503 1048471 1042294 1051555 1152705 1060965 1037589 1149575 1073403 1162068 1107640 1116975 1194692 1129411 1185373 1127832 1188483 1123158 1064000 1060922 1151196 1211850 1043790 1172965 1146531 1062497 1171413 1040678 1168269 1165208 1099861 1039124 1120088 1088971 1071854 1029807 1132535 1093634 1110738 1079633 1180708 1102906 1062519 1126239 1174544 1138754 1079595 1057840 1227404 1146530 1160531 1070299 1054678 1188468 1135607 1102948 1186956 1123171 1163605 1158957 1199438 1165190 1096742 1157383 1157429 1180729 1109196 1110673 1165183 1085838 1067158 1152742 1088917 1123131 1221142 1106084 1088961 1163574 1174517 1116926 1172909 1163632 1207173 1182245 1127867 1199359 1182323 1064074 1015841 1134035 1121577 1196248 1143361 1172955 1174465 1151202 1166764 1152750 1037574 1110741 1112242 1053145 1124755 1101369 1228980 1112308 1143402 1160481 1185397 1054672 1087413 1090525 1127867 1127853 1154288 1031402 1193215 1082747 1157429 1101415 1138736 1031339 1112307 1123193 1130973 1163574 1140285 1204027]
Requests Number (per Connection):  [736 710 780 723 706 734 735 713 726 748 767 693 735 766 670 684 683 687 672 722 669 735 745 729 776 677 688 680 713 689 726 720 699 672 704 720 705 664 753 738 740 770 739 695 723 663 687 732 738 750 712 665 720 745 752 701 717 775 777 671 732 707 684 707 747 751 765 762 758 677 742 658 733 699 696 765 749 713 706 731 704 740 717 731 696 693 725 737 758 728 732 665 741 773 689 705 696 792 742 688 733 704 696 713 745 742 707 670 743 707 745 738 753 715 690 709 723 756 746 732 731 746 697 716 719 776 672 719 707 697 698 668 746 741 737 708 719 732 827 680 743 743 727 762 739 696 723 753 762 660 743 726 756 736 672 745 780 765 711 735 759 758 731 695 732 717 666 723 733 715 729 734 746 674 670 676 741 682 667 739 690 747 712 718 768 726 762 725 764 722 684 682 740 779 671 754 737 683 753 669 751 749 707 668 720 700 689 662 728 703 714 694 759 709 683 724 755 732 694 680 789 737 746 688 678 764 730 709 763 722 748 745 771 749 705 744 744 759 713 714 749 698 686 741 700 722 785 711 700 748 755 718 754 748 776 760 725 771 760 684 653 729 721 769 735 754 755 740 750 741 667 714 715 677 723 708 790 715 735 746 762 678 699 701 725 725 742 663 767 696 744 708 732 663 715 722 727 748 733 774]
Requests/sec:  4873.68505859375 KB
Transfer/sec:  10366.5708984375 KB

