2023-12-05 00:30:44.864088528 +0800 CST m=+35745.707672718
Running 1m0s myx-test @ https://192.168.12.127:6443/api/v1/namespaces/myx-test/replicationcontrollers
3 connections
Requests/bytes (per Connection):  [14832632 13390104 12998890]
Response/bytes (per Connection):  [20061025 18110043 17580910]
Requests Number (per Connection):  [9933 8967 8705]
Requests/sec:  670.92490234375 KB
Transfer/sec:  1578.3464192708334 KB

2023-12-05 00:32:25.31037619 +0800 CST m=+35846.153960377
Running 1m0s myx-test @ https://192.168.12.127:6443/api/v1/namespaces/myx-test/replicationcontrollers
6 connections
Requests/bytes (per Connection):  [12144696 10667866 12141768 10926292 10944100 10636500]
Response/bytes (per Connection):  [16425657 14428245 16421647 14777687 14801867 14385829]
Requests Number (per Connection):  [8133 7144 8131 7317 7329 7123]
Requests/sec:  1098.00166015625 KB
Transfer/sec:  2583.04287109375 KB

2023-12-05 00:34:06.097976989 +0800 CST m=+35946.941561159
Running 1m0s myx-test @ https://192.168.12.127:6443/api/v1/namespaces/myx-test/replicationcontrollers
9 connections
Requests/bytes (per Connection):  [9503180 8175672 8602656 8178660 9501690 8607224 8186130 9594302 8616128]
Response/bytes (per Connection):  [12852962 11057511 11635081 11061551 12850944 11641184 11071651 12976176 11653274]
Requests Number (per Connection):  [6364 5475 5761 5477 6363 5764 5482 6425 5770]
Requests/sec:  1285.2480794270834 KB
Transfer/sec:  3023.534765625 KB

2023-12-05 00:35:46.149026431 +0800 CST m=+36046.992610608
Running 1m0s myx-test @ https://192.168.12.127:6443/api/v1/namespaces/myx-test/replicationcontrollers
15 connections
Requests/bytes (per Connection):  [5859552 7005016 6150720 6213502 6976632 6262756 5908816 5871542 6870570 6334460 5855110 5867020 6940622 6291140 6957056]
Response/bytes (per Connection):  [7925028 9474151 8318847 8403704 9435772 8470340 7991669 7941207 9292358 8567296 7918988 7935127 9387215 8508719 9409435]
Requests Number (per Connection):  [3924 4691 4119 4161 4672 4194 3957 3932 4601 4242 3921 3929 4648 4213 4659]
Requests/sec:  1552.1568033854167 KB
Transfer/sec:  3651.4383138020835 KB

2023-12-05 00:37:26.42237054 +0800 CST m=+36147.265954728
Running 1m0s myx-test @ https://192.168.12.127:6443/api/v1/namespaces/myx-test/replicationcontrollers
30 connections
Requests/bytes (per Connection):  [4487268 4269332 4911348 4157298 4121450 4969552 4621608 4196064 4921804 4630604 4938222 4600648 4944212 4905374 4656058 4187058 4205020 4845624 4920310 4544034 4497724 4142362 4891928 4957656 4593330 4570922 4134894 4093066 4133324 4587356]
Response/bytes (per Connection):  [6068999 5774173 6642571 5622681 5574205 6721320 6250739 5675162 6656710 6262875 6678922 6222437 6687009 6634492 6297243 5663021 5687278 6553697 6654690 6145756 6083138 5602483 6616312 6705188 6212413 6182114 5592384 5535826 5590326 6204334]
Requests Number (per Connection):  [3005 2859 3289 2784 2760 3328 3095 2810 3296 3101 3307 3081 3311 3285 3118 2804 2816 3245 3295 3043 3012 2774 3276 3320 3076 3061 2769 2741 2768 3072]
Requests/sec:  2223.88427734375 KB
Transfer/sec:  5231.672330729167 KB

2023-12-05 00:39:06.481632612 +0800 CST m=+36247.325216781
Running 1m0s myx-test @ https://192.168.12.127:6443/api/v1/namespaces/myx-test/replicationcontrollers
60 connections
Requests/bytes (per Connection):  [3025466 2722238 3032794 3103000 3159734 2758088 3156744 3204576 2765560 2713276 2716262 3265694 2743150 3195608 3046234 2798418 3055192 3192622 3070192 3179182 3008886 3162718 3177632 2749122 3091046 3040384 3214928 2743152 3158266 3056794 2753604 3237390 3137354 3070220 2758090 3023928 3192620 2767052 3122416 3019346 2746128 3215028 3071712 3104490 3156774 3180614 3094032 2753604 2743150 3211942 3061168 3129884 3034366 3165736 2756592 2720744 2743152 2765548 3189564 2740164]
Response/bytes (per Connection):  [4091831 3681798 4101860 4196794 4273535 3730275 4269494 4334146 3740376 3669679 3673718 4416898 3710076 4322024 4120037 3784811 4132154 4317985 4152384 4299808 4069538 4277573 4297760 3718154 4180633 4112020 4348233 3710077 4271528 4134228 3724214 4378559 4243250 4152398 3730276 4089789 4317984 3742395 4223051 4083679 3714111 4348283 4154417 4198812 4269509 4301797 4184672 3724214 3710076 4344194 4140234 4233150 4103919 4281628 3728254 3679778 3710077 3740370 4313910 3706037]
Requests Number (per Connection):  [2026 1823 2031 2078 2116 1847 2114 2146 1852 1817 1819 2187 1837 2140 2040 1874 2046 2138 2056 2129 2015 2118 2128 1841 2070 2036 2153 1837 2115 2047 1844 2168 2101 2056 1847 2025 2138 1853 2091 2022 1839 2153 2057 2079 2114 2130 2072 1844 1837 2151 2050 2096 2032 2120 1846 1822 1837 1852 2136 1835]
Requests/sec:  2929.2540690104165 KB
Transfer/sec:  6891.045475260416 KB

2023-12-05 00:40:46.645069063 +0800 CST m=+36347.488653255
Running 1m0s myx-test @ https://192.168.12.127:6443/api/v1/namespaces/myx-test/replicationcontrollers
90 connections
Requests/bytes (per Connection):  [2371356 2139920 2148896 2304134 2438416 2154798 2365236 2133890 2353342 2162306 2334006 2380156 2162222 2335420 2396746 2151842 2372846 2366874 2308610 2326536 2386290 2387784 2150358 2150270 2331024 2334012 2314494 2335490 2135420 2365366 2332512 2120394 2408698 2132346 2181644 2389150 2351858 2145788 2384672 2408694 2380260 2132450 2160726 2402670 2325048 2398242 2096498 2323546 2368366 2162222 2395254 2490858 2390614 2399730 2339850 2405710 2120476 2368322 2377330 2408634 2132370 2389190 2329476 2323498 2177224 2142802 2362388 2117514 2386294 2136968 2126410 2351932 2446038 2390772 2310108 2299572 2396714 2413086 2148776 2196636 2387784 2148780 2395254 2350394 2180150 2414536 2289196 2162264 2350412 2289196]
Response/bytes (per Connection):  [3207202 2894169 2906295 3116306 3298017 2914338 3199050 2886062 3182919 2924457 3156702 3219240 2924415 3158682 3241538 2910314 3209220 3201142 3122363 3146602 3227399 3229419 2908299 2908255 3152665 3156705 3130397 3158717 2888100 3199115 3154682 2867857 3257698 2884017 2950675 3231375 3180904 2902195 3225317 3257696 3219292 2884069 2922394 3249592 3144585 3243559 2835541 3142561 3203161 2924415 3239519 3368793 3233380 3245576 3164716 3253658 2867898 3203139 3215281 3257666 2884029 3231395 3150618 3142537 2944646 2898156 3195080 2863871 3227401 2890147 2875957 3180941 3308193 3233459 3124385 3110206 3241522 3263711 2906235 2970901 3229419 2906237 3239519 3178899 2948655 3265709 3096107 2924436 3178908 3096107]
Requests Number (per Connection):  [1588 1433 1439 1543 1633 1443 1584 1429 1576 1448 1563 1594 1448 1564 1605 1441 1589 1585 1546 1558 1598 1599 1440 1440 1561 1563 1550 1564 1430 1584 1562 1420 1613 1428 1461 1600 1575 1437 1597 1613 1594 1428 1447 1609 1557 1606 1404 1556 1586 1448 1604 1668 1601 1607 1567 1611 1420 1586 1592 1613 1428 1600 1560 1556 1458 1435 1582 1418 1598 1431 1424 1575 1638 1601 1547 1540 1605 1616 1439 1471 1599 1439 1604 1574 1460 1617 1533 1448 1574 1533]
Requests/sec:  3360.1294921875 KB
Transfer/sec:  7904.672151692708 KB

2023-12-05 00:42:26.715099803 +0800 CST m=+36447.558683967
Running 1m0s myx-test @ https://192.168.12.127:6443/api/v1/namespaces/myx-test/replicationcontrollers
150 connections
Requests/bytes (per Connection):  [1563426 1621650 1481362 1614264 1582902 1478284 1630608 1467928 1546938 1491696 1629102 1455978 1635172 1491760 1597884 1505110 1415644 1548526 1543976 1593386 1497798 1442458 1587398 1553062 1554432 1550040 1621786 1497718 1594898 1460456 1487300 1594890 1661962 1445430 1597728 1521596 1596272 1594740 1645530 1579960 1555976 1632174 1503688 1500788 1597874 1624700 1596234 1617148 1533568 1472404 1561982 1499294 1526024 1430472 1605270 1572332 1530536 1512670 1602210 1629098 1660464 1614160 1688850 1585776 1614158 1611330 1503616 1639636 1533652 1527518 1526060 1632086 1636596 1517188 1638060 1491768 1573984 1524624 1600798 1561972 1526174 1682908 1656018 1472404 1523066 1624722 1469406 1448398 1502170 1644032 1693380 1464936 1490208 1602210 1518576 1676896 1535144 1575322 1709764 1602244 1529164 1635208 1627740 1627762 1590258 1617304 1454480 1639604 1627602 1673910 1608342 1511242 1641048 1593394 1706776 1664944 1596234 1661962 1545602 1579858 1666438 1579918 1630750 1648656 1587272 1496282 1500664 1675434 1511232 1606744 1606806 1642538 1579834 1499154 1617146 1573944 1667938 1585834 1578450 1585890 1564864 1539616 1502280 1630724 1533652 1559046 1630590 1547096 1554556 1612824]
Response/bytes (per Connection):  [2114544 2193303 2003497 2183245 2140831 1999412 2205420 1985323 2092297 2017575 2203394 1969164 2211521 2017607 2161052 2035739 1914626 2094364 2088270 2154984 2025718 1950947 2146898 2100451 2102409 2096394 2193371 2025678 2157013 1975222 2011558 2157009 2247830 1954979 2160974 2057985 2158973 2156934 2225611 2136814 2104454 2207476 2033755 2029759 2161047 2197374 2158954 2187233 2074155 1991380 2112549 2027739 2064018 1934770 2171110 2126635 2070093 2045884 2167034 2203392 2245808 2183193 2284188 2144814 2183192 2179232 2033719 2217572 2074197 2066038 2064036 2207432 2213506 2051962 2215511 2017611 2128734 2062045 2165055 2112544 2064093 2276125 2239766 1991380 2059993 2197385 1987335 1959009 2031723 2223589 2290272 1981281 2015558 2167034 2053929 2268027 2076216 2130676 2312467 2167051 2068134 2211539 2201440 2201451 2150874 2187311 1967142 2217556 2201371 2263988 2175192 2043897 2219551 2154988 2308427 2251867 2158954 2247830 2090356 2136763 2253887 2136793 2205491 2229720 2146835 2023687 2029697 2266023 2043892 2173120 2173151 2221569 2136751 2027669 2187232 2128714 2255910 2144843 2134786 2144871 2116536 2082271 2031778 2205478 2074197 2108535 2205411 2092376 2102471 2181252]
Requests Number (per Connection):  [1047 1086 992 1081 1060 990 1092 983 1036 999 1091 975 1095 999 1070 1008 948 1037 1034 1067 1003 966 1063 1040 1041 1038 1086 1003 1068 978 996 1068 1113 968 1070 1019 1069 1068 1102 1058 1042 1093 1007 1005 1070 1088 1069 1083 1027 986 1046 1004 1022 958 1075 1053 1025 1013 1073 1091 1112 1081 1131 1062 1081 1079 1007 1098 1027 1023 1022 1093 1096 1016 1097 999 1054 1021 1072 1046 1022 1127 1109 986 1020 1088 984 970 1006 1101 1134 981 998 1073 1017 1123 1028 1055 1145 1073 1024 1095 1090 1090 1065 1083 974 1098 1090 1121 1077 1012 1099 1067 1143 1115 1069 1113 1035 1058 1116 1058 1092 1104 1063 1002 1005 1122 1012 1076 1076 1100 1058 1004 1083 1054 1117 1062 1057 1062 1048 1031 1006 1092 1027 1044 1092 1036 1041 1080]
Requests/sec:  3838.4500651041667 KB
Transfer/sec:  9029.93154296875 KB

2023-12-05 00:44:06.83331431 +0800 CST m=+36547.676898476
Running 1m0s myx-test @ https://192.168.12.127:6443/api/v1/namespaces/myx-test/replicationcontrollers
300 connections
Requests/bytes (per Connection):  [1012478 1033392 1013968 1046832 1058624 951232 898948 999034 1036292 924344 1051300 996004 919862 976596 927290 994550 1021364 949738 998896 922850 928824 1057246 964672 1010980 976518 1054290 972044 1036246 976622 1036374 993054 964596 1003512 1013972 1034816 928824 933306 1030254 925836 972114 951232 1055658 943762 1064618 1036320 955682 970648 988576 988536 954220 998900 1037772 1019866 939242 1069086 1061770 1069090 1055732 1001922 978116 970636 991562 992968 960194 1007978 1033334 934796 969110 1073614 988572 918368 915380 1051312 919862 988576 1078172 1016896 921352 948244 991532 897454 1018454 981104 913886 1049744 931812 1084032 1094634 933306 1030352 1028846 985590 957142 1034784 915354 972142 1060276 948244 967578 1030244 1051284 966168 1058782 1085520 998896 982570 952722 931812 1040856 1054302 897454 924328 970648 1039350 903428 904924 1058782 1045180 991510 1030398 1021324 934788 1094602 933268 945190 978020 1034886 1022932 939222 1045338 966110 1064758 991522 1042236 1018448 991480 1045338 943762 961650 978096 952724 987046 946718 1033314 976622 954220 910900 1061678 997460 1036334 984094 1027374 969158 973638 1034882 894466 1037874 1040738 1087066 1072226 985584 1057250 930314 1019808 1005008 1073562 966166 922850 1058750 1009348 1069208 946750 994552 945256 1087164 1010866 948176 955708 1049824 919862 996046 972146 1085672 940774 970552 989964 1037794 1031898 969152 1104934 982500 921356 942250 1081050 1078202 975064 955640 1058784 1093118 934798 964606 943762 982598 1010968 942268 946750 993058 937730 1024378 1085670 1006486 1139292 955714 1002022 991542 907894 1031892 958616 942268 910898 1024424 1051270 913886 1018398 1048168 948174 1066122 960164 1073720 1045224 946682 948194 1006364 1027408 1015458 1066250 955662 969098 924342 1046832 1021440 961686 981108 945256 1061616 982488 1069164 1048326 966168 1034886 916874 973620 960194 1036374 983978 958672 1073720 921322 1031856 930318 1018348 945256 952650 1034866 1025924 1015308 1036380 991486 972146 1000464 970622 976626 988574 1072070 937788 961688 934800 981104 939222 946746 1016960 1042224 1063264 1075180 937782 1100452 987078 987084 1021404 979614 981052 951232 1043730 979542 978082 1058634 1054142 1075122 1036298 1031892]
Response/bytes (per Connection):  [1369333 1397612 1371351 1415789 1431869 1286517 1215820 1351154 1401608 1250159 1421842 1347093 1244099 1320840 1254178 1345093 1381414 1284497 1351085 1248139 1256218 1429907 1304694 1367311 1320801 1425883 1314745 1401585 1320853 1401649 1343072 1304656 1357212 1371353 1399597 1256218 1262278 1393497 1252178 1314780 1286517 1427840 1276417 1439958 1401622 1292561 1312774 1337014 1336994 1290557 1351087 1403621 1379392 1270338 1446011 1435988 1446013 1427877 1355144 1322873 1312768 1341053 1343029 1298636 1363264 1397583 1264296 1310732 1452094 1337012 1242079 1238039 1421848 1244099 1337014 1458192 1375361 1246117 1282477 1341038 1213800 1377413 1326913 1236019 1419791 1260258 1466214 1480426 1262278 1393546 1391520 1332975 1294564 1399581 1238026 1314794 1433968 1282477 1308693 1393492 1421834 1306715 1431948 1468231 1351085 1328919 1288535 1260258 1407709 1425889 1213800 1250151 1312774 1405683 1221879 1223900 1431948 1413690 1341027 1393569 1381394 1264292 1480410 1262259 1278404 1322825 1399632 1383471 1270328 1413769 1306686 1440028 1341033 1409672 1377410 1341012 1413769 1276417 1300637 1322863 1288536 1334976 1280441 1397573 1320853 1290557 1231980 1435942 1349094 1401629 1330954 1389511 1310756 1316815 1399630 1209760 1403672 1407650 1470277 1450127 1332972 1429909 1258236 1379363 1359233 1452068 1306714 1248139 1431932 1365222 1446072 1280457 1345094 1278437 1470326 1367254 1282443 1292574 1419831 1244099 1347114 1314796 1468307 1272377 1312726 1338981 1403632 1395592 1310753 1494487 1328884 1246119 1274388 1462177 1458207 1318801 1292540 1431949 1478395 1264297 1304661 1276417 1328933 1367305 1274397 1280457 1343074 1268309 1385467 1468306 1361245 1540945 1292577 1355194 1341043 1227931 1395589 1296574 1274397 1231979 1385490 1421827 1236019 1377385 1417730 1282442 1441983 1298621 1452147 1413712 1280423 1282452 1361184 1389528 1373369 1442047 1292551 1310726 1250158 1415789 1381452 1300655 1326915 1278437 1435911 1328878 1446050 1417809 1306715 1399632 1240059 1316806 1298636 1401649 1330896 1296602 1452147 1246102 1395571 1258238 1377360 1278437 1288499 1399622 1387513 1373294 1401652 1341015 1314796 1353142 1312761 1320855 1337013 1450049 1268338 1300656 1264298 1326913 1270328 1280455 1375393 1409666 1438008 1454150 1268335 1488427 1334992 1334995 1381434 1324895 1326887 1286517 1411692 1324859 1322856 1431874 1425809 1454121 1401611 1395589]
Requests Number (per Connection):  [678 692 679 701 709 637 602 669 694 619 704 667 616 654 621 666 684 636 669 618 622 708 646 677 654 706 651 694 654 694 665 646 672 679 693 622 625 690 620 651 637 707 632 713 694 640 650 662 662 639 669 695 683 629 716 711 716 707 671 655 650 664 665 643 675 692 626 649 719 662 615 613 704 616 662 722 681 617 635 664 601 682 657 612 703 624 726 733 625 690 689 660 641 693 613 651 710 635 648 690 704 647 709 727 669 658 638 624 697 706 601 619 650 696 605 606 709 700 664 690 684 626 733 625 633 655 693 685 629 700 647 713 664 698 682 664 700 632 644 655 638 661 634 692 654 639 610 711 668 694 659 688 649 652 693 599 695 697 728 718 660 708 623 683 673 719 647 618 709 676 716 634 666 633 728 677 635 640 703 616 667 651 727 630 650 663 695 691 649 740 658 617 631 724 722 653 640 709 732 626 646 632 658 677 631 634 665 628 686 727 674 763 640 671 664 608 691 642 631 610 686 704 612 682 702 635 714 643 719 700 634 635 674 688 680 714 640 649 619 701 684 644 657 633 711 658 716 702 647 693 614 652 643 694 659 642 719 617 691 623 682 633 638 693 687 680 694 664 651 670 650 654 662 718 628 644 626 657 629 634 681 698 712 720 628 737 661 661 684 656 657 637 699 656 655 709 706 720 694 691]
Requests/sec:  4863.1208984375 KB
Transfer/sec:  11440.467740885417 KB

