2023-12-05 13:49:27.350952949 +0800 CST m=+5317.858260813
Running 1m0s myx-test @ https://192.168.12.127:6443/apis/apps/v1/namespaces/myx-test/replicasets
3 connections
Requests/bytes (per Connection):  [18840618 19113586 20782078]
Response/bytes (per Connection):  [25230807 25596321 27830745]
Requests Number (per Connection):  [12771 12956 14087]
Requests/sec:  955.9941731770833 KB
Transfer/sec:  2236.2329915364585 KB

2023-12-05 13:51:07.420774552 +0800 CST m=+5417.928082419
Running 1m0s myx-test @ https://192.168.12.127:6443/apis/apps/v1/namespaces/myx-test/replicasets
6 connections
Requests/bytes (per Connection):  [16580540 16789998 16617430 16958182 19172458 19122356]
Response/bytes (per Connection):  [22204152 22484677 22253547 22709901 25675277 25608134]
Requests Number (per Connection):  [11239 11381 11264 11495 12996 12962]
Requests/sec:  1712.9063151041667 KB
Transfer/sec:  4006.7814453125 KB

2023-12-05 13:52:47.477583044 +0800 CST m=+5517.984890904
Running 1m0s myx-test @ https://192.168.12.127:6443/apis/apps/v1/namespaces/myx-test/replicasets
9 connections
Requests/bytes (per Connection):  [14274722 14968030 16527426 14939990 14296860 16682268 14270290 14835364 16499354]
Response/bytes (per Connection):  [19116249 20044763 22133027 20007221 19145888 22340438 19110319 19867010 22095469]
Requests Number (per Connection):  [9676 10146 11203 10127 9691 11308 9673 10056 11184]
Requests/sec:  2234.6078125 KB
Transfer/sec:  5227.127083333334 KB

2023-12-05 13:54:27.843788969 +0800 CST m=+5618.351096830
Running 1m0s myx-test @ https://192.168.12.127:6443/apis/apps/v1/namespaces/myx-test/replicasets
15 connections
Requests/bytes (per Connection):  [10679478 10524648 11889150 11729838 11737146 9900572 9915172 11881776 10586506 9903478 10574694 10608638 9916806 9862206 11933448]
Response/bytes (per Connection):  [14301621 14094216 15921617 15708257 15718101 13258504 13278184 15911740 14177141 13262433 14161331 14206777 13280239 13207133 15980906]
Requests Number (per Connection):  [7239 7134 8059 7951 7956 6711 6721 8054 7176 6713 7168 7191 6722 6685 8089]
Requests/sec:  2630.9172526041666 KB
Transfer/sec:  6154.1626953125 KB

2023-12-05 13:56:07.907607726 +0800 CST m=+5718.414915583
Running 1m0s myx-test @ https://192.168.12.127:6443/apis/apps/v1/namespaces/myx-test/replicasets
30 connections
Requests/bytes (per Connection):  [7044434 8136138 7010440 8053458 8125686 8200958 7876452 7156520 8190760 7898552 7076852 8156764 7841000 8023956 7917762 8053400 7013392 6944040 7886746 7897076 7811528 7066522 8173042 7062094 7857270 8110920 7122594 7928070 7844074 7023788]
Response/bytes (per Connection):  [9433667 10895639 9388196 10784971 10881747 10982521 10547908 9583798 10968756 10577528 9477112 10923284 10500470 10745460 10603227 10784942 9392148 9299286 10561721 10575552 10460974 9463281 10945041 9457353 10522223 10861984 9538361 10617047 10504483 9406012]
Requests Number (per Connection):  [4775 5515 4752 5459 5508 5559 5339 4851 5552 5354 4797 5529 5315 5439 5367 5459 4754 4707 5346 5353 5295 4790 5540 4787 5326 5498 4828 5374 5317 4761]
Requests/sec:  3751.6973958333333 KB
Transfer/sec:  8775.8623046875 KB

2023-12-05 13:57:47.97230051 +0800 CST m=+5818.479608368
Running 1m0s myx-test @ https://192.168.12.127:6443/apis/apps/v1/namespaces/myx-test/replicasets
60 connections
Requests/bytes (per Connection):  [5384694 5029240 4996776 5582508 5538232 5035070 4987918 5014414 5583862 5572018 5510034 5023338 5519048 5462930 5013006 5036620 5067464 5085322 5521934 5557304 5477704 5449684 5038094 5510190 5645852 5451164 5586904 5660564 5510152 5439258 5518916 4993824 5620720 4951026 5021784 5414234 4967216 5459868 5558894 5572018 5552934 5036598 5650372 5476170 5446636 5033580 5483610 5548526 5020386 5576592 5560370 5511508 5614860 5616294 4955452 5465882 5550040 5545512 5041032 5572018]
Response/bytes (per Connection):  [7211047 6734962 6691494 7475846 7416568 6742829 6679637 6715169 7477761 7461935 7378947 6727059 7390882 7315779 6713227 6744842 6786262 6810047 7394801 7442198 7335546 7298014 6746817 7379025 7560752 7299992 7481758 7580488 7379006 7284135 7390816 6687542 7527140 6630241 6725044 7250577 6651954 7311772 7444231 7461935 7436299 6744831 7566726 7333541 7294014 6740846 7343451 7430381 6723107 7467936 7446207 7380922 7519258 7521213 6636168 7319731 7432376 7426398 6750762 7461935]
Requests Number (per Connection):  [3650 3409 3387 3784 3754 3413 3381 3399 3785 3777 3735 3405 3741 3703 3398 3414 3435 3447 3743 3767 3713 3694 3415 3735 3827 3695 3787 3837 3735 3687 3741 3385 3810 3356 3404 3670 3367 3701 3768 3777 3764 3414 3830 3712 3692 3412 3717 3761 3403 3780 3769 3736 3806 3807 3359 3705 3762 3759 3417 3777]
Requests/sec:  5234.83349609375 KB
Transfer/sec:  12245.155419921875 KB

2023-12-05 13:59:28.036989802 +0800 CST m=+5918.544297666
Running 1m0s myx-test @ https://192.168.12.127:6443/apis/apps/v1/namespaces/myx-test/replicasets
90 connections
Requests/bytes (per Connection):  [3390182 3789890 3416674 3707404 3688156 3365180 3826810 3432936 3753154 3410772 3655754 3671988 3769388 3430104 3832692 3664552 3369588 3419626 3660152 3853352 3831210 3810554 3396126 3859312 3366498 3781086 3412248 3360752 3691076 3643844 3745714 3722044 3419626 3785560 3692646 3347312 3820984 3645340 3621810 3835658 3374034 3382768 3379884 3809120 3689672 3415358 3711778 3677882 3422726 3854898 3745774 3683796 3388654 3794320 3438934 3817932 3682314 3481686 3729452 3388750 3674936 3879916 3783988 3823834 3859288 3828420 3816456 3726590 3788444 3831218 3735286 3431552 3645418 3370926 3708880 3593768 3341508 3825444 3756004 3651322 3676374 3707404 3733842 3354718 3419626 3400440 3818090 3413802 3694122 3654278]
Response/bytes (per Connection):  [4540015 5075367 4575545 4964796 4939078 4506468 5124777 4597294 5026049 4567642 4895641 4917376 5047784 4593402 5132670 4907468 4512386 4579497 4901554 5160332 5130691 5103031 4547939 5168264 4508365 5063537 4569618 4500540 4943014 4879782 5016139 4984496 4579497 5069488 4945037 4482678 5116912 4881768 4850195 5136629 4518323 4530118 4526200 5101076 4941074 4573649 4970697 4925275 4583523 5162343 5016169 4933184 4538013 5081296 4605245 5112910 4931205 4662523 4994390 4538061 4921326 5195898 5067464 5120813 5168252 5126820 5110934 4990483 5073406 5130695 5002259 4595364 4881807 4514293 4966772 4812652 4474824 5122856 5029950 4889711 4923283 4964796 5000299 4492571 4579497 4553810 5112989 4571633 4947013 4893665]
Requests Number (per Connection):  [2298 2569 2316 2513 2500 2281 2594 2327 2544 2312 2478 2489 2555 2325 2598 2484 2284 2318 2481 2612 2597 2583 2302 2616 2282 2563 2313 2278 2502 2470 2539 2523 2318 2566 2503 2269 2590 2471 2455 2600 2287 2293 2291 2582 2501 2315 2516 2493 2320 2613 2539 2497 2297 2572 2331 2588 2496 2360 2528 2297 2491 2630 2565 2592 2616 2595 2587 2526 2568 2597 2532 2326 2471 2285 2514 2436 2265 2593 2546 2475 2492 2513 2531 2274 2318 2305 2588 2314 2504 2477]
Requests/sec:  5317.6005859375 KB
Transfer/sec:  12438.76220703125 KB

2023-12-05 14:01:08.33124353 +0800 CST m=+6018.838551386
Running 1m0s myx-test @ https://192.168.12.127:6443/apis/apps/v1/namespaces/myx-test/replicasets
150 connections
Requests/bytes (per Connection):  [2779446 2531510 2587658 2301392 2586116 2814706 2325062 2761738 2342768 2795680 2310300 2802964 2254166 2786794 2562606 2633358 2558076 2775018 2592096 2593496 2322110 2550714 2357492 2789776 2488716 2499110 2534464 2795674 2562604 2547746 2763210 2373620 2780810 2788246 2810316 2571462 2345720 2808900 2732210 2795536 2360386 2566978 2525632 2525704 2761734 2285214 2581690 2323586 2509378 2805960 2320576 2569882 2381140 2294070 2289586 2333918 2605332 2590548 2538890 2382594 2335336 2357450 2587594 2769074 2375110 2783802 2260062 2369174 2839906 2763082 2775018 2822244 2357526 2348622 2566936 2869350 2597924 2797154 2569882 2794206 2621536 2865042 2509394 2373728 2282264 2854600 2757170 2319018 2338194 2767580 2572838 2351524 2328014 2361854 2555124 2556692 2785344 2796998 2347200 2531650 2599398 2806008 2329370 2553648 2308828 2751370 2814864 2804418 2798632 2308708 2348648 2830940 2532992 2563984 2322110 2329486 2345720 2484290 2773484 2822134 2589068 2580214 2333900 2336848 2370808 2555264 2749930 2391462 2534462 2326538 2612682 2348550 2370808 2605302 2367850 2789780 2367858 2823718 2811856 2826524 2494752 2572836 2571400 2384092 2323504 2544832 2850236 2780782 2562508 2817726]
Response/bytes (per Connection):  [3722115 3390163 3465281 3081976 3463272 3769457 3113619 3698405 3137328 3743850 3093858 3753682 3018747 3731979 3431709 3526509 3425730 3716187 3471214 3473152 3109667 3415859 3157070 3735946 3332864 3346727 3394116 3743847 3431708 3411899 3700379 3178752 3724035 3733943 3763548 3443565 3141280 3761602 3658881 3743778 3160993 3437609 3382272 3382308 3698403 3060269 3457345 3111643 3360527 3757656 3107662 3441537 3188702 3072125 3066169 3125475 3488974 3469202 3400043 3190667 3127422 3157049 3465249 3708263 3180735 3728007 3026647 3172815 3803103 3700315 3716187 3779416 3157087 3145207 3437588 3842585 3479080 3745825 3441537 3741875 3510694 3836717 3360535 3178806 3056318 3822830 3692407 3105645 3131327 3706278 3445491 3149134 3117571 3162965 3421778 3423800 3730016 3745747 3143258 3390233 3481055 3757680 3119487 3419802 3091884 3684555 3769536 3755647 3747802 3091824 3145220 3791192 3392142 3433636 3109667 3119545 3141280 3326937 3714182 3779361 3467224 3455369 3125466 3129416 3174870 3421848 3682597 3202529 3394115 3115595 3498839 3145171 3174870 3488959 3170915 3735948 3170919 3781391 3765556 3785270 3340834 3445490 3443534 3192654 3111602 3407966 3816934 3724021 3431660 3773443]
Requests Number (per Connection):  [1884 1716 1754 1560 1753 1908 1576 1872 1588 1895 1566 1900 1528 1889 1737 1785 1734 1881 1757 1758 1574 1729 1598 1891 1687 1694 1718 1895 1737 1727 1873 1609 1885 1890 1905 1743 1590 1904 1852 1895 1600 1740 1712 1712 1872 1549 1750 1575 1701 1902 1573 1742 1614 1555 1552 1582 1766 1756 1721 1615 1583 1598 1754 1877 1610 1887 1532 1606 1925 1873 1881 1913 1598 1592 1740 1945 1761 1896 1742 1894 1777 1942 1701 1609 1547 1935 1869 1572 1585 1876 1744 1594 1578 1601 1732 1733 1888 1896 1591 1716 1762 1902 1579 1731 1565 1865 1908 1901 1897 1565 1592 1919 1717 1738 1574 1579 1590 1684 1880 1913 1755 1749 1582 1584 1607 1732 1864 1621 1718 1577 1771 1592 1607 1766 1605 1891 1605 1914 1906 1916 1691 1744 1743 1616 1575 1725 1932 1885 1737 1910]
Requests/sec:  6254.98896484375 KB
Transfer/sec:  14631.490608723958 KB

2023-12-05 14:02:48.442688942 +0800 CST m=+6118.949996802
Running 1m0s myx-test @ https://192.168.12.127:6443/apis/apps/v1/namespaces/myx-test/replicasets
300 connections
Requests/bytes (per Connection):  [1193550 1320360 1262804 1310030 1218530 1414814 1313002 1320362 1221522 1205326 1416174 1333644 1217158 1333644 1233292 1194920 1293796 1329216 1346900 1227384 1261418 1463354 1444178 1364618 1324788 1221482 1463512 1439898 1429430 1473788 1283464 1495980 1442760 1231896 1407434 1472366 1357256 1242258 1273208 1500396 1451690 1184586 1249522 1442844 1308554 1349878 1305604 1402998 1245098 1422188 1242146 1183122 1494504 1349860 1447208 1265840 1208350 1430988 1445806 1394148 1394148 1512190 1242146 1293796 1259856 1475318 1287892 1363112 1245094 1237714 1168444 1181796 1239224 1320362 1245098 1336584 1286422 1240678 1240786 1462036 1317424 1295272 1298264 1442850 1308558 1199454 1335120 1432524 1312982 1218528 1435352 1237756 1211152 1231904 1357256 1242246 1343974 1428018 1279038 1478174 1466422 1427980 1411858 1280514 1429568 1442718 1301210 1428092 1462038 1413304 1233416 1208202 1403006 1255424 1209678 1246570 1234768 1488494 1456132 1295274 1301174 1341024 1416290 1239312 1323312 1208208 1230418 1230352 1200976 1221534 1242142 1361684 1215582 1386774 1442850 1460522 1220120 1423668 1466466 1191964 1491496 1314458 1317408 1361684 1224436 1283468 1422146 1394132 1203776 1445708 1230336 1301210 1326264 1231816 1324788 1361684 1385298 1442850 1243662 1295272 1398574 1233378 1324788 1268706 1239196 1251000 1270262 1276086 1354304 1287892 1206728 1501772 1236348 1343974 1271658 1215682 1311506 1345424 1454526 1211154 1315934 1315950 1442850 1358732 1262804 1411770 1447228 1310034 1332168 1206886 1281992 1431048 1237746 1470878 1426572 1431014 1355750 1425144 1382344 1327740 1262804 1231812 1385294 1299700 1209710 1243658 1299700 1270182 1457500 1301190 1419238 1193444 1431040 1208328 1284958 1342498 1447152 1307106 1445678 1402998 1206726 1283484 1447282 1302684 1215596 1248046 1277562 1228864 1478214 1332168 1432518 1215586 1410274 1305604 1212668 1177344 1473842 1245094 1436842 1274654 1251044 1209818 1326264 1262838 1305632 1469300 1478124 1459084 1307078 1432524 1240786 1253948 1333634 1444330 1227506 1218534 1489918 1341024 1405958 1279080 1292322 1214106 1199506 1355782 1364586 1267232 1267232 1308580 1398578 1352828 1473842 1251060 1351348 1473704 1336594 1214140 1426486 1317408 1401530 1411858 1355742 1252502 1395628 1399956 1429544 1488586 1345426 1268710 1200824 1338070 1295272 1436952 1445792 1162452 1314458 1237800 1343952 1168354 1234862 1307106]
Response/bytes (per Connection):  [1598317 1768190 1691130 1754359 1631853 1894649 1758321 1768191 1635825 1614109 1896567 1785974 1629929 1785974 1651614 1600240 1732624 1780046 1803744 1643708 1689199 1959773 1934091 1827459 1774118 1635805 1959852 1928237 1914337 1973656 1718792 2003322 1932144 1649678 1884769 1971707 1817588 1663525 1704998 2009244 1944037 1586407 1673347 1932186 1752383 1807709 1748432 1878837 1667421 1904526 1663469 1584437 2001346 1807700 1938082 1695124 1618097 1916354 1936143 1866984 1866984 2025045 1663469 1732624 1687180 1975659 1724720 1825468 1667419 1657539 1564718 1582536 1659532 1768191 1667421 1789920 1722747 1661497 1661551 1957876 1764246 1734600 1738572 1932189 1752385 1606221 1787950 1918360 1758311 1631852 1922250 1657560 1621974 1649682 1817588 1663519 1799805 1912393 1712865 1979563 1963783 1912374 1890695 1714841 1914406 1932123 1742521 1912430 1957877 1892656 1651676 1618023 1878841 1681250 1619999 1669395 1653590 1993389 1949972 1734601 1742503 1795854 1896625 1659576 1772142 1618026 1647701 1647668 1608220 1635831 1663467 1823516 1627903 1857107 1932189 1955881 1633886 1906504 1963805 1596286 1997366 1760287 1764238 1823516 1639758 1718794 1904505 1866976 1612096 1936094 1647660 1742521 1776094 1649638 1774118 1823516 1855131 1932189 1665465 1734600 1872911 1651657 1774118 1699033 1659518 1675324 1701049 1708913 1813636 1724720 1616048 2011170 1655618 1799805 1702985 1627953 1756335 1801768 1947931 1621975 1762263 1762271 1932189 1819564 1691130 1890651 1938092 1754361 1783998 1616127 1716818 1916384 1657555 1969725 1910432 1916367 1815597 1908480 1851178 1778070 1691130 1649636 1855129 1740528 1620015 1665463 1740528 1701009 1951894 1742511 1900575 1598264 1916380 1618086 1720777 1797829 1938054 1750421 1936079 1878837 1616047 1718802 1938119 1744496 1627910 1671371 1710889 1645686 1979583 1783998 1918357 1627905 1888665 1748432 1623970 1576596 1973683 1667419 1924233 1706959 1675346 1620069 1776094 1691147 1748446 1967698 1979538 1953924 1750407 1918360 1661551 1679274 1785969 1934167 1643769 1631855 1995339 1795854 1882793 1712886 1730649 1625927 1606247 1815613 1827443 1697058 1697058 1752396 1872913 1811660 1973683 1675354 1809682 1973614 1789925 1625944 1910389 1764238 1876865 1890695 1815593 1677313 1868962 1874840 1914394 1993435 1801769 1699035 1608144 1791901 1734600 1924288 1936136 1556770 1760287 1657582 1799794 1564673 1653637 1750421]
Requests Number (per Connection):  [809 895 856 888 826 959 890 895 828 817 960 904 825 904 836 810 877 901 913 832 855 992 979 925 898 828 992 976 969 999 870 1014 978 835 954 998 920 842 863 1017 984 803 847 978 887 915 885 951 844 964 842 802 1013 915 981 858 819 970 980 945 945 1025 842 877 854 1000 873 924 844 839 792 801 840 895 844 906 872 841 841 991 893 878 880 978 887 813 905 971 890 826 973 839 821 835 920 842 911 968 867 1002 994 968 957 868 969 978 882 968 991 958 836 819 951 851 820 845 837 1009 987 878 882 909 960 840 897 819 834 834 814 828 842 923 824 940 978 990 827 965 994 808 1011 891 893 923 830 870 964 945 816 980 834 882 899 835 898 923 939 978 843 878 948 836 898 860 840 848 861 865 918 873 818 1018 838 911 862 824 889 912 986 821 892 892 978 921 856 957 981 888 903 818 869 970 839 997 967 970 919 966 937 900 856 835 939 881 820 843 881 861 988 882 962 809 970 819 871 910 981 886 980 951 818 870 981 883 824 846 866 833 1002 903 971 824 956 885 822 798 999 844 974 864 848 820 899 856 885 996 1002 989 886 971 841 850 904 979 832 826 1010 909 953 867 876 823 813 919 925 859 859 887 948 917 999 848 916 999 906 823 967 893 950 957 919 849 946 949 969 1009 912 860 814 907 878 974 980 788 891 839 911 792 837 886]
Requests/sec:  6478.646451822917 KB
Transfer/sec:  15154.651513671875 KB

