2023-12-05 01:55:28.94224422 +0800 CST m=+40829.785828373
Running 1m0s myx-test @ https://192.168.12.127:6443/api/v1/namespaces/myx-test/resourcequotas
3 connections
Requests/bytes (per Connection):  [16136246 14015216 13860354]
Response/bytes (per Connection):  [10280185 8928916 8830257]
Requests Number (per Connection):  [12713 11042 10920]
Requests/sec:  716.3381510416667 KB
Transfer/sec:  1172.70791015625 KB

2023-12-05 01:57:08.974529824 +0800 CST m=+40929.818113977
Running 1m0s myx-test @ https://192.168.12.127:6443/api/v1/namespaces/myx-test/resourcequotas
6 connections
Requests/bytes (per Connection):  [10008216 9948456 10202410 11725490 11763550 10264554]
Response/bytes (per Connection):  [6376098 6338040 6499817 7470157 7494407 6539415]
Requests Number (per Connection):  [7885 7838 8038 9238 9268 8087]
Requests/sec:  1040.2453776041666 KB
Transfer/sec:  1702.97216796875 KB

2023-12-05 01:58:49.917503406 +0800 CST m=+41030.761087572
Running 1m0s myx-test @ https://192.168.12.127:6443/api/v1/namespaces/myx-test/resourcequotas
9 connections
Requests/bytes (per Connection):  [7708260 8014158 7699404 9179350 9214808 8042092 7692950 7892264 9219928]
Response/bytes (per Connection):  [4910832 5105715 4905186 5848043 5870644 5123510 4901089 5028064 5873900]
Requests Number (per Connection):  [6073 6314 6066 7232 7260 6336 6061 6218 7264]
Requests/sec:  1215.22158203125 KB
Transfer/sec:  1989.423779296875 KB

2023-12-05 02:00:29.95337318 +0800 CST m=+41130.796957364
Running 1m0s myx-test @ https://192.168.12.127:6443/api/v1/namespaces/myx-test/resourcequotas
15 connections
Requests/bytes (per Connection):  [7279264 6035338 7261482 6015026 5983280 6011216 7291872 6313300 6004862 6342502 7248788 7261486 6322194 6346324 6252392]
Response/bytes (per Connection):  [4637522 3845039 4626195 3832099 3811876 3829672 4645566 4022126 3825625 4040729 4618108 4626197 4027791 4043162 3983320]
Requests Number (per Connection):  [5735 4755 5721 4739 4714 4736 5745 4974 4731 4997 5711 5721 4981 5000 4926]
Requests/sec:  1594.55283203125 KB
Transfer/sec:  2610.422412109375 KB

2023-12-05 02:02:09.996243643 +0800 CST m=+41230.839827861
Running 1m0s myx-test @ https://192.168.12.127:6443/api/v1/namespaces/myx-test/resourcequotas
30 connections
Requests/bytes (per Connection):  [4397938 4159402 4929858 5002202 4179692 4458994 4140328 4475398 4998392 4503330 4460244 4154296 4912044 5016170 4475540 4164490 4993310 4990774 4471584 4419682 4537614 4183502 5059342 4193660 4172072 4953942 4913370 4112394 4132712 4547772]
Response/bytes (per Connection):  [2801879 2649899 3140745 3186835 2662828 2840759 2637752 2851223 3184408 2869017 2841558 2646650 3129402 3195733 2851294 2653139 3181171 3179555 2848794 2815709 2890857 2665255 3223235 2671726 2657974 3156093 3130239 2619957 2632900 2897328]
Requests Number (per Connection):  [3465 3277 3884 3941 3293 3513 3262 3526 3938 3548 3514 3273 3870 3952 3526 3281 3934 3932 3523 3482 3575 3296 3986 3304 3287 3903 3871 3240 3256 3583]
Requests/sec:  2215.3328125 KB
Transfer/sec:  3626.69208984375 KB

2023-12-05 02:03:50.028914706 +0800 CST m=+41330.872498895
Running 1m0s myx-test @ https://192.168.12.127:6443/api/v1/namespaces/myx-test/resourcequotas
60 connections
Requests/bytes (per Connection):  [3031026 3221472 3127380 3183328 2997988 3182106 2734026 2746674 2745460 2714918 2978984 3179568 3015766 3036086 3217512 3146552 2784820 2721332 3189572 2712442 2737806 3025922 2707364 3019574 2741530 3190996 2977670 3192128 2747994 3135124 2693396 2939574 3033542 2739064 3037364 2735188 3180688 3188452 3150362 3234030 2712374 3133852 2975130 3000602 2967596 3163060 3008146 3144016 2731492 3005606 2971326 2720042 2980212 2706094 2722598 2740380 3000574 3047510 3160524 3181950]
Response/bytes (per Connection):  [1931025 2052348 1992426 2028056 1909982 2027271 1741809 1749873 1749092 1729645 1897870 2025654 1921307 1934251 2049846 2004622 1774166 1733722 2032048 1728059 1744221 1927777 1724824 1923733 1746605 2032934 1897039 2033674 1750707 1997342 1715926 1872771 1932631 1745024 1935064 1742564 2026388 2031314 2007049 2060367 1728025 1996532 1895421 1911637 1890610 2015138 1916453 2003006 1740194 1914835 1892997 1732903 1898658 1724015 1734529 1745856 1911623 1941529 2013522 2027193]
Requests Number (per Connection):  [2388 2538 2464 2508 2362 2507 2154 2164 2163 2139 2347 2505 2376 2392 2535 2479 2194 2144 2513 2137 2157 2384 2133 2379 2160 2514 2346 2515 2165 2470 2122 2316 2390 2158 2393 2155 2506 2512 2482 2548 2137 2469 2344 2364 2338 2492 2370 2477 2152 2368 2341 2143 2348 2132 2145 2159 2364 2401 2490 2507]
Requests/sec:  2899.542057291667 KB
Transfer/sec:  4746.80283203125 KB

2023-12-05 02:05:30.067484313 +0800 CST m=+41430.911068492
Running 1m0s myx-test @ https://192.168.12.127:6443/api/v1/namespaces/myx-test/resourcequotas
90 connections
Requests/bytes (per Connection):  [2190714 2330394 2434514 2124718 2450934 2310036 2439504 2165318 2403982 2313884 2336734 2148946 2181828 2377272 2233942 2322774 2466102 2150104 2453520 2345630 2176750 2454674 2311346 2203412 2424326 2365856 2181830 2331632 2359600 2159116 2430694 2340552 2188250 2152704 2456026 2194524 2343092 2426858 2219920 2155164 2435758 2456102 2381186 2146274 2191992 2411574 2438324 2339196 2371026 2406578 2175480 2421684 2303728 2159090 2444614 2377376 2172936 2404028 2340548 2301184 2426738 2326584 2403898 2200942 2170452 2452134 2152782 2407746 2322734 2167962 2370930 2169268 2341822 2425626 2381176 2137446 2428164 2344356 2345628 2379916 2467530 2194522 2448380 2454832 2463720 2374772 2109510 2293570 2161512 2317694]
Response/bytes (per Connection):  [1395681 1484661 1550989 1353635 1561461 1471698 1554180 1379503 1531547 1474144 1488701 1369055 1390020 1514538 1423211 1479807 1571133 1369808 1563102 1494367 1386785 1563853 1472527 1403770 1544503 1507264 1390021 1485454 1503266 1375532 1548557 1491132 1394101 1371456 1564703 1398108 1492750 1546117 1414286 1373034 1551785 1564741 1517017 1367371 1396494 1536387 1553416 1490280 1510545 1533193 1385976 1542834 1467674 1375519 1557431 1514590 1384356 1531570 1491130 1466054 1546057 1482234 1531505 1402187 1382766 1562235 1371495 1533951 1479787 1381173 1510497 1382000 1491941 1545327 1517012 1361739 1546944 1493556 1494366 1516208 1572021 1398107 1559836 1563932 1569594 1512940 1343943 1461203 1377078 1476571]
Requests Number (per Connection):  [1726 1836 1918 1674 1931 1820 1922 1706 1894 1823 1841 1693 1719 1873 1760 1830 1943 1694 1933 1848 1715 1934 1821 1736 1910 1864 1719 1837 1859 1701 1915 1844 1724 1696 1935 1729 1846 1912 1749 1698 1919 1935 1876 1691 1727 1900 1921 1843 1868 1896 1714 1908 1815 1701 1926 1873 1712 1894 1844 1813 1912 1833 1894 1734 1710 1932 1696 1897 1830 1708 1868 1709 1845 1911 1876 1684 1913 1847 1848 1875 1944 1729 1929 1934 1941 1871 1662 1807 1703 1826]
Requests/sec:  3391.572265625 KB
Transfer/sec:  5552.2986328125 KB

2023-12-05 02:07:10.12060834 +0800 CST m=+41530.964192507
Running 1m0s myx-test @ https://192.168.12.127:6443/api/v1/namespaces/myx-test/resourcequotas
150 connections
Requests/bytes (per Connection):  [1647562 1627246 1638512 1681812 1637404 1460898 1443168 1631052 1448200 1627242 1631042 1683112 1661376 1492644 1622066 1646288 1418994 1605660 1448200 1637400 1662640 1657722 1624600 1436886 1445762 1431728 1665336 1537088 1618258 1493914 1598040 1399994 1457174 1642480 1443122 1639940 1643748 1660220 1568832 1695654 1438112 1689332 1628480 1598034 1623434 1629780 1477406 1677964 1698352 1634864 1433062 1633562 1467248 1645024 1605528 1641200 1455824 1699472 1567560 1608198 1478676 1478676 1459730 1468518 1652600 1631052 1596766 1642480 1641086 1458368 1690574 1571370 1628512 1628514 1664046 1465982 1637300 1600458 1628510 1647502 1646238 1492676 1491376 1609466 1610738 1448280 1559928 1464710 1458462 1690662 1666600 1623416 1624596 1455820 1501534 1664066 1632260 1688094 1478676 1554846 1585340 1485058 1657716 1592882 1507882 1619544 1656324 1618216 1491374 1636116 1472326 1672846 1658992 1407570 1679210 1594228 1577718 1628488 1459628 1617082 1611994 1646130 1650098 1462266 1605624 1615786 1450740 1498998 1438126 1434308 1479946 1648828 1600578 1443122 1453390 1481216 1698238 1658892 1646266 1667876 1705910 1464770 1627242 1468522 1639864 1571372 1655178 1686924 1619562 1598014]
Response/bytes (per Connection):  [1049633 1036691 1043890 1071456 1043162 930723 919422 1039116 922634 1036689 1039111 1072280 1058454 950946 1033405 1048822 904029 1022940 922634 1043160 1059260 1056105 1035020 915411 921067 912136 1060956 979258 1030979 951755 1018086 891919 928339 1046396 919399 1044778 1047204 1057702 999480 1080291 916198 1076260 1037482 1018083 1034263 1038306 941239 1069010 1081988 1041544 912977 1040719 934768 1048016 1022874 1045582 927490 1082722 998670 1024557 942048 942048 929965 935577 1052848 1039116 1017275 1046396 1045525 929110 1077055 1001097 1037498 1037499 1060137 933961 1043110 1019643 1037497 1049603 1048797 950962 950138 1025365 1026175 922674 993810 933151 929157 1077099 1061762 1034254 1035018 927488 956609 1060147 1039894 1075467 942048 990573 1009996 946109 1056102 1014811 960653 1031796 1055232 1030958 950137 1042344 938003 1065755 1056914 896751 1069807 1015658 1005141 1037486 929914 1030217 1026977 1048743 1051249 931581 1022922 1029395 924252 954993 916205 913774 942857 1050440 1019703 919399 925925 943666 1081931 1056864 1048811 1062574 1086811 933181 1036689 935579 1044740 1001098 1054485 1074708 1031805 1018073]
Requests Number (per Connection):  [1298 1282 1291 1325 1290 1151 1137 1285 1141 1282 1285 1326 1309 1176 1278 1297 1118 1265 1141 1290 1310 1306 1280 1132 1139 1128 1312 1211 1275 1177 1259 1103 1148 1294 1137 1292 1295 1308 1236 1336 1133 1331 1283 1259 1279 1284 1164 1322 1338 1288 1129 1287 1156 1296 1265 1293 1147 1339 1235 1267 1165 1165 1150 1157 1302 1285 1258 1294 1293 1149 1332 1238 1283 1283 1311 1155 1290 1261 1283 1298 1297 1176 1175 1268 1269 1141 1229 1154 1149 1332 1313 1279 1280 1147 1183 1311 1286 1330 1165 1225 1249 1170 1306 1255 1188 1276 1305 1275 1175 1289 1160 1318 1307 1109 1323 1256 1243 1283 1150 1274 1270 1297 1300 1152 1265 1273 1143 1181 1133 1130 1166 1299 1261 1137 1145 1167 1338 1307 1297 1314 1344 1154 1282 1157 1292 1238 1304 1329 1276 1259]
Requests/sec:  3853.3029947916666 KB
Transfer/sec:  6308.190625 KB

2023-12-05 02:08:50.167084254 +0800 CST m=+41631.010668432
Running 1m0s myx-test @ https://192.168.12.127:6443/api/v1/namespaces/myx-test/resourcequotas
300 connections
Requests/bytes (per Connection):  [911394 948218 935446 1045916 1050918 1011604 1005310 1068800 946902 1025520 981214 1053470 1050914 1081390 1014132 1024408 1048404 1011670 969806 1002696 925264 927904 993776 1039640 932920 1001418 1003934 939296 974766 931712 977286 951996 1020586 986314 1044568 1014102 1054722 1049730 949378 1035678 1017898 1072560 1019260 1066156 916450 918976 1062468 1031866 986156 1042070 939330 1061094 1050918 1006472 1063698 1049686 1039596 960822 1052182 985046 1010440 1010308 996326 950758 1017920 1058664 983616 987462 949332 1015520 996452 1007900 915048 1025516 1045838 962042 1040760 1045838 996410 1081392 932932 1043312 969648 929014 924056 976002 920124 973462 976102 953288 1003928 957052 1049730 932982 1058536 1016632 1035808 1052302 1014138 1067532 1039536 979850 1066154 1016778 1007756 1066150 1030676 1014250 1018024 926528 975998 1010282 954410 1022980 949430 935522 1043402 962188 1005310 1049760 950690 1042112 1012838 1030668 1017946 926514 998868 949488 940468 989966 967108 920266 945564 1030602 1022978 996342 1052274 921462 960918 1030596 1033148 1052198 1053552 935520 1061148 1031904 988696 935432 945522 1053538 915204 917744 1043298 1036948 945636 993776 1020436 1082690 973534 1059806 995044 1028108 1030600 1037070 1038258 950602 958266 1024310 1039516 1056126 1038332 1024246 951988 1055996 1015362 951870 997614 983668 1034530 957108 974836 922686 1042098 1010336 945522 1026832 965972 988694 1058532 1058532 905008 945680 1043298 1036950 1057268 1029346 996472 1012822 1002696 964568 1029408 950610 1003960 973458 1071234 909966 1026906 932982 1019172 1077580 1000282 1012962 995204 1024250 992506 1043298 983656 1012822 1036948 930354 1042028 1054770 998856 1043298 1039556 945680 1070010 1024262 1030730 954412 973502 1058536 941786 1035676 916474 1017944 1025522 936716 1053502 907584 963404 958232 937998 987426 1007784 931660 974762 1044564 1033140 912660 1023098 952030 1069964 1002664 977426 1021712 958220 1007744 1020564 1005200 1036944 1026786 1057276 1056130 977342 1016632 1015362 1039488 1073770 1014092 1026908 941804 995062 945560 944254 1051020 1062344 1020442 1019172 950602 1015362 1031914 996364 990124 1048378 1022976 1034404 1025520 916402 960918 1040758 1021710 948134 1035828 1029330 950716 1016656 1058618 1030600 899966]
Response/bytes (per Connection):  [580629 604087 595961 666334 669531 644480 640463 680908 603255 653352 625109 671155 669529 688943 646092 652622 667926 644513 617839 638808 589478 591146 633130 662326 594350 637995 639601 598408 621015 593572 622623 606498 650189 628355 665486 646077 671955 668763 604841 659823 648497 683310 649352 679238 583853 585464 676872 657395 628276 663889 598425 676011 669531 641218 677661 668741 662304 612129 670337 627547 643724 643658 634753 605705 648508 674448 626658 629103 604818 646960 634816 642106 582978 653350 666295 612913 663060 666295 634795 688944 594356 664684 617760 591875 588700 621807 586212 620189 621857 607318 639598 609722 668763 594381 674384 647690 659888 670397 646095 680100 662274 624253 679237 647763 642034 679235 656626 646151 648560 590284 621805 643645 608053 651734 604867 595999 664729 612986 640463 668778 605671 663910 645271 656622 648521 590277 636372 604896 599168 630703 616142 586283 602412 656589 651733 634761 670383 587055 612177 656586 658210 670345 671196 595998 676038 657414 629894 595954 602391 671189 583056 584674 664677 660632 602448 633130 650114 689767 620225 675193 633938 654994 656588 660693 661461 605627 610503 652573 662264 672831 661498 652541 606494 672766 646881 606435 635571 626684 659075 609750 621050 587841 663903 643672 602391 654182 615400 629893 674382 674382 576566 602470 664677 660633 673576 655787 634826 645263 638808 614524 655818 605631 639614 620187 682473 579741 654219 594381 649308 686516 637253 645333 634018 652543 632321 664677 626678 645263 660632 592719 663868 671979 636366 664677 662284 602470 681687 652549 656653 608054 620209 674384 600001 659822 583865 648520 653353 596770 671171 578202 613768 610486 597585 629085 642048 593546 621013 665484 658206 581436 651793 606515 681664 638792 622693 650926 610480 642028 650178 640408 660630 654159 673580 672833 622651 647690 646881 662250 684089 646072 654220 600010 633947 602410 601583 669582 676810 650117 649308 605627 646881 657419 634772 630782 667913 651732 659012 653352 583829 612177 663059 650925 604045 659898 655779 605684 647702 674425 656588 573349]
Requests Number (per Connection):  [718 747 737 824 828 797 792 842 746 808 773 830 828 852 799 807 826 797 764 790 729 731 783 819 735 789 791 740 768 734 770 750 804 777 823 799 831 827 748 816 802 845 803 840 722 724 837 813 777 821 740 836 828 793 838 827 819 757 829 776 796 796 785 749 802 834 775 778 748 800 785 794 721 808 824 758 820 824 785 852 735 822 764 732 728 769 725 767 769 751 791 754 827 735 834 801 816 829 799 841 819 772 840 801 794 840 812 799 802 730 769 796 752 806 748 737 822 758 792 827 749 821 798 812 802 730 787 748 741 780 762 725 745 812 806 785 829 726 757 812 814 829 830 737 836 813 779 737 745 830 721 723 822 817 745 783 804 853 767 835 784 810 812 817 818 749 755 807 819 832 818 807 750 832 800 750 786 775 815 754 768 727 821 796 745 809 761 779 834 834 713 745 822 817 833 811 785 798 790 760 811 749 791 767 844 717 809 735 803 849 788 798 784 807 782 822 775 798 817 733 821 831 787 822 819 745 843 807 812 752 767 834 742 816 722 802 808 738 830 715 759 755 739 778 794 734 768 823 814 719 806 750 843 790 770 805 755 794 804 792 817 809 833 832 770 801 800 819 846 799 809 742 784 745 744 828 837 804 803 749 800 813 785 780 826 806 815 808 722 757 820 805 747 816 811 749 801 834 812 709]
Requests/sec:  4889.70400390625 KB
Transfer/sec:  8004.872314453125 KB

