2023-12-05 03:19:54.869986424 +0800 CST m=+45895.713570591
Running 1m0s myx-test @ https://192.168.12.127:6443/api/v1/namespaces/myx-test/secrets
3 connections
Requests/bytes (per Connection):  [20072344 23129646 19765900]
Response/bytes (per Connection):  [13466632 15517783 13261050]
Requests Number (per Connection):  [15593 17968 15355]
Requests/sec:  1024.8680013020833 KB
Transfer/sec:  1712.4569498697917 KB

2023-12-05 03:21:34.912829305 +0800 CST m=+45995.756413472
Running 1m0s myx-test @ https://192.168.12.127:6443/api/v1/namespaces/myx-test/secrets
6 connections
Requests/bytes (per Connection):  [17969028 21268232 17990774 17826096 21196182 17735948]
Response/bytes (per Connection):  [12055494 14268956 12070107 11959608 14220611 11899134]
Requests Number (per Connection):  [13959 16522 13976 13848 16466 13778]
Requests/sec:  1855.2451171875 KB
Transfer/sec:  3099.9376627604165 KB

2023-12-05 03:23:14.948174286 +0800 CST m=+46095.791758476
Running 1m0s myx-test @ https://192.168.12.127:6443/api/v1/namespaces/myx-test/secrets
9 connections
Requests/bytes (per Connection):  [18514748 16291676 16307132 19027034 16278796 15462652 15404768 15445914 18998798]
Response/bytes (per Connection):  [12421634 10930158 10940526 12765337 10921518 10373966 10335124 10362737 12746379]
Requests Number (per Connection):  [14383 12656 12668 14781 12646 12012 11967 11999 14759]
Requests/sec:  2469.5885091145833 KB
Transfer/sec:  4126.446891276041 KB

2023-12-05 03:24:54.987929117 +0800 CST m=+46195.831513296
Running 1m0s myx-test @ https://192.168.12.127:6443/api/v1/namespaces/myx-test/secrets
15 connections
Requests/bytes (per Connection):  [11958702 13113406 15224570 13308964 15218020 15301838 15304414 15299106 13273064 13209862 12209664 12214822 12237996 13290936 12203272]
Response/bytes (per Connection):  [8023151 8797843 10214225 8929062 10209850 10266059 10267787 10264253 8904952 8862571 8191532 8194991 8210538 8916968 8187236]
Requests Number (per Connection):  [9290 10187 11827 10339 11822 11887 11889 11885 10311 10262 9485 9489 9507 10325 9480]
Requests/sec:  3310.0363932291666 KB
Transfer/sec:  5530.756087239583 KB

2023-12-05 03:26:35.02832318 +0800 CST m=+46295.871907368
Running 1m0s myx-test @ https://192.168.12.127:6443/api/v1/namespaces/myx-test/secrets
30 connections
Requests/bytes (per Connection):  [9650638 10531028 10686872 9664788 9608210 10647072 9615864 10691990 8765058 8661962 9639046 10533728 9617156 8647914 10635444 8766256 9610730 9723970 8697986 8656934 8560282 10726856 8651624 10740948 8696816 10556926 10663656 9748508 9660940 8714728]
Response/bytes (per Connection):  [6474659 7065334 7169876 6484154 6446185 7143156 6451332 7173315 5880509 5811361 6466883 7067124 6452198 5801917 7135362 5881328 6447885 6523865 5835533 5807967 5743141 7196688 5804432 7206154 5834728 7082683 7154308 6540314 6481570 5846764]
Requests Number (per Connection):  [7497 8181 8302 7508 7464 8271 7470 8306 6809 6729 7488 8183 7471 6718 8262 6810 7466 7554 6757 6725 6650 8333 6721 8344 6756 8201 8284 7573 7505 6770]
Requests/sec:  4716.37255859375 KB
Transfer/sec:  7880.609619140625 KB

2023-12-05 03:28:15.077004672 +0800 CST m=+46395.920588839
Running 1m0s myx-test @ https://192.168.12.127:6443/api/v1/namespaces/myx-test/secrets
60 connections
Requests/bytes (per Connection):  [5877666 5884134 5939360 6590816 5962652 6652628 6731106 6799422 5878918 6720882 6666798 6604982 5941996 6769722 6688628 5925340 6477564 5853228 6747926 6729898 6576632 5886704 5877696 6608798 6585664 6761954 6581802 6763252 5947236 5876408 6692528 6772352 5869968 6559916 6622976 6571498 5880272 6657682 6610134 5933022 5940766 6736290 6749068 6626872 6651262 5863530 6678384 6755570 5880272 6572786 6801858 6671934 5909888 6736332 6776232 6726034 6653914 6792908 6768434 5940638]
Response/bytes (per Connection):  [3943353 3947687 3984760 4421808 4000366 4463274 4515933 4561751 3944199 4509061 4472779 4431311 3986518 4541841 4487434 3975330 4345822 3926954 4527203 4515109 4412296 3949412 3943368 4433879 4418352 4536637 4415761 4537506 3990018 3942504 4490044 4543596 3938184 4401078 4443388 4408849 3945096 4466681 4434767 3980491 3985683 4519405 4527994 4445996 4462371 3933865 4480552 4532345 3945096 4409713 4563409 4476227 3964964 4519426 4546196 4512517 4464137 4557394 4540977 3985619]
Requests Number (per Connection):  [4566 4571 4614 5120 4632 5168 5229 5282 4567 5221 5179 5131 4616 5259 5196 4603 5032 4547 5242 5228 5109 4573 4566 5134 5116 5253 5113 5254 4620 4565 5199 5261 4560 5096 5145 5105 4568 5172 5135 4609 4615 5233 5243 5148 5167 4555 5188 5248 4568 5106 5284 5183 4591 5233 5264 5225 5169 5277 5258 4615]
Requests/sec:  6271.372591145833 KB
Transfer/sec:  10478.864225260417 KB

2023-12-05 03:29:55.126351572 +0800 CST m=+46495.969935760
Running 1m0s myx-test @ https://192.168.12.127:6443/api/v1/namespaces/myx-test/secrets
90 connections
Requests/bytes (per Connection):  [4966250 5217374 4452634 4950798 4399940 4435840 4982992 4946958 5185046 4446142 5227518 5180026 4412658 5169696 4998480 4940496 4414036 5151676 5215926 4421674 4416588 4504094 4962392 5208358 4383062 4932772 4472050 5210896 5203088 4486212 4968830 5200472 5114346 4963676 5203200 4923800 5142590 4985568 4500232 5141390 4989478 5230092 4394756 4408952 5254560 5129800 5191616 4437160 4916048 4937946 4968864 4949566 4424334 5237824 4893008 4845316 5225012 5181156 4413948 4946938 5070560 4465530 5169692 5213510 5073136 4454002 4955958 4414104 4948226 4469482 4470612 5194154 4957238 4970192 4964964 4559466 4904436 4963732 4890276 4887722 4441004 4444854 4473218 4446208 4528562 5241684 4426874 5155482 4890274 5241750]
Response/bytes (per Connection):  [3331885 3500347 2987297 3321519 2951930 2976040 3343116 3318939 3478683 2982951 3507179 3475293 2960489 3468368 3353500 3314608 2961398 3456278 3499403 2966537 2963114 3021827 3329296 3494299 2940631 3309426 3000305 3496008 3490784 3009806 3333615 3489036 3431233 3330158 3490840 3303400 3450195 3344844 3019236 3449375 3347459 3508906 2948458 2957976 3525320 3441600 3483068 2976920 3298204 3312893 3333632 3320683 2968307 3514092 3282724 3250738 3505486 3476078 2961354 3318929 3401860 2995945 3468366 3497755 3403588 2988201 3324979 2961432 3319793 2998581 2999366 3484777 3325839 3334516 3331022 3058973 3290418 3330186 3280918 3279201 2979502 2982087 3001109 2982984 3038241 3516682 2970017 3458841 3280917 3516715]
Requests Number (per Connection):  [3858 4053 3459 3846 3418 3446 3871 3843 4028 3454 4061 4024 3428 4016 3883 3838 3429 4002 4052 3435 3431 3499 3855 4046 3405 3832 3474 4048 4042 3485 3860 4040 3973 3856 4042 3825 3995 3873 3496 3994 3876 4063 3414 3425 4082 3985 4033 3447 3819 3836 3860 3845 3437 4069 3801 3764 4059 4025 3429 3843 3939 3469 4016 4050 3941 3460 3850 3429 3844 3472 3473 4035 3851 3861 3857 3542 3810 3856 3799 3797 3450 3453 3475 3454 3518 4072 3439 4005 3799 4072]
Requests/sec:  7117.5626953125 KB
Transfer/sec:  11892.771451822917 KB

2023-12-05 03:31:35.170407302 +0800 CST m=+46596.013991473
Running 1m0s myx-test @ https://192.168.12.127:6443/api/v1/namespaces/myx-test/secrets
150 connections
Requests/bytes (per Connection):  [3117728 3426684 3488498 3645468 3117728 3594056 3178238 3447288 3601750 3170524 3411228 3559328 3465334 3588800 3624850 3148586 3464030 3443456 3611968 3510392 3187252 3408736 3448576 3480770 3474334 3358572 3126774 3116484 3565718 3195040 3137090 3084288 3425394 3604304 3411288 3117772 3119012 3613320 3655884 3388098 3399708 3439578 3081714 3626184 3113908 3628782 3597958 3511680 3612130 3591462 3102318 3578630 3427980 3102318 3483346 3659774 3587662 3426738 3606978 3622374 3623648 3084288 3435730 3097156 3451152 3126786 3622428 3464030 3568312 3596672 3151164 3355952 3153830 3079138 3108758 3528422 3492362 3662192 3466604 3653336 3088154 3487210 3418960 3573484 3157694 3421536 3606974 3466618 3485922 3162762 3443474 3605686 3425396 3596636 3041792 3098456 3668790 3500084 3474332 3488500 3149968 3075296 3088152 3397062 3569612 3568338 3128072 3577358 3039216 3128070 3543770 3469182 3174432 3655754 3565724 3715150 3402328 3574778 3097168 3164134 3119060 3429258 3113908 3497512 3117728 3125496 3530996 3594090 3677702 3388052 3635262 3500088 3622428 3572130 3465316 3018610 3101012 3599154 3478196 3424116 3609550 3076582 3563188 3480770 3119060 3121632 3142164 3113870 3594020 3113890]
Response/bytes (per Connection):  [2091704 2298982 2340449 2445774 2091704 2411268 2132299 2312804 2416435 2127122 2288614 2387964 2324907 2407760 2431945 2112413 2324035 2310228 2423304 2355136 2138346 2286928 2313668 2335265 2330947 2253266 2097767 2090862 2392259 2143560 2104685 2069264 2298117 2418152 2288644 2091726 2092566 2424200 2452742 2273089 2280874 2307629 2067537 2432832 2089134 2434571 2413879 2356000 2423385 2409531 2081359 2400915 2299850 2081359 2336993 2455347 2406971 2299009 2419929 2430267 2431124 2069264 2305045 2077898 2315396 2097773 2430294 2324035 2393996 2413016 2114142 2251516 2115915 2065809 2085679 2367231 2343041 2456996 2325762 2451028 2071857 2339585 2293800 2397462 2118507 2295528 2419927 2325769 2338721 2121921 2310237 2419063 2298118 2412998 2040756 2078768 2461395 2348222 2330946 2340450 2113324 2063228 2071856 2279111 2394866 2394009 2098636 2400059 2039028 2098635 2377545 2327491 2129736 2452677 2392262 2492495 2282624 2398329 2077904 2122827 2092590 2300709 2089134 2346496 2091704 2096908 2368958 2411285 2467391 2273066 2438911 2348224 2430294 2396565 2324898 2025205 2080486 2414697 2333538 2297258 2421655 2064091 2390554 2335265 2092590 2094316 2108102 2089115 2411250 2089125]
Requests Number (per Connection):  [2422 2662 2710 2832 2422 2792 2469 2678 2798 2463 2650 2765 2692 2788 2816 2446 2691 2675 2806 2727 2476 2648 2679 2704 2699 2609 2429 2421 2770 2482 2437 2396 2661 2800 2650 2422 2423 2807 2840 2632 2641 2672 2394 2817 2419 2819 2795 2728 2806 2790 2410 2780 2663 2410 2706 2843 2787 2662 2802 2814 2815 2396 2669 2406 2681 2429 2814 2691 2772 2794 2448 2607 2450 2392 2415 2741 2713 2845 2693 2838 2399 2709 2656 2776 2453 2658 2802 2693 2708 2457 2675 2801 2661 2794 2363 2407 2850 2719 2699 2710 2447 2389 2399 2639 2773 2772 2430 2779 2361 2430 2753 2695 2466 2840 2770 2886 2643 2777 2406 2458 2423 2664 2419 2717 2422 2428 2743 2792 2857 2632 2824 2719 2814 2775 2692 2345 2409 2796 2702 2660 2804 2390 2768 2704 2423 2425 2441 2419 2792 2419]
Requests/sec:  8279.601009114584 KB
Transfer/sec:  13834.423323567707 KB

2023-12-05 03:33:15.216048953 +0800 CST m=+46696.059633137
Running 1m0s myx-test @ https://192.168.12.127:6443/api/v1/namespaces/myx-test/secrets
300 connections
Requests/bytes (per Connection):  [1909010 2118868 2098276 2060926 1969498 1883320 1831774 2082832 1836894 1867798 2078994 2062220 1899992 1799660 1906470 1956658 1960516 2045430 1825412 1793108 1785382 2066086 1929614 1769928 1804698 1807378 1754566 1929612 1939916 1795684 1906470 1887114 2018472 1840810 2104654 2042936 1793108 1803406 1959232 1869084 2012028 2046660 1817596 1961804 1973398 1802122 2130350 1851132 1961808 1798260 1916734 1907754 2134370 1737804 1881962 1809966 2067320 1824012 1826586 2124012 1802126 1793106 1826590 1888468 2100788 2071182 2072556 2065968 1871664 2091780 1924470 2047958 1853632 1951504 1943758 1821436 1807280 2109808 2069980 1894898 2055662 1799570 1843332 2085434 2077638 1894840 2148380 1912898 1916734 2144516 1818924 1961808 1924470 1842074 2138136 1794522 1914162 1883250 2028772 1838182 1909040 2140652 1880718 2147212 1905184 1741752 1771214 1777652 2077708 1821520 1835600 1822798 1981060 1946354 2058390 1939900 2103306 2014608 1952794 2090540 1928328 1816288 1806084 1833030 1997764 1828034 1943780 1766064 1842040 2044116 2112398 2086638 1750608 1869158 2071270 2095656 2082852 1846028 1875524 1941202 2077572 2035070 1923174 1911582 1821558 2161416 1943758 1934764 2059550 1820294 1928326 2081570 1957944 1813720 2100888 2035214 1942490 1918022 1813712 1838304 1965670 2068572 1950216 1772628 1722298 2103464 1807268 1925758 2125358 1963096 1812424 1941186 2126488 2116204 1897418 1929612 1798416 2086632 1916738 1804820 1816284 1951504 1959232 1927044 1943778 2095724 2098312 1874288 1809894 1954044 2093052 1937340 2087928 2058390 1824016 1838178 1820150 1816288 2150956 2122670 1902568 1834424 2080176 1914158 1824172 1975904 2121494 2058394 1795840 1827874 2131702 1763602 2080250 1898754 1806002 1957944 2086722 1798258 1831742 1901280 2083990 1960474 1920596 1941202 2163846 1803470 1865320 1830454 1772504 2122622 1791820 2111068 2073788 1911602 1966954 2088010 2058252 2050582 1910294 1786726 1851054 2133036 2077708 1954080 1988852 1954082 1805986 2090440 1919308 2050658 1798254 1834312 2138236 1764878 1775112 1776374 2085436 1804824 2107326 2031350 1808560 1821434 1928324 1826592 1914184 2103306 2117582 1871664 2006760 1898756 2113608 1798280 1981124 2179412 2140722 1946354 1984912 2103464 1827880 1766064 1892300 1830532 2113608 1780230 1825302 2102132 1987564 1793180 1849894 2037652 1918026 2117630 2037680 1803496 2037712 1936052 1915446 1820150 1897454 1727432]
Response/bytes (per Connection):  [1280765 1421554 1407738 1382683 1321349 1263520 1228947 1397376 1232387 1253119 1394797 1383550 1274716 1207390 1279055 1312729 1315318 1372295 1224666 1203014 1197831 1386143 1294587 1187464 1210789 1212569 1177143 1294586 1301498 1204742 1279055 1266077 1354196 1235005 1412027 1370608 1203014 1209923 1314456 1253982 1349874 1373130 1219438 1316182 1323959 1209061 1429275 1241926 1316184 1206470 1285947 1279917 1431945 1165902 1262621 1214303 1386980 1223746 1225473 1425006 1209063 1203013 1225475 1266974 1409434 1389571 1390478 1386084 1255712 1403390 1291135 1373999 1243616 1309272 1304079 1222018 1212520 1415484 1388750 1271289 1379171 1207345 1236706 1399117 1393899 1271260 1441370 1283369 1285947 1438778 1220322 1316184 1291135 1235857 1434488 1203941 1284221 1263485 1361106 1233251 1280780 1436186 1261779 1440566 1278192 1168536 1188327 1192646 1393934 1222060 1231520 1222919 1329110 1305817 1380975 1301490 1411133 1351604 1310137 1402550 1293724 1218564 1211702 1229795 1340322 1226417 1304090 1184872 1235840 1371418 1417219 1399939 1174504 1254019 1389615 1405988 1397386 1238494 1258302 1302361 1393866 1365355 1290267 1282491 1222079 1450088 1304079 1298042 1381775 1221227 1293723 1396525 1313592 1216840 1409484 1365427 1303225 1286811 1216836 1233312 1318775 1387826 1308408 1189254 1155509 1411212 1212514 1291999 1425899 1317048 1215972 1302353 1426684 1419782 1272989 1294586 1206548 1399936 1285949 1210850 1218562 1309272 1314456 1292862 1304089 1406022 1407756 1257464 1214267 1310982 1404246 1299770 1400804 1380975 1223748 1233249 1221155 1218564 1443098 1424115 1276444 1230712 1395608 1284219 1223826 1325652 1423307 1380977 1204820 1226337 1430171 1183201 1395645 1273877 1211661 1313592 1399981 1206469 1228931 1275580 1398175 1315297 1288538 1302361 1451743 1209955 1251440 1228067 1189192 1424091 1202150 1416334 1391314 1282501 1319637 1400845 1380906 1375751 1281627 1198723 1241887 1431058 1393934 1311000 1334326 1311001 1211653 1402500 1287674 1375789 1206467 1230656 1434538 1184059 1190936 1191787 1399118 1210852 1413803 1362835 1213380 1222017 1293722 1225476 1284232 1411133 1420691 1255712 1346360 1273878 1418044 1206480 1329142 1462166 1436221 1305817 1331696 1411212 1226340 1184872 1269550 1228106 1418044 1194375 1224611 1410326 1333462 1203050 1241087 1367086 1286813 1420715 1367100 1209968 1367116 1298906 1285083 1221155 1273007 1158956]
Requests Number (per Connection):  [1483 1646 1630 1601 1530 1463 1423 1618 1427 1451 1615 1602 1476 1398 1481 1520 1523 1589 1418 1393 1387 1605 1499 1375 1402 1404 1363 1499 1507 1395 1481 1466 1568 1430 1635 1587 1393 1401 1522 1452 1563 1590 1412 1524 1533 1400 1655 1438 1524 1397 1489 1482 1658 1350 1462 1406 1606 1417 1419 1650 1400 1393 1419 1467 1632 1609 1610 1605 1454 1625 1495 1591 1440 1516 1510 1415 1404 1639 1608 1472 1597 1398 1432 1620 1614 1472 1669 1486 1489 1666 1413 1524 1495 1431 1661 1394 1487 1463 1576 1428 1483 1663 1461 1668 1480 1353 1376 1381 1614 1415 1426 1416 1539 1512 1599 1507 1634 1565 1517 1624 1498 1411 1403 1424 1552 1420 1510 1372 1431 1588 1641 1621 1360 1452 1609 1628 1618 1434 1457 1508 1614 1581 1494 1485 1415 1679 1510 1503 1600 1414 1498 1617 1521 1409 1632 1581 1509 1490 1409 1428 1527 1607 1515 1377 1338 1634 1404 1496 1651 1525 1408 1508 1652 1644 1474 1499 1397 1621 1489 1402 1411 1516 1522 1497 1510 1628 1630 1456 1406 1518 1626 1505 1622 1599 1417 1428 1414 1411 1671 1649 1478 1425 1616 1487 1417 1535 1648 1599 1395 1420 1656 1370 1616 1475 1403 1521 1621 1397 1423 1477 1619 1523 1492 1508 1681 1401 1449 1422 1377 1649 1392 1640 1611 1485 1528 1622 1599 1593 1484 1388 1438 1657 1614 1518 1545 1518 1403 1624 1491 1593 1397 1425 1661 1371 1379 1380 1620 1402 1637 1578 1405 1415 1498 1419 1487 1634 1645 1454 1559 1475 1642 1397 1539 1693 1663 1512 1542 1634 1420 1372 1470 1422 1642 1383 1418 1633 1544 1393 1437 1583 1490 1645 1583 1401 1583 1504 1488 1414 1474 1342]
Requests/sec:  9477.693098958332 KB
Transfer/sec:  15836.325455729168 KB

