2023-12-05 06:08:54.87159385 +0800 CST m=+56035.715178022
Running 1m0s myx-test @ https://192.168.12.127:6443/api/v1/namespaces/myx-test/services
3 connections
Requests/bytes (per Connection):  [18349856 21233300 18818018]
Response/bytes (per Connection):  [17864540 20671696 18320319]
Requests Number (per Connection):  [14344 16598 14710]
Requests/sec:  950.53994140625 KB
Transfer/sec:  1875.939599609375 KB

2023-12-05 06:10:34.907399425 +0800 CST m=+56135.750983595
Running 1m0s myx-test @ https://192.168.12.127:6443/api/v1/namespaces/myx-test/services
6 connections
Requests/bytes (per Connection):  [17389022 19945040 16694350 19842682 16744414 17373704]
Response/bytes (per Connection):  [16929153 19417554 16252825 19317893 16301535 16914190]
Requests Number (per Connection):  [13593 15591 13050 15511 13089 13581]
Requests/sec:  1757.6369140625 KB
Transfer/sec:  3468.7884440104167 KB

2023-12-05 06:12:14.945996871 +0800 CST m=+56235.789581049
Running 1m0s myx-test @ https://192.168.12.127:6443/api/v1/namespaces/myx-test/services
9 connections
Requests/bytes (per Connection):  [14760128 17994146 17674358 15854004 15851440 18184678 15797690 14711604 14765338]
Response/bytes (per Connection):  [14369746 17518253 17206915 15434662 15432212 17703761 15379871 14322514 14374849]
Requests Number (per Connection):  [11538 14066 13816 12393 12391 14215 12349 11500 11542]
Requests/sec:  2369.684016927083 KB
Transfer/sec:  4676.695458984375 KB

2023-12-05 06:13:54.991987748 +0800 CST m=+56335.835571938
Running 1m0s myx-test @ https://192.168.12.127:6443/api/v1/namespaces/myx-test/services
15 connections
Requests/bytes (per Connection):  [14228012 13886470 14030928 13034464 11352148 14143636 12967890 12934778 14225456 11396940 12928274 11404668 11473726 11414954 12919262]
Response/bytes (per Connection):  [13851726 13519181 13659846 12689726 11051916 13769558 12624965 12592641 13849232 11095518 12586337 11103072 11170273 11113059 12577599]
Requests Number (per Connection):  [11122 10855 10968 10189 8874 11056 10137 10111 11120 8909 10106 8915 8969 8923 10099]
Requests/sec:  3130.559993489583 KB
Transfer/sec:  6178.324462890625 KB

2023-12-05 06:15:35.077939418 +0800 CST m=+56435.921523600
Running 1m0s myx-test @ https://192.168.12.127:6443/api/v1/namespaces/myx-test/services
30 connections
Requests/bytes (per Connection):  [8421404 8253886 9309226 8256374 9188998 10049840 8385620 9259350 9264472 8239674 9365574 10151052 10080590 9373094 10135568 10135626 9151854 8116972 9333584 10212484 8088816 10125388 9307922 9159608 8266682 8292296 9984668 8310092 10193194 9980840]
Response/bytes (per Connection):  [8198686 8035567 9062995 8038045 8945975 9784082 8163840 9014471 9019448 8021775 9117877 9882574 9813963 9125237 9867538 9867591 8909805 7902274 9086730 9942348 7874876 9857558 9061771 8917320 8048015 8072964 9720594 8090304 9923653 9716874]
Requests Number (per Connection):  [6583 6452 7277 6454 7183 7856 6555 7238 7242 6441 7321 7935 7880 7327 7923 7923 7154 6345 7296 7983 6323 7915 7276 7160 6462 6482 7805 6496 7968 7802]
Requests/sec:  4498.612434895834 KB
Transfer/sec:  8878.247037760417 KB

2023-12-05 06:17:15.12635139 +0800 CST m=+56535.969935559
Running 1m0s myx-test @ https://192.168.12.127:6443/api/v1/namespaces/myx-test/services
60 connections
Requests/bytes (per Connection):  [6397558 5677350 5613364 6383558 6304198 6281206 6409154 6368126 6379784 6470508 6411708 5700388 5633842 5690252 6403960 6373246 6378366 6318212 5683766 6391272 5639048 5658154 6332290 6424438 6421876 6318330 5638956 6281126 6318362 6314532 5677366 5622322 6259462 5626218 6410448 5674878 6432116 6313252 6444994 6406520 6388604 5729828 5650480 5701668 5587768 6306694 6437368 5627442 6288936 6375852 6414296 6307974 6278696 6349018 6366846 5727268 6275992 6365566 5674806 6430974]
Response/bytes (per Connection):  [6228361 5527201 5464908 6214699 6137489 6115101 6239675 6199705 6211026 6299386 6242114 5549624 5484831 5539724 6234608 6204705 6209669 6151140 5533453 6222218 5489922 5508559 6164837 6254541 6252038 6151243 5489866 6115037 6151263 6147496 5527221 5473623 6093923 5477459 6240882 5524787 6261990 6146274 6274539 6237100 6219638 5578280 5501038 5550890 5439988 6139923 6267080 5478611 6122568 6207212 6244626 6141177 6112646 6181077 6198473 5575792 6110030 6197209 5524751 6260853]
Requests Number (per Connection):  [5001 4438 4388 4990 4928 4910 5010 4978 4987 5058 5012 4456 4404 4448 5006 4982 4986 4939 4443 4996 4408 4423 4950 5022 5020 4939 4408 4910 4939 4936 4438 4395 4893 4398 5011 4436 5028 4935 5038 5008 4994 4479 4417 4457 4368 4930 5032 4399 4916 4984 5014 4931 4908 4963 4977 4477 4906 4976 4436 5027]
Requests/sec:  5985.84931640625 KB
Transfer/sec:  11813.389990234375 KB

2023-12-05 06:18:55.178357441 +0800 CST m=+56636.021941609
Running 1m0s myx-test @ https://192.168.12.127:6443/api/v1/namespaces/myx-test/services
90 connections
Requests/bytes (per Connection):  [4351990 5026256 4274052 5039052 4927788 4744856 4998084 5027532 4331644 4730680 4312312 4276556 5009602 5028810 4733316 5053130 4285528 4820312 4812686 4300924 4715420 5046728 4314874 4964824 4253572 4961028 4225420 4706372 4334128 4989140 4765202 4980182 5003218 5004498 4986582 4985306 4687208 5001938 4769016 4279172 4267654 5071046 4780626 4627084 4758906 4650154 4281636 4340574 4721820 4980182 4332922 4775414 4293166 4767744 4758808 4229258 4670554 4702496 4312442 4975062 4267654 4298368 4290690 4706356 4994260 4827886 5003196 4320038 4285566 5055690 4334204 4717840 4939228 4247176 4792210 4735780 4646310 4275332 4272772 4712860 4839406 4980180 5110718 4966104 5039052 4323830 4295760 4811260 4852360 4971222]
Response/bytes (per Connection):  [4236905 4893324 4161018 4905776 4797426 4619354 4865904 4894574 4217038 4605590 4198296 4163480 4877111 4895821 4608138 4919451 4172178 4692806 4685393 4187176 4590712 4913268 4200795 4833528 4141080 4829816 4113668 4581930 4219524 4857190 4639173 4848471 4870893 4872137 4854699 4853453 4563264 4869655 4642924 4165970 4154775 4936937 4654153 4504708 4633051 4527171 4168436 4225773 4596946 4848471 4218335 4649133 4179631 4641658 4632978 4117401 4547033 4578166 4198401 4843487 4154771 4184646 4177189 4581894 4862172 4700201 4870882 4205777 4172225 4921983 4219522 4593106 4808604 4134840 4665431 4610536 4523433 4162254 4159760 4588214 4711453 4848474 4975561 4834780 4905758 4209505 4182138 4684010 4723982 4839763]
Requests Number (per Connection):  [3402 3929 3341 3939 3852 3709 3907 3930 3386 3698 3371 3343 3916 3931 3700 3950 3350 3768 3762 3362 3686 3945 3373 3881 3325 3878 3303 3679 3388 3900 3725 3893 3911 3912 3898 3897 3664 3910 3728 3345 3336 3964 3737 3617 3720 3635 3347 3393 3691 3893 3387 3733 3356 3727 3720 3306 3651 3676 3371 3889 3336 3360 3354 3679 3904 3774 3911 3377 3350 3952 3388 3688 3861 3320 3746 3702 3632 3342 3340 3684 3783 3893 3995 3882 3939 3380 3358 3761 3793 3886]
Requests/sec:  6856.604720052083 KB
Transfer/sec:  13531.871923828125 KB

2023-12-05 06:20:35.229623878 +0800 CST m=+56736.073208058
Running 1m0s myx-test @ https://192.168.12.127:6443/api/v1/namespaces/myx-test/services
150 connections
Requests/bytes (per Connection):  [3181492 3432296 3407948 2933302 3179020 3400268 2981932 3001238 2952574 3195658 3195658 3418186 3143186 2948658 3422040 3199498 3001128 3430992 3182864 3214856 2942320 3359312 2937300 3172626 3392654 2933304 3372198 2951220 3409226 3019048 3424610 3195658 3250690 3338840 3259650 2951222 2961456 3363152 2926948 3008812 2965300 3379838 2983350 3318364 2967858 3157266 3213418 3232774 2915532 3158538 3382372 3397712 3384914 3422024 2988342 3207176 2937154 3134230 3335000 3441242 3374724 2934724 3200620 2993514 2964020 3152022 3381080 3420796 3184140 3189258 2940986 3317084 3221134 2970506 2964018 3405462 3172622 2994730 3186700 3227652 3407946 2964090 3195578 3324762 3209742 3185262 2953918 3170058 3457860 3399036 2949940 3384910 3184140 3177740 3172620 3186590 3354336 2933392 3427144 3416910 3322254 2915386 3153426 2956336 3413066 3028006 3313388 2955060 3213576 3346518 2978092 2920504 3203188 3125186 2987052 3171230 3190538 3193102 3383702 3370870 3026758 3182780 2889916 3392672 2941012 3474466 3181484 3418240 3204616 3167502 3410558 3247978 3422024 2974360 2951220 3460420 2937222 3090684 3145750 2920628 3212296 3432262 3364432 2932182 3010088 2955074 3400268 2951380 3180302 3308126]
Response/bytes (per Connection):  [3097374 3341504 3317838 2855763 3094928 3310334 2903074 2921825 2874459 3111147 3111125 3327783 3060069 2870717 3331540 3114867 2921796 3340248 3098684 3129818 2864486 3270490 2859580 3088707 3302919 2855712 3283007 2873164 3319083 2939230 3334035 3111131 3164705 3250530 3173401 2873157 2883172 3274202 2849570 2929248 2886884 3290461 2904413 3230596 2889353 3073751 3128475 3147273 2838406 3074967 3292936 3307842 3295383 3331518 2909315 3122366 2859477 3051325 3246794 3350219 3285484 2857076 3116012 2914351 2885646 3068689 3291668 3330320 3099930 3104923 2863249 3229350 3135969 2891915 2885619 3315385 3088727 2915539 3102430 3142274 3317815 2885719 3111097 3236829 3124843 3101059 2875757 3086177 3366406 3309136 2871936 3295425 3099918 3093706 3088700 3102339 3265586 2855788 3336512 3326531 3234371 2838283 3070043 2878194 3322797 2947919 3225736 2876922 3128592 3258023 2899336 2843276 3118494 3042575 2908046 3087377 3106161 3108651 3294181 3281733 2946707 3098586 2813498 3302910 2863226 3382583 3097338 3327832 3119866 3083717 3320335 3162081 3331520 2895664 2873158 3368904 2859509 3008960 3062511 2843358 3127332 3341497 3275458 2854587 2930514 2876959 3310342 2873274 3096179 3220629]
Requests Number (per Connection):  [2487 2683 2664 2293 2485 2658 2331 2346 2308 2498 2498 2672 2457 2305 2675 2501 2346 2682 2488 2513 2300 2626 2296 2480 2652 2293 2636 2307 2665 2360 2677 2498 2541 2610 2548 2307 2315 2629 2288 2352 2318 2642 2332 2594 2320 2468 2512 2527 2279 2469 2644 2656 2646 2675 2336 2507 2296 2450 2607 2690 2638 2294 2502 2340 2317 2464 2643 2674 2489 2493 2299 2593 2518 2322 2317 2662 2480 2341 2491 2523 2664 2317 2498 2599 2509 2490 2309 2478 2703 2657 2306 2646 2489 2484 2480 2491 2622 2293 2679 2671 2597 2279 2465 2311 2668 2367 2590 2310 2512 2616 2328 2283 2504 2443 2335 2479 2494 2496 2645 2635 2366 2488 2259 2652 2299 2716 2487 2672 2505 2476 2666 2539 2675 2325 2307 2705 2296 2416 2459 2283 2511 2683 2630 2292 2353 2310 2658 2307 2486 2586]
Requests/sec:  7761.952962239583 KB
Transfer/sec:  15318.622151692709 KB

2023-12-05 06:22:15.52426894 +0800 CST m=+56836.367853128
Running 1m0s myx-test @ https://192.168.12.127:6443/api/v1/namespaces/myx-test/services
300 connections
Requests/bytes (per Connection):  [1766674 1929122 1944496 1911220 1659190 1767886 1730904 1656704 1801202 1764046 1898424 1936818 1660456 1703894 1725808 1684826 1973932 1766606 1774286 1645078 1674498 1724372 1899708 1899704 1691152 1673178 1709172 1642624 1757700 1950890 1702616 1751346 1679578 1792198 1764070 1641242 1757806 1766604 1952174 1943200 1634914 1666938 1930418 1893328 1677108 1927858 1785802 1925290 1618240 1943180 1788434 1688568 1780736 1766762 1689838 1734766 1683498 1766676 1830596 1663032 1696314 1697622 1685978 1771804 1764204 1885628 1678302 1704052 1959790 1770444 1694942 1909942 1641218 1961104 1661818 1744964 1632340 1977710 1889466 1940658 1762792 1736048 1815234 1697634 1673338 1748844 1973932 1654140 1929122 1948290 1656632 1797410 1660538 1732050 1899732 1770446 1608070 1767886 1673342 1739770 1973934 1730770 1964940 1775652 2007108 1766748 1703992 1704018 1721970 1655308 1669436 1721812 1710294 1995688 1784532 1876672 1720546 1767884 1715570 1642624 1774298 1934234 1705174 1770604 1673226 1967534 1938098 1948326 1666780 1932962 1926578 1787186 1782094 1779404 1758968 1659166 1929138 1707886 1799880 1874176 1948332 1661818 1628548 1657978 1691254 1797396 1956014 1707892 1700212 1654140 1783400 1674616 1977772 1904822 1915062 1734698 1954734 1719252 1898422 1760322 1972652 1666778 1764046 1737180 1854914 1649020 1696216 1752684 1912500 1705272 1945738 1902262 1979052 1805000 1703960 1758926 1947056 1967470 1761486 1802468 1666938 1741008 1675896 1823000 1936818 1975212 1715412 1867708 1780694 1757648 1758940 1941900 1953454 1673194 1758926 1743728 1706502 1673336 1757718 1748742 1720598 1978958 1959808 1954736 1962414 1729532 1884344 1719334 1894584 1634934 1941902 1953452 1648900 1934234 1945766 1971302 1693654 1718064 1790922 1918900 1758926 1746128 1907400 1787082 1688580 1962414 1686008 1782088 1641332 1936818 1767920 1993130 1939378 1953456 1715546 1661820 1804996 1756368 1654140 1981594 1706472 1628474 1762818 1674460 1668218 1788464 1739810 1774290 1966254 1737328 1912510 1679674 1721870 1766762 1746180 1728330 1727000 1924012 1945776 1878010 1936818 1660538 1768042 1709172 1678302 1964974 1646312 1950896 1750126 1696374 1982792 1944492 1655328 1922740 1741052 1643902 1698906 1719252 1950896 1949616 1660540 1889466 1894622 1768044 1979030 1712852 1642506 1947056 1716746 1727052 1885624 1957234 1684738 1730876 1912510 1698814 1976446 1750106 1678298 1678446]
Response/bytes (per Connection):  [1719927 1878111 1893058 1860676 1615329 1721123 1685098 1612848 1753599 1717405 1848218 1885587 1616520 1658857 1680148 1640229 1921720 1719915 1727357 1601599 1630213 1678776 1849462 1849458 1646400 1628959 1663960 1599174 1711254 1899291 1657620 1705003 1635197 1744849 1717409 1597831 1711283 1719880 1900531 1891810 1591677 1622855 1879359 1843250 1632776 1876863 1738573 1874379 1575466 1891804 1741169 1643938 1733674 1720003 1645175 1688851 1638935 1719932 1782192 1619018 1651411 1652733 1641429 1724914 1717506 1835750 1633937 1658968 1907963 1723634 1650133 1859431 1597837 1909248 1617845 1698794 1589180 1925411 1839497 1889337 1716166 1690114 1767231 1652745 1629087 1702572 1921718 1610396 1878107 1896773 1612788 1749849 1616627 1686251 1849474 1723657 1565529 1721125 1629041 1693793 1921723 1685005 1912984 1728662 1954036 1719990 1658950 1658921 1676391 1611554 1625246 1676290 1665075 1942890 1737338 1827044 1675039 1721126 1670185 1599144 1727375 1883083 1660111 1723738 1628965 1915491 1886847 1896795 1622738 1881843 1875625 1739933 1734951 1732362 1712486 1615269 1878117 1662715 1752272 1824606 1896800 1617875 1585464 1614121 1646507 1749888 1904275 1662708 1655246 1610394 1736192 1630340 1925466 1854449 1864411 1688855 1903033 1673802 1848211 1713777 1920476 1622743 1717417 1691234 1805847 1605420 1651390 1706306 1861914 1660194 1894291 1851963 1926684 1757250 1658920 1712405 1895554 1915449 1714915 1754836 1622841 1695000 1631564 1774798 1885587 1922940 1670064 1818314 1733639 1711162 1712418 1890564 1901781 1628977 1712405 1697588 1661389 1629074 1711269 1702471 1675121 1926647 1907994 1903028 1910517 1683772 1834520 1673825 1844484 1591653 1890547 1901794 1605300 1883075 1894309 1919191 1648885 1672588 1743543 1868150 1712433 1699976 1856956 1739821 1643946 1910515 1641422 1734950 1597914 1885585 1721150 1940381 1888075 1901790 1670183 1617864 1757262 1709916 1610358 1929179 1661370 1585427 1716235 1630210 1624085 1741178 1693763 1727399 1914247 1691376 1861923 1635267 1676299 1719997 1700032 1682593 1681354 1873124 1894304 1828333 1885581 1616601 1721241 1663964 1633949 1913005 1602814 1899290 1703825 1651501 1930374 1893070 1611572 1871888 1695036 1600433 1653985 1673802 1899298 1898052 1616618 1839487 1844513 1721246 1926689 1667570 1599101 1895544 1671373 1681350 1835752 1905493 1640175 1685126 1861931 1653911 1924177 1703791 1633953 1634053]
Requests Number (per Connection):  [1381 1508 1520 1494 1297 1382 1353 1295 1408 1379 1484 1514 1298 1332 1349 1317 1543 1381 1387 1286 1309 1348 1485 1485 1322 1308 1336 1284 1374 1525 1331 1369 1313 1401 1379 1283 1374 1381 1526 1519 1278 1303 1509 1480 1311 1507 1396 1505 1265 1519 1398 1320 1392 1381 1321 1356 1316 1381 1431 1300 1326 1327 1318 1385 1379 1474 1312 1332 1532 1384 1325 1493 1283 1533 1299 1364 1276 1546 1477 1517 1378 1357 1419 1327 1308 1367 1543 1293 1508 1523 1295 1405 1298 1354 1485 1384 1257 1382 1308 1360 1543 1353 1536 1388 1569 1381 1332 1332 1346 1294 1305 1346 1337 1560 1395 1467 1345 1382 1341 1284 1387 1512 1333 1384 1308 1538 1515 1523 1303 1511 1506 1397 1393 1391 1375 1297 1508 1335 1407 1465 1523 1299 1273 1296 1322 1405 1529 1335 1329 1293 1394 1309 1546 1489 1497 1356 1528 1344 1484 1376 1542 1303 1379 1358 1450 1289 1326 1370 1495 1333 1521 1487 1547 1411 1332 1375 1522 1538 1377 1409 1303 1361 1310 1425 1514 1544 1341 1460 1392 1374 1375 1518 1527 1308 1375 1363 1334 1308 1374 1367 1345 1547 1532 1528 1534 1352 1473 1344 1481 1278 1518 1527 1289 1512 1521 1541 1324 1343 1400 1500 1375 1365 1491 1397 1320 1534 1318 1393 1283 1514 1382 1558 1516 1527 1341 1299 1411 1373 1293 1549 1334 1273 1378 1309 1304 1398 1360 1387 1537 1358 1495 1313 1346 1381 1365 1351 1350 1504 1521 1468 1514 1298 1382 1336 1312 1536 1287 1525 1368 1326 1550 1520 1294 1503 1361 1285 1328 1344 1525 1524 1298 1477 1481 1382 1547 1339 1284 1522 1342 1350 1474 1530 1317 1353 1495 1328 1545 1368 1312 1312]
Requests/sec:  8746.712141927082 KB
Transfer/sec:  17262.103173828124 KB

