2023-12-05 04:44:17.203179094 +0800 CST m=+50958.046763276
Running 1m0s myx-test @ https://192.168.12.127:6443/api/v1/namespaces/myx-test/serviceaccounts
3 connections
Requests/bytes (per Connection):  [23378478 20314946 19556078]
Response/bytes (per Connection):  [14480111 12582633 12112607]
Requests Number (per Connection):  [18361 15955 15359]
Requests/sec:  1029.4515299479167 KB
Transfer/sec:  1667.0711751302083 KB

2023-12-05 04:45:57.243487586 +0800 CST m=+51058.087071763
Running 1m0s myx-test @ https://192.168.12.127:6443/api/v1/namespaces/myx-test/serviceaccounts
6 connections
Requests/bytes (per Connection):  [17796542 21191032 17834600 17862734 17730304 20582406]
Response/bytes (per Connection):  [11022775 13125252 11046364 11063775 10981752 12748283]
Requests Number (per Connection):  [13977 16643 14007 14029 13925 16165]
Requests/sec:  1839.1539388020833 KB
Transfer/sec:  2978.284814453125 KB

2023-12-05 04:47:37.279225649 +0800 CST m=+51158.122809836
Running 1m0s myx-test @ https://192.168.12.127:6443/api/v1/namespaces/myx-test/serviceaccounts
9 connections
Requests/bytes (per Connection):  [16337246 18994546 15337722 16195890 18964050 15323780 19040404 15319898 16209868]
Response/bytes (per Connection):  [10118935 11764809 9499853 10031385 11745913 9491210 11793210 9488813 10040046]
Requests Number (per Connection):  [12831 14918 12046 12720 14894 12035 14954 12032 12731]
Requests/sec:  2469.4564453125 KB
Transfer/sec:  3998.9840169270833 KB

2023-12-05 04:49:17.311262961 +0800 CST m=+51258.154847140
Running 1m0s myx-test @ https://192.168.12.127:6443/api/v1/namespaces/myx-test/serviceaccounts
15 connections
Requests/bytes (per Connection):  [12959308 14567458 13025530 11598242 11560032 14447808 12930010 14576328 14354842 13017892 11684766 11535828 13057380 14471992 11696168]
Response/bytes (per Connection):  [8026710 9022761 8067725 7183689 7160024 8948648 8008565 9028260 8891069 8062994 7237287 7145034 8087450 8963628 7244356]
Requests Number (per Connection):  [10178 11441 10230 9109 9079 11347 10155 11448 11274 10224 9177 9060 10255 11366 9186]
Requests/sec:  3181.6989583333334 KB
Transfer/sec:  5152.372786458333 KB

2023-12-05 04:50:57.355557764 +0800 CST m=+51358.199141940
Running 1m0s myx-test @ https://192.168.12.127:6443/api/v1/namespaces/myx-test/serviceaccounts
30 connections
Requests/bytes (per Connection):  [9639858 9701042 8602116 10561800 10571884 8664690 9639838 8570306 10504378 8611130 10648384 9609370 9625888 10419132 9643708 8682366 8707838 10431922 10606276 8574094 8623884 9585166 9562238 10499276 9667962 10636850 8667080 10597360 8640328 9662866]
Response/bytes (per Connection):  [5970721 6008609 5327970 6541740 6547998 5366705 5970711 5308265 6506189 5333541 6595368 5951829 5962064 6453382 5973102 5377671 5393447 6461297 6569298 5310615 5341438 5936839 5922639 6503030 5988117 6588233 5368204 6563776 5351636 5984961]
Requests Number (per Connection):  [7571 7619 6756 8295 8303 6805 7571 6731 8250 6763 8363 7547 7560 8183 7574 6819 6839 8193 8330 6734 6773 7528 7510 8246 7593 8354 6807 8323 6786 7589]
Requests/sec:  4690.08837890625 KB
Transfer/sec:  7595.026448567708 KB

2023-12-05 04:52:37.391352029 +0800 CST m=+51458.234936193
Running 1m0s myx-test @ https://192.168.12.127:6443/api/v1/namespaces/myx-test/serviceaccounts
60 connections
Requests/bytes (per Connection):  [5825186 6534418 6676998 5797144 6666800 5743690 5715688 6595562 6575182 6594288 6719122 6580280 6618494 5741146 6631228 6728038 6631176 5792118 6487300 6562446 6655414 5776830 6670560 5770462 5771736 5762820 5774282 6581554 6668170 5765368 5761496 6685872 6555980 6734326 6545886 6682180 5730974 5817474 6736798 6671992 5802194 6754742 5762818 6654000 6587786 5771732 6612084 5784456 6646448 6661642 6749580 6647788 6635050 6736798 5722058 6636322 6702564 6683454 6693514 6686004]
Response/bytes (per Connection):  [3607993 4047273 4135587 3590628 4129272 3557517 3540172 4085141 4072519 4084352 4161665 4075676 4099343 3555941 4107230 4167187 4107204 3587507 4018090 4064631 4122211 3578039 4131608 3574095 3574884 3569362 3576461 4076465 4130109 3570940 3568548 4141088 4060638 4171091 4054375 4138786 3549639 3603225 4172631 4132476 3593761 4183731 3569361 4121352 4080341 3574882 4095378 3582764 4116664 4126085 4180542 4117486 4109597 4172631 3544117 4110385 4151410 4139575 4145821 4141154]
Requests Number (per Connection):  [4575 5132 5244 4553 5236 4511 4489 5180 5164 5179 5277 5168 5198 4509 5208 5284 5208 4549 5095 5154 5227 4537 5239 4532 4533 4526 4535 5169 5237 4528 4525 5251 5149 5289 5141 5248 4501 4569 5291 5240 4557 5305 4526 5226 5174 4533 5193 4543 5220 5232 5301 5221 5211 5291 4494 5212 5264 5249 5257 5251]
Requests/sec:  6205.525911458333 KB
Transfer/sec:  10049.090950520833 KB

2023-12-05 04:54:17.431149485 +0800 CST m=+51558.274733666
Running 1m0s myx-test @ https://192.168.12.127:6443/api/v1/namespaces/myx-test/serviceaccounts
90 connections
Requests/bytes (per Connection):  [4478178 5119722 4515070 5278934 5121142 5175816 4446186 5156778 5211582 4476758 5136426 4489500 4534104 5065094 4498456 5252196 5208880 5194866 5200118 4460300 4469122 5070138 4498418 5180956 5117322 5144034 4453834 4515034 4514978 5179596 4531532 5250910 5310780 4499688 4493460 5168176 5210196 4483128 5268744 5121106 4494596 5208878 4514974 5213968 4464158 5116048 5043444 5243400 5091686 5094392 5103240 5215278 5239530 4537904 5196238 4495866 4469232 5245922 5118500 5222890 5213974 5200084 5114636 4453848 5221724 5178464 5278934 5096940 5254852 5262456 5068892 5336256 4774830 5130004 4574856 5154104 5168224 5278976 5118594 4540450 4531590 5132586 4514974 4530260 5221708 4483130 5236902 5207696 5137676 5123532]
Response/bytes (per Connection):  [2773673 3171053 2796527 3269659 3171915 3205788 2753877 3193989 3227927 2772811 3181381 2780702 2808324 3137203 2786244 3253098 3226272 3217593 3220827 2762606 2768081 3140333 2786225 3208966 3169549 3186097 2758613 2796509 2796481 3208134 2806734 3252303 3289382 2787012 2783138 3201056 3227082 2776756 3263348 3171897 2783858 3226271 2796479 3229424 2764991 3168760 3123794 3247636 3153691 3155348 3160836 3230231 3245245 2810680 3218431 2784645 2768136 3249201 3170290 3234949 3229427 3220810 3167902 2758620 3234214 3207416 3269659 3156926 3254730 3259444 3139558 3305160 2957415 3177410 2833564 3192348 3201080 3269680 3170337 2812257 2806763 3179005 2796479 2805946 3234206 2776757 3243627 3225528 3182158 3173414]
Requests Number (per Connection):  [3517 4021 3546 4146 4022 4065 3492 4050 4093 3516 4034 3526 3561 3978 3533 4125 4091 4080 4084 3503 3510 3982 3533 4069 4019 4040 3498 3546 3546 4068 3559 4124 4171 3534 3529 4059 4092 3521 4138 4022 3530 4091 3546 4095 3506 4018 3961 4118 3999 4001 4008 4096 4115 3564 4081 3531 3510 4120 4020 4102 4095 4084 4017 3498 4101 4067 4146 4003 4127 4133 3981 4191 3750 4029 3593 4048 4059 4146 4020 3566 3559 4031 3546 3558 4101 3521 4113 4090 4035 4024]
Requests/sec:  7248.90224609375 KB
Transfer/sec:  11738.711832682291 KB

2023-12-05 04:55:57.469410665 +0800 CST m=+51658.312994909
Running 1m0s myx-test @ https://192.168.12.127:6443/api/v1/namespaces/myx-test/serviceaccounts
150 connections
Requests/bytes (per Connection):  [3507880 3059662 3511698 3170478 3468344 3521892 3385594 3595770 3360220 3083820 3427630 3661850 3076190 3099142 3049470 3539680 3100422 3549782 3455626 3580484 3556286 3555008 3566334 3504054 3132148 3613604 3123246 3570136 3032910 3101696 3478582 3622362 3436546 3402152 3521892 3330822 3436546 3108068 3448010 3576664 3099082 3375500 3090180 3116982 3464566 3600830 3409796 3590668 3147554 3395784 3547282 3561338 3479856 3416166 3427630 3479852 3417472 3071100 3481062 3491236 3514244 3531956 3096602 3111800 3511688 3110588 3132270 3020230 3374138 3412344 3425080 3107986 3539624 3080018 3097876 3319420 3605802 3553730 3445462 3495116 3114376 3551186 3383046 3026590 3514250 3395788 3479856 3422534 3083864 3456898 3395806 3594480 3521760 3167936 3591948 3618698 3566314 3346250 3572840 3518066 3417472 3097876 3545948 3553738 3486150 3516796 3467118 3575376 3573962 3542268 3432732 3109340 3057114 3407296 3109340 3441642 3581718 3123352 3614774 3102972 3132192 3434004 3557554 3086412 3101682 3548642 3395784 3072400 3171752 3170422 3134812 3426374 3551028 3575388 3414892 3448012 3092764 3087686 3120806 3407248 3078768 3511698 3518070 3092780 3115698 3432726 3073646 3347378 3427638 3055840]
Response/bytes (per Connection):  [2172700 1895087 2175065 1963719 2148220 2181378 2096965 2227133 2081238 1910054 2122999 2268077 1905327 1919539 1888775 2192400 1920331 2198667 2140341 2217666 2202679 2201888 2208919 2170331 1939994 2238178 1934479 2211276 1878519 1921120 2154555 2243621 2128521 2107220 2181378 2063043 2128521 1925066 2135621 2215300 1919509 2090702 1913994 1930587 2145875 2230271 2111954 2223974 1949521 2103276 2197113 2205813 2155344 2115899 2122999 2155342 2116704 1902174 2156099 2162402 2176642 2187626 1917965 1927388 2175060 1926630 1940055 1870659 2089869 2113532 2121420 1925025 2192372 1907697 1918754 2055974 2233365 2201097 2134043 2164798 1928980 2199521 2095387 1874599 2176645 2103278 2155344 2119843 1910076 2141129 2103287 2226336 2181312 1962144 2224766 2241333 2208909 2072581 2212932 2179009 2116704 1918754 2196294 2201101 2159251 2178222 2147455 2214504 2213645 2193998 2126158 1925854 1893509 2110400 1925854 2131677 2218435 1934532 2238915 1921910 1940016 2126946 2203465 1911654 1921113 2197945 2103276 1902976 1964508 1963691 1941630 2122219 2199442 2214510 2115110 2135622 1915590 1912443 1932955 2110376 1906920 2175065 2179011 1915598 1929793 2126155 1903751 2073297 2123003 1892720]
Requests Number (per Connection):  [2755 2403 2758 2490 2724 2766 2659 2824 2639 2422 2692 2876 2416 2434 2395 2780 2435 2788 2714 2812 2793 2792 2801 2752 2460 2838 2453 2804 2382 2436 2732 2845 2699 2672 2766 2616 2699 2441 2708 2809 2434 2651 2427 2448 2721 2828 2678 2820 2472 2667 2786 2797 2733 2683 2692 2733 2684 2412 2734 2742 2760 2774 2432 2444 2758 2443 2460 2372 2650 2680 2690 2441 2780 2419 2433 2607 2832 2791 2706 2745 2446 2789 2657 2377 2760 2667 2733 2688 2422 2715 2667 2823 2766 2488 2821 2842 2801 2628 2806 2763 2684 2433 2785 2791 2738 2762 2723 2808 2807 2782 2696 2442 2401 2676 2442 2703 2813 2453 2839 2437 2460 2697 2794 2424 2436 2787 2667 2413 2491 2490 2462 2691 2789 2808 2682 2708 2429 2425 2451 2676 2418 2758 2763 2429 2447 2696 2414 2629 2692 2400]
Requests/sec:  8205.34140625 KB
Transfer/sec:  13287.548697916667 KB

2023-12-05 04:57:37.519363446 +0800 CST m=+51758.362947633
Running 1m0s myx-test @ https://192.168.12.127:6443/api/v1/namespaces/myx-test/serviceaccounts
300 connections
Requests/bytes (per Connection):  [1767318 1726486 1689692 1729108 1713736 1693512 1619634 1749402 1777426 1694786 1622178 1768510 1543206 1828380 1690820 1569952 1791440 1679402 1581338 1759632 1581420 1667994 1577580 1852578 1599178 1576322 1511360 1750676 1800372 1795356 1773606 1809370 1587790 1763416 1703546 1623430 1580064 1594160 1823302 1614486 1624730 1810656 1771150 1807994 1699736 1739370 1600524 1499896 1580134 1642526 1721510 1816914 1764846 1723926 1744448 1585242 1699842 1774882 1640012 1557218 1736820 1656426 1801628 1735484 1820740 1715168 1825832 1805472 1867864 1633646 1823280 1763456 1602956 1734216 1820736 1768510 1759750 1573776 1594056 1611992 1748286 1726562 1837356 1568682 1693354 1750802 1790214 1764846 1796622 1718988 1617084 1637306 1788888 1704820 1587790 1726474 1774880 1799230 1661668 1771204 1703654 1681992 1618362 1814392 1739370 1671858 1544478 1561038 1615692 1827170 1577538 1740486 1605548 1695906 1716284 1646380 1699804 1674262 1636196 1628538 1704976 1749472 1727748 1636190 1722652 1792712 1609440 1664216 1552122 1801764 1693458 1844954 1725358 1625894 1797808 1745706 1771170 1757190 1732842 1810678 1601798 1763574 1774936 1749416 1539384 1627192 1698608 1599168 1726532 1594120 1766112 1540638 1662782 1785154 1767360 1671858 1830922 1844948 1864044 1744420 1829774 1717650 1876784 1783936 1783882 1796534 1716344 1694786 1603074 1796688 1555944 1727790 1596652 1596706 1794088 1698450 1761026 1552122 1848810 1638624 1604346 1717568 1701146 1580146 1725358 1721438 1858948 1733000 1557214 1591540 1761018 1781386 1628552 1730296 1608132 1769926 1736702 1842424 1619636 1553396 1638738 1711188 1589064 1558492 1586516 1604350 1708798 1760868 1761004 1811846 1676796 1640012 1627274 1572504 1822006 1737938 1748286 1603072 1776154 1671700 1846210 1819580 1778788 1561038 1573778 1757088 1690806 1801624 1795256 1566118 1750822 1669310 1731568 1606898 1557188 1753382 1711308 1675678 1576320 1626000 1692222 1726570 1713734 1647534 1766120 1614538 1572504 1688260 1755930 1660234 1614534 1597976 1746854 1592860 1785130 1736664 1648830 1797808 1775004 1562314 1618362 1761026 1618230 1547028 1880602 1783792 1615708 1629824 1721378 1698514 1769862 1720262 1786344 1824558 1666606 1519004 1648928 1743166 1559716 1764846 1758478 1725322 1722792 1633568 1637306 1754612 1795260 1567408 1711188 1689616 1787664 1753382 1656470 1758378 1697252 1772332 1791556 1782610 1779974 1569956]
Response/bytes (per Connection):  [1094635 1069355 1046550 1070970 1061460 1048916 1003161 1083549 1100905 1049705 1004737 1095383 955827 1132462 1047266 972392 1109584 1040189 979453 1089880 979494 1033117 977118 1147449 990501 976337 936104 1084338 1115114 1111998 1098539 1120677 983439 1092228 1055149 1005515 978664 987384 1129315 999979 1006317 1121472 1097007 1119837 1052788 1077317 991326 929004 978699 1017343 1066259 1125361 1093095 1067771 1080464 981861 1052841 1099329 1015782 964505 1075738 1025965 1115894 1074918 1127730 1062328 1130884 1118272 1156916 1011839 1129304 1092248 992846 1074132 1127728 1095383 1089939 974760 987332 998428 1082839 1069393 1138014 971605 1048837 1084401 1108819 1093095 1112783 1064694 1001582 1014125 1108004 1055938 983439 1069349 1099328 1114391 1029194 1097034 1055203 1041788 1002373 1123796 1077317 1035505 956615 966871 1000734 1131705 977097 1078027 994446 1050417 1063038 1019726 1052822 1037011 1013418 1008677 1056016 1083584 1070138 1013415 1066982 1110372 996848 1030772 961349 1115962 1048889 1142725 1068639 1007051 1113528 1081245 1097017 1088355 1073293 1121483 992115 1092307 1099356 1083556 953460 1007852 1052072 990496 1069378 987364 1093880 954239 1029903 1105681 1094656 1035505 1134037 1142722 1154550 1080450 1133311 1063873 1162440 1104920 1104893 1112739 1063068 1049705 992905 1112816 963716 1070159 988934 988961 1111212 1051993 1090729 961349 1145109 1014936 993693 1063832 1053645 978705 1068639 1066223 1151394 1073372 964503 985770 1090725 1103341 1008684 1071716 996042 1096243 1075679 1141156 1003162 962138 1014993 1059882 984228 965294 982650 993695 1058383 1090650 1090718 1122219 1038582 1015782 1007893 973972 1128515 1076449 1082839 992904 1100117 1035426 1143505 1126998 1101738 966871 974761 1088304 1047259 1115892 1111948 970019 1084411 1033927 1072504 995273 964490 1085995 1059942 1037871 976336 1007104 1048119 1069397 1061459 1020455 1093884 1000005 973972 1045682 1087573 1028325 1000003 989748 1081971 986582 1105669 1075660 1021255 1113528 1099390 967661 1002373 1090729 1002307 958194 1164805 1104848 1000742 1009472 1066193 1052025 1096211 1065483 1106428 1130095 1032271 940838 1021304 1079671 966058 1093095 1089151 1068621 1067052 1011800 1014125 1086762 1111950 970816 1059882 1046512 1107240 1085995 1025987 1089101 1051242 1097750 1109642 1104105 1102483 972394]
Requests Number (per Connection):  [1388 1356 1327 1358 1346 1330 1272 1374 1396 1331 1274 1389 1212 1436 1328 1233 1407 1319 1242 1382 1242 1310 1239 1455 1256 1238 1187 1375 1414 1410 1393 1421 1247 1385 1338 1275 1241 1252 1432 1268 1276 1422 1391 1420 1335 1366 1257 1178 1241 1290 1352 1427 1386 1354 1370 1245 1335 1394 1288 1223 1364 1301 1415 1363 1430 1347 1434 1418 1467 1283 1432 1385 1259 1362 1430 1389 1382 1236 1252 1266 1373 1356 1443 1232 1330 1375 1406 1386 1411 1350 1270 1286 1405 1339 1247 1356 1394 1413 1305 1391 1338 1321 1271 1425 1366 1313 1213 1226 1269 1435 1239 1367 1261 1332 1348 1293 1335 1315 1285 1279 1339 1374 1357 1285 1353 1408 1264 1307 1219 1415 1330 1449 1355 1277 1412 1371 1391 1380 1361 1422 1258 1385 1394 1374 1209 1278 1334 1256 1356 1252 1387 1210 1306 1402 1388 1313 1438 1449 1464 1370 1437 1349 1474 1401 1401 1411 1348 1331 1259 1411 1222 1357 1254 1254 1409 1334 1383 1219 1452 1287 1260 1349 1336 1241 1355 1352 1460 1361 1223 1250 1383 1399 1279 1359 1263 1390 1364 1447 1272 1220 1287 1344 1248 1224 1246 1260 1342 1383 1383 1423 1317 1288 1278 1235 1431 1365 1373 1259 1395 1313 1450 1429 1397 1226 1236 1380 1328 1415 1410 1230 1375 1311 1360 1262 1223 1377 1344 1316 1238 1277 1329 1356 1346 1294 1387 1268 1235 1326 1379 1304 1268 1255 1372 1251 1402 1364 1295 1412 1394 1227 1271 1383 1271 1215 1477 1401 1269 1280 1352 1334 1390 1351 1403 1433 1309 1193 1295 1369 1225 1386 1381 1355 1353 1283 1286 1378 1410 1231 1344 1327 1404 1377 1301 1381 1333 1392 1407 1400 1398 1233]
Requests/sec:  8302.21923828125 KB
Transfer/sec:  13444.428727213543 KB

