2023-12-05 15:13:52.665355198 +0800 CST m=+10383.172663054
Running 1m0s myx-test @ https://192.168.12.127:6443/apis/apps/v1/namespaces/myx-test/statefulsets
3 connections
Requests/bytes (per Connection):  [18252266 20153167 19393963]
Response/bytes (per Connection):  [32469870 35851461 34500894]
Requests Number (per Connection):  [12166 13433 12927]
Requests/sec:  940.7453776041667 KB
Transfer/sec:  2614.2841959635416 KB

2023-12-05 15:15:32.744256326 +0800 CST m=+10483.251564187
Running 1m0s myx-test @ https://192.168.12.127:6443/apis/apps/v1/namespaces/myx-test/statefulsets
6 connections
Requests/bytes (per Connection):  [18900358 19021783 16999569 16630449 16613992 16934952]
Response/bytes (per Connection):  [33622800 33838836 30241377 29584746 29555457 30126456]
Requests Number (per Connection):  [12598 12679 11331 11085 11074 11288]
Requests/sec:  1710.629931640625 KB
Transfer/sec:  4753.756103515625 KB

2023-12-05 15:17:12.809583086 +0800 CST m=+10583.316890947
Running 1m0s myx-test @ https://192.168.12.127:6443/apis/apps/v1/namespaces/myx-test/statefulsets
9 connections
Requests/bytes (per Connection):  [16265912 14866149 14033496 14890161 14912674 13988476 16259906 14022923 16333447]
Response/bytes (per Connection):  [28936245 26446140 24964893 26488854 26528901 24884808 28925562 24946104 29056380]
Requests Number (per Connection):  [10842 9909 9354 9925 9940 9324 10838 9347 10887]
Requests/sec:  2206.594140625 KB
Transfer/sec:  6132.015478515625 KB

2023-12-05 15:18:52.873059346 +0800 CST m=+10683.380367205
Running 1m0s myx-test @ https://192.168.12.127:6443/apis/apps/v1/namespaces/myx-test/statefulsets
15 connections
Requests/bytes (per Connection):  [11600024 12618749 10753892 11657060 10698363 12657769 10821405 12611246 11672098 10725383 11684078 10734383 11613567 12609745 12705689]
Response/bytes (per Connection):  [20635878 22448127 19130646 20737335 19031868 22517538 19250748 22434780 20764077 19079931 20785395 19095942 20659959 22432110 22602810]
Requests Number (per Connection):  [7732 8411 7168 7770 7131 8437 7213 8406 7780 7149 7788 7155 7741 8405 8469]
Requests/sec:  2850.967626953125 KB
Transfer/sec:  7922.698486328125 KB

2023-12-05 15:20:33.078478559 +0800 CST m=+10783.585786414
Running 1m0s myx-test @ https://192.168.12.127:6443/apis/apps/v1/namespaces/myx-test/statefulsets
30 connections
Requests/bytes (per Connection):  [7309334 7939356 8192915 7291324 7904893 8195985 7196785 8245418 7919971 7246302 7861470 8232007 7904837 7229795 7249306 7861442 8281502 8284536 7208785 8197488 7238799 7925973 8276875 7877859 8313031 8239516 7301835 7849426 7840460 7162258]
Response/bytes (per Connection):  [13002933 14123736 14574801 12970896 14062416 14580243 12802722 14668203 14089218 12890808 13985145 14644320 14062332 12861444 12896151 13985103 14732373 14737761 12824070 14582916 12877461 14099895 14724177 14014332 14788455 14657676 12989592 13963731 13947771 12741306]
Requests Number (per Connection):  [4872 5292 5461 4860 5269 5463 4797 5496 5279 4830 5240 5487 5269 4819 4832 5240 5520 5522 4805 5464 4825 5283 5517 5251 5541 5492 4867 5232 5226 4774]
Requests/sec:  3805.004606119792 KB
Transfer/sec:  10573.917154947916 KB

2023-12-05 15:22:13.149772203 +0800 CST m=+10883.657080077
Running 1m0s myx-test @ https://192.168.12.127:6443/apis/apps/v1/namespaces/myx-test/statefulsets
60 connections
Requests/bytes (per Connection):  [4956884 4949381 5485006 4934371 5525517 5466996 5542032 5453489 5546535 4922365 5575052 5563044 5466996 5549537 5477461 4961385 4932870 4950880 5600565 4949381 5589902 5542034 5627423 5465409 4901353 4899860 5560014 5489391 5491006 4925401 4959886 5471495 5574956 5448924 5476000 4944884 5453489 4893912 4911858 5561429 5627443 5462413 4947882 5441429 4884854 5525481 4928397 5598906 5538948 5378449 5621437 5564545 5494006 5427970 5608070 5531527 4940375 5591501 5499962 4971880]
Response/bytes (per Connection):  [8818050 8804703 9757545 8778003 9829611 9725508 9858987 9701481 9866997 8756646 9917724 9896364 9725508 9872337 9744135 8826057 8775333 8807370 9963108 8804703 9944184 9858990 10010928 9722709 8719269 8716611 9890982 9765378 9768219 8762037 8823390 9733512 9917580 9693378 9741525 8796702 9701481 8706015 8737956 9893523 10010958 9717378 8802036 9680043 8689917 9829557 8767368 9960201 9853524 9567996 10000275 9899034 9773556 9656088 9976458 9840300 8788683 9947001 9784164 8844729]
Requests Number (per Connection):  [3304 3299 3656 3289 3683 3644 3694 3635 3697 3281 3716 3708 3644 3699 3651 3307 3288 3300 3733 3299 3726 3694 3751 3643 3267 3266 3706 3659 3660 3283 3306 3647 3716 3632 3650 3296 3635 3262 3274 3707 3751 3641 3298 3627 3256 3683 3285 3732 3692 3585 3747 3709 3662 3618 3738 3687 3293 3727 3666 3314]
Requests/sec:  5201.560026041667 KB
Transfer/sec:  14454.877164713542 KB

2023-12-05 15:23:53.221943009 +0800 CST m=+10983.729250886
Running 1m0s myx-test @ https://192.168.12.127:6443/apis/apps/v1/namespaces/myx-test/statefulsets
90 connections
Requests/bytes (per Connection):  [3653169 3335157 3918648 3347053 3425189 3719141 3861778 3897642 3654634 3354556 3843620 3366556 3896205 3789682 3363672 3713197 3827229 3683181 3752193 3944167 3666676 3585632 3669678 3896213 3366666 3392031 3912682 3339516 3872265 3884133 3380033 3911143 3915650 3635113 3653165 3378522 3305069 3374019 3680157 3316989 3969680 3372518 3866123 3728131 3380023 3888636 3887227 3320021 3699694 3378680 3681684 3470141 3885634 3852616 3419129 3632159 3378558 3666610 3617149 3614147 3864622 3936658 3981698 3653145 3606642 3908199 3857119 3377127 3650167 3876786 3678682 3350099 3861656 3675622 3852614 3666676 3399682 3701195 3713165 3362061 3336658 3620151 3428207 3933680 3350095 3651668 3380181 3360512 3639662 3810752]
Response/bytes (per Connection):  [6498801 5933061 6971094 5954253 6093219 6616173 6869886 6933726 6501417 5967600 6837627 5988948 6931152 6741654 5983785 6605583 6808437 6552189 6674958 7016487 6522828 6378663 6528168 6931164 5989113 6034275 6960471 5940855 6888546 6909696 6012930 6957744 6965760 6466695 6498795 6010245 5879559 6002235 6546816 5900787 7061871 5999565 6877659 6632169 6012915 6917706 6915174 5906172 6581562 6010482 6549525 6173202 6912366 6853632 6082455 6461427 6010299 6522729 6434727 6429387 6874989 7003131 7083246 6498765 6416037 6952491 6861642 6007734 6493461 6896583 6544185 5959659 6869703 6538758 6853629 6522828 6047844 6584232 6605535 5980950 5935731 6440067 6098583 6997827 5959653 6496131 6013152 5978208 6474774 6779118]
Requests Number (per Connection):  [2435 2223 2612 2231 2283 2479 2574 2598 2436 2236 2562 2244 2597 2526 2242 2475 2551 2455 2501 2629 2444 2390 2446 2597 2244 2261 2608 2226 2581 2589 2253 2607 2610 2423 2435 2252 2203 2249 2453 2211 2646 2248 2577 2485 2253 2592 2591 2213 2466 2252 2454 2313 2590 2568 2279 2421 2252 2444 2411 2409 2576 2624 2654 2435 2404 2605 2571 2251 2433 2584 2452 2233 2574 2450 2568 2444 2266 2467 2475 2241 2224 2413 2285 2622 2233 2434 2253 2240 2426 2540]
Requests/sec:  5333.26435546875 KB
Transfer/sec:  14820.879345703124 KB

2023-12-05 15:25:33.293956572 +0800 CST m=+11083.801264443
Running 1m0s myx-test @ https://192.168.12.127:6443/apis/apps/v1/namespaces/myx-test/statefulsets
150 connections
Requests/bytes (per Connection):  [2713969 2668965 2799402 2305931 2565408 2765011 2338945 2469382 2365959 2527889 2747005 2493372 2356909 2531031 2718490 2559406 2407913 2490476 2701979 2483023 2553404 2340450 2465011 2338851 2284919 2683989 2499384 2365809 2503993 2652456 2571414 2343392 2488993 2710985 2296925 2317933 2703478 2639029 2716989 2478520 2313354 2536895 2346392 2334442 2338831 2295364 2521959 2750007 2365959 2367448 2502508 2338915 2753009 2712482 2503919 2478504 2634444 2256404 2709484 2374805 2540053 2377835 2506889 2487416 2595422 2507035 2692975 2744003 2304430 2529390 2698979 2468013 2479923 2317847 2388476 2508404 2547400 2668963 2713969 2553404 2562408 2619546 2725993 2650953 2804035 2647953 2532392 2313434 2358456 2494873 2332885 2587917 2490430 2754510 2583502 2765015 2337328 2669005 2331354 2505526 2500919 2535482 2280376 2525027 2493404 2730456 2386919 2689975 2752959 2703478 2560937 2325422 2661458 2535394 2466356 2472472 2344953 2307432 2377967 2683971 2652454 2308869 2301390 2677979 2284875 2511382 2281917 2415486 2814538 2763514 2737951 2337448 2718466 2751490 2526390 2745504 2344947 2722993 2719965 2728995 2331440 2533997 2698979 2692977 2787524 2388442 2580420 2368965 2322390 2323939]
Response/bytes (per Connection):  [4828020 4747959 4980024 4102131 4563747 4918812 4160859 4392924 4208913 4497006 4886781 4435605 4192827 4502556 4836057 4553070 4283562 4430424 4806687 4417152 4542393 4163535 4385112 4160718 4064754 4774680 4446297 4208688 4454466 4718592 4574430 4168785 4427781 4822707 4086111 4123482 4809354 4694685 4833387 4409142 4115358 4513026 4174122 4152849 4160688 4083351 4486437 4892121 4208913 4211565 4451820 4160814 4897461 4825371 4454355 4409118 4686552 4014030 4820037 4224693 4518600 4230075 4459647 4424997 4617138 4459866 4790670 4881441 4099461 4499676 4801350 4390452 4411665 4123353 4248966 4462338 4531713 4747956 4828020 4542393 4558410 4660020 4849404 4715919 4988229 4710582 4505016 4115478 4195566 4438275 4150095 4603788 4430355 4900131 4595910 4918818 4158015 4748019 4147380 4457184 4449018 4510488 4056684 4491876 4435653 4857354 4246212 4785333 4897386 4809354 4555785 4136808 4734606 4510356 4387548 4398396 4171545 4104801 4230273 4774653 4718589 4107375 4094064 4763991 4064688 4467642 4059414 4297014 5006913 4916148 4870689 4158195 4836021 4894764 4494339 4884111 4171536 4844067 4838688 4854744 4147509 4507842 4801350 4790673 4958859 4248915 4590450 4214259 4131423 4134165]
Requests Number (per Connection):  [1809 1779 1866 1537 1710 1843 1559 1646 1577 1685 1831 1662 1571 1687 1812 1706 1605 1660 1801 1655 1702 1560 1643 1559 1523 1789 1666 1577 1669 1768 1714 1562 1659 1807 1531 1545 1802 1759 1811 1652 1542 1691 1564 1556 1559 1530 1681 1833 1577 1578 1668 1559 1835 1808 1669 1652 1756 1504 1806 1583 1693 1585 1671 1658 1730 1671 1795 1829 1536 1686 1799 1645 1653 1545 1592 1672 1698 1779 1809 1702 1708 1746 1817 1767 1869 1765 1688 1542 1572 1663 1555 1725 1660 1836 1722 1843 1558 1779 1554 1670 1667 1690 1520 1683 1662 1820 1591 1793 1835 1802 1707 1550 1774 1690 1644 1648 1563 1538 1585 1789 1768 1539 1534 1785 1523 1674 1521 1610 1876 1842 1825 1558 1812 1834 1684 1830 1563 1815 1813 1819 1554 1689 1799 1795 1858 1592 1720 1579 1548 1549]
Requests/sec:  6165.540983072917 KB
Transfer/sec:  17133.73487955729 KB

2023-12-05 15:27:13.368402845 +0800 CST m=+11183.875710718
Running 1m0s myx-test @ https://192.168.12.127:6443/apis/apps/v1/namespaces/myx-test/statefulsets
300 connections
Requests/bytes (per Connection):  [1482310 1561715 1677262 1503320 1750797 1521214 1380254 1716274 1515168 1716300 1455212 1705769 1677252 1405771 1459769 1539340 1569198 1563352 1506292 1533224 1389262 1449168 1501713 1512168 1506278 1719276 1434200 1413274 1456749 1714783 1564853 1434244 1498817 1518306 1426677 1420685 1408695 1566234 1554306 1420777 1468741 1417687 1684761 1737284 1398262 1482308 1383258 1411691 1509322 1692278 1515328 1423703 1425188 1441785 1456671 1441791 1453797 1498817 1516813 1708769 1698334 1770304 1557224 1677396 1741791 1743358 1419278 1723815 1438701 1446292 1417689 1566308 1543723 1659394 1671310 1389262 1743290 1743290 1561851 1713360 1720825 1411773 1410274 1512178 1419278 1569310 1543771 1426725 1413198 1666751 1699849 1383258 1398266 1416188 1759797 1737328 1729783 1660743 1504819 1707334 1744791 1434272 1713276 1413274 1674400 1566354 1756797 1737290 1401268 1660773 1512324 1521330 1534745 1501775 1401268 1395264 1717885 1419274 1725336 1696763 1513825 1423779 1726857 1533186 1756801 1368226 1417777 1558851 1426783 1515326 1486757 1737284 1548322 1740328 1507665 1386212 1696849 1740298 1735785 1401268 1513825 1435787 1411747 1423781 1515226 1512288 1734284 1368226 1407272 1702803 1686262 1528739 1513725 1546843 1536280 1681761 1510829 1495743 1749292 1419272 1444749 1690801 1552847 1743290 1554242 1525831 1371248 1404270 1641316 1371250 1699867 1701344 1498815 1674250 1693775 1504821 1579863 1416188 1431244 1560192 1683300 1423779 1707278 1435743 1714837 1713378 1684757 1507823 1498817 1383258 1705895 1450795 1390763 1729869 1513675 1684773 1504705 1500284 1456799 1714773 1402769 1516685 1524266 1431176 1546843 1683310 1414777 1731284 1576817 1548344 1446278 1710282 1425282 1386260 1437172 1765801 1429779 1726781 1737286 1599348 1419184 1554190 1405771 1504819 1695338 1566354 1660811 1549845 1566238 1554348 1507827 1482238 1464228 1440290 1770304 1684867 1648741 1533272 1365250 1549845 1560264 1470286 1438785 1731346 1615881 1674358 1524196 1663887 1546717 1690765 1395264 1681755 1692394 1717883 1480799 1578202 1500318 1551250 1521330 1735789 1441667 1399767 1512194 1389262 1533336 1750793 1414695 1531683 1429729 1429783 1714773 1734284 1770304 1398202 1527332 1522831 1674252 1747791 1408737 1479310 1473186 1645857 1725358 1515326 1398234 1536338 1525833 1479218 1704272 1414775 1408737 1578264 1434246 1368226 1509324 1699813 1416276 1498683 1723779 1752294]
Response/bytes (per Connection):  [2636943 2778231 2983776 2674317 3114585 2706180 2455401 3053175 2695437 3053214 2588763 3034488 2983761 2500791 2596854 2738391 2791548 2781105 2679612 2727543 2471424 2578023 2671488 2690100 2679591 3058515 2551386 2514138 2591487 3050520 2783775 2551452 2666307 2700981 2538009 2527347 2506014 2786265 2765025 2527485 2612823 2522013 2997117 3090549 2487435 2636940 2460744 2511345 2684994 3010485 2695677 2532711 2535357 2564856 2591370 2564865 2586222 2666307 2698323 3039825 3021243 3149286 2770239 2983977 3098565 3101334 2524818 3066579 2559393 2572872 2522016 2786376 2746221 2951952 2973174 2471424 3101232 3101232 2778435 3047967 3061257 2511468 2508801 2690115 2524818 2791716 2746293 2538081 2514024 2965080 3023934 2460744 2487441 2519346 3130596 3090615 3077205 2954394 2676984 3037254 3103902 2551494 3047841 2514138 2978646 2786445 3125259 3090558 2492781 2954439 2690334 2706354 2730243 2671581 2492781 2482101 3056010 2524812 3069279 3018468 2693004 2532825 3071979 2727486 3125265 2434011 2522148 2773098 2538168 2695674 2644869 3090549 2754375 3095952 2682090 2466012 3018597 3095907 3087882 2492781 2693004 2554185 2511429 2532828 2695524 2690280 3085212 2434011 2503461 3029202 2999787 2719560 2692854 2751738 2732964 2991780 2687673 2660859 3111909 2524809 2570139 3007851 2762418 3101232 2764929 2714361 2439381 2498121 2919813 2439384 3023961 3026595 2666304 2978421 3013149 2676987 2810475 2519346 2546115 2775528 2994507 2532825 3037170 2554119 3050601 3047994 2997111 2682327 2666307 2460744 3034677 2580882 2474094 3077334 2692779 2997135 2676813 2668926 2591562 3050505 2495451 2698131 2711595 2546013 2751738 2994522 2516811 3079875 2805069 2754408 2572851 3042513 2535498 2466084 2556681 3141276 2543499 3071865 3090552 2845143 2524677 2764851 2500791 2676984 3015912 2786445 2954496 2757078 2786271 2765088 2682333 2636835 2604798 2562195 3149286 2997276 2933043 2727615 2428710 2757078 2775636 2615559 2559519 3079968 2874546 2978583 2711490 2959947 2751549 3007797 2482101 2991771 3010659 3056007 2634258 2807565 2668977 2759604 2706354 3087888 2564679 2490111 2690139 2471424 2727711 3114579 2516688 2724813 2543424 2543505 3050505 3085212 3149286 2487345 2717031 2709024 2978424 3109239 2506077 2631606 2620746 2927880 3069312 2695674 2487393 2733051 2714364 2631468 3031824 2516808 2506077 2807658 2551455 2434011 2684997 3023880 2519478 2666106 3066525 3117249]
Requests Number (per Connection):  [988 1041 1118 1002 1167 1014 920 1144 1010 1144 970 1137 1118 937 973 1026 1046 1042 1004 1022 926 966 1001 1008 1004 1146 956 942 971 1143 1043 956 999 1012 951 947 939 1044 1036 947 979 945 1123 1158 932 988 922 941 1006 1128 1010 949 950 961 971 961 969 999 1011 1139 1132 1180 1038 1118 1161 1162 946 1149 959 964 945 1044 1029 1106 1114 926 1162 1162 1041 1142 1147 941 940 1008 946 1046 1029 951 942 1111 1133 922 932 944 1173 1158 1153 1107 1003 1138 1163 956 1142 942 1116 1044 1171 1158 934 1107 1008 1014 1023 1001 934 930 1145 946 1150 1131 1009 949 1151 1022 1171 912 945 1039 951 1010 991 1158 1032 1160 1005 924 1131 1160 1157 934 1009 957 941 949 1010 1008 1156 912 938 1135 1124 1019 1009 1031 1024 1121 1007 997 1166 946 963 1127 1035 1162 1036 1017 914 936 1094 914 1133 1134 999 1116 1129 1003 1053 944 954 1040 1122 949 1138 957 1143 1142 1123 1005 999 922 1137 967 927 1153 1009 1123 1003 1000 971 1143 935 1011 1016 954 1031 1122 943 1154 1051 1032 964 1140 950 924 958 1177 953 1151 1158 1066 946 1036 937 1003 1130 1044 1107 1033 1044 1036 1005 988 976 960 1180 1123 1099 1022 910 1033 1040 980 959 1154 1077 1116 1016 1109 1031 1127 930 1121 1128 1145 987 1052 1000 1034 1014 1157 961 933 1008 926 1022 1167 943 1021 953 953 1143 1156 1180 932 1018 1015 1116 1165 939 986 982 1097 1150 1010 932 1024 1017 986 1136 943 939 1052 956 912 1006 1133 944 999 1149 1168]
Requests/sec:  7581.389811197917 KB
Transfer/sec:  21068.302701822915 KB

