2023-12-01 16:26:50.705445085 +0800 CST m=+141.466286056
Running 1m0s myx-test @ https://192.168.12.127:6443/api/v1/namespaces/myx-test/configmaps
3 connections
Requests/bytes (per Connection):  [16399861 18505039 15934093]
Response/bytes (per Connection):  [11977348 13514734 11637196]
Requests Number (per Connection):  [14225 16051 13821]
Requests/sec:  827.457568359375 KB
Transfer/sec:  1431.775244140625 KB

2023-12-01 16:29:00.797598028 +0800 CST m=+271.558439012
Running 1m0s myx-test @ https://192.168.12.127:6443/api/v1/namespaces/myx-test/configmaps
6 connections
Requests/bytes (per Connection):  [14429570 12470812 12978084 12428156 12847805 14750074]
Response/bytes (per Connection):  [10538816 9107845 9478161 9076433 9383477 10772572]
Requests Number (per Connection):  [12516 10817 11257 10780 11144 12794]
Requests/sec:  1300.5289876302083 KB
Transfer/sec:  2250.3548990885415 KB

2023-12-01 16:31:10.887621553 +0800 CST m=+401.648462527
Running 1m0s myx-test @ https://192.168.12.127:6443/api/v1/namespaces/myx-test/configmaps
9 connections
Requests/bytes (per Connection):  [11607295 11660328 10430197 9789189 9779967 10433653 9743073 10493605 11453960]
Response/bytes (per Connection):  [8477386 8516340 7617382 7149459 7142346 7620304 7115943 7663876 8365535]
Requests Number (per Connection):  [10068 10114 9047 8491 8483 9050 8451 9102 9935]
Requests/sec:  1552.592236328125 KB
Transfer/sec:  2686.52080078125 KB

2023-12-01 16:33:21.086210381 +0800 CST m=+531.847051366
Running 1m0s myx-test @ https://192.168.12.127:6443/api/v1/namespaces/myx-test/configmaps
15 connections
Requests/bytes (per Connection):  [9581669 8162461 7860404 9420265 8122111 8208577 7824666 8256999 9637009 8112886 9596657 7862708 7839652 7838499 9427181]
Response/bytes (per Connection):  [6997817 5961442 5740682 6879691 5931706 5994958 5714298 6030150 7038037 5925412 7008710 5742767 5725600 5724762 6885128]
Requests Number (per Connection):  [8311 7080 6818 8171 7045 7120 6787 7162 8359 7037 8324 6820 6800 6799 8177]
Requests/sec:  2079.2927083333334 KB
Transfer/sec:  3597.866276041667 KB

2023-12-01 16:35:31.179467726 +0800 CST m=+661.940308701
Running 1m0s myx-test @ https://192.168.12.127:6443/api/v1/namespaces/myx-test/configmaps
30 connections
Requests/bytes (per Connection):  [5682595 5422042 6173727 5746003 5721795 6111470 5718333 5443949 5402442 5728710 5372467 6206007 5690665 5410514 5719487 6264803 6139138 6165654 5756380 6248664 5711418 6154126 5398984 6177183 5442794 5410510 5377079 5684899 6110315 5450864]
Response/bytes (per Connection):  [4150099 3959914 4508685 4196593 4178589 4463438 4176483 3975425 3945669 4184025 3923884 4532556 4155964 3951125 4177322 4575698 4483957 4503228 4204135 4563558 4171047 4494850 3943156 4511607 3974996 3951943 3927236 4152184 4463009 3980861]
Requests Number (per Connection):  [4929 4703 5355 4984 4963 5301 4960 4722 4686 4969 4660 5383 4936 4693 4961 5434 5325 5348 4993 5420 4954 5338 4683 5358 4721 4693 4664 4931 5300 4728]
Requests/sec:  2816.455354817708 KB
Transfer/sec:  4873.441617838542 KB

2023-12-01 16:37:41.267991944 +0800 CST m=+792.028832918
Running 1m0s myx-test @ https://192.168.12.127:6443/api/v1/namespaces/myx-test/configmaps
60 connections
Requests/bytes (per Connection):  [3720376 3462129 3435612 3720377 3880627 3905991 3886394 3450599 3487493 3553209 3743435 3872557 3524384 3499022 3721527 3911753 3888700 3719224 3908295 3847194 3505939 3736517 3561277 3855265 3745741 3501325 3518620 3871404 3882933 3516315 3909448 3511704 3475963 3723835 3839124 3753811 3546289 3753809 3765340 3856416 3840275 3508245 3712304 3537068 3718071 3743432 3528995 3817219 3886391 3864486 3487493 3911756 3784938 3749197 3759574 3517468 3783784 3940577 3765340 3780325]
Response/bytes (per Connection):  [2717023 2528514 2509242 2717024 2834311 2852745 2838092 2520134 2546948 2594709 2733782 2828446 2574170 2555327 2718270 2857343 2839768 2716186 2854830 2809602 2560354 2728754 2600983 2815468 2735458 2557411 2569981 2827608 2835987 2567895 2855668 2564544 2538568 2719537 2803737 2741323 2590090 2741732 2749702 2816715 2804984 2562030 2711567 2582978 2715348 2734190 2577521 2787817 2838500 2822580 2546948 2856935 2764356 2738380 2745922 2568733 2763517 2878292 2749702 2761003]
Requests Number (per Connection):  [3227 3003 2980 3227 3366 3388 3371 2993 3025 3082 3247 3359 3057 3035 3228 3393 3373 3226 3390 3337 3041 3241 3089 3344 3249 3037 3052 3358 3368 3050 3391 3046 3015 3230 3330 3256 3076 3256 3266 3345 3331 3043 3220 3068 3225 3247 3061 3311 3371 3352 3025 3393 3283 3252 3261 3051 3282 3418 3266 3279]
Requests/sec:  3623.159358723958 KB
Transfer/sec:  6269.306559244792 KB

2023-12-01 16:39:51.457832024 +0800 CST m=+922.218672996
Running 1m0s myx-test @ https://192.168.12.127:6443/api/v1/namespaces/myx-test/configmaps
90 connections
Requests/bytes (per Connection):  [2899517 2920271 2960623 2710443 2901824 2901823 2958315 2928341 2947939 2651647 2894906 2919118 2928342 2700069 2640116 2967538 2874152 2935259 2927187 2914504 2954858 2712750 2900671 2907589 2922577 2660869 2973303 2666635 2939871 2686232 2660871 2716208 2885684 2683931 2750798 2974456 2668943 2977916 2701220 2960621 2973304 2873002 2653951 2912198 2950245 2951400 2920269 2912203 2683926 2685082 2907589 2875307 2876461 2911046 2953701 2997512 2938716 2700069 2931799 2716210 2645883 2695456 2675858 2652798 2679317 2950246 2928340 2924883 2914507 2870698 2932951 2924883 2941023 2710445 2982526 2938715 2642423 2665482 2900673 2980222 2711598 2953704 2941021 2923728 2864929 2667788 2686235 2931800 2950244 2943327]
Response/bytes (per Connection):  [2117978 2132651 2161978 1979742 2119244 2119654 2160711 2138516 2153170 1936600 2114627 2131813 2138517 1971792 1928630 2167414 2099543 2143544 2138088 2128870 2157788 1981419 2118406 2123434 2134327 1943713 2171604 1947493 2146896 1962146 1943304 1983932 2107514 1959653 2008661 2172442 1948760 2174546 1973039 2162387 2171194 2098297 1938685 2127194 2154846 2155275 2133060 2126377 1960470 1960900 2123434 2099972 2100811 2126357 2157768 2189609 2146467 1971792 2141440 1983523 1932411 1968850 1954196 1937847 1956710 2154436 2138926 2136003 2128462 2096212 2142277 2136003 2147733 1979333 2178307 2146466 1929896 1946655 2117997 2176222 1980171 2157360 2148142 2135574 2092840 1948331 1961738 2141030 2154845 2149818]
Requests Number (per Connection):  [2515 2533 2568 2351 2517 2517 2566 2540 2557 2300 2511 2532 2540 2342 2290 2574 2493 2546 2539 2528 2563 2353 2516 2522 2535 2308 2579 2313 2550 2330 2308 2356 2503 2328 2386 2580 2315 2583 2343 2568 2579 2492 2302 2526 2559 2560 2533 2526 2328 2329 2522 2494 2495 2525 2562 2600 2549 2342 2543 2356 2295 2338 2321 2301 2324 2559 2540 2537 2528 2490 2544 2537 2551 2351 2587 2549 2292 2312 2516 2585 2352 2562 2551 2536 2485 2314 2330 2543 2559 2553]
Requests/sec:  4170.631998697917 KB
Transfer/sec:  7216.641243489584 KB

2023-12-01 16:42:01.753980343 +0800 CST m=+1052.514821335
Running 1m0s myx-test @ https://192.168.12.127:6443/api/v1/namespaces/myx-test/configmaps
150 connections
Requests/bytes (per Connection):  [1934549 1821566 1954148 1788134 2012945 2004877 1799662 2006027 2052144 1851543 1932246 1803122 1966830 1827331 2027933 1831942 1746627 2001417 2000267 2001420 2055602 2003722 1805425 2037156 1956454 1928787 1850389 2029088 1825026 1958762 2044075 1861916 1840011 1987583 2026782 1808884 1804272 2026780 2002571 1781216 1830791 1978362 1868835 1995653 2063675 1805427 1997959 1969138 1957607 1997959 1841167 1987583 1952996 1972595 2022168 1776603 1924173 1829634 1841165 2022168 2019863 2024474 1818109 2055602 2024474 1996808 2039462 1969139 1932243 2024476 2040615 1853846 2038309 1821566 1963372 1853850 2016406 2000265 1861916 2018710 1828483 2002571 2026782 2023325 1955303 1830789 2014098 2042921 1795049 2018710 1969136 1952995 1952996 1995655 1969135 1931090 1782367 1800814 1996804 2011792 1950690 1834248 2072895 2039462 2029086 1815803 2019864 1822719 1818107 2006029 1963372 2039462 1959915 2032545 1819259 2022170 1813495 1815801 1987581 1997959 1776606 2045227 1851540 2015251 2033697 2078659 1988734 2036003 1845775 2012944 2074049 2041768 1840011 1971442 1783522 2039461 1961064 1933396 1987582 2022168 1835402 1956455 1822719 2053297 1826179 1808884 1827330 1991039 1947231 2006028]
Response/bytes (per Connection):  [1412966 1330442 1427210 1305734 1470353 1464079 1314112 1465325 1498842 1351818 1410882 1316627 1436427 1334632 1481246 1337983 1275978 1461564 1460318 1461156 1501355 1463650 1318711 1487949 1428886 1408368 1351390 1481675 1332546 1430153 1492567 1360178 1344258 1451510 1479999 1321225 1317873 1480408 1462403 1300706 1336736 1444398 1364796 1457375 1506812 1318302 1459051 1437694 1429724 1459051 1344277 1451510 1426373 1440617 1477056 1297764 1405425 1336716 1344686 1477056 1475381 1478732 1327519 1501355 1478732 1457804 1489625 1437695 1411290 1478323 1490463 1354313 1488787 1330442 1433914 1353495 1472458 1460727 1360178 1474543 1335469 1462403 1479999 1477076 1427639 1337145 1471191 1492139 1311170 1474543 1438103 1426372 1426373 1456966 1438513 1410452 1301953 1315360 1458622 1469515 1424697 1339659 1514334 1489625 1482084 1325843 1474971 1331280 1327928 1464916 1433914 1489625 1430991 1484598 1329176 1476647 1324576 1326252 1451919 1459051 1296945 1493815 1352637 1472029 1485435 1518523 1452757 1487111 1348447 1470352 1514762 1491301 1344258 1439779 1302382 1489624 1432647 1412128 1451509 1477056 1340087 1428887 1331280 1499680 1333384 1321225 1334631 1454432 1422183 1465326]
Requests Number (per Connection):  [1678 1580 1695 1551 1746 1739 1561 1740 1780 1606 1676 1564 1706 1585 1759 1589 1515 1736 1735 1736 1783 1738 1566 1767 1697 1673 1605 1760 1583 1699 1773 1615 1596 1724 1758 1569 1565 1758 1737 1545 1588 1716 1621 1731 1790 1566 1733 1708 1698 1733 1597 1724 1694 1711 1754 1541 1669 1587 1597 1754 1752 1756 1577 1783 1756 1732 1769 1708 1676 1756 1770 1608 1768 1580 1703 1608 1749 1735 1615 1751 1586 1737 1758 1755 1696 1588 1747 1772 1557 1751 1708 1694 1694 1731 1708 1675 1546 1562 1732 1745 1692 1591 1798 1769 1760 1575 1752 1581 1577 1740 1703 1769 1700 1763 1578 1754 1573 1575 1724 1733 1541 1774 1606 1748 1764 1803 1725 1766 1601 1746 1799 1771 1596 1710 1547 1769 1701 1677 1724 1754 1592 1697 1581 1781 1584 1569 1585 1727 1689 1740]
Requests/sec:  4739.308821614583 KB
Transfer/sec:  8200.610904947916 KB

2023-12-01 16:44:11.898960761 +0800 CST m=+1182.659801737
Running 1m0s myx-test @ https://192.168.12.127:6443/api/v1/namespaces/myx-test/configmaps
300 connections
Requests/bytes (per Connection):  [1271638 1224371 1197852 1124068 1199004 1203618 1195546 1280861 1269332 1246272 1211687 1290084 1192089 1121762 1207076 1159808 1203616 1192088 1172487 1256652 1260109 1075647 1239356 1190935 1120611 1178254 1068730 1238204 1166725 1097552 1228982 1215145 1135596 1145972 1096400 1134446 1195547 1249732 1172486 1102164 1258956 1261263 1212839 1215145 1159807 1152890 1184014 1240509 1240507 1071037 1218604 1125220 1097550 1143667 1226674 1253189 1139055 1248579 1318907 1268177 1201312 1154043 1117150 1167878 1180560 1120609 1126373 1242813 1152890 1122914 1089482 1250885 1132137 1083718 1111386 1230131 1188628 1091786 1294696 1205923 1187476 1209381 1147126 1240509 1107927 1254344 1110233 1240510 1171336 1263567 1151737 1158655 1195548 1143667 1103317 1166725 1230135 1178252 1255497 1226674 1240511 1207075 1171335 1128679 1117149 1155196 1258953 1118302 1166725 1178254 1147125 1106773 1180560 1196698 1271638 1107926 1208227 1157502 1194395 1237051 1136750 1208230 1225522 1139055 1112538 1139055 1231288 1120611 1194395 1247428 1240507 1107926 1209383 1240507 1223217 1243968 1117150 1104468 1177101 1240511 1193240 1155196 1121762 1165572 1157501 1192089 1228980 1127526 1177097 1282014 1184019 1294696 1134443 1152890 1077951 1186324 1205922 1172490 1254344 1094091 1113693 1133290 1215147 1240510 1207077 1164419 1252040 1292390 1149432 1098703 1230135 1120608 1099857 1179407 1215145 1169029 1271638 1246273 1205924 1232441 1272791 1145972 1173643 1193242 1264721 1196699 1098706 1178254 1109081 1097551 1267028 1280861 1219759 1243970 1142513 1177101 1112542 1213992 1270485 1250887 1139055 1270487 1253191 1243969 1193242 1102164 1139057 1246274 1298155 1118302 1152890 1194395 1240510 1118303 1144819 1252038 1142513 1213991 1174793 1121762 1235897 1107926 1238203 1143667 1186325 1287778 1096399 1200157 1132140 1234745 1218605 1112538 1260109 1224368 1217451 1228982 1302767 1171337 1113693 1091785 1190936 1224370 1105621 1167877 1262414 1269332 1112538 1275096 1127528 1119456 1248581 1144820 1134443 1245121 1117149 1224368 1282013 1240511 1171336 1171337 1200157 1160960 1220909 1213994 1175948 1210534 1184017 1169031 1201309 1135596 1228978 1202465 1162113 1102162 1136749 1142513 1134446 1148278 1257803 1225522 1134443 1223216 1268179 1145973 1125221 1184019 1196701 1237050 1223214 1135597 1110232 1099856 1114844 1111385 1249735 1267027 1152890 1143669 1181710 1115997]
Response/bytes (per Connection):  [928714 893951 875088 821053 875925 878868 873412 935417 927038 910689 885143 942120 870489 819377 881381 847028 879277 870488 856653 917412 920335 785451 905252 870061 818130 860434 780424 904415 852055 801371 897302 887656 829431 836972 800534 828185 873002 912793 857063 804723 919497 920763 885980 887656 847027 842000 865441 906090 906499 781690 890170 821890 801780 835297 896035 915716 831945 911955 963068 926609 877192 842838 816025 852893 862110 818539 822728 908175 842000 820214 795506 913631 826917 791317 811836 898958 868384 797591 945472 880543 867547 883467 837811 906090 809322 916145 810998 906091 855406 922848 841162 846190 873003 835297 805561 852055 898140 860843 916983 896035 905681 881791 855816 824404 816024 843676 919905 816862 852055 860434 837810 808483 862110 874249 928714 809321 882628 845352 872165 903577 830270 882220 895198 831945 812673 831945 898978 818130 872165 910708 906499 809321 883058 906499 893112 908604 816025 806808 859596 905681 871736 843676 819377 851217 845351 870489 897711 823566 860414 936255 864624 945472 828593 842000 787536 866299 880953 856245 916145 799266 813102 827755 887247 906091 881382 850379 914060 943796 839487 802618 898140 818538 803457 861272 887656 854140 928714 910279 880544 899816 929552 836972 857083 871327 923687 874250 802210 860434 809750 801781 924953 935417 890599 908195 834458 859596 811855 886818 927876 913222 831945 927467 915307 908194 871327 804723 831536 910280 947986 816862 842000 872165 906091 816863 836134 914469 834458 887228 858329 819377 902738 809321 904414 835297 866300 940444 800533 876763 826509 901901 889760 812673 920335 894359 889332 897302 951338 855407 813102 797590 869651 893950 807646 852892 922010 927038 812673 931227 823157 817701 911546 836135 828593 909442 816024 894359 936254 905681 855406 855407 876763 847865 891845 886409 858758 884305 865033 853731 878011 829431 898120 878030 848703 805132 830269 834458 828185 838648 918659 895198 828593 893522 926200 836973 821891 864624 873841 903576 893931 829432 810997 803456 814349 811835 912385 925363 842000 834888 863356 815187]
Requests Number (per Connection):  [1103 1062 1039 975 1040 1044 1037 1111 1101 1081 1051 1119 1034 973 1047 1006 1044 1034 1017 1090 1093 933 1075 1033 972 1022 927 1074 1012 952 1066 1054 985 994 951 984 1037 1084 1017 956 1092 1094 1052 1054 1006 1000 1027 1076 1076 929 1057 976 952 992 1064 1087 988 1083 1144 1100 1042 1001 969 1013 1024 972 977 1078 1000 974 945 1085 982 940 964 1067 1031 947 1123 1046 1030 1049 995 1076 961 1088 963 1076 1016 1096 999 1005 1037 992 957 1012 1067 1022 1089 1064 1076 1047 1016 979 969 1002 1092 970 1012 1022 995 960 1024 1038 1103 961 1048 1004 1036 1073 986 1048 1063 988 965 988 1068 972 1036 1082 1076 961 1049 1076 1061 1079 969 958 1021 1076 1035 1002 973 1011 1004 1034 1066 978 1021 1112 1027 1123 984 1000 935 1029 1046 1017 1088 949 966 983 1054 1076 1047 1010 1086 1121 997 953 1067 972 954 1023 1054 1014 1103 1081 1046 1069 1104 994 1018 1035 1097 1038 953 1022 962 952 1099 1111 1058 1079 991 1021 965 1053 1102 1085 988 1102 1087 1079 1035 956 988 1081 1126 970 1000 1036 1076 970 993 1086 991 1053 1019 973 1072 961 1074 992 1029 1117 951 1041 982 1071 1057 965 1093 1062 1056 1066 1130 1016 966 947 1033 1062 959 1013 1095 1101 965 1106 978 971 1083 993 984 1080 969 1062 1112 1076 1016 1016 1041 1007 1059 1053 1020 1050 1027 1014 1042 985 1066 1043 1008 956 986 991 984 996 1091 1063 984 1061 1100 994 976 1027 1038 1073 1061 985 963 954 967 964 1084 1099 1000 992 1025 968]
Requests/sec:  5786.554052734375 KB
Transfer/sec:  10012.805859375 KB

