2023-12-03 01:09:46.309939503 +0800 CST m=+20541.587874866
Running 1m0s myx-test @ https://192.168.12.127:6443/apis/apps/v1/namespaces/myx-test/controllerrevisions
3 connections
Requests/bytes (per Connection):  [13237162 11374533 11432121]
Response/bytes (per Connection):  [9621304 8267608 8312480]
Requests Number (per Connection):  [11250 9667 9716]
Requests/sec:  586.6506510416667 KB
Transfer/sec:  1013.1055989583333 KB

2023-12-03 01:11:26.343124166 +0800 CST m=+20641.621059544
Running 1m0s myx-test @ https://192.168.12.127:6443/apis/apps/v1/namespaces/myx-test/controllerrevisions
6 connections
Requests/bytes (per Connection):  [10645012 9114187 9076528 10616769 9032982 9012975]
Response/bytes (per Connection):  [7737978 6626137 6598787 7717364 6567636 6553324]
Requests Number (per Connection):  [9047 7746 7714 9023 7677 7660]
Requests/sec:  935.847216796875 KB
Transfer/sec:  1616.205712890625 KB

2023-12-03 01:13:06.72725124 +0800 CST m=+20742.005186610
Running 1m0s myx-test @ https://192.168.12.127:6443/apis/apps/v1/namespaces/myx-test/controllerrevisions
9 connections
Requests/bytes (per Connection):  [7530413 8823573 7471618 7723423 8808287 7499880 8764779 7728119 7677512]
Response/bytes (per Connection):  [5475600 6414158 5431500 5614081 6402816 5451311 6370059 5618259 5582057]
Requests Number (per Connection):  [6400 7499 6350 6564 7486 6374 7449 6568 6525]
Requests/sec:  1172.3242838541667 KB
Transfer/sec:  2024.5352376302083 KB

2023-12-03 01:14:46.959654817 +0800 CST m=+20842.237590195
Running 1m0s myx-test @ https://192.168.12.127:6443/apis/apps/v1/namespaces/myx-test/controllerrevisions
15 connections
Requests/bytes (per Connection):  [5032480 5163038 5958461 5033604 5171342 5170168 5972599 4978313 5834966 4997173 5892556 5934973 5194826 5013633 5221890]
Response/bytes (per Connection):  [3657636 3754297 4331891 3660480 3757790 3756951 4341187 3619701 4239872 3632379 4284335 4313048 3776629 3644971 3796399]
Requests Number (per Connection):  [4277 4388 5064 4278 4395 4394 5076 4231 4959 4247 5008 5044 4415 4261 4438]
Requests/sec:  1311.36103515625 KB
Transfer/sec:  2264.6091796875 KB

2023-12-03 01:16:26.994820466 +0800 CST m=+20942.272755832
Running 1m0s myx-test @ https://192.168.12.127:6443/apis/apps/v1/namespaces/myx-test/controllerrevisions
30 connections
Requests/bytes (per Connection):  [3682836 3948762 3934646 3714623 4347644 4378284 3991164 3666341 4293547 4288796 3716948 3682856 3946389 3951129 4330031 3908760 4226465 4346508 3635776 3982925 4326469 3967625 3715770 3977005 4299433 3722887 3972272 3684008 4321745 3689879]
Response/bytes (per Connection):  [2678263 2871356 2861260 2700183 3160783 3181480 2900465 2667280 3120863 3118685 2703482 2677050 2870064 2872231 3146962 2841922 3072465 3158749 2643781 2894571 3145227 2883626 2702639 2891559 3124663 2705691 2889399 2679100 3142665 2684118]
Requests Number (per Connection):  [3130 3356 3344 3157 3695 3721 3392 3116 3649 3645 3159 3130 3354 3358 3680 3322 3592 3694 3090 3385 3677 3372 3158 3380 3654 3164 3376 3131 3673 3136]
Requests/sec:  1947.453173828125 KB
Transfer/sec:  3363.3155110677085 KB

2023-12-03 01:18:07.069592887 +0800 CST m=+21042.347528282
Running 1m0s myx-test @ https://192.168.12.127:6443/apis/apps/v1/namespaces/myx-test/controllerrevisions
60 connections
Requests/bytes (per Connection):  [2483876 2681515 2855686 2683874 2805090 2405030 2809797 2422711 2734551 2789789 2732122 2722749 2732200 2830979 2787435 2701539 2802753 2415617 2686303 2775666 2422677 2462691 2674455 2436800 2425031 2457984 2806282 2723883 2439160 2868624 2695638 2409773 2730953 2476810 2819213 2765075 2862758 2834513 2417971 2461515 2407377 2452100 2807443 2706231 2681521 2702698 2794498 2815682 2814504 2453276 2397961 2775666 2828627 2720407 2750953 2716844 2652167 2778022 2412135 2443884]
Response/bytes (per Connection):  [1805461 1950519 2076343 1951386 2039330 1748649 2042697 1760072 1985603 2028384 1987132 1978384 1983922 2058260 2026700 1964026 2037252 1756221 1950679 2018281 1761682 1790306 1945469 1771785 1763366 1786939 2039365 1981238 1772653 2085596 1960622 1750408 1985887 1800405 2049433 2010705 2080583 2060378 1757905 1789465 1750737 1782730 2041013 1968200 1949703 1966083 2031753 2046907 2046064 1783571 1744001 2018281 2056167 1976301 2000192 1974976 1926669 2019556 1752100 1776037]
Requests Number (per Connection):  [2111 2279 2427 2281 2384 2044 2388 2059 2324 2371 2322 2314 2322 2406 2369 2296 2382 2053 2283 2359 2059 2093 2273 2071 2061 2089 2385 2315 2073 2438 2291 2048 2321 2105 2396 2350 2433 2409 2055 2092 2046 2084 2386 2300 2279 2297 2375 2393 2392 2085 2038 2359 2404 2312 2338 2309 2254 2361 2050 2077]
Requests/sec:  2590.544986979167 KB
Transfer/sec:  4473.756770833334 KB

2023-12-03 01:19:47.286374587 +0800 CST m=+21142.564309963
Running 1m0s myx-test @ https://192.168.12.127:6443/apis/apps/v1/namespaces/myx-test/controllerrevisions
90 connections
Requests/bytes (per Connection):  [2048526 1873226 1891985 1863803 2073219 2043857 2066158 2036735 2082633 2089715 2010843 2057918 1893188 2109702 2057930 1868516 2195614 2061497 1889701 1909685 2086163 1862562 1839093 1886169 1882639 2046149 2095579 1923752 2066156 2041443 1904922 1875579 2093225 1880285 2166184 2052066 1993240 2034418 1870809 2130875 2112055 2103829 2066156 2042673 1854380 2060271 2046149 1901470 2030921 2070863 1913239 2075571 2130875 1924998 2119117 2080311 2075571 2102653 2005007 2055611 1890805 2061448 1906103 2022623 2130886 1851977 2120294 2075609 2062625 2119116 2121471 2132054 2079135 2057937 1900292 1882639 2033203 1882639 1917946 2127356 2109701 2096774 1889700 2125002 2026160 1875573 2023824 1883816 2070863 2146172]
Response/bytes (per Connection):  [1488718 1360456 1376732 1354535 1507198 1484567 1502147 1481099 1514343 1518593 1462577 1496663 1376778 1533707 1495853 1357497 1595575 1497182 1372652 1387763 1516868 1356095 1336449 1370125 1367600 1488244 1523604 1400276 1502556 1484467 1386806 1362139 1521920 1365916 1574931 1490842 1448355 1478219 1361586 1549261 1535390 1529098 1502556 1483307 1347792 1498346 1488244 1381071 1474083 1505923 1389490 1509291 1549261 1398721 1540442 1511458 1509291 1528257 1456772 1492971 1376298 1499188 1386830 1470596 1548861 1347703 1541284 1507274 1500030 1540441 1542126 1550516 1510206 1495449 1380228 1367600 1478983 1367600 1392857 1546336 1533706 1523642 1372651 1544652 1473128 1362544 1470640 1368442 1505923 1560614]
Requests Number (per Connection):  [1741 1592 1608 1584 1762 1737 1756 1731 1770 1776 1709 1749 1609 1793 1749 1588 1866 1752 1606 1623 1773 1583 1563 1603 1600 1739 1781 1635 1756 1735 1619 1594 1779 1598 1841 1744 1694 1729 1590 1811 1795 1788 1756 1736 1576 1751 1739 1616 1726 1760 1626 1764 1811 1636 1801 1768 1764 1787 1704 1747 1607 1752 1620 1719 1811 1574 1802 1764 1753 1801 1803 1812 1767 1749 1615 1600 1728 1600 1630 1808 1793 1782 1606 1806 1722 1594 1720 1601 1760 1824]
Requests/sec:  2950.05244140625 KB
Transfer/sec:  5094.404752604167 KB

2023-12-03 01:21:27.551702699 +0800 CST m=+21242.829638086
Running 1m0s myx-test @ https://192.168.12.127:6443/apis/apps/v1/namespaces/myx-test/controllerrevisions
150 connections
Requests/bytes (per Connection):  [1523765 1381360 1537880 1491989 1413137 1488458 1362530 1541347 1379029 1380186 1507277 1530747 1567310 1470774 1530785 1522535 1496698 1490811 1508459 1493166 1523761 1511995 1502553 1394306 1540241 1476635 1366083 1421376 1527295 1422552 1507254 1517880 1497837 1362530 1469611 1499052 1401367 1539008 1552010 1393130 1453148 1477822 1413137 1484929 1523732 1360218 1519059 1501403 1384891 1368414 1510797 1522587 1356648 1561425 1497810 1388422 1553188 1362530 1527249 1495518 1355470 1509641 1386068 1489630 1502562 1514310 1527263 1537813 1350761 1507288 1536710 1500228 1360176 1533180 1496696 1383730 1389599 1440199 1517814 1529613 1519024 1541418 1573188 1509641 1396660 1524941 1396673 1361367 1533160 1531924 1479017 1434302 1400191 1544886 1543772 1509643 1507240 1475513 1511997 1498993 1346053 1499023 1528407 1513174 1395497 1419022 1381360 1494344 1390776 1520160 1554351 1395483 1508466 1384894 1530826 1551974 1349584 1527217 1532003 1538996 1426083 1408429 1517880 1535505 1540163 1539065 1534277 1524886 1364912 1369593 1546126 1491954 1517801 1504934 1403722 1369628 1507267 1377830 1581424 1495480 1508465 1489624 1403722 1533150 1387245 1377859 1507229 1381386 1493167 1543693]
Response/bytes (per Connection):  [1106791 1004510 1117297 1083649 1027242 1081534 991040 1121814 1001616 1003260 1095404 1115051 1137941 1069697 1113445 1107540 1087018 1083217 1095840 1084491 1107198 1098371 1092431 1013771 1118577 1074705 992355 1033136 1109316 1033977 1096203 1102581 1089466 991040 1068869 1088702 1018822 1119734 1126996 1012930 1056274 1075557 1027242 1078599 1107991 987754 1103014 1090794 1007036 995249 1098330 1105948 986422 1133731 1090672 1009562 1127839 991040 1110914 1086584 985579 1096687 1007878 1082371 1092029 1101660 1110517 1119696 982621 1095004 1116051 1089543 989356 1113526 1087427 1005388 1010404 1047421 1104981 1112197 1104623 1119419 1142966 1096687 1015455 1107632 1015057 989390 1113917 1115893 1075595 1043199 1017981 1123937 1121103 1096278 1097011 1071863 1097962 1091109 979253 1089906 1112559 1098804 1014216 1031452 1004510 1085334 1011246 1106657 1129489 1014613 1095436 1006628 1111842 1128604 981779 1112526 1112684 1120544 1036503 1023874 1102581 1116003 1121787 1117736 1117576 1109632 991108 995682 1122787 1085258 1105790 1093320 1020507 994484 1095805 1001985 1148446 1088190 1095846 1082776 1020507 1114729 1008720 1000781 1097411 1003714 1084492 1124312]
Requests Number (per Connection):  [1295 1174 1307 1268 1201 1265 1158 1310 1172 1173 1281 1301 1332 1250 1301 1294 1272 1267 1282 1269 1295 1285 1277 1185 1309 1255 1161 1208 1298 1209 1281 1290 1273 1158 1249 1274 1191 1308 1319 1184 1235 1256 1201 1262 1295 1156 1291 1276 1177 1163 1284 1294 1153 1327 1273 1180 1320 1158 1298 1271 1152 1283 1178 1266 1277 1287 1298 1307 1148 1281 1306 1275 1156 1303 1272 1176 1181 1224 1290 1300 1291 1310 1337 1283 1187 1296 1187 1157 1303 1302 1257 1219 1190 1313 1312 1283 1281 1254 1285 1274 1144 1274 1299 1286 1186 1206 1174 1270 1182 1292 1321 1186 1282 1177 1301 1319 1147 1298 1302 1308 1212 1197 1290 1305 1309 1308 1304 1296 1160 1164 1314 1268 1290 1279 1193 1164 1281 1171 1344 1271 1282 1266 1193 1303 1179 1171 1281 1174 1269 1312]
Requests/sec:  3597.233984375 KB
Transfer/sec:  6212.23994140625 KB

2023-12-03 01:23:07.973527247 +0800 CST m=+21343.251462625
Running 1m0s myx-test @ https://192.168.12.127:6443/apis/apps/v1/namespaces/myx-test/controllerrevisions
300 connections
Requests/bytes (per Connection):  [896637 930689 977828 895409 881338 936653 913115 993119 881317 878904 901268 961295 936653 955446 887148 984844 964819 970763 990709 981294 955447 948390 886046 876630 954228 954227 903699 970702 941281 980117 991943 974234 974239 946026 911871 894204 983648 988390 1004832 1021311 881277 1007188 876612 927167 891929 890736 926060 917743 893028 963640 898921 883682 896579 901345 861313 911938 986044 980157 893047 1000124 965996 893069 890674 973095 931866 973056 885966 949519 953105 1015461 1001301 918919 910736 973055 902498 898912 982482 896616 1021311 931916 1016638 951881 977765 937750 951871 962513 926045 1021309 951912 884868 945987 915399 947173 1009545 987230 950696 936652 973058 960109 993063 969527 981350 965994 983650 908390 987179 878905 874255 982473 886046 897814 965994 887222 883613 953053 976589 889541 986021 942458 978940 991902 974261 1041316 923693 949535 888356 900094 991888 888380 964817 933076 1000124 887180 885968 960111 1026016 960111 949519 927218 957757 1016637 1027194 1010717 928335 965996 847181 940102 971916 989587 916566 936628 954251 871870 955446 913108 891876 953050 854259 894205 938966 1034276 991943 938941 974233 969581 1004835 914270 881258 958934 883612 1027193 996593 953110 983712 888320 996594 968418 984827 928401 911876 994250 956611 955404 1020134 943666 931932 895382 993065 926028 990720 975412 1036609 908333 998948 959008 885986 990728 920097 960110 973129 881276 936573 910682 966023 958960 876584 969524 887176 1016602 945989 1009542 887222 1029572 910681 975412 865959 893059 937762 980119 978940 902473 857720 998948 1000124 994240 931906 983650 863684 910707 917745 1007186 928335 968354 1023663 896602 989559 897790 967171 976588 869489 895417 883691 962535 866038 982471 990767 1002478 873093 922450 1015424 905974 982535 988406 889497 1016601 998998 1029547 963719 962463 1008390 848305 1000174 903620 909560 901345 987230 911866 943633 1017780 921274 865968 902472 954270 974279 973056 868317 1003656 963642 993065 955404 955414 950720 930689 1002478 878905 928335 993114 965996 886003 980135 858977 1004832 990740 883612 982519 908327 977765 962463 995419 983688]
Response/bytes (per Connection):  [649998 677623 708896 651160 639054 678624 661786 720654 640266 640578 656166 699519 678624 693701 645655 715546 702038 703841 720969 714234 693702 688244 642422 635686 694462 694461 655050 706657 685200 713392 719813 708773 708778 686961 663343 651523 715918 717676 731072 742450 641459 732347 636901 674695 646630 647005 671046 668362 650682 701605 654489 641139 651995 653366 625957 660944 715589 711377 649879 727704 702880 649079 648998 706736 678465 708341 645630 691093 691619 737453 728546 669203 661310 708340 655417 654891 714265 651210 742450 676871 737884 692785 711299 682674 693186 698758 671853 742859 691583 641579 688977 666277 689417 733623 716440 691935 678623 707932 699079 722653 705406 711824 703289 715509 659634 718444 640579 634803 714667 642422 650840 703289 643263 643947 693211 710458 646556 716799 686042 712550 720594 707978 757171 670171 690287 646117 654916 721402 644908 702447 678107 727704 644454 645221 698670 746226 698670 691093 672691 696986 738294 747069 735282 675939 702880 615434 684767 705481 717716 667520 679832 693663 634321 693701 662190 648632 693619 620091 651524 682322 751319 719813 682708 709183 703405 730664 663428 642262 697828 643946 747068 725178 691624 713516 647314 725179 701755 716351 673539 663348 722683 694942 695303 741608 685682 676065 652366 722244 672247 720158 709616 753804 661221 726863 695025 644417 719755 670046 699080 705126 641047 681832 663311 701674 697032 637695 705814 644861 739492 688568 734031 643263 747955 663310 709616 631318 649069 682275 712983 712550 656625 625424 726863 727704 723495 677272 715509 626425 662514 667953 732756 675939 704157 744543 651607 718921 652049 704131 710457 633843 650757 640737 697547 628109 715076 718972 729388 633565 671729 738649 659943 712263 717281 648156 739491 725269 748752 698396 700763 732392 618689 726110 658259 660469 653366 716029 663749 687293 739924 670888 630916 656624 692860 707174 708341 632184 730231 701196 722244 695303 694902 691137 677623 729388 640579 675939 720238 702880 644434 712588 623058 731072 719356 643946 712658 661626 711299 700763 723928 713903]
Requests Number (per Connection):  [762 791 831 761 749 796 776 844 749 747 766 817 796 812 754 837 820 825 842 834 812 806 753 745 811 811 768 825 800 833 843 828 828 804 775 760 836 840 854 868 749 856 745 788 758 757 787 780 759 819 764 751 762 766 732 775 838 833 759 850 821 759 757 827 792 827 753 807 810 863 851 781 774 827 767 764 835 762 868 792 864 809 831 797 809 818 787 868 809 752 804 778 805 858 839 808 796 827 816 844 824 834 821 836 772 839 747 743 835 753 763 821 754 751 810 830 756 838 801 832 843 828 885 785 807 755 765 843 755 820 793 850 754 753 816 872 816 807 788 814 864 873 859 789 821 720 799 826 841 779 796 811 741 812 776 758 810 726 760 798 879 843 798 828 824 854 777 749 815 751 873 847 810 836 755 847 823 837 789 775 845 813 812 867 802 792 761 844 787 842 829 881 772 849 815 753 842 782 816 827 749 796 774 821 815 745 824 754 864 804 858 754 875 774 829 736 759 797 833 832 767 729 849 850 845 792 836 734 774 780 856 789 823 870 762 841 763 822 830 739 761 751 818 736 835 842 852 742 784 863 770 835 840 756 864 849 875 819 818 857 721 850 768 773 766 839 775 802 865 783 736 767 811 828 827 738 853 819 844 812 812 808 791 852 747 789 844 821 753 833 730 854 842 751 835 772 831 818 846 836]
Requests/sec:  4620.248974609375 KB
Transfer/sec:  7979.192399088542 KB

