2023-12-03 08:12:44.48238056 +0800 CST m=+45919.760315936
Running 1m0s myx-test @ https://192.168.12.127:6443/apis/batch/v1/namespaces/myx-test/cronjobs
3 connections
Requests/bytes (per Connection):  [10509355 11722783 10702341]
Response/bytes (per Connection):  [17707787 19752089 18033165]
Requests Number (per Connection):  [9094 10144 9261]
Requests/sec:  536.0429524739583 KB
Transfer/sec:  1439.25 KB

2023-12-03 08:14:24.534597286 +0800 CST m=+46019.812532700
Running 1m0s myx-test @ https://192.168.12.127:6443/apis/batch/v1/namespaces/myx-test/cronjobs
6 connections
Requests/bytes (per Connection):  [7394923 8387545 7691911 8416499 7391437 7690700]
Response/bytes (per Connection):  [12460066 14134964 12960699 14181724 12454657 12960765]
Requests Number (per Connection):  [6399 7258 6656 7283 6396 6655]
Requests/sec:  764.5347493489584 KB
Transfer/sec:  2052.8302408854165 KB

2023-12-03 08:16:05.182615011 +0800 CST m=+46120.460550387
Running 1m0s myx-test @ https://192.168.12.127:6443/apis/batch/v1/namespaces/myx-test/cronjobs
9 connections
Requests/bytes (per Connection):  [6948827 7525462 6520125 6584799 7574049 6555927 6874849 7520840 6876026]
Response/bytes (per Connection):  [11709141 12681807 10985636 11095933 12761426 11046789 11585371 12674073 11586093]
Requests Number (per Connection):  [6013 6512 5642 5698 6554 5673 5949 6508 5950]
Requests/sec:  1025.0798177083334 KB
Transfer/sec:  2752.3953938802083 KB

2023-12-03 08:17:45.241063022 +0800 CST m=+46220.518998397
Running 1m0s myx-test @ https://192.168.12.127:6443/apis/batch/v1/namespaces/myx-test/cronjobs
15 connections
Requests/bytes (per Connection):  [5928377 5833625 5886794 5076670 5363332 5837092 5379514 5036292 5379435 5369032 5375970 5067438 5933029 5047851 5040877]
Response/bytes (per Connection):  [9990620 9830428 9919796 8555663 9036091 9836229 9063165 8484767 9066374 9048969 9060164 8539385 9997562 8504106 8494519]
Requests Number (per Connection):  [5130 5048 5094 4393 4641 5051 4655 4358 4655 4646 4652 4385 5134 4368 4362]
Requests/sec:  1327.3979166666666 KB
Transfer/sec:  3564.179134114583 KB

2023-12-03 08:19:25.311397747 +0800 CST m=+46320.589333145
Running 1m0s myx-test @ https://192.168.12.127:6443/apis/batch/v1/namespaces/myx-test/cronjobs
30 connections
Requests/bytes (per Connection):  [3358245 3694571 3352480 3399859 3747733 3335170 3687659 3349063 3391806 3723501 4063257 4040068 3384832 3997326 3996142 3708465 3953376 3999690 3337440 3934902 3695768 4025041 3710794 3673780 4077054 3719993 3369858 3376741 3694584 3948829]
Response/bytes (per Connection):  [5660213 6224992 5649325 5729424 6314353 5619523 6212590 5641930 5714692 6272139 6844737 6808865 5704283 6735693 6735375 6247811 6663412 6737969 5624993 6631668 6225323 6783724 6250463 6189786 6871158 6268352 5677551 5690746 6225005 6652876]
Requests Number (per Connection):  [2906 3197 2901 2942 3243 2886 3191 2898 2935 3222 3516 3496 2929 3459 3458 3209 3421 3461 2888 3405 3198 3483 3211 3179 3528 3219 2916 2922 3197 3417]
Requests/sec:  1802.539501953125 KB
Transfer/sec:  4839.794889322917 KB

2023-12-03 08:21:05.363465245 +0800 CST m=+46420.641400641
Running 1m0s myx-test @ https://192.168.12.127:6443/apis/batch/v1/namespaces/myx-test/cronjobs
60 connections
Requests/bytes (per Connection):  [2452260 2150651 2412959 2202661 2440701 2454572 2421051 2396776 2385223 2506586 2374814 2488093 2182989 2351697 2379456 2466131 2187597 2207247 2161009 2486937 2159845 2433766 2411803 2421056 2164481 2469560 2407179 2423362 2512343 2471910 2156403 2180702 2397957 2185326 2380618 2408335 2451104 2161052 2179545 2221103 2388711 2419894 2488053 2506517 2417583 2426830 2432605 2466131 2492703 2194575 2187640 2452260 2425674 2193360 2485781 2471898 2179547 2165675 2192201 2429142]
Response/bytes (per Connection):  [4131946 3623169 4066193 3711011 4112607 4135814 4079731 4039118 4019374 4223249 4002374 4191897 3678935 3963286 4009306 4155153 3687066 3719942 3642584 4189963 3641053 4101004 4064259 4079325 3647979 4162971 4056523 4083598 4233718 4164822 3634455 3673859 4040255 3681595 4010835 4058457 4130012 3640983 3671924 3743545 4023963 4077796 4193501 4226057 4073929 4089400 4099065 4155153 4200441 3696657 3685054 4131946 4087466 3697541 4188029 4165632 3671926 3648718 3695604 4093268]
Requests Number (per Connection):  [2122 1861 2088 1906 2112 2124 2095 2074 2064 2169 2055 2153 1889 2035 2059 2134 1893 1910 1870 2152 1869 2106 2087 2095 1873 2137 2083 2097 2174 2139 1866 1887 2075 1891 2060 2084 2121 1870 1886 1922 2067 2094 2153 2169 2092 2100 2105 2134 2157 1899 1893 2122 2099 1898 2151 2139 1886 1874 1897 2102]
Requests/sec:  2296.9342447916665 KB
Transfer/sec:  6167.458919270834 KB

2023-12-03 08:22:45.655499273 +0800 CST m=+46520.933434648
Running 1m0s myx-test @ https://192.168.12.127:6443/apis/batch/v1/namespaces/myx-test/cronjobs
90 connections
Requests/bytes (per Connection):  [1949579 1974977 1757724 1996914 1933373 1957616 1754246 1720735 1931029 1936809 1922973 1749619 1747309 1735762 1746154 1993449 1747321 1966863 2000383 1957615 1919549 1723047 1988892 2003852 1747321 1919544 1994603 1976110 1980734 1746154 1966888 1755412 1756568 2003852 1920642 1956460 1944980 1711488 1751945 1725359 1920627 1914847 1944926 1979578 1743853 1740380 1970328 1961081 1971500 1959971 1887173 1998070 1724202 1978422 1980794 1768097 1965726 1920674 1988823 1971487 1978447 1946056 1900991 1690681 1756568 1931030 1968019 1729982 1943784 1966862 1962282 1768114 1996916 1899879 1727675 1956521 1912614 1949529 1747321 1728826 1995759 1954148 1750774 1969185 1969248 1709175 1910302 1970402 1977266 1785466]
Response/bytes (per Connection):  [3284259 3328006 2961612 3365958 3257983 3299797 2956211 2899727 3255316 3264986 3240581 2948472 2945017 2924868 2943084 3359748 2944207 3315268 3371761 3299796 3232768 2903595 3349613 3377153 2944207 3233174 3362091 3330739 3338475 2942673 3314060 2957744 2959678 3377153 3237105 3297863 3275315 2884256 2951943 2907463 3237912 3228242 3277727 3336541 2938405 2932598 3321478 3306007 3322195 3302064 3179019 3367892 2905528 3334607 3336480 2980220 3312942 3235904 3352421 3323004 3333399 3280457 3204228 2849445 2959678 3255317 3317202 2915198 3274985 3315267 3305931 2979826 3365549 3201105 2911335 3295869 3221165 3286264 2944207 2913264 3364025 3293995 2950405 3318735 3316332 2880387 3217297 3318264 3332673 3008026]
Requests Number (per Connection):  [1687 1709 1521 1728 1673 1694 1518 1489 1671 1676 1664 1514 1512 1502 1511 1725 1512 1702 1731 1694 1661 1491 1721 1734 1512 1661 1726 1710 1714 1511 1702 1519 1520 1734 1662 1693 1683 1481 1516 1493 1662 1657 1683 1713 1509 1506 1705 1697 1706 1696 1633 1729 1492 1712 1714 1530 1701 1662 1721 1706 1712 1684 1645 1463 1520 1671 1703 1497 1682 1702 1698 1530 1728 1644 1495 1693 1655 1687 1512 1496 1727 1691 1515 1704 1704 1479 1653 1705 1711 1545]
Requests/sec:  2762.340999348958 KB
Transfer/sec:  7417.366080729166 KB

2023-12-03 08:24:25.721479062 +0800 CST m=+46620.999414437
Running 1m0s myx-test @ https://192.168.12.127:6443/apis/batch/v1/namespaces/myx-test/cronjobs
150 connections
Requests/bytes (per Connection):  [1258511 1382136 1352112 1303596 1374056 1160282 1188014 1294289 1161360 1168374 1310499 1308219 1211064 1288589 1375201 1333588 1179924 1392535 1289734 1167174 1317425 1184539 1355553 1296615 1271235 1360175 1276950 1181040 1273499 1179854 1343991 1365972 1270030 1199517 1347459 1290894 1270094 1296658 1207596 1200700 1350937 1331301 1207624 1282730 1349771 1199572 1191492 1304729 1389072 1305913 1175309 1376356 1313946 1354395 1216915 1341688 1256208 1297757 1288509 1169530 1222702 1353268 1275795 1211130 1304690 1347459 1171782 1298929 1356733 1222702 1176459 1162515 1319718 1189180 1199532 1383292 1175310 1315144 1301232 1161380 1304692 1302379 1331317 1398319 1164906 1327810 1182212 1201882 1303536 1324345 1297828 1199504 1176428 1209942 1303537 1298913 1294289 1400629 1387916 1298978 1280432 1363661 1302437 1412183 1201896 1369421 1327808 1192569 1350944 1256148 1363644 1191492 1342837 1360179 1294346 1265416 1200661 1334744 1288508 1221467 1352083 1209987 1383293 1353241 1164848 1375200 1207622 1171763 1356706 1241118 1294289 1213454 1328967 1341680 1241117 1362507 1174074 1317405 1298957 1271250 1182171 1256145 1323240 1177619 1338212 1170686 1194960 1171779 1342836 1249286]
Response/bytes (per Connection):  [2119727 2329064 2277990 2194743 2315127 1954135 2001361 2181678 1959279 1967673 2207958 2202889 2042437 2168800 2317461 2247840 1987003 2346465 2171134 1967339 2219552 1995552 2284176 2185149 2141009 2292321 2152669 1990952 2146062 1990221 2265245 2301186 2140670 2022288 2271047 2173072 2137857 2183137 2036635 2023016 2276037 2242764 2035430 2162339 2274915 2020699 2006351 2197476 2340668 2198616 1979276 2319394 2214150 2282651 2049301 2260975 2115868 2187480 2172008 1969607 2058567 2279513 2150736 2040037 2199492 2271047 1975881 2188608 2285312 2058567 1981615 1961212 2224634 2002483 2021892 2330998 1979277 2214482 2193289 1958477 2199083 2195625 2241958 2356139 1961871 2237761 1992080 2024565 2197149 2231551 2184674 2023097 1982817 2038893 2197150 2189414 2181678 2360416 2338734 2187013 2158074 2297730 2193217 2380161 2023757 2307791 2238170 2011494 2276044 2117863 2297713 2006351 2262902 2291914 2179680 2132533 2025032 2249774 2172418 2059842 2278783 2037294 2330999 2280308 1963868 2317460 2035428 1976684 2286518 2092719 2181678 2043095 2239696 2261378 2092718 2295387 1980551 2220765 2187814 2139791 1993683 2117860 2228435 1983553 2255576 1971541 2012153 1975467 2263312 2103456]
Requests Number (per Connection):  [1089 1196 1170 1128 1189 1004 1028 1120 1005 1011 1134 1132 1048 1115 1190 1154 1021 1205 1116 1010 1140 1025 1173 1122 1100 1177 1105 1022 1102 1021 1163 1182 1099 1038 1166 1117 1099 1122 1045 1039 1169 1152 1045 1110 1168 1038 1031 1129 1202 1130 1017 1191 1137 1172 1053 1161 1087 1123 1115 1012 1058 1171 1104 1048 1129 1166 1014 1124 1174 1058 1018 1006 1142 1029 1038 1197 1017 1138 1126 1005 1129 1127 1152 1210 1008 1149 1023 1040 1128 1146 1123 1038 1018 1047 1128 1124 1120 1212 1201 1124 1108 1180 1127 1222 1040 1185 1149 1032 1169 1087 1180 1031 1162 1177 1120 1095 1039 1155 1115 1057 1170 1047 1197 1171 1008 1190 1045 1014 1174 1074 1120 1050 1150 1161 1074 1179 1016 1140 1124 1100 1023 1087 1145 1019 1158 1013 1034 1014 1162 1081]
Requests/sec:  3117.487125651042 KB
Transfer/sec:  8370.516764322916 KB

2023-12-03 08:26:06.026374404 +0800 CST m=+46721.304309779
Running 1m0s myx-test @ https://192.168.12.127:6443/apis/batch/v1/namespaces/myx-test/cronjobs
300 connections
Requests/bytes (per Connection):  [759255 771952 793890 884024 869007 795044 894487 866765 767358 796180 860906 882897 743041 804314 819294 840178 847083 826274 818146 822820 820528 787008 774272 891013 770786 776541 812439 840178 775426 850516 756936 761579 870199 754618 793944 904905 804294 879459 774291 870162 888648 818173 820491 899114 797408 759213 770826 780071 769616 894486 778879 888727 830899 875933 795032 859750 805502 934950 889803 808969 830892 815887 785853 770826 814748 885180 835555 849347 877149 764985 782372 770824 833243 744209 785778 792788 771939 781184 825075 857517 784669 832022 897899 784697 863297 882896 819331 803189 862104 843646 761579 904910 835555 776605 882868 754643 834326 759267 788164 733837 908298 785851 875933 792787 807739 777732 778878 761522 834388 849347 857439 777748 812420 882921 776603 792781 875933 807791 765046 880557 830919 881759 882890 871380 788138 796246 752331 839023 892194 762677 851738 874795 836697 814704 918702 775396 821642 799721 889853 882938 773136 867920 904909 795100 734993 799722 732667 789321 806633 790474 814670 826308 821684 887509 805501 820528 893296 820528 903736 816994 833243 841334 738461 821665 842411 860970 790430 810046 865545 768488 789319 870178 799647 841255 806657 841302 768472 880556 778915 774294 862141 760423 873621 781227 855205 788163 820528 873648 764999 903754 800805 804339 840109 784689 807762 879479 780032 811283 864374 807734 770760 862104 786981 885259 782385 833228 762713 884087 814693 767349 829703 826229 832087 791589 804303 792732 820529 858595 767356 784696 797410 894427 894443 851691 852828 877088 813594 782385 761577 896740 881763 818137 784695 777760 796256 776593 880556 795066 860985 821684 791630 787007 807815 881712 804268 776604 900207 864373 842426 854049 812387 769604 842488 761577 894480 876012 799713 881791 787009 829776 754641 820528 870154 833211 785853 893351 877097 765044 857517 813593 874855 810108 773111 885239 868997 901363 802023 814749 931492 801976 891039 872481 849354 869076 789318 814670 882869 827463 765009 850503 804345 797386 819372 827463 836711 896739 850582 899051 833235 780071]
Response/bytes (per Connection):  [1279443 1301109 1338651 1491113 1465160 1340994 1506112 1458896 1292170 1343319 1452435 1488386 1253159 1355666 1382815 1414415 1427221 1392408 1380478 1386209 1381539 1325046 1304574 1500715 1299576 1310043 1367593 1414415 1306917 1434221 1275979 1282501 1466308 1272105 1336650 1523532 1356468 1480970 1304182 1467504 1498849 1379272 1383146 1514262 1343270 1281045 1297972 1313852 1298039 1506111 1313115 1495640 1400145 1477576 1341393 1450501 1356399 1573805 1500782 1362200 1400549 1374608 1323113 1297972 1371869 1493047 1406680 1433096 1477104 1290296 1318120 1298381 1402812 1255105 1325915 1334716 1301918 1317387 1392075 1443424 1322795 1403279 1513502 1321179 1453094 1488385 1380797 1352530 1452767 1420217 1282501 1522715 1406680 1307641 1489179 1270897 1407550 1278633 1326980 1236087 1531725 1323522 1477576 1335126 1362658 1311190 1313525 1284910 1405146 1433096 1446634 1310384 1368807 1487588 1308050 1335120 1477576 1361066 1288302 1485312 1399343 1485237 1488379 1467445 1328187 1340919 1267029 1412482 1501441 1286843 1433755 1474427 1409422 1373469 1549131 1307709 1385075 1346728 1498777 1486372 1302249 1460829 1522714 1338584 1238021 1346729 1234961 1328915 1359130 1331257 1375079 1391209 1383473 1495699 1356398 1381539 1505376 1381539 1521996 1378137 1402812 1416349 1243823 1384276 1421492 1450033 1332857 1367343 1459364 1295311 1329324 1466698 1349120 1419558 1358332 1417550 1296117 1485311 1311918 1303774 1451160 1280567 1473708 1315786 1439556 1327390 1381539 1472091 1290310 1520781 1351467 1354869 1416812 1321582 1362270 1480168 1315046 1365659 1458237 1363475 1300372 1453178 1326252 1489838 1317311 1403208 1285235 1488710 1373869 1292983 1399815 1394418 1400878 1334794 1356066 1337126 1381540 1448568 1292579 1321178 1342861 1508518 1507712 1435352 1438089 1479509 1369526 1317311 1282910 1512387 1485241 1380880 1321588 1309985 1340518 1308451 1485311 1340194 1449226 1383473 1333191 1325456 1359857 1487245 1357264 1308051 1518188 1458236 1420685 1437622 1369596 1298438 1418692 1282910 1506516 1474367 1346720 1484036 1325047 1397011 1271306 1381539 1467907 1404013 1323113 1503376 1479107 1288711 1443424 1369936 1472432 1364528 1303457 1490640 1465972 1520122 1350997 1371870 1567602 1352594 1499508 1470557 1432692 1462763 1329323 1375079 1489180 1393142 1290320 1435030 1354464 1343659 1379605 1393142 1408614 1512386 1431821 1516254 1403626 1313852]
Requests Number (per Connection):  [657 668 687 765 752 688 774 750 664 689 745 764 643 696 709 727 733 715 708 712 710 681 670 771 667 672 703 727 671 736 655 659 753 653 687 783 696 761 670 753 769 708 710 778 690 657 667 675 666 774 674 769 719 758 688 744 697 809 770 700 719 706 680 667 705 766 723 735 759 662 677 667 721 644 680 686 668 676 714 742 679 720 777 679 747 764 709 695 746 730 659 783 723 672 764 653 722 657 682 635 786 680 758 686 699 673 674 659 722 735 742 673 703 764 672 686 758 699 662 762 719 763 764 754 682 689 651 726 772 660 737 757 724 705 795 671 711 692 770 764 669 751 783 688 636 692 634 683 698 684 705 715 711 768 697 710 773 710 782 707 721 728 639 711 729 745 684 701 749 665 683 753 692 728 698 728 665 762 674 670 746 658 756 676 740 682 710 756 662 782 693 696 727 679 699 761 675 702 748 699 667 746 681 766 677 721 660 765 705 664 718 715 720 685 696 686 710 743 664 679 690 774 774 737 738 759 704 677 659 776 763 708 679 673 689 672 762 688 745 711 685 681 699 763 696 672 779 748 729 739 703 666 729 659 774 758 692 763 681 718 653 710 753 721 680 773 759 662 742 704 757 701 669 766 752 780 694 705 806 694 771 755 735 752 683 705 764 716 662 736 696 690 709 716 724 776 736 778 721 675]
Requests/sec:  4024.53720703125 KB
Transfer/sec:  10806.029215494791 KB

