2023-12-03 02:34:26.583673979 +0800 CST m=+25621.861609355
Running 1m0s myx-test @ https://192.168.12.127:6443/apis/apps/v1/namespaces/myx-test/daemonsets
3 connections
Requests/bytes (per Connection):  [11563133 10891120 10434653]
Response/bytes (per Connection):  [25998008 24487777 23459486]
Requests Number (per Connection):  [9980 9400 9006]
Requests/sec:  535.3012044270833 KB
Transfer/sec:  1738.8375162760417 KB

2023-12-03 02:36:06.661619293 +0800 CST m=+25721.939554717
Running 1m0s myx-test @ https://192.168.12.127:6443/apis/apps/v1/namespaces/myx-test/daemonsets
6 connections
Requests/bytes (per Connection):  [8858906 7775606 8175279 8787057 8219318 7751254]
Response/bytes (per Connection):  [19917059 17480486 18382041 19756143 18480389 17426707]
Requests Number (per Connection):  [7646 6711 7056 7584 7094 6690]
Requests/sec:  806.7613932291666 KB
Transfer/sec:  2620.6094563802085 KB

2023-12-03 02:37:47.525041569 +0800 CST m=+25822.802976957
Running 1m0s myx-test @ https://192.168.12.127:6443/apis/apps/v1/namespaces/myx-test/daemonsets
9 connections
Requests/bytes (per Connection):  [7447728 7227537 7278530 6598416 6587985 7280864 7447687 6549741 7482424]
Response/bytes (per Connection):  [16742478 16250301 16364171 14834886 14811603 16368359 16744195 14726190 16823410]
Requests Number (per Connection):  [6428 6238 6282 5695 5686 6284 6428 5653 6458]
Requests/sec:  1040.05390625 KB
Transfer/sec:  3378.361083984375 KB

2023-12-03 02:39:27.966467556 +0800 CST m=+25923.244402944
Running 1m0s myx-test @ https://192.168.12.127:6443/apis/apps/v1/namespaces/myx-test/daemonsets
15 connections
Requests/bytes (per Connection):  [4749291 5519719 5523196 5087579 5523229 5138585 4773550 4748082 5175606 4775867 5150110 5513925 4723785 5542897 5180242]
Response/bytes (per Connection):  [10674519 12410266 12418027 11437247 12416422 11550554 10733029 10674933 11636562 10738217 11579620 12397317 10618494 12462034 11646910]
Requests Number (per Connection):  [4099 4764 4767 4391 4767 4435 4120 4098 4467 4122 4445 4759 4077 4784 4471]
Requests/sec:  1255.3005045572916 KB
Transfer/sec:  4077.4709309895834 KB

2023-12-03 02:41:08.250682471 +0800 CST m=+26023.528617844
Running 1m0s myx-test @ https://192.168.12.127:6443/apis/apps/v1/namespaces/myx-test/daemonsets
30 connections
Requests/bytes (per Connection):  [3024010 3068099 3442292 3407525 3669416 3385510 3087749 3092384 3620732 3441133 3619576 3423751 3407562 3069238 3633431 3628795 3627667 3056457 3647338 3634644 3585997 3416846 3100497 3434179 3076161 3380889 3081994 3086614 3484005 3568571]
Response/bytes (per Connection):  [6799834 6895958 7739585 7661933 8248340 7612315 6942584 6952946 8140166 7736998 8137141 7697770 7659891 6899191 8171228 8160880 8156320 6872721 8202286 8171154 8060527 7680419 6971055 7721476 6916305 7601376 6927565 6938503 7833252 8023820]
Requests Number (per Connection):  [2610 2648 2971 2941 3167 2922 2665 2669 3125 2970 3124 2955 2941 2649 3136 3132 3131 2638 3148 3137 3095 2949 2676 2964 2655 2918 2660 2664 3007 3080]
Requests/sec:  1647.18525390625 KB
Transfer/sec:  5350.530615234375 KB

2023-12-03 02:42:48.437956157 +0800 CST m=+26123.715891534
Running 1m0s myx-test @ https://192.168.12.127:6443/apis/apps/v1/namespaces/myx-test/daemonsets
60 connections
Requests/bytes (per Connection):  [2091330 2333517 2346214 2334623 2311447 2109877 2324193 2083223 2102923 2292904 2299857 2114512 2338108 2338100 2080905 2357866 2335790 2325369 2340468 2306811 2089014 2346269 2346253 2345097 2319619 2320719 2078592 2105242 2111036 2316140 2093652 2318455 2378708 2100606 2348560 2347376 2364767 2364776 2318441 2327671 2371750 2137691 2350850 2305731 2111036 2324195 2095970 2087858 2291745 2121466 2320783 2136491 2086699 2382138 2325433 2355488 2086698 2383299 2327671 2334625]
Response/bytes (per Connection):  [4701795 5244618 5275723 5250248 5198071 4743145 5226951 4683602 4727623 5156665 5172201 4753507 5257516 5258009 4678428 5298820 5251946 5228142 5260182 5187723 4696593 5273033 5273638 5271009 5213053 5218767 4673184 4732783 4745732 5205716 4706913 5210932 5346428 4722435 5279743 5277872 5316593 5316086 5211494 5234317 5330962 4805261 5286071 5180967 4745732 5226542 4712087 4693964 5154078 4769029 5215570 4805168 4691377 5356371 5224975 5296391 4691391 5358549 5234317 5249839]
Requests Number (per Connection):  [1805 2014 2025 2015 1995 1821 2006 1798 1815 1979 1985 1825 2018 2018 1796 2035 2016 2007 2020 1991 1803 2025 2025 2024 2002 2003 1794 1817 1822 1999 1807 2001 2053 1813 2027 2026 2041 2041 2001 2009 2047 1845 2029 1990 1822 2006 1809 1802 1978 1831 2003 1844 1801 2056 2007 2033 1801 2057 2009 2015]
Requests/sec:  2204.5352701822917 KB
Transfer/sec:  7160.750716145833 KB

2023-12-03 02:44:28.564069471 +0800 CST m=+26223.842004857
Running 1m0s myx-test @ https://192.168.12.127:6443/apis/apps/v1/namespaces/myx-test/daemonsets
90 connections
Requests/bytes (per Connection):  [1617423 1757652 1837616 1867671 1601279 1770400 1778512 1588453 1583817 1858396 1768082 1748371 1581578 1589672 1604677 1885125 1779671 1881574 1873526 1756493 1627853 1610542 1799318 1742581 1753016 1761108 1880482 1611630 1879312 1835297 1588452 1759961 1735632 1574563 1719407 1591987 1604757 1887418 1743745 1861890 1638357 1859590 1607006 1600042 1748380 1900158 1757651 1871207 1866587 1750687 1841050 1595462 1609348 1832938 1889765 1623227 1734476 1595464 1775035 1591966 1776194 1608233 1775035 1872382 1615108 1765757 1616307 1733314 1747222 1868905 1754175 1882811 1805165 1892083 1564116 1746063 1641801 1763446 1857316 1844561 1816727 1588511 1598883 1827145 1605886 1725202 1856157 1842186 1838727 1726361]
Response/bytes (per Connection):  [3638151 3951318 4129919 4201350 3597341 3979789 3997912 3573025 3562677 4181077 3974615 3931129 3553334 3572867 3609271 4236888 4000499 4232845 4211540 3948731 3661448 3618544 4047548 3918124 3940970 3960135 4227034 3624807 4224586 4125140 3573039 3956999 3902151 3540967 3865919 3577687 3605088 4242793 3920260 4187442 3681042 4181635 3613910 3598909 3930622 4271757 3951332 4206380 4195031 3936331 4140202 3585857 3617986 4122079 4246799 3650183 3899522 3585844 3990151 3579139 3992738 3612863 3990151 4207966 3632554 3970316 3633438 3896977 3928021 4200205 3943557 4231277 4057850 4251973 3518670 3925434 3690012 3964267 4174321 4146344 4085270 3570308 3596322 4108720 3609238 3878854 4171734 4143873 4135479 3881441]
Requests Number (per Connection):  [1396 1517 1586 1612 1382 1528 1535 1371 1367 1604 1526 1509 1365 1372 1385 1627 1536 1624 1617 1516 1405 1390 1553 1504 1513 1520 1623 1391 1622 1584 1371 1519 1498 1359 1484 1374 1385 1629 1505 1607 1414 1605 1387 1381 1509 1640 1517 1615 1611 1511 1589 1377 1389 1582 1631 1401 1497 1377 1532 1374 1533 1388 1532 1616 1394 1524 1395 1496 1508 1613 1514 1625 1558 1633 1350 1507 1417 1522 1603 1592 1568 1371 1380 1577 1386 1489 1602 1590 1587 1490]
Requests/sec:  2547.90224609375 KB
Transfer/sec:  8276.089794921874 KB

2023-12-03 02:46:08.636933677 +0800 CST m=+26323.914869058
Running 1m0s myx-test @ https://192.168.12.127:6443/apis/apps/v1/namespaces/myx-test/daemonsets
150 connections
Requests/bytes (per Connection):  [1371834 1296490 1196872 1224639 1356752 1274529 1246657 1309239 1167931 1340570 1220032 1240862 1271041 1230432 1178360 1279118 1239777 1379939 1266359 1259405 1350957 1246711 1333574 1200344 1316189 1272154 1315096 1207272 1359072 1192226 1317348 1261772 1326671 1202640 1187613 1284902 1296490 1178301 1178361 1326622 1177187 1228189 1352116 1223507 1188734 1206174 1274550 1181837 1347481 1251362 1204937 1352116 1357917 1275630 1144711 1142386 1272198 1193355 1189870 1319675 1341685 1344004 1349831 1330149 1160977 1188754 1164420 1288389 1163250 1278008 1207291 1193410 1344004 1282584 1207334 1313874 1184155 1196865 1239706 1332417 1352132 1303441 1194585 1253674 1345182 1180678 1265241 1258247 1276853 1170248 1337051 1239704 1182987 1355593 1335891 1330104 1187563 1276825 1199184 1203856 1198014 1188751 1331256 1222327 1247816 1337050 1354434 1327781 1182948 1398472 1267518 1207333 1163216 1248975 1238545 1270995 1236278 1303442 1169078 1276852 1172566 1331255 1182953 1345198 1330099 1319666 1178360 1206146 1280312 1338254 1150548 1261802 1374149 1338209 1244418 1338209 1273340 1311556 1180678 1298808 1179520 1249028 1321985 1359095 1155182 1255929 1258310 1260615 1328990 1186434]
Response/bytes (per Connection):  [3083058 2915806 2690239 2754933 3050795 2863512 2804509 2944263 2624326 3012437 2743417 2791574 2856682 2768277 2647637 2876438 2785269 3102056 2848502 2832980 3037860 2801833 2999027 2698451 2960222 2861437 2954425 2715495 3055560 2680412 2962809 2835944 2980490 2704695 2669376 2889908 2915806 2650368 2647623 2983096 2646023 2759371 3040447 2750810 2673623 2709753 2862456 2655398 3030085 2811605 2711321 3040447 3052521 2869212 2574685 2569990 2859282 2684562 2677690 2967080 3017164 3022324 3033668 2988633 2608804 2672581 2618199 2897148 2616132 2871641 2714467 2682268 3022324 2884734 2712326 2954625 2660572 2690718 2788549 2996031 3039065 2931751 2683869 2817244 3023883 2652811 2843802 2830379 2868602 2629514 3006788 2788973 2658111 3048208 3004215 2990787 2671585 2870152 2695878 2704579 2694222 2673019 2993853 2749279 2807096 3006802 3045621 2985683 2660181 3143983 2851089 2712340 2618147 2809683 2786386 2858850 2778578 2931737 2627477 2869012 2634688 2993867 2660111 3022897 2990857 2967983 2647637 2711684 2877392 3007235 2585127 2833985 3089051 3009389 2795166 3009389 2862884 2949451 2652811 2920980 2650225 2807417 2973143 3054476 2595869 2825205 2827196 2833329 2986427 2667831]
Requests Number (per Connection):  [1184 1119 1033 1057 1171 1100 1076 1130 1008 1157 1053 1071 1097 1062 1017 1104 1070 1191 1093 1087 1166 1076 1151 1036 1136 1098 1135 1042 1173 1029 1137 1089 1145 1038 1025 1109 1119 1017 1017 1145 1016 1060 1167 1056 1026 1041 1100 1020 1163 1080 1040 1167 1172 1101 988 986 1098 1030 1027 1139 1158 1160 1165 1148 1002 1026 1005 1112 1004 1103 1042 1030 1160 1107 1042 1134 1022 1033 1070 1150 1167 1125 1031 1082 1161 1019 1092 1086 1102 1010 1154 1070 1021 1170 1153 1148 1025 1102 1035 1039 1034 1026 1149 1055 1077 1154 1169 1146 1021 1207 1094 1042 1004 1078 1069 1097 1067 1125 1009 1102 1012 1149 1021 1161 1148 1139 1017 1041 1105 1155 993 1089 1186 1155 1074 1155 1099 1132 1019 1121 1018 1078 1141 1173 997 1084 1086 1088 1147 1024]
Requests/sec:  3078.3191080729166 KB
Transfer/sec:  9999.018196614583 KB

2023-12-03 02:47:48.742163811 +0800 CST m=+26424.020099188
Running 1m0s myx-test @ https://192.168.12.127:6443/apis/apps/v1/namespaces/myx-test/daemonsets
300 connections
Requests/bytes (per Connection):  [721835 745000 757761 866679 798274 747325 879413 775144 747331 831924 729942 756600 848154 711403 714882 758900 755390 844678 859734 719515 728788 797107 897987 741497 724153 882922 713706 751962 829570 724153 762360 704444 863179 885204 787893 850393 861982 741537 751950 888637 860881 729947 855029 766977 864379 844598 725309 728789 768130 869015 843439 726471 769350 711405 726471 886343 776302 880524 756602 901394 780933 709075 741515 828453 724153 746172 720676 866697 783257 725311 863170 845817 780869 727627 713723 901432 766991 784416 831929 711404 778619 797090 777431 732261 719496 779707 727629 765874 749649 819156 875894 684759 792521 720676 867855 897987 734549 719515 871318 760029 733424 790209 773984 777458 851552 873607 868971 846980 891033 863194 740376 768189 742695 763555 731106 782067 719517 842347 833088 867776 864346 738023 760079 719517 844599 770498 717180 778621 725312 779780 783257 874809 773984 725311 702134 727629 716022 822638 699815 851552 885161 718359 727601 729947 869007 862056 790211 725312 789047 749615 719517 769286 851573 751964 839962 857354 830727 757752 734583 729917 778620 872413 717200 849280 892149 742693 732265 771666 754282 855091 726443 776301 829612 875955 852764 801800 722994 867820 761238 839963 738023 745011 720671 735706 901385 792461 742693 779710 747331 846931 721834 877080 745013 808679 755441 704451 716040 719517 707917 736864 878239 747329 746168 791348 853923 738059 740377 873571 755443 843440 879365 852733 788996 768190 827293 720654 757716 760077 761234 851562 704452 732255 846917 783257 870135 782098 743819 830731 698657 747331 783257 755421 776257 758887 879426 793645 738023 713717 884062 734549 743855 717200 738053 865538 756583 725312 864299 688226 758918 746172 842359 768191 735742 749648 746172 856233 863198 726471 830733 778614 739190 845775 755407 893294 784396 755411 728772 717199 865459 867843 764715 853888 729947 763555 793611 865508 784414 755441 712549 795949 787892 821461 773961 716040 743854 856210 716041 778550 864379 762395 782047 867856 738059 871308 764715 864336 724153 782023 843480 857402]
Response/bytes (per Connection):  [1622459 1675186 1702698 1947807 1796272 1679866 1976459 1741531 1679401 1869210 1641033 1700520 1904991 1599571 1606923 1706723 1700552 1897216 1931382 1617694 1637995 1793782 2016288 1668155 1627633 1982629 1605336 1690596 1865698 1627633 1715088 1583738 1940749 1989846 1769988 1914334 1940218 1666452 1691145 1999747 1934518 1640582 1924682 1726479 1941223 1901399 1630643 1637981 1729135 1951571 1898812 1632807 1728582 1599162 1632807 1993475 1744513 1981638 1700111 2027711 1755327 1594537 1667522 1860984 1627633 1676829 1619872 1946397 1759640 1630234 1940860 1900845 1758509 1635817 1604336 2025640 1725902 1762227 1868759 1599176 1749701 1794401 1748282 1646193 1618341 1755568 1635408 1720807 1684575 1841796 1970825 1539126 1780829 1619872 1948998 2016288 1652549 1617694 1957717 1710873 1648343 1775571 1739339 1747538 1916921 1964455 1953711 1903772 2000766 1940143 1664274 1726404 1669053 1715647 1643169 1758630 1617285 1893001 1871346 1953167 1943224 1660733 1707872 1617285 1901385 1732100 1613139 1749292 1630220 1751879 1759640 1964520 1739339 1630234 1578452 1635408 1610538 1849106 1573292 1916921 1991957 1614684 1636943 1640582 1952460 1936500 1775162 1630220 1773422 1686590 1617285 1731764 1915469 1690172 1891036 1929377 1868298 1703205 1650945 1642145 1749687 1963501 1612097 1909183 2005875 1669462 1645756 1734165 1695346 1921513 1634342 1744527 1863571 1968051 1916861 1801046 1625046 1951012 1710459 1891037 1660352 1674636 1620323 1655545 2028218 1783955 1669462 1755922 1679401 1905601 1622473 1972272 1674227 1820681 1697933 1583640 1609524 1617285 1591936 1658146 1974859 1679810 1677647 1778819 1919433 1658705 1663879 1966102 1697524 1898798 1979051 1918042 1775660 1726390 1858426 1620942 1705248 1708281 1711292 1916004 1583626 1646277 1906559 1759640 1956624 1757053 1673669 1868257 1570691 1679401 1759640 1698990 1746682 1706890 1976292 1785445 1660352 1604801 1986640 1652549 1671626 1612097 1659566 1943810 1701139 1630220 1945406 1547408 1705694 1676814 1892056 1725995 1653517 1684589 1676814 1924719 1940102 1632807 1867833 1749771 1663223 1902972 1699552 2009024 1763665 1699115 1639377 1612111 1947979 1949943 1718220 1920685 1640582 1715647 1786668 1945769 1762636 1697933 1602340 1791181 1770002 1847137 1740423 1609524 1671640 1925803 1609510 1752572 1941223 1713455 1760068 1948984 1658705 1958238 1718220 1943364 1627633 1761166 1896318 1927181]
Requests Number (per Connection):  [623 643 654 748 689 645 759 669 645 718 630 653 732 614 617 655 652 729 742 621 629 688 775 640 625 762 616 649 716 625 658 608 745 764 680 734 744 640 649 767 743 630 738 662 746 729 626 629 663 750 728 627 664 614 627 765 670 760 653 778 674 612 640 715 625 644 622 748 676 626 745 730 674 628 616 778 662 677 718 614 672 688 671 632 621 673 628 661 647 707 756 591 684 622 749 775 634 621 752 656 633 682 668 671 735 754 750 731 769 745 639 663 641 659 631 675 621 727 719 749 746 637 656 621 729 665 619 672 626 673 676 755 668 626 606 628 618 710 604 735 764 620 628 630 750 744 682 626 681 647 621 664 735 649 725 740 717 654 634 630 672 753 619 733 770 641 632 666 651 738 627 670 716 756 736 692 624 749 657 725 637 643 622 635 778 684 641 673 645 731 623 757 643 698 652 608 618 621 611 636 758 645 644 683 737 637 639 754 652 728 759 736 681 663 714 622 654 656 657 735 608 632 731 676 751 675 642 717 603 645 676 652 670 655 759 685 637 616 763 634 642 619 637 747 653 626 746 594 655 644 727 663 635 647 644 739 745 627 717 672 638 730 652 771 677 652 629 619 747 749 660 737 630 659 685 747 677 652 615 687 680 709 668 618 642 739 618 672 746 658 675 749 637 752 660 746 625 675 728 740]
Requests/sec:  3835.406982421875 KB
Transfer/sec:  12458.444482421875 KB

