2023-12-03 03:59:08.05604422 +0800 CST m=+30703.333979590
Running 1m0s myx-test @ https://192.168.12.127:6443/apis/apps/v1/namespaces/myx-test/deployments
3 connections
Requests/bytes (per Connection):  [9675024 10509494 9626316]
Response/bytes (per Connection):  [26719514 29025233 26583956]
Requests Number (per Connection):  [8336 9055 8294]
Requests/sec:  485.20237630208334 KB
Transfer/sec:  1825.1877766927084 KB

2023-12-03 04:00:48.125877514 +0800 CST m=+30803.403812899
Running 1m0s myx-test @ https://192.168.12.127:6443/apis/apps/v1/namespaces/myx-test/deployments
6 connections
Requests/bytes (per Connection):  [7588204 7351427 7324760 8360043 8377438 7660180]
Response/bytes (per Connection):  [20956806 20302838 20228301 23087499 23136134 21154760]
Requests Number (per Connection):  [6538 6334 6311 7203 7218 6600]
Requests/sec:  759.4735026041667 KB
Transfer/sec:  2856.9073893229165 KB

2023-12-03 04:02:28.200610523 +0800 CST m=+30903.478545911
Running 1m0s myx-test @ https://192.168.12.127:6443/apis/apps/v1/namespaces/myx-test/deployments
9 connections
Requests/bytes (per Connection):  [6233754 7084528 7132130 6665529 6665495 7111205 6224469 6606331 6217529]
Response/bytes (per Connection):  [17215849 19564420 19694945 18407311 18408803 19638587 17189921 18244104 17170035]
Requests Number (per Connection):  [5371 6104 6145 5743 5743 6127 5363 5692 5357]
Requests/sec:  975.6017252604166 KB
Transfer/sec:  3669.839599609375 KB

2023-12-03 04:04:08.648396507 +0800 CST m=+31003.926331884
Running 1m0s myx-test @ https://192.168.12.127:6443/apis/apps/v1/namespaces/myx-test/deployments
15 connections
Requests/bytes (per Connection):  [5633717 5633675 5222850 5648821 5206597 4886269 5684783 5186893 5637210 4861890 5285517 4837511 4858416 5258821 4810810]
Response/bytes (per Connection):  [15558448 15559534 14423700 15599199 14379000 13494048 15699684 14323615 15567657 13426999 14597238 13359950 13416658 14523423 13286515]
Requests Number (per Connection):  [4854 4854 4500 4867 4486 4210 4898 4469 4857 4189 4554 4168 4186 4531 4145]
Requests/sec:  1280.1722005208333 KB
Transfer/sec:  4815.583463541667 KB

2023-12-03 04:05:48.730547956 +0800 CST m=+31104.008483331
Running 1m0s myx-test @ https://192.168.12.127:6443/apis/apps/v1/namespaces/myx-test/deployments
30 connections
Requests/bytes (per Connection):  [3305523 3306605 3683882 3291591 3892777 3282304 3716347 3896260 3909032 3319375 3694265 3906710 3310101 3732606 3309006 3361168 3925283 3282226 3661839 3283466 3748826 3837049 3678019 3897376 3943859 3720964 3774367 3878817 3913673 3720989]
Response/bytes (per Connection):  [9127144 9133299 10172488 9088828 10750178 9063286 10262976 10759757 10794492 9168420 10203433 10788106 9142124 10307688 9136723 9283362 10839578 9066250 10111073 9066481 10353882 10596914 10157967 10764420 10890276 10277254 10424126 10712586 10807648 10276134]
Requests Number (per Connection):  [2848 2849 3174 2836 3354 2828 3202 3357 3368 2860 3183 3366 2852 3216 2851 2896 3382 2828 3155 2829 3230 3306 3169 3358 3398 3206 3252 3342 3372 3206]
Requests/sec:  1777.0882975260417 KB
Transfer/sec:  6684.752571614584 KB

2023-12-03 04:07:28.835905681 +0800 CST m=+31204.113841062
Running 1m0s myx-test @ https://192.168.12.127:6443/apis/apps/v1/namespaces/myx-test/deployments
60 connections
Requests/bytes (per Connection):  [2444290 2388613 2110036 2156471 2162247 2405998 2399032 2416452 2177369 2385135 2152952 2182010 2366514 2423402 2139059 2414112 2140197 2402502 2382767 2432687 2402503 2187817 2162241 2394412 2378123 2184333 2387411 2166853 2429211 2431525 2395553 2408328 2122806 2145975 2455904 2401341 2448929 2182010 2380491 2378134 2136697 2172674 2407146 2489571 2430364 2181955 2424560 2423399 2371160 2425720 2438491 2372320 2407149 2187817 2400181 2402502 2409469 2417611 2436171 2163436]
Response/bytes (per Connection):  [6750206 6595874 5826950 5955050 5972127 6644099 6624941 6672846 6012134 6585525 5946569 6025290 6536297 6692362 5906771 6667204 5911088 6635274 6580997 6718290 6635276 6040869 5972115 6611437 6568225 6031678 6593769 5985993 6708335 6715095 6614980 6650111 5862071 5927779 6782144 6632081 6763358 6025290 6572753 6567857 5901475 6001600 6648046 6874737 6711902 6027130 6695939 6692746 6548683 6699130 6734253 6552264 6647662 6040869 6628890 6635274 6654434 6676425 6727481 5974206]
Requests Number (per Connection):  [2106 2058 1818 1858 1863 2073 2067 2082 1876 2055 1855 1880 2039 2088 1843 2080 1844 2070 2053 2096 2070 1885 1863 2063 2049 1882 2057 1867 2093 2095 2064 2075 1829 1849 2116 2069 2110 1880 2051 2049 1841 1872 2074 2145 2094 1880 2089 2088 2043 2090 2101 2044 2074 1885 2068 2070 2076 2083 2099 1864]
Requests/sec:  2272.528287760417 KB
Transfer/sec:  8548.47646484375 KB

2023-12-03 04:09:09.340709373 +0800 CST m=+31304.618644751
Running 1m0s myx-test @ https://192.168.12.127:6443/apis/apps/v1/namespaces/myx-test/deployments
90 connections
Requests/bytes (per Connection):  [1464734 1482149 1396243 1367220 1463573 1491438 1266236 1340521 1370703 1479779 1381161 1282476 1323105 1291761 1482072 1504127 1471696 1349807 1396242 1376507 1288359 1263979 1412493 1383473 1479826 1299887 1485630 1348645 1262740 1295253 1397403 1501850 1275564 1385800 1467058 1261658 1254653 1470473 1328965 1419461 1484472 1480913 1376509 1485632 1384634 1339358 1368396 1398564 1470473 1471683 1320786 1392760 1436875 1489073 1289451 1297568 1461252 1296404 1290600 1276671 1504206 1262749 1467059 1254693 1448468 1402047 1357932 1373024 1378829 1284797 1470518 1297611 1404367 1290602 1383473 1512332 1402048 1308049 1478649 1390440 1487906 1397404 1270946 1272104 1476308 1274349 1273189 1266286 1431060 1249970]
Response/bytes (per Connection):  [4044660 4092555 3855899 3776078 4041467 4117711 3497163 3702257 3785657 4087633 3814022 3542617 3654750 3568545 4095131 4156180 4063810 3728187 3855897 3801620 3555618 3488567 3900983 3820778 4086167 3590894 4102130 3724992 3488338 3577362 3859090 4147934 3521617 3827174 4050660 3482183 3464507 4062833 3668875 3919755 4098553 4091942 3801234 4101744 3823971 3699450 3778521 3862283 4062833 4064564 3647980 3846320 3967648 4113189 3561403 3584124 4035083 3581315 3565352 3526652 4153218 3488356 4050662 3463027 4000714 3871862 3750534 3792041 3808006 3549001 4061363 3582650 3878634 3564966 3820778 4175567 3871864 3611755 4083722 3839938 4110374 3859092 3507727 3511304 4078078 3520266 3517075 3495703 3952443 3453217]
Requests Number (per Connection):  [1262 1277 1203 1178 1261 1285 1091 1155 1181 1275 1190 1105 1140 1113 1277 1296 1268 1163 1203 1186 1110 1089 1217 1192 1275 1120 1280 1162 1088 1116 1204 1294 1099 1194 1264 1087 1081 1267 1145 1223 1279 1276 1186 1280 1193 1154 1179 1205 1267 1268 1138 1200 1238 1283 1111 1118 1259 1117 1112 1100 1296 1088 1264 1081 1248 1208 1170 1183 1188 1107 1267 1118 1210 1112 1192 1303 1208 1127 1274 1198 1282 1204 1095 1096 1272 1098 1097 1091 1233 1077]
Requests/sec:  2020.6414225260417 KB
Transfer/sec:  7601.051481119792 KB

2023-12-03 04:10:49.588197541 +0800 CST m=+31404.866132915
Running 1m0s myx-test @ https://192.168.12.127:6443/apis/apps/v1/namespaces/myx-test/deployments
150 connections
Requests/bytes (per Connection):  [1363738 1153694 1140844 1261579 1159499 1144368 1356772 1261579 1223340 1234904 1246544 1207095 1248809 1270946 1384633 1172253 1345165 1259271 1132797 1373025 1354450 1251131 1287194 1167624 1151372 1158337 1368402 1221002 1138580 1270921 1183869 1342862 1174555 1366082 1361433 1226751 1157137 1263980 1229074 1373042 1418300 1266276 1357963 1218681 1230235 1159498 1143172 1241892 1231396 1237209 1375346 1227912 1323165 1335878 1337038 1347484 1371882 1158333 1236100 1146730 1165269 1209349 1250027 1205934 1146706 1132797 1153620 1368381 1359111 1219786 1154855 1342841 1204773 1374185 1143232 1157144 1364900 1174537 1236079 1229108 1348665 1225603 1344002 1217543 1356803 1154828 1341724 1144362 1164142 1248888 1353290 1381151 1376522 1162981 1149032 1177993 1151372 1146716 1374201 1189681 1167545 1246520 1397403 1214061 1266242 1151372 1361417 1226752 1178073 1216383 1388117 1171028 1261631 1151328 1178001 1403200 1165277 1389278 1402046 1161822 1269783 1257014 1363737 1189682 1202373 1319623 1345162 1339385 1384633 1377681 1164142 1209338 1176912 1133913 1147832 1364922 1230287 1180394 1180375 1396240 1230285 1233718 1393921 1338228 1151293 1364906 1238365 1240730 1176832 1363758]
Response/bytes (per Connection):  [3766501 3185252 3153091 3485145 3201217 3160802 3747343 3485145 3377194 3410982 3441802 3332120 3450024 3507727 3823969 3236696 3715029 3478007 3127780 3792043 3740957 3456410 3553197 3223564 3178866 3198022 3778533 3371556 3144481 3508847 3269028 3707901 3244212 3772151 3758979 3389359 3195921 3488569 3395747 3791297 3916562 3496073 3749426 3365172 3398940 3201215 3158709 3429014 3402133 3417724 3798427 3392552 3652920 3689487 3692678 3721799 3788106 3198014 3413075 3165708 3218282 3340710 3451381 3328927 3166830 3127780 3187834 3779271 3752983 3370203 3188445 3709029 3325734 3795234 3157269 3195935 3769306 3244176 3413423 3394645 3723862 3385412 3712222 3360855 3746235 3189171 3704364 3161180 3213987 3447062 3737766 3814392 3800870 3210794 3172834 3255261 3178866 3166460 3794876 3284227 3226526 3442534 3859090 3351278 3497565 3178866 3759727 3389361 3252301 3357664 3833550 3236105 3483689 3180338 3254887 3875039 3217908 3836743 3872250 3207215 3504920 3469411 3766499 3284229 3322312 3645173 3715413 3698334 3823969 3804449 3213987 3341468 3249108 3132443 3171123 3768960 3397484 3258685 3259427 3855893 3397480 3408519 3849513 3695149 3181828 3769318 3420517 3426209 3252068 3765761]
Requests Number (per Connection):  [1175 994 983 1087 999 986 1169 1087 1054 1064 1074 1040 1076 1095 1193 1010 1159 1085 976 1183 1167 1078 1109 1006 992 998 1179 1052 981 1095 1020 1157 1012 1177 1173 1057 997 1089 1059 1183 1222 1091 1170 1050 1060 999 985 1070 1061 1066 1185 1058 1140 1151 1152 1161 1182 998 1065 988 1004 1042 1077 1039 988 976 994 1179 1171 1051 995 1157 1038 1184 985 997 1176 1012 1065 1059 1162 1056 1158 1049 1169 995 1156 986 1003 1076 1166 1190 1186 1002 990 1015 992 988 1184 1025 1006 1074 1204 1046 1091 992 1173 1057 1015 1048 1196 1009 1087 992 1015 1209 1004 1197 1208 1001 1094 1083 1175 1025 1036 1137 1159 1154 1193 1187 1003 1042 1014 977 989 1176 1060 1017 1017 1203 1060 1063 1201 1153 992 1176 1067 1069 1014 1175]
Requests/sec:  3060.1926432291666 KB
Transfer/sec:  11511.259993489582 KB

2023-12-03 04:12:29.715724349 +0800 CST m=+31504.993659745
Running 1m0s myx-test @ https://192.168.12.127:6443/apis/apps/v1/namespaces/myx-test/deployments
300 connections
Requests/bytes (per Connection):  [738137 756744 795058 791551 789251 746271 727697 749782 889089 742810 778802 873990 766024 734690 740494 743977 791572 871675 892572 868123 804281 749736 784559 801951 909906 738172 876240 894894 793897 746256 742816 735851 893711 909907 868150 896051 742777 730046 898302 871610 772998 782279 730018 860048 743958 743978 863478 713778 871597 790409 733527 753216 762522 801959 785768 859987 905263 788030 713777 880933 796217 731177 797328 892524 754417 916872 770615 882087 799673 770678 826358 908797 907592 748611 884401 772955 918052 791573 745096 808986 727723 731207 880940 742816 746280 884445 880884 748619 886751 748576 776482 726562 718418 914620 743949 782287 730046 738171 863549 913402 730046 925056 925068 745138 796183 810106 805465 908746 879780 808975 734690 866953 760228 782263 905263 901797 776476 926191 735850 804343 933154 739296 775307 790381 747439 750928 748586 743977 892572 730047 732368 887849 769506 790412 897199 790411 754425 879723 801964 800811 741617 782287 864670 885603 742816 882100 783448 752082 890193 779915 904144 749782 907591 777644 886728 742815 884375 754395 778802 755587 746297 797323 720747 936641 725401 730046 918033 767194 782287 871596 741635 880884 882109 891347 731208 808986 753265 849571 714954 792736 877463 772959 898297 774161 736980 915719 781097 919210 782278 762550 786874 771839 739332 769494 784609 743977 895975 886762 726537 717258 754375 893689 798540 880884 869307 791506 736977 801954 781057 786912 737012 899472 800824 894861 760230 770678 739332 884383 907653 760195 725377 783447 735851 882045 895994 726564 757870 717258 764873 890171 790414 739333 858837 736994 861153 922710 742816 785752 899458 735849 728886 782287 726564 713793 726563 791572 894814 742816 775286 756747 726538 863471 778805 884369 757908 745123 768347 741655 907647 730034 768356 724240 762550 901789 799632 840331 898330 731207 789189 742817 861165 720759 909985 763671 754413 760211 782231 792684 904176 873918 788052 739333 800816 870442 854262 782284 806665 723081 875130 760230 925071 793862 756728 907594 761391 782285 887850 779963 749782 936607]
Response/bytes (per Connection):  [2039200 2089570 2194551 2186094 2178972 2061565 2010481 2070030 2453554 2051250 2150235 2412813 2115098 2028523 2044486 2054065 2185356 2405661 2463133 2398284 2222305 2071498 2168054 2216683 2513986 2038100 2421395 2469519 2191358 2061925 2050872 2031716 2467062 2513988 2397558 2473094 2051964 2015751 2481288 2407871 2134272 2160192 2017255 2374867 2054807 2054067 2385900 1971801 2408625 2182159 2025716 2081071 2106261 2216309 2169393 2376695 2501216 2177609 1972189 2432705 2198130 2020054 2203173 2464987 2083564 2533144 2129324 2435884 2208825 2127500 2282618 2509337 2507226 2067207 2442644 2135746 2535985 2185358 2058734 2233249 2009753 2018944 2432329 2050872 2061193 2440782 2434167 2067223 2447916 2068307 2143463 2006560 1984565 2524558 2055179 2159428 2015751 2038488 2383312 2523201 2015751 2553659 2552903 2057258 2199232 2237530 2225154 2510795 2428748 2233617 2028523 2395853 2099151 2160550 2501216 2491281 2144231 2557580 2031714 2220479 2576732 2042779 2141022 2183273 2064382 2073973 2068327 2054065 2463133 2015753 2022137 2453323 2125065 2182165 2476651 2182163 2082800 2430974 2215929 2212362 2048773 2159428 2387985 2444359 2050872 2435520 2162621 2077542 2458973 2155282 2496547 2070030 2507224 2146658 2448650 2051260 2443372 2083910 2150235 2085995 2060837 2203163 1990965 2586319 2003367 2015751 2536337 2118309 2159428 2408623 2048419 2434167 2435148 2461762 2018946 2233249 2079609 2346854 1974244 2188165 2422372 2135364 2482058 2137079 2036405 2529577 2157347 2539172 2160190 2105537 2174426 2130693 2041681 2125431 2165814 2054065 2475672 2447548 2007290 1981374 2084650 2468188 2204128 2434167 2400743 2187564 2036009 2216299 2158827 2173332 2034909 2484499 2211998 2471013 2098765 2127500 2041681 2442608 2505008 2100255 2004099 2163009 2031716 2437360 2474540 2006174 2093863 1981374 2111535 2459709 2181779 2041293 2372744 2036043 2379118 2548005 2050872 2169751 2485251 2032102 2012560 2159428 2006174 1971051 2006172 2185356 2472479 2050872 2141760 2089186 2006902 2386276 2149851 2443360 2092379 2058008 2121876 2047679 2505386 2016507 2121114 2000174 2105537 2491265 2209913 2319456 2480954 2018944 2180798 2050874 2378752 1990209 2511024 2110210 2083556 2099507 2161656 2190401 2495831 2415009 2177263 2041293 2212372 2404664 2357770 2159812 2226865 1996595 2416354 2098765 2553299 2192848 2089928 2507230 2101958 2159814 2453325 2153428 2070030 2587421]
Requests Number (per Connection):  [636 652 685 682 680 643 627 646 766 640 671 753 660 633 638 641 682 751 769 748 693 646 676 691 784 636 755 771 684 643 640 634 770 784 748 772 640 629 774 751 666 674 629 741 641 641 744 615 751 681 632 649 657 691 677 741 780 679 615 759 686 630 687 769 650 790 664 760 689 664 712 783 782 645 762 666 791 682 642 697 627 630 759 640 643 762 759 645 764 645 669 626 619 788 641 674 629 636 744 787 629 797 797 642 686 698 694 783 758 697 633 747 655 674 780 777 669 798 634 693 804 637 668 681 644 647 645 641 769 629 631 765 663 681 773 681 650 758 691 690 639 674 745 763 640 760 675 648 767 672 779 646 782 670 764 640 762 650 671 651 643 687 621 807 625 629 791 661 674 751 639 759 760 768 630 697 649 732 616 683 756 666 774 667 635 789 673 792 674 657 678 665 637 663 676 641 772 764 626 618 650 770 688 759 749 682 635 691 673 678 635 775 690 771 655 664 637 762 782 655 625 675 634 760 772 626 653 618 659 767 681 637 740 635 742 795 640 677 775 634 628 674 626 615 626 682 771 640 668 652 626 744 671 762 653 642 662 639 782 629 662 624 657 777 689 724 774 630 680 640 742 621 784 658 650 655 674 683 779 753 679 637 690 750 736 674 695 623 754 655 797 684 652 782 656 674 765 672 646 807]
Requests/sec:  3926.9334635416667 KB
Transfer/sec:  14772.032470703125 KB

