2023-12-01 18:22:27.275866788 +0800 CST m=+7078.036707760
Running 1m0s myx-test @ https://192.168.12.127:6443/api/v1/namespaces/myx-test/endpoints
3 connections
Requests/bytes (per Connection):  [10831222 11009765 12628171]
Response/bytes (per Connection):  [7362537 7483676 8583771]
Requests Number (per Connection):  [9403 9558 10963]
Requests/sec:  561.0214518229167 KB
Transfer/sec:  942.36884765625 KB

2023-12-01 18:24:37.371036485 +0800 CST m=+7208.131877456
Running 1m0s myx-test @ https://192.168.12.127:6443/api/v1/namespaces/myx-test/endpoints
6 connections
Requests/bytes (per Connection):  [12148984 10517908 10437274 10565133 12198517 10496022]
Response/bytes (per Connection):  [8258108 7149446 7094922 7182200 8291602 7134647]
Requests Number (per Connection):  [10547 9131 9061 9172 10590 9112]
Requests/sec:  1080.1405924479166 KB
Transfer/sec:  1814.3678873697916 KB

2023-12-01 18:26:49.06950763 +0800 CST m=+7339.830348606
Running 1m0s myx-test @ https://192.168.12.127:6443/api/v1/namespaces/myx-test/endpoints
9 connections
Requests/bytes (per Connection):  [8587339 7275337 7281097 8648388 8677190 7438905 7259211 7456184 7503412]
Response/bytes (per Connection):  [5837449 4945362 4949257 5879140 5897795 5056786 4934458 5068470 5100405]
Requests Number (per Connection):  [7455 6316 6321 7508 7533 6458 6302 6473 6514]
Requests/sec:  1141.3909993489583 KB
Transfer/sec:  1917.255615234375 KB

2023-12-01 18:28:59.170462916 +0800 CST m=+7469.931303896
Running 1m0s myx-test @ https://192.168.12.127:6443/api/v1/namespaces/myx-test/endpoints
15 connections
Requests/bytes (per Connection):  [8582731 9731168 8634567 9784156 7987206 9814103 8580429 9842899 8054015 8510165 9627496 7972231 8042495 8650694 8051711]
Response/bytes (per Connection):  [5834333 6614588 5869384 6650418 5429183 6671078 5832366 6690960 5474769 5784444 6544486 5419057 5466979 5880289 5473211]
Requests Number (per Connection):  [7451 8448 7496 8494 6934 8520 7449 8545 6992 7388 8358 6921 6982 7510 6990]
Requests/sec:  2146.2575846354166 KB
Transfer/sec:  3605.1694498697916 KB

2023-12-01 18:31:09.256586665 +0800 CST m=+7600.017427635
Running 1m0s myx-test @ https://192.168.12.127:6443/api/v1/namespaces/myx-test/endpoints
30 connections
Requests/bytes (per Connection):  [8537807 7297224 7907724 8525138 7311047 7384765 7352515 8576974 8629957 7883536 8560847 7347908 7891599 7921549 7376704 8633415 7838609 7878926 7878928 7241931 7850130 8519378 7298376 7837460 8611531 7259209 7861648 8611527 8624198 7329477]
Response/bytes (per Connection):  [5803956 4960162 5375438 5794979 4969509 5020177 4997549 5830030 5866677 5358672 5819125 4994434 5364124 5384376 5014316 5868605 5328703 5355965 5355556 4923184 5336083 5791084 4960941 5327516 5853397 4934867 5344282 5854215 5862783 4981971]
Requests Number (per Connection):  [7412 6335 6865 7401 6347 6411 6383 7446 7492 6844 7432 6379 6851 6877 6404 7495 6805 6840 6840 6287 6815 7396 6336 6804 7476 6302 6825 7476 7487 6363]
Requests/sec:  3870.1177897135417 KB
Transfer/sec:  6500.857958984375 KB

2023-12-01 18:33:19.357272361 +0800 CST m=+7730.118113337
Running 1m0s myx-test @ https://192.168.12.127:6443/api/v1/namespaces/myx-test/endpoints
60 connections
Requests/bytes (per Connection):  [5395454 5527920 4942760 5585513 5544049 5539439 5444985 5523312 4832179 4895533 5534832 4904745 4895534 4858672 5459961 5550956 5514097 5491059 5521008 5433467 5438071 5512945 5537136 5514097 5459957 5496818 5615465 5544044 4902444 5447288 5500276 5478388 5553260 4896685 4878255 5455352 5541742 5449590 5477238 5509489 5494516 4856371 4839090 5480692 4889774 4878255 5473780 4910507 4866735 5481845 4955429 4904748 4913964 5482995 4880559 5468020 5494517 4901293 5542897 5538285]
Response/bytes (per Connection):  [3667228 3757621 3359890 3796975 3768117 3765410 3701131 3754505 3284706 3327545 3762295 3334595 3327546 3302620 3710847 3773608 3748274 3732696 3752947 3692932 3696866 3747495 3763853 3748274 3711665 3736590 3816818 3768934 3332218 3702688 3738518 3724128 3775166 3328324 3315862 3708141 3767378 3704655 3722940 3745158 3734623 3300654 3289379 3725686 3323651 3315862 3721012 3338081 3308072 3726055 3368867 3333776 3340008 3727243 3317420 3717117 3734624 3331440 3767338 3765040]
Requests Number (per Connection):  [4684 4799 4291 4849 4813 4809 4727 4795 4195 4250 4805 4258 4250 4218 4740 4819 4787 4767 4793 4717 4721 4786 4807 4787 4740 4772 4875 4813 4256 4729 4775 4756 4821 4251 4235 4736 4811 4731 4755 4783 4770 4216 4201 4758 4245 4235 4752 4263 4225 4759 4302 4258 4266 4760 4237 4747 4770 4255 4812 4808]
Requests/sec:  5173.474723307291 KB
Transfer/sec:  8690.12685546875 KB

2023-12-01 18:35:29.447412689 +0800 CST m=+7860.208253786
Running 1m0s myx-test @ https://192.168.12.127:6443/api/v1/namespaces/myx-test/endpoints
90 connections
Requests/bytes (per Connection):  [3833490 3469493 3742490 3766680 3780502 3444151 3749403 3387709 3794328 3781655 3709086 3402682 3734426 3810450 3452214 3766681 3369279 3422264 3686046 3747098 3393467 3797781 3694109 3386555 3418809 3581226 3735579 3394619 3818516 3812756 3457974 3802389 3764374 3372734 3793173 3796630 3773593 3774743 3830033 3770138 3429176 3423417 3391165 3408443 3818516 3862286 3770138 3774743 3714844 3755162 3390011 3790872 3415354 3750553 3394619 3870350 3677985 3426872 3759768 3763222 3740185 3459126 3806994 3418809 3810452 3775896 3849617 3448758 3448759 3759768 3396925 3430328 3841554 3774743 3797779 3758616 3841554 3747097 3413049 3714845 3441847 3773591 3736728 3798935 3804691 3743643 3728669 3416506 3790870 3744793]
Response/bytes (per Connection):  [2605709 2358347 2544176 2560533 2569879 2341211 2548440 2302635 2578818 2570659 2521178 2313170 2538723 2590540 2346663 2560123 2290173 2326411 2506009 2547292 2306939 2581563 2511461 2302265 2324075 2434310 2539503 2307718 2595584 2591689 2350558 2584679 2559384 2292509 2578447 2580785 2564797 2565985 2603782 2562461 2331085 2327191 2304972 2316655 2595584 2625591 2562461 2565985 2525482 2552334 2304602 2576481 2321739 2549628 2307718 2631044 2500148 2329527 2555859 2558605 2542617 2351337 2588203 2324075 2590131 2566354 2616614 2344326 2344327 2555859 2308867 2331864 2611162 2565985 2581972 2555080 2611162 2547291 2320180 2525072 2339653 2565206 2540690 2581933 2586646 2544545 2534420 2322518 2576890 2545733]
Requests Number (per Connection):  [3328 3012 3249 3270 3282 2990 3255 2941 3294 3283 3220 2954 3242 3308 2997 3270 2925 2971 3200 3253 2946 3297 3207 2940 2968 3109 3243 2947 3315 3310 3002 3301 3268 2928 3293 3296 3276 3277 3325 3273 2977 2972 2944 2959 3315 3353 3273 3277 3225 3260 2943 3291 2965 3256 2947 3360 3193 2975 3264 3267 3247 3003 3305 2968 3308 3278 3342 2994 2994 3264 2949 2978 3335 3277 3297 3263 3335 3253 2963 3225 2988 3276 3244 3298 3303 3250 3237 2966 3291 3251]
Requests/sec:  5351.9197265625 KB
Transfer/sec:  8989.982649739582 KB

2023-12-01 18:37:39.611999526 +0800 CST m=+7990.372840502
Running 1m0s myx-test @ https://192.168.12.127:6443/api/v1/namespaces/myx-test/endpoints
150 connections
Requests/bytes (per Connection):  [1809620 1966276 1962820 1958211 1943239 1976642 1798101 1961667 2005441 1974342 1936326 1840722 1967428 1958215 1831506 1821139 1982403 1794646 1908682 2064186 1952453 1974341 1901771 1972036 1984707 1919048 1833810 1825744 1819988 1826897 1951302 1951304 1799254 1791190 1848786 1822290 1910987 1883339 1927112 1962821 1957059 1985856 1967427 1975494 1875275 1947848 1875275 1984705 1864909 1788887 1996228 1902922 1980097 1980098 1973190 1967428 1854544 1937481 1815378 1805013 1909834 1841872 1854543 1988163 1846479 2005440 1934025 1990469 1997378 1952453 1863760 1922504 1936329 1961670 1923658 1993922 1972036 1980101 1836115 1963973 1925959 2000834 1822292 1943238 1832657 2003136 1862608 1832657 1950151 1930567 1934025 1833811 1963972 1930565 1958213 1851087 1936326 1957063 1844175 1799253 1978947 1935172 1969730 1833809 1980097 1988161 1803859 1875277 1952453 1792340 1990465 1988163 1928263 1854543 1957061 1849937 1851086 1975493 1969730 1917896 1981253 1982404 1809619 1987013 1944390 1961668 1814229 1982405 1937479 1988163 1960517 1937478 1798101 1989312 2000834 1932873 1828047 1837266 1806165 2020418 1840718 1936328 2003140 1859151 1966276 1855693 1974342 1983553 1954757 1947844]
Response/bytes (per Connection):  [1229802 1336552 1334215 1331509 1320975 1343972 1222013 1333846 1363035 1341596 1316300 1250833 1337331 1330691 1244601 1237591 1347457 1219677 1297197 1403168 1327205 1341595 1292524 1340447 1349015 1304617 1246159 1241526 1236813 1241895 1326427 1326018 1222793 1217340 1256286 1238780 1298756 1280471 1310070 1334216 1330730 1350202 1337741 1342375 1275018 1323681 1275018 1349424 1268009 1215783 1356395 1293713 1346308 1346309 1340817 1337331 1260590 1316671 1234106 1226687 1297976 1252021 1260589 1351352 1255136 1363445 1314334 1352501 1357583 1327205 1266411 1306954 1315892 1333027 1307324 1355246 1340447 1345490 1247718 1334995 1309290 1359920 1238371 1320974 1245790 1361887 1265632 1245790 1325238 1312406 1314334 1246160 1334994 1312815 1331100 1258252 1316300 1329912 1253578 1222792 1345120 1315930 1339298 1246569 1346308 1351761 1226317 1274609 1327205 1218528 1353319 1351352 1310848 1260589 1330321 1257064 1258662 1342374 1339298 1303838 1346269 1347458 1230212 1350164 1321753 1333436 1232919 1347048 1317080 1351352 1332658 1317079 1222013 1352539 1359920 1313555 1243083 1248496 1227466 1372752 1251651 1315891 1361069 1263705 1336552 1261777 1341596 1348645 1328763 1324499]
Requests Number (per Connection):  [1571 1707 1704 1700 1687 1716 1561 1703 1741 1714 1681 1598 1708 1700 1590 1581 1721 1558 1657 1792 1695 1714 1651 1712 1723 1666 1592 1585 1580 1586 1694 1694 1562 1555 1605 1582 1659 1635 1673 1704 1699 1724 1708 1715 1628 1691 1628 1723 1619 1553 1733 1652 1719 1719 1713 1708 1610 1682 1576 1567 1658 1599 1610 1726 1603 1741 1679 1728 1734 1695 1618 1669 1681 1703 1670 1731 1712 1719 1594 1705 1672 1737 1582 1687 1591 1739 1617 1591 1693 1676 1679 1592 1705 1676 1700 1607 1681 1699 1601 1562 1718 1680 1710 1592 1719 1726 1566 1628 1695 1556 1728 1726 1674 1610 1699 1606 1607 1715 1710 1665 1720 1721 1571 1725 1688 1703 1575 1721 1682 1726 1702 1682 1561 1727 1737 1678 1587 1595 1568 1754 1598 1681 1739 1614 1707 1611 1714 1722 1697 1691]
Requests/sec:  4683.547151692708 KB
Transfer/sec:  7867.045084635417 KB

2023-12-01 18:39:49.724688557 +0800 CST m=+8120.485529530
Running 1m0s myx-test @ https://192.168.12.127:6443/api/v1/namespaces/myx-test/endpoints
300 connections
Requests/bytes (per Connection):  [1043613 1171470 1020574 1128852 1127700 1154194 1136915 1123092 1062043 1121940 1060891 1165712 1150738 1149586 1113877 1136915 1132308 1027486 1072410 1115029 1184143 1138067 1123092 1088537 1064347 1079324 1108120 1053979 1041308 1151890 1029789 1117333 1042461 1102358 1060891 1088537 1148435 1102360 1132308 1048222 1063193 1133460 1098904 1065499 1053980 1149586 1065498 1036703 1130004 1049370 1116180 1060889 1062043 1108117 1142677 1126548 1036701 1148434 1043613 1157649 1050524 1127700 1102360 1029790 999844 1063195 1151890 1147283 1153042 1049372 1035549 1049372 1118484 1081628 1163409 1007903 1112725 1126550 1036701 1014816 1130003 1147282 1143827 1055130 1146131 1113878 1120789 1072408 1086231 1057436 1106966 1123093 1158801 1164561 1108119 1143826 1108118 1050526 1172624 1066650 1045916 1029790 1021726 1141525 1135765 1124245 1080471 1105813 1097752 1121942 1032093 1153042 1125396 1147282 1073562 1093142 1148434 1127700 1024030 1179535 1036701 1094296 1104662 1141522 1144978 1095447 1164561 1052828 1090841 1051676 1047068 1171472 1087383 1056284 1171473 1018270 1043612 1059737 1117334 1106966 1118485 1032093 1044764 1119636 1146131 1115029 1020574 1157650 1130004 1052830 1130004 1029789 1039002 1197966 1034397 1131156 1161106 1072408 1059739 1108120 1036701 1097750 1091993 999840 1042460 1117333 1053978 1048220 1096602 1105813 1181838 1123092 1133459 1108117 1104662 1057435 1121940 1105814 1096600 1135763 1146130 1127703 1068953 1048220 1125396 1096599 1128852 1101206 1113877 1022878 1005600 1085081 1131155 1140371 1090840 1104664 1131157 1106965 1116181 1053978 1020574 1151890 1123095 1083928 1168017 1013663 1077016 1146131 1133459 1093142 1024030 1116181 1043611 1139219 1055131 1119637 1130006 1138067 1064347 1142675 1004447 1017119 1161105 1148435 1106968 1146130 1100056 1073561 1030941 1139219 1136915 1163409 1150738 1059737 1119637 1119638 1117335 1055131 1133459 1154193 1045914 1048220 1141522 1128852 1029789 1135764 1075866 1115029 1036700 1176078 1072410 1185295 1113877 1085081 1128854 1125396 1059739 1120790 1077018 1142675 1143826 1118485 1018270 1088535 1166865 1156498 1042458 1042461 1040157 1109270 1119636 1136916 1109269 1119638 1124244 1179534 1110421 1093142 1173776 1024030 1026334 1019423 1055130 1194511 1146130 1162257 1174928 1085081 1083927 1035549 1033245 1080471 1083927 1141523 1131156 1124245 1071257 1118484 1045916 1093145]
Response/bytes (per Connection):  [709374 796650 693795 767422 766643 784558 772874 763527 721836 762748 721057 792346 782221 781442 757296 772874 769759 698469 728846 758075 804809 773653 763527 739751 723394 733111 752993 716383 707815 783000 700026 759633 708595 749507 721057 739751 780664 749098 769759 712080 723024 770538 746761 724173 716384 781442 724172 704291 768201 713677 758853 721466 721836 753401 776360 765864 704700 780663 709374 786894 714047 766643 749098 700027 678957 722615 783000 779885 783779 713268 703921 713268 760411 734669 790789 685227 756517 765455 704700 689491 768200 779884 777548 717572 779106 756886 761970 729255 738602 718721 752623 763528 787673 791568 752992 777547 753402 713638 797020 724951 710931 700027 694574 775581 771686 764307 734707 751843 745982 762339 701584 783779 765085 779884 729625 743275 780663 766643 696132 801693 704700 743645 751065 775989 778326 744834 791568 715605 741309 714826 711710 796241 739381 717942 796242 692237 709373 720687 759223 752623 760412 701584 710152 761190 779106 758075 693795 786895 768201 715196 768201 700026 706666 814156 703142 768980 789232 729255 720278 752993 704700 746391 742088 679775 708594 759633 716793 712489 744794 751843 803661 763527 770537 753401 751065 718720 762748 751844 745203 772095 779105 765824 726919 712489 765085 745613 767422 748728 757296 695353 683670 737414 768979 775211 741308 750656 768570 752622 758854 716793 693795 783000 763119 737045 793905 689122 732371 779106 770537 743275 696132 758854 709783 774432 717162 761191 767792 773653 723394 776769 682890 691459 789231 780664 752214 779105 747540 730035 700805 774432 772874 790789 782221 720687 761191 760781 759224 717162 770537 784557 711340 712489 775989 767422 700026 772096 731183 758075 705110 799766 728846 805588 757296 737414 767013 765085 720278 761560 731962 776769 777547 760412 692237 740160 793126 786116 709003 708595 707037 754181 761190 772875 754180 760781 764306 802103 754959 743275 797799 696132 697690 693017 717572 811820 779105 790010 798578 737414 737044 703921 702363 734707 737044 775990 768980 764307 728477 760411 710931 742867]
Requests Number (per Connection):  [906 1017 886 980 979 1002 987 975 922 974 921 1012 999 998 967 987 983 892 931 968 1028 988 975 945 924 937 962 915 904 1000 894 970 905 957 921 945 997 957 983 910 923 984 954 925 915 998 925 900 981 911 969 921 922 962 992 978 900 997 906 1005 912 979 957 894 868 923 1000 996 1001 911 899 911 971 939 1010 875 966 978 900 881 981 996 993 916 995 967 973 931 943 918 961 975 1006 1011 962 993 962 912 1018 926 908 894 887 991 986 976 938 960 953 974 896 1001 977 996 932 949 997 979 889 1024 900 950 959 991 994 951 1011 914 947 913 909 1017 944 917 1017 884 906 920 970 961 971 896 907 972 995 968 886 1005 981 914 981 894 902 1040 898 982 1008 931 920 962 900 953 948 868 905 970 915 910 952 960 1026 975 984 962 959 918 974 960 952 986 995 979 928 910 977 952 980 956 967 888 873 942 982 990 947 959 982 961 969 915 886 1000 975 941 1014 880 935 995 984 949 889 969 906 989 916 972 981 988 924 992 872 883 1008 997 961 995 955 932 895 989 987 1010 999 920 972 972 970 916 984 1002 908 910 991 980 894 986 934 968 900 1021 931 1029 967 942 980 977 920 973 935 992 993 971 884 945 1013 1004 905 905 903 963 972 987 963 972 976 1024 964 949 1019 889 891 885 916 1037 995 1009 1020 942 941 899 897 938 941 991 982 976 930 971 908 949]
Requests/sec:  5365.0998046875 KB
Transfer/sec:  9012.081608072916 KB

