2023-12-03 09:37:19.625127936 +0800 CST m=+50994.903063300
Running 1m0s myx-test @ https://192.168.12.127:6443/apis/batch/v1/namespaces/myx-test/jobs
3 connections
Requests/bytes (per Connection):  [10874997 10190961 9766388]
Response/bytes (per Connection):  [25944411 24312483 23299614]
Requests Number (per Connection):  [9476 8880 8510]
Requests/sec:  501.82854817708335 KB
Transfer/sec:  1699.0373372395834 KB

2023-12-03 09:39:00.461877682 +0800 CST m=+51095.739813059
Running 1m0s myx-test @ https://192.168.12.127:6443/apis/batch/v1/namespaces/myx-test/jobs
6 connections
Requests/bytes (per Connection):  [8000151 7638663 7682203 8560209 8032232 8626765]
Response/bytes (per Connection):  [19085898 18223509 18327339 20422032 19162401 20580810]
Requests Number (per Connection):  [6971 6656 6694 7459 6999 7517]
Requests/sec:  790.0426920572917 KB
Transfer/sec:  2674.8406901041667 KB

2023-12-03 09:40:40.611653244 +0800 CST m=+51195.889588622
Running 1m0s myx-test @ https://192.168.12.127:6443/apis/batch/v1/namespaces/myx-test/jobs
9 connections
Requests/bytes (per Connection):  [6166227 6208699 6998262 6476081 6963805 6929420 6437053 6204107 6479523]
Response/bytes (per Connection):  [14710716 14812047 16695696 15449928 16613475 16531470 15356814 14801091 15458139]
Requests Number (per Connection):  [5373 5410 6098 5643 6068 6038 5609 5406 5646]
Requests/sec:  958.059521484375 KB
Transfer/sec:  3243.693896484375 KB

2023-12-03 09:42:20.679754321 +0800 CST m=+51295.957689714
Running 1m0s myx-test @ https://192.168.12.127:6443/apis/batch/v1/namespaces/myx-test/jobs
15 connections
Requests/bytes (per Connection):  [4744344 4077530 4735114 4482652 4747768 4464291 4050016 4480358 4426410 4069493 4479214 4047745 4754629 4025874 4724786]
Response/bytes (per Connection):  [11318562 9727725 11296512 10694226 11326719 10650423 9662103 10688754 10560045 9708549 10686027 9656700 11343072 9604482 11271873]
Requests Number (per Connection):  [4134 3553 4126 3906 4137 3890 3529 3904 3857 3546 3903 3527 4143 3508 4117]
Requests/sec:  1079.26796875 KB
Transfer/sec:  3654.0689453125 KB

2023-12-03 09:44:00.745717254 +0800 CST m=+51396.023652644
Running 1m0s myx-test @ https://192.168.12.127:6443/apis/batch/v1/namespaces/myx-test/jobs
30 connections
Requests/bytes (per Connection):  [3795225 3590899 3781450 3229392 3226026 3767676 3253497 3749342 3506035 3216804 3287968 3576056 3557671 3782598 3518662 3217991 3239722 3239788 3554246 3850320 3753901 3247757 3742443 3574866 3759640 3268499 3574902 3592098 3779162 3556520]
Response/bytes (per Connection):  [9054240 8566752 9021375 7704306 7696323 8988513 7761816 8944791 8364330 7674297 7844079 8531388 8487513 9024114 8394456 7677153 7728951 7729149 8479353 9185685 8955648 7748121 8928324 8528523 8969340 7797657 8528631 8569644 9015921 8484765]
Requests Number (per Connection):  [3307 3129 3295 2814 2811 3283 2835 3267 3055 2803 2865 3116 3100 3296 3066 2804 2823 2823 3097 3355 3271 2830 3261 3115 3276 2848 3115 3130 3293 3099]
Requests/sec:  1721.8612630208333 KB
Transfer/sec:  5829.692610677083 KB

2023-12-03 09:45:40.89217777 +0800 CST m=+51496.170113147
Running 1m0s myx-test @ https://192.168.12.127:6443/apis/batch/v1/namespaces/myx-test/jobs
60 connections
Requests/bytes (per Connection):  [2140328 2373297 2435284 2422657 2149535 2397403 2391665 2407735 2405438 2403142 2377888 2437558 2392811 2434129 2131171 2416917 2445615 2422646 2154077 2372182 2178154 2413473 2160971 2128842 2442171 2395108 2150683 2147202 2395108 2418065 2388220 2182765 2118502 2415765 2400847 2434117 2365262 2097881 2134615 2430692 2431824 2151831 2410030 2397412 2135701 2113952 2157526 2366412 2166754 2390523 2388238 2388222 2399708 2438728 2434119 2435284 2154091 2412326 2387072 2180502]
Response/bytes (per Connection):  [5106159 5661951 5809842 5779716 5128140 5719464 5705775 5744115 5738634 5733156 5672904 5815254 5708508 5807082 5084328 5766021 5834490 5779683 5138946 5659311 5196372 5757804 5155398 5078751 5826273 5713989 5130879 5122551 5713989 5768760 5697555 5207385 5054076 5763270 5727681 5807046 5642781 5004903 5092545 5798886 5801577 5133618 5749590 5719491 5095098 5043246 5147178 5645526 5169222 5703054 5697609 5697561 5724969 5818059 5807052 5809842 5138988 5755068 5694816 5202006]
Requests Number (per Connection):  [1865 2068 2122 2111 1873 2089 2084 2098 2096 2094 2072 2124 2085 2121 1857 2106 2131 2111 1877 2067 1898 2103 1883 1855 2128 2087 1874 1871 2087 2107 2081 1902 1846 2105 2092 2121 2061 1828 1860 2118 2119 1875 2100 2089 1861 1842 1880 2062 1888 2083 2081 2081 2091 2125 2121 2122 1877 2102 2080 1900]
Requests/sec:  2266.4416666666666 KB
Transfer/sec:  7673.471988932291 KB

2023-12-03 09:47:20.969656249 +0800 CST m=+51596.247591626
Running 1m0s myx-test @ https://192.168.12.127:6443/apis/batch/v1/namespaces/myx-test/jobs
90 connections
Requests/bytes (per Connection):  [1778826 1769660 1846491 1819020 1635357 1852283 1782289 1637652 1761627 1758183 1789175 1825910 1579140 1845384 1637654 1833943 1767357 1650280 1805248 1845343 1867233 1827008 1813215 1629672 1806321 1747829 1763922 1608996 1809837 1825868 1611304 1638800 1626183 1637716 1608957 1832765 1629631 1636507 1827038 1798358 1844199 1612479 1760456 1627323 1806395 1808672 1595182 1600922 1631913 1804098 1868345 1821292 1819020 1804097 1634211 1846570 1591738 1833906 1637653 1745556 1824757 1896999 1858045 1793766 1810985 1626174 1783437 1856836 1644542 1814431 1838458 1769633 1677829 1839604 1792621 1610112 1766219 1810985 1678985 1605547 1866062 1808689 1821317 1812132 1817845 1853398 1631913 1830501 1777697 1628471]
Response/bytes (per Connection):  [4243728 4221870 4405128 4339635 3901446 4418979 4252002 3906921 4202706 4194489 4268430 4356075 3767340 4402512 3906927 4375239 4216371 3937050 4306779 4402389 4454664 4358664 4325745 3887916 4309293 4169772 4208181 3838578 4317726 4355949 3844092 3909660 3879564 3907113 3838461 4372410 3887793 3904191 4358754 4290339 4399662 3846912 4199898 3882279 4309515 4314936 3805596 3819291 3893229 4304034 4457295 4345041 4339635 4304031 3898713 4405365 3797379 4375128 3906924 4164363 4353321 4525632 4432740 4279383 4320465 3879537 4254741 4429818 3923361 4328688 4385964 4221789 4002777 4388697 4276653 3841221 4213662 4320465 4005540 3830346 4451856 4314987 4345116 4323201 4336815 4421619 3893229 4367028 4241046 3885018]
Requests Number (per Connection):  [1550 1542 1609 1585 1425 1614 1553 1427 1535 1532 1559 1591 1376 1608 1427 1598 1540 1438 1573 1608 1627 1592 1580 1420 1574 1523 1537 1402 1577 1591 1404 1428 1417 1427 1402 1597 1420 1426 1592 1567 1607 1405 1534 1418 1574 1576 1390 1395 1422 1572 1628 1587 1585 1572 1424 1609 1387 1598 1427 1521 1590 1653 1619 1563 1578 1417 1554 1618 1433 1581 1602 1542 1462 1603 1562 1403 1539 1578 1463 1399 1626 1576 1587 1579 1584 1615 1422 1595 1549 1419]
Requests/sec:  2565.266910807292 KB
Transfer/sec:  8685.202164713543 KB

2023-12-03 09:49:01.282692943 +0800 CST m=+51696.560628320
Running 1m0s myx-test @ https://192.168.12.127:6443/apis/batch/v1/namespaces/myx-test/jobs
150 connections
Requests/bytes (per Connection):  [1395526 1201531 1277294 1395527 1306022 1174032 1332394 1260126 1192376 1266962 1237117 1415008 1218750 1192410 1284184 1381747 1305989 1218750 1275068 1405857 1310581 1201607 1364535 1402411 1417337 1304863 1394364 1389787 1400119 1271553 1180876 1287625 1184313 1207292 1386335 1314025 1296809 1398969 1218751 1397822 1364533 1384047 1192428 1206162 1280798 1447182 1390923 1205055 1314027 1202750 1308285 1287642 1431103 1367977 1310584 1397805 1278471 1392070 1205054 1436852 1376012 1185540 1182017 1377160 1302545 1403562 1207326 1297991 1336983 1331284 1196972 1311780 1424225 1377160 1318624 1186688 1288814 1200384 1211863 1393230 1203894 1195792 1384047 1314059 1289921 1332430 1178614 1350782 1186628 1295659 1315228 1379456 1211863 1404709 1390935 1296806 1188910 1204996 1177487 1349635 1371421 1229105 1371420 1316354 1291069 1320912 1397805 1395526 1279669 1197019 1278521 1182018 1224507 1315196 1309435 1203832 1295658 1386344 1294514 1284214 1222200 1366829 1178626 1179761 1174061 1297956 1311764 1378307 1288836 1207313 1376012 1183207 1186683 1415027 1234900 1194724 1304843 1405858 1397822 1272770 1286508 1191255 1194724 1429964 1398952 1286477 1195871 1386335 1374866 1194723]
Response/bytes (per Connection):  [3329298 2866458 3047217 3329301 3115776 2800881 3178677 3006288 2844633 3022566 2951361 3375759 2907540 2844735 3063657 3296421 3115677 2907540 3041949 3353946 3126633 2866686 3255360 3345723 3381336 3113004 3326517 3315606 3340257 3033519 2817183 3071865 2825379 2880216 3307365 3134850 3093777 3337512 2907543 3334776 3255354 3301911 2844789 2877531 3055614 3452541 3318309 2874915 3134856 2869410 3121155 3071916 3414174 3263571 3126642 3334725 3050043 3321045 2874912 3427896 3282741 2828355 2819901 3285480 3107460 3348471 2880318 3096618 3189624 3176052 2855601 3129525 3397770 3285480 3145827 2831094 3074727 2863722 2891109 3323820 2872137 2852766 3301911 3134952 3077343 3178785 2811807 3222561 2830914 3091032 3137754 3290958 2891109 3351207 3318345 3093768 2836350 2874738 2809131 3219825 3271788 2932260 3271785 3140427 3080082 3151281 3334725 3329298 3052932 2855742 3050193 2819904 2921286 3137658 3123900 2871951 3091029 3307392 3088302 3063747 2915775 3260832 2811843 2814543 2800968 3096513 3129477 3288216 3074793 2880279 3282741 2822766 2831079 3375816 2946120 2850267 3112944 3353949 3334776 3036465 3069219 2841975 2850267 3411462 3337461 3069126 2853003 3307365 3280008 2850264]
Requests Number (per Connection):  [1216 1047 1113 1216 1138 1023 1161 1098 1039 1104 1078 1233 1062 1039 1119 1204 1138 1062 1111 1225 1142 1047 1189 1222 1235 1137 1215 1211 1220 1108 1029 1122 1032 1052 1208 1145 1130 1219 1062 1218 1189 1206 1039 1051 1116 1261 1212 1050 1145 1048 1140 1122 1247 1192 1142 1218 1114 1213 1050 1252 1199 1033 1030 1200 1135 1223 1052 1131 1165 1160 1043 1143 1241 1200 1149 1034 1123 1046 1056 1214 1049 1042 1206 1145 1124 1161 1027 1177 1034 1129 1146 1202 1056 1224 1212 1130 1036 1050 1026 1176 1195 1071 1195 1147 1125 1151 1218 1216 1115 1043 1114 1030 1067 1146 1141 1049 1129 1208 1128 1119 1065 1191 1027 1028 1023 1131 1143 1201 1123 1052 1199 1031 1034 1233 1076 1041 1137 1225 1218 1109 1121 1038 1041 1246 1219 1121 1042 1208 1198 1041]
Requests/sec:  3165.5943359375 KB
Transfer/sec:  10717.72939453125 KB

2023-12-03 09:50:41.412957903 +0800 CST m=+51796.690893339
Running 1m0s myx-test @ https://192.168.12.127:6443/apis/batch/v1/namespaces/myx-test/jobs
300 connections
Requests/bytes (per Connection):  [888247 756282 768932 800994 766638 864188 747124 742532 856154 758602 768862 895141 752835 780411 744809 882496 882496 735631 767753 753981 712687 858389 757405 876807 725311 728755 749419 860765 773483 735644 754009 876836 751715 737939 780410 874460 744828 760898 856173 845769 773523 733348 788433 766636 749381 846990 779263 854946 757453 887088 776918 745973 757452 776962 774672 828589 732200 783825 863029 760863 851502 773453 841171 855025 729905 755159 743680 833189 727589 873312 744827 822883 782707 764342 719574 716129 845763 791869 771165 748219 866425 731051 749420 836658 844694 812552 849276 725312 778069 748244 766638 891728 718426 829766 861842 747095 780375 751715 852651 739069 737940 787287 758553 762016 763194 750513 698911 851534 731053 749417 782708 739088 782707 751715 709242 761987 846989 809088 836659 858452 841171 861895 867610 775785 729875 862981 766570 756307 741376 842383 841219 856094 742531 767785 760867 728757 709242 727576 760836 765428 781539 741348 772375 866480 757428 859567 762006 711538 861913 845841 710371 758600 739088 695465 861885 762004 729869 829692 728755 790695 723018 867624 744795 741384 852670 828623 840075 745926 728757 830870 881427 781485 745926 875687 750565 850433 764342 741384 914638 739088 825112 796403 723018 853859 709238 762045 750535 767762 853871 766638 717278 859606 732199 782627 766635 743677 772335 773504 701207 846990 768933 766638 739088 865277 739087 842319 751660 747072 757395 767753 864129 741371 765425 780367 734494 872219 859537 862981 836593 767786 871037 843546 745938 743680 762025 745974 756290 732200 867573 745975 754011 757455 719571 772377 723017 768911 709243 736792 766636 864129 820509 748271 742531 790691 884795 771228 827415 833215 834363 758602 780369 753954 850355 701207 850416 752863 718426 791851 876772 772377 821712 792959 716129 837777 759731 759748 859538 860721 726461 772363 753974 736777 859617 857255 782691 745976 764342 755157 737938 758602 851531 853877 778117 764342 765450 850354 856173 894054 743680 776967 721869 773524 859558 771206 748271 752807 872215 848087 865351 856173]
Response/bytes (per Connection):  [2119071 1804251 1834446 1910892 1828974 2061699 1782417 1771461 2042532 1809801 1834236 2135523 1796025 1861833 1776882 2105343 2105343 1754988 1831614 1798758 1700256 2047827 1806915 2091801 1730373 1738590 1787892 2053545 1845279 1755027 1798842 2091888 1793370 1760502 1861830 2086170 1776939 1815279 2042589 2017722 1845399 1749549 1880964 1828968 1787778 2020680 1859094 2039613 1807059 2116299 1853469 1779669 1807056 1853601 1848141 1976757 1746810 1869960 2058927 1815174 2031396 1845189 2006748 2039850 1741335 1801587 1774200 1987737 1735797 2083431 1776936 1963164 1867311 1823496 1716687 1708467 2017704 1889157 1839735 1784997 2067000 1744068 1787895 1996029 2015202 1938516 2026128 1730376 1856217 1785072 1828974 2127399 1713948 1979583 2056071 1782330 1861725 1793370 2034138 1763187 1760505 1878231 1809654 1817928 1820757 1790469 1667388 2031492 1744074 1787886 1867314 1763244 1867311 1793370 1692036 1817841 2020677 1930239 1996032 2048016 2006748 2056230 2069850 1850775 1741245 2058783 1828770 1804326 1768698 2009679 2006892 2042352 1771458 1831710 1815186 1738596 1692036 1735758 1815093 1826049 1864512 1768614 1842660 2067165 1806984 2050656 1817898 1697514 2056284 2017938 1694718 1809795 1763244 1659165 2056200 1817892 1741227 1979361 1738590 1886340 1724904 2069892 1776840 1768722 2034195 1976859 2004165 1779528 1738596 1982190 2102841 1864350 1779528 2089146 1790625 2028894 1823496 1768722 2182029 1763244 1968441 1899939 1724904 2037057 1692024 1818015 1790535 1831641 2037093 1828974 1711209 2050773 1746807 1867071 1828965 1774191 1842540 1845342 1672866 2020680 1834449 1828974 1763244 2064261 1763241 2009487 1793205 1782261 1806885 1831614 2061522 1768683 1826040 1861701 1752282 2080857 2050566 2058783 1995834 1831713 2078016 2012463 1779564 1774200 1817955 1779672 1804275 1746810 2069739 1779675 1798848 1807065 1716678 1842666 1724901 1834383 1692039 1757766 1828968 2061522 1957452 1785153 1771458 1886328 2110830 1839924 1973940 1987815 1990554 1809801 1861707 1798677 2028660 1672866 2028843 1796109 1713948 1889103 2091696 1842666 1960356 1891722 1708467 1998681 1812483 1812534 2050569 2053413 1733118 1842624 1798737 1757721 2050806 2045130 1867263 1779678 1823496 1801581 1760499 1809801 2031483 2037111 1856361 1823496 1826115 2028657 2042589 2132967 1774200 1853616 1722162 1845402 2050629 1839858 1785153 1795941 2080845 2023266 2064483 2042589]
Requests Number (per Connection):  [774 659 670 698 668 753 651 647 746 661 670 780 656 680 649 769 769 641 669 657 621 748 660 764 632 635 653 750 674 641 657 764 655 643 680 762 649 663 746 737 674 639 687 668 653 738 679 745 660 773 677 650 660 677 675 722 638 683 752 663 742 674 733 745 636 658 648 726 634 761 649 717 682 666 627 624 737 690 672 652 755 637 653 729 736 708 740 632 678 652 668 777 626 723 751 651 680 655 743 644 643 686 661 664 665 654 609 742 637 653 682 644 682 655 618 664 738 705 729 748 733 751 756 676 636 752 668 659 646 734 733 746 647 669 663 635 618 634 663 667 681 646 673 755 660 749 664 620 751 737 619 661 644 606 751 664 636 723 635 689 630 756 649 646 743 722 732 650 635 724 768 681 650 763 654 741 666 646 797 644 719 694 630 744 618 664 654 669 744 668 625 749 638 682 668 648 673 674 611 738 670 668 644 754 644 734 655 651 660 669 753 646 667 680 640 760 749 752 729 669 759 735 650 648 664 650 659 638 756 650 657 660 627 673 630 670 618 642 668 753 715 652 647 689 771 672 721 726 727 661 680 657 741 611 741 656 626 690 764 673 716 691 624 730 662 662 749 750 633 673 657 642 749 747 682 650 666 658 643 661 742 744 678 666 667 741 746 779 648 677 629 674 749 672 652 656 760 739 754 746]
Requests/sec:  3843.109814453125 KB
Transfer/sec:  13011.58427734375 KB

