2023-12-01 20:56:44.428489171 +0800 CST m=+129.144621595
Running 1m0s myx-test @ https://192.168.12.127:6443/api/v1/namespaces/myx-test/limitranges
3 connections
Requests/bytes (per Connection):  [16553752 14558323 14315840]
Response/bytes (per Connection):  [12257351 10778528 10598259]
Requests Number (per Connection):  [14335 12607 12397]
Requests/sec:  739.3866373697916 KB
Transfer/sec:  1286.8172688802083 KB

2023-12-01 20:58:55.224037494 +0800 CST m=+259.940169930
Running 1m0s myx-test @ https://192.168.12.127:6443/api/v1/namespaces/myx-test/limitranges
6 connections
Requests/bytes (per Connection):  [11625179 12940433 11083542 13259182 11075505 11609008]
Response/bytes (per Connection):  [8606743 9582282 8207503 9817256 8199978 8595295]
Requests Number (per Connection):  [10067 11206 9598 11482 9591 10053]
Requests/sec:  1165.248193359375 KB
Transfer/sec:  2028.0258138020833 KB

2023-12-01 21:01:05.313559265 +0800 CST m=+390.029691686
Running 1m0s myx-test @ https://192.168.12.127:6443/api/v1/namespaces/myx-test/limitranges
9 connections
Requests/bytes (per Connection):  [11718668 9869908 10279841 11722190 10316798 9947231 10232490 11723331 9898756]
Response/bytes (per Connection):  [8678161 7307713 7611594 8678293 7638695 7366866 7576871 8679948 7330094]
Requests Number (per Connection):  [10148 8547 8902 10151 8934 8614 8861 10152 8572]
Requests/sec:  1557.767138671875 KB
Transfer/sec:  2711.221484375 KB

2023-12-01 21:03:15.680928842 +0800 CST m=+520.397061273
Running 1m0s myx-test @ https://192.168.12.127:6443/api/v1/namespaces/myx-test/limitranges
15 connections
Requests/bytes (per Connection):  [7084591 7597306 8717414 7093830 7631953 7083432 7092675 8709319 7090309 8755550 7637724 7671221 8728990 8690878 7554577]
Response/bytes (per Connection):  [5244742 5624815 6455616 5251517 5650222 5244302 5250670 6449677 5251386 6482355 5654453 5679018 6462468 6434520 5593071]
Requests Number (per Connection):  [6135 6579 7549 6143 6609 6134 6142 7542 6140 7582 6614 6643 7559 7526 6542]
Requests/sec:  1906.5717610677084 KB
Transfer/sec:  3318.1738444010416 KB

2023-12-01 21:05:25.771473115 +0800 CST m=+650.487605536
Running 1m0s myx-test @ https://192.168.12.127:6443/api/v1/namespaces/myx-test/limitranges
30 connections
Requests/bytes (per Connection):  [4376592 4330397 4649148 4641063 4407831 5033669 4604108 5074092 5036037 4392762 5030205 4389295 4584472 4977081 4606427 4591402 5079923 4596026 5034856 4639891 4375436 4316573 5033670 4614501 4331551 4632979 5014036 4370874 5015191 4403213]
Response/bytes (per Connection):  [3241330 3207455 3442020 3436091 3262198 3727676 3408581 3757319 3726962 3253188 3725136 3251056 3394592 3685769 3410284 3399674 3759144 3402655 3727322 3435638 3240893 3195683 3727677 3416613 3208301 3430163 3713279 3235097 3714126 3258401]
Requests Number (per Connection):  [3790 3750 4026 4019 3817 4359 3987 4394 4361 3804 4356 3801 3970 4310 3989 3976 4399 3980 4360 4018 3789 3738 4359 3996 3751 4012 4342 3785 4343 3813]
Requests/sec:  2281.629248046875 KB
Transfer/sec:  3970.9899739583334 KB

2023-12-01 21:07:35.851955323 +0800 CST m=+780.568087773
Running 1m0s myx-test @ https://192.168.12.127:6443/api/v1/namespaces/myx-test/limitranges
60 connections
Requests/bytes (per Connection):  [3197601 3236882 2953933 3145637 2996664 3179139 2950470 3181393 3179082 3242599 2931992 2942383 3209109 2967792 3127135 3332682 3264545 3280711 3195250 2948160 3229952 2973536 3308429 3157195 2958553 3226432 2956243 3173364 3269219 3137504 2953935 3201081 2962019 3171051 3197560 3255338 3167568 3250684 3144434 2936609 3123703 2943540 3175630 3246064 3238037 3243813 2937736 3225333 3271529 3246064 2945850 2948160 3254176 3183742 2936609 3226446 3142145 2968946 3270331 2935456]
Response/bytes (per Connection):  [2367354 2395341 2187030 2328428 2218365 2352587 2184080 2356280 2354996 2401984 2170530 2178560 2377015 2197193 2315676 2468043 2417667 2429932 2366852 2182386 2390259 2202219 2450258 2336495 2190418 2389718 2188724 2348352 2419054 2324506 2186621 2368677 2192549 2347066 2368546 2409691 2344918 2407913 2329588 2174326 2311935 2178998 2351646 2404525 2396188 2400013 2176378 2386872 2420748 2404525 2180692 2182386 2408837 2357191 2174326 2388910 2327093 2198039 2421502 2173070]
Requests Number (per Connection):  [2769 2803 2558 2724 2595 2753 2555 2755 2753 2808 2539 2548 2779 2570 2708 2886 2827 2841 2767 2553 2797 2575 2865 2734 2562 2794 2560 2748 2831 2717 2558 2772 2565 2746 2769 2819 2743 2815 2723 2543 2705 2549 2750 2811 2804 2809 2544 2793 2833 2811 2551 2553 2818 2757 2543 2794 2721 2571 2832 2542]
Requests/sec:  3052.6883951822915 KB
Transfer/sec:  5312.84580078125 KB

2023-12-01 21:09:46.157137129 +0800 CST m=+910.873269553
Running 1m0s myx-test @ https://192.168.12.127:6443/api/v1/namespaces/myx-test/limitranges
90 connections
Requests/bytes (per Connection):  [2415794 2485048 2254124 2412345 2435443 2405417 2258746 2452767 2236802 2231026 2411190 2433078 2488512 2227612 2281843 2480484 2440038 2489724 2291081 2249505 2481637 2461966 2453922 2482793 2274912 2487412 2472398 2421555 2231028 2246042 2496654 2464314 2437753 2300320 2318798 2464316 2399643 2494342 2449281 2462006 2291082 2285307 2440005 2456188 2264520 2442373 2458541 2264518 2493189 2449245 2467723 2497777 2265675 2440063 2462007 2436599 2308405 2457330 2279533 2457380 2241420 2441218 2443527 2476963 2425049 2295701 2523215 2486229 2274913 2489676 2248351 2263372 2513977 2242575 2489689 2471243 2429668 2508201 2257589 2460851 2520850 2259901 2262208 2492034 2437753 2495499 2255281 2470090 2466624 2459645]
Response/bytes (per Connection):  [1788720 1841549 1669348 1785784 1802722 1780293 1672327 1815426 1656235 1652410 1784937 1803028 1844089 1647865 1689675 1835751 1807318 1842527 1696449 1665961 1837007 1823394 1816273 1837855 1684592 1841242 1830232 1793763 1652001 1663011 1847609 1824304 1804416 1703224 1717185 1823895 1776059 1846324 1813686 1822201 1696450 1692215 1808518 1819567 1676561 1807804 1819660 1676970 1845068 1815294 1828844 1850068 1677408 1806110 1822202 1803570 1709153 1821223 1687981 1819629 1660032 1806957 1808650 1835620 1795100 1699837 1867497 1841189 1684593 1844123 1664704 1675721 1860312 1660879 1844136 1829385 1798487 1856487 1671889 1821354 1867803 1673174 1675276 1844221 1804416 1846762 1669786 1828129 1825998 1822511]
Requests Number (per Connection):  [2092 2152 1952 2089 2109 2083 1956 2124 1937 1932 2088 2107 2155 1929 1976 2148 2113 2156 1984 1948 2149 2132 2125 2150 1970 2154 2141 2097 1932 1945 2162 2134 2111 1992 2008 2134 2078 2160 2121 2132 1984 1979 2113 2127 1961 2115 2129 1961 2159 2121 2137 2163 1962 2113 2132 2110 1999 2128 1974 2128 1941 2114 2116 2145 2100 1988 2185 2153 1970 2156 1947 1960 2177 1942 2156 2140 2104 2172 1955 2131 2183 1957 1959 2158 2111 2161 1953 2139 2136 2130]
Requests/sec:  3510.781949869792 KB
Transfer/sec:  6110.228727213542 KB

2023-12-01 21:11:56.329986058 +0800 CST m=+1041.046118499
Running 1m0s myx-test @ https://192.168.12.127:6443/api/v1/namespaces/myx-test/limitranges
150 connections
Requests/bytes (per Connection):  [1704460 1639779 1710229 1598244 1587844 1767953 1735634 1741409 1740254 1681356 1703297 1746029 1712551 1659410 1692903 1618991 1706769 1699833 1562400 1749494 1712537 1746029 1592428 1518514 1576261 1758732 1573973 1718311 1623621 1608597 1763351 1739100 1622456 1616736 1577415 1682552 1707917 1716002 1748339 1580879 1749494 1592428 1629385 1729861 1682509 1653637 1765663 1629416 1690593 1677891 1731015 1623610 1558943 1609757 1696367 1696399 1716001 1710227 1608650 1756423 1743715 1736789 1584401 1690595 1705609 1583189 1578626 1719466 1725240 1752958 1777210 1754111 1749494 1751802 1746029 1711382 1743720 1742564 1613216 1712536 1598219 1587808 1787603 1623636 1562400 1576259 1733325 1680199 1612077 1699833 1737945 1698678 1638622 1716001 1725241 1722931 1772590 1710226 1758731 1765663 1704452 1733325 1757578 1571640 1744874 1729862 1754113 1714861 1739099 1744874 1729860 1707917 1598219 1608597 1587865 1668652 1609752 1594794 1587808 1731015 1690624 1583189 1704477 1588963 1727551 1697523 1673320 1583246 1662877 1561246 1624765 1710227 1746028 1765662 1739099 1731015 1750648 1709072 1712554 1590118 1780634 1740255 1767962 1584366 1734480 1739100 1594738 1618990 1614371 1705607]
Response/bytes (per Connection):  [1261771 1214338 1266000 1182658 1175030 1309557 1285040 1289275 1288428 1244827 1261327 1292663 1267295 1229144 1253705 1199094 1263464 1258787 1157595 1295204 1268103 1292663 1179615 1125413 1167349 1301978 1164855 1272337 1202081 1191472 1305776 1287582 1201635 1195400 1168606 1244482 1264715 1270644 1294357 1171146 1295204 1179615 1206716 1280807 1246083 1224911 1307061 1205925 1252011 1242286 1281653 1202481 1154651 1192324 1256245 1255044 1270643 1266409 1189470 1300285 1291787 1285887 1171278 1251602 1262612 1172840 1167043 1273184 1277418 1297744 1315939 1299000 1295204 1297307 1292663 1267256 1290970 1290122 1194859 1268102 1183044 1176227 1323560 1201685 1157595 1167758 1283347 1244389 1193206 1258787 1286735 1257940 1213900 1270643 1277419 1275725 1312551 1266408 1302388 1307061 1262174 1283347 1301132 1164371 1291816 1280808 1298591 1269400 1287581 1291816 1280806 1264715 1183044 1191472 1173818 1235511 1192319 1178899 1176227 1281653 1250809 1172840 1260966 1177074 1279113 1257093 1237303 1170431 1231276 1156749 1203328 1266409 1292662 1307060 1287581 1281653 1296050 1265562 1267298 1177921 1319672 1288429 1309155 1172887 1284194 1287582 1181309 1199093 1195706 1263021]
Requests Number (per Connection):  [1476 1420 1481 1384 1375 1531 1503 1508 1507 1456 1475 1512 1483 1437 1466 1402 1478 1472 1353 1515 1483 1512 1379 1315 1365 1523 1363 1488 1406 1393 1527 1506 1405 1400 1366 1457 1479 1486 1514 1369 1515 1379 1411 1498 1457 1432 1529 1411 1464 1453 1499 1406 1350 1394 1469 1469 1486 1481 1393 1521 1510 1504 1372 1464 1477 1371 1367 1489 1494 1518 1539 1519 1515 1517 1512 1482 1510 1509 1397 1483 1384 1375 1548 1406 1353 1365 1501 1455 1396 1472 1505 1471 1419 1486 1494 1492 1535 1481 1523 1529 1476 1501 1522 1361 1511 1498 1519 1485 1506 1511 1498 1479 1384 1393 1375 1445 1394 1381 1375 1499 1464 1371 1476 1376 1496 1470 1449 1371 1440 1352 1407 1481 1512 1529 1506 1499 1516 1480 1483 1377 1542 1507 1531 1372 1502 1506 1381 1402 1398 1477]
Requests/sec:  4106.988297526042 KB
Transfer/sec:  7147.810986328125 KB

2023-12-01 21:14:06.800691374 +0800 CST m=+1171.516823795
Running 1m0s myx-test @ https://192.168.12.127:6443/api/v1/namespaces/myx-test/limitranges
300 connections
Requests/bytes (per Connection):  [937659 965377 864959 913408 833720 899604 916871 985013 931941 972306 946904 848733 886902 951519 924979 914620 848768 864902 980391 916873 881127 901914 951575 956195 951520 958500 911153 965379 849895 970053 869521 964270 890318 966536 989630 948055 919200 885690 869579 857972 923802 948055 907651 957292 847635 897296 894930 871831 946922 944645 958504 873020 899606 848790 966532 971158 911098 956140 964222 956140 911098 946915 866114 869578 848733 957292 848790 943436 892619 875296 861439 912253 901867 929579 955040 956140 867211 936506 869522 911153 931911 924957 848733 909998 927266 1024334 870676 921493 923802 859127 985011 883426 912262 877613 844115 873041 854523 848775 836086 951518 949254 861494 943435 1010418 955040 945747 927267 953828 957294 881125 921547 939971 967744 949267 872986 883383 950365 897239 899549 847635 898394 873042 1019657 836086 883380 948055 913465 980390 870676 938815 879970 929633 923802 979236 936504 897239 931886 889171 918082 862592 912252 826847 831466 941173 892676 867267 955040 964222 911135 866058 877663 928476 905324 853353 906478 961914 946898 923802 920337 964279 930729 963067 894984 938816 931901 937661 951550 913463 877663 946922 892677 908846 846480 970054 957292 989630 958448 920337 864901 906478 922672 871888 934196 956164 901914 965397 879915 945743 939969 952672 886845 966531 854508 888048 912310 954985 924957 915774 930731 890367 971151 908788 956144 944589 938816 873043 934251 903069 960815 956158 959631 952684 877652 953885 852222 876480 935367 870727 876451 935373 838338 832567 993140 869578 926110 837191 982700 963089 891521 879915 882282 993094 933041 937711 933098 964232 918082 907678 920395 912283 982705 950365 906535 907634 934196 981603 826820 938816 864902 821072 836085 946956 869578 933041 985067 936506 825691 938871 976983 843015 939975 951520 883437 953828 961948 834883 979292 894982 879932 871888 882282 948077 882282 899549 841805 913407 848733 949208 942280 969997 934221 971154 933042 913437 946900 846480 879944 878792 915751 958449 883383 937707 873020 989686 966589 857972 841832 840651 951563 896136]
Response/bytes (per Connection):  [695372 715698 639199 677178 618742 665015 680128 729687 688728 720779 701742 629751 655290 705125 684847 675616 628142 641608 726708 679719 651055 666709 703126 706514 705126 708203 673484 715289 629783 716676 644995 712433 659837 715727 733483 702585 680608 656852 642587 636526 684800 702585 672139 709769 626495 662912 663628 646689 700938 698044 708207 646337 664606 627342 716545 719528 675484 708514 714851 708514 675484 701342 640046 642586 629751 709769 627342 699198 661933 649230 638658 676331 668306 689037 705667 708514 643301 694116 644996 673484 689520 685647 629751 672637 687340 756481 645842 683107 684800 637373 730096 653560 676340 650520 625954 645536 632768 628560 618026 705535 701832 636658 699197 748727 705667 700893 687341 707229 709360 651464 681106 696657 714983 701023 647536 654750 704279 665321 667015 626495 666168 645126 755502 618026 655158 702585 674769 726707 645842 695809 650617 686625 684800 725861 694525 665321 690728 658998 678565 639914 676330 611251 614638 695907 659524 641302 705667 714851 673877 642045 648515 686187 671250 633139 672096 712748 702147 684800 682259 712442 690290 714004 661627 695810 689921 694963 704334 675178 648515 700938 659525 671382 625648 716677 709769 733483 710617 682259 641607 672096 682745 644280 692422 707716 666709 714896 652617 701300 697066 706381 657699 716544 633986 656539 673922 707667 685647 676462 689881 657831 719932 673790 708518 700454 695810 645127 690422 667556 709902 708121 709848 705571 649326 704820 631083 649284 692874 643838 650077 692469 622128 617486 734425 642586 686903 620467 728401 712793 658677 652617 651902 736023 691575 693369 689166 714450 678565 671344 679851 675128 727995 704279 669687 672944 692422 725146 612046 695810 641608 607016 618025 699739 642586 691575 727686 694116 610403 693810 721758 623107 696250 705126 652749 707229 711549 618775 723451 662036 651401 644280 651902 701785 651902 667015 624260 677177 629751 703841 698350 719086 691214 719524 691576 676385 701738 625648 651824 650569 677672 710207 654750 693365 646337 731073 714136 636526 623054 623414 703525 662471]
Requests Number (per Connection):  [812 836 749 791 722 779 794 853 807 842 820 735 768 824 801 792 735 749 849 794 763 781 824 828 824 830 789 836 736 840 753 835 771 837 857 821 796 767 753 743 800 821 786 829 734 777 775 755 820 818 830 756 779 735 837 841 789 828 835 828 789 820 750 753 735 829 735 817 773 758 746 790 781 805 827 828 751 811 753 789 807 801 735 788 803 887 754 798 800 744 853 765 790 760 731 756 740 735 724 824 822 746 817 875 827 819 803 826 829 763 798 814 838 822 756 765 823 777 779 734 778 756 883 724 765 821 791 849 754 813 762 805 800 848 811 777 807 770 795 747 790 716 720 815 773 751 827 835 789 750 760 804 784 739 785 833 820 800 797 835 806 834 775 813 807 812 824 791 760 820 773 787 733 840 829 857 830 797 749 785 799 755 809 828 781 836 762 819 814 825 768 837 740 769 790 827 801 793 806 771 841 787 828 818 813 756 809 782 832 828 831 825 760 826 738 759 810 754 759 810 726 721 860 753 802 725 851 834 772 762 764 860 808 812 808 835 795 786 797 790 851 823 785 786 809 850 716 813 749 711 724 820 753 808 853 811 715 813 846 730 814 824 765 826 833 723 848 775 762 755 764 821 764 779 729 791 735 822 816 840 809 841 808 791 820 733 762 761 793 830 765 812 756 857 837 743 729 728 824 776]
Requests/sec:  4468.7931640625 KB
Transfer/sec:  7777.542333984375 KB

