2023-11-30 21:28:39.98946675 +0800 CST m=+60.104334670
Running 1m0s myx-test @ https://192.168.12.127:6443/api/v1/namespaces
3 connections
Requests/bytes (per Connection):  [16791824 14878408 14621768]
Response/bytes (per Connection):  [13479693 11943477 11738236]
Requests Number (per Connection):  [14815 13127 12900]
Requests/sec:  753.4505208333334 KB
Transfer/sec:  1358.29111328125 KB

2023-11-30 21:30:50.126909487 +0800 CST m=+190.241777387
Running 1m0s myx-test @ https://192.168.12.127:6443/api/v1/namespaces
6 connections
Requests/bytes (per Connection):  [11868043 11481726 13545778 11408107 11837458 13339577]
Response/bytes (per Connection):  [9526939 9217042 10874049 9158009 9502408 10708621]
Requests Number (per Connection):  [10471 10130 11951 10065 10444 11769]
Requests/sec:  1195.974755859375 KB
Transfer/sec:  2156.050732421875 KB

2023-11-30 21:33:00.264054664 +0800 CST m=+320.378922578
Running 1m0s myx-test @ https://192.168.12.127:6443/api/v1/namespaces
9 connections
Requests/bytes (per Connection):  [12236462 10738549 10344190 12280117 12281812 10785646 10308278 10715502 10309852]
Response/bytes (per Connection):  [9822752 8620880 8304398 9858496 9859172 8658080 8274641 8601926 8276432]
Requests Number (per Connection):  [10796 9474 9126 10834 10836 9516 9095 9454 9096]
Requests/sec:  1627.6108072916666 KB
Transfer/sec:  2934.198974609375 KB

2023-11-30 21:35:10.624509473 +0800 CST m=+450.739377371
Running 1m0s myx-test @ https://192.168.12.127:6443/api/v1/namespaces
15 connections
Requests/bytes (per Connection):  [5944127 6564985 6511784 6648862 5930481 5927674 5898092 5489425 5504909 6609210 5483770 5516519 5922432 6657925 5570836]
Response/bytes (per Connection):  [4772146 5270226 5227603 5337562 4761138 4758238 4734356 4406899 4418869 5305753 4402374 4428519 4754539 5344832 4472017]
Requests Number (per Connection):  [5244 5792 5745 5866 5232 5230 5204 4843 4857 5831 4838 4867 5225 5874 4915]
Requests/sec:  1467.7902180989583 KB
Transfer/sec:  2646.09541015625 KB

2023-11-30 21:37:20.766943846 +0800 CST m=+580.881811758
Running 1m0s myx-test @ https://192.168.12.127:6443/api/v1/namespaces
30 connections
Requests/bytes (per Connection):  [4595009 4907634 5191349 5163090 4940847 4970330 4982563 5013257 4549641 5179582 4898895 4575698 5164097 4522453 5200092 4935957 4548521 5199933 4574599 4609750 4545119 4975721 5240750 5107528 4530381 4977133 5206717 5195653 4903429 4547387]
Response/bytes (per Connection):  [3688740 3939458 4167638 4145045 3966531 3990215 3999754 4024503 3652284 4157674 3932836 3673187 4145702 3630476 4174268 3962179 3651401 4173950 3672346 3700581 3648668 3994212 4206732 4100414 3636833 3995679 4179376 4170818 3936476 3650490]
Requests Number (per Connection):  [4054 4330 4580 4555 4359 4385 4396 4423 4014 4570 4322 4037 4556 3990 4588 4355 4013 4588 4036 4067 4010 4390 4624 4506 3997 4391 4594 4584 4326 4012]
Requests/sec:  2391.8150227864585 KB
Transfer/sec:  4311.874690755209 KB

2023-11-30 21:39:30.914832872 +0800 CST m=+711.029700770
Running 1m0s myx-test @ https://192.168.12.127:6443/api/v1/namespaces
60 connections
Requests/bytes (per Connection):  [3648496 3645064 3465085 3230288 3276899 3621451 3228111 3249355 3606875 3252881 3595576 3508741 3233753 3630672 3467012 3210846 3607390 3217530 3647130 3582065 3515738 3468113 3277813 3591770 3236646 3501700 3628037 3526328 3250498 3238390 3490914 3546159 3642754 3607075 3499700 3629344 3221583 3658996 3575867 3476594 3217568 3508822 3630391 3566571 3534022 3459134 3242966 3478126 3644287 3266732 3490606 3227660 3618926 3617597 3249563 3294531 3657423 3543498 3252102 3502179]
Response/bytes (per Connection):  [2928809 2926016 2781821 2593126 2630711 2907287 2591486 2608191 2895776 2611172 2886748 2816210 2595985 2914873 2782961 2577311 2895449 2582537 2927434 2876010 2822062 2783806 2631182 2883207 2597700 2811627 2912317 2831029 2609120 2599831 2802268 2846265 2924110 2896176 2808984 2913574 2586572 2937596 2870399 2791269 2582613 2816372 2914311 2862663 2836918 2776704 2603555 2791619 2925819 2622590 2801652 2590584 2904951 2903650 2608607 2644263 2935807 2845014 2610971 2811228]
Requests Number (per Connection):  [3219 3216 3057 2850 2891 3195 2848 2867 3182 2870 3172 3096 2853 3203 3059 2833 3183 2839 3218 3160 3102 3060 2892 3169 2856 3089 3201 3111 2868 2857 3080 3129 3214 3182 3088 3202 2842 3228 3155 3067 2839 3096 3203 3147 3118 3052 2861 3069 3215 2882 3080 2848 3193 3192 2867 2907 3227 3126 2869 3090]
Requests/sec:  3377.4730305989583 KB
Transfer/sec:  6088.718115234375 KB

2023-11-30 21:41:41.100756713 +0800 CST m=+841.215624633
Running 1m0s myx-test @ https://192.168.12.127:6443/api/v1/namespaces
90 connections
Requests/bytes (per Connection):  [2669067 2441354 2650145 2605624 2481195 2670297 2680396 2672650 2641074 2663696 2439090 2672790 2405225 2669422 2652365 2703237 2433573 2419831 2645447 2646666 2647793 2660004 2435709 2605626 2595427 2461817 2689832 2475525 2662618 2637577 2447021 2610461 2407369 2628282 2689548 2426637 2411901 2413033 2701169 2378012 2612422 2616128 2460784 2639871 2689460 2651132 2661326 2445886 2653206 2390485 2681527 2671331 2614687 2435690 2644476 2624035 2440374 2686431 2650144 2697487 2647601 2434707 2611592 2417698 2651279 2683858 2431303 2658083 2471942 2665668 2432437 2670200 2677160 2650145 2653246 2718003 2585234 2443778 2669422 2634239 2633137 2447021 2652074 2665668 2423271 2404089 2449446 2680762 2702059 2650146]
Response/bytes (per Connection):  [2142399 1959730 2127624 2091505 1991917 2143502 2151487 2145494 2120338 2138442 1957916 2145774 1930896 2143109 2129350 2170029 1953667 1942467 2123656 2124737 2125634 2135129 1955225 2091509 2083324 1976230 2159503 1987362 2137643 2117415 1964279 2095751 1932470 2109681 2158935 1947937 1936106 1937013 2168607 1909038 2096959 2100300 1975521 2119289 2158759 2128241 2136416 1963366 2129675 1919057 2152392 2144213 2098775 1955187 2123071 2106615 1959127 2156772 2127622 2165314 2125250 1954578 2096656 1940915 2128535 2154340 1951841 2134001 1984267 2139672 1952752 2143308 2149086 2127624 2129755 2181920 2075151 1961864 2143109 2114810 2113963 1964279 2128768 2139672 1945276 1929981 1966415 2152219 2169030 2127626]
Requests Number (per Connection):  [2355 2154 2338 2299 2189 2356 2365 2358 2330 2350 2152 2358 2122 2355 2340 2385 2147 2135 2334 2335 2336 2347 2149 2299 2290 2172 2373 2184 2349 2327 2159 2303 2124 2319 2373 2141 2128 2129 2383 2098 2305 2308 2171 2329 2373 2339 2348 2158 2341 2109 2366 2357 2307 2149 2333 2315 2153 2370 2338 2380 2336 2148 2304 2133 2339 2368 2145 2345 2181 2352 2146 2356 2362 2338 2341 2398 2281 2156 2355 2324 2323 2159 2340 2352 2138 2121 2161 2365 2384 2338]
Requests/sec:  3781.4234212239585 KB
Transfer/sec:  6817.005517578125 KB

2023-11-30 21:43:51.409075543 +0800 CST m=+971.523943463
Running 1m0s myx-test @ https://192.168.12.127:6443/api/v1/namespaces
150 connections
Requests/bytes (per Connection):  [1991599 1876831 1976869 1922187 1882839 2018568 1868893 1783146 1987952 1780880 1749835 2026505 1785411 1895224 2002926 1823810 1920223 1903232 1987066 1755956 1938142 1914250 1898637 1970944 2029907 1779746 1966673 1894974 1892706 1797606 1910028 1957610 1728617 1927857 1819004 1780713 1921054 1930421 1982534 1982282 1926957 2014032 1774781 1941587 1798593 1835019 1889304 1818185 1778613 1877965 1980085 1750115 1930209 1950814 1901777 1887036 1739630 1980014 1872295 2004059 1905179 1754371 1924755 2004961 1977749 1985686 1903232 1728410 1780877 1886238 1773648 2003827 1904044 1870027 1973211 1796740 1767978 1997026 1865541 1896327 2007229 1775206 1937219 1970944 1996006 1955345 1730989 2026505 1771488 1888505 1867759 1773647 1921054 1753239 1953025 1777372 1781883 2005192 1999463 1858690 1781747 1921356 1907569 1778182 1782719 1738950 1831802 1948267 1956289 1947133 1769548 1908600 1959876 1913116 1956202 1788462 1997261 1757089 1971204 1894140 1927855 1970944 1803538 1866626 1865492 1902911 1773736 1722763 1922185 1870232 1958481 2005192 1786462 2042578 1965363 1736696 2011990 1759132 1804355 1779317 1998395 1739653 1781585 1849838 1763600 1933524 1933599 1829209 1866979 1747738]
Response/bytes (per Connection):  [1598949 1506470 1587130 1542902 1511701 1620319 1500093 1431731 1595726 1429913 1404462 1626694 1433547 1521544 1608033 1464207 1541688 1528061 1595311 1409919 1555814 1536527 1524299 1582065 1629427 1429002 1578951 1521044 1519222 1443010 1533511 1571681 1387809 1547457 1460023 1429579 1541993 1549871 1591675 1591171 1547014 1616675 1424500 1558633 1443627 1473055 1516489 1459742 1428093 1507381 1589491 1405022 1549447 1566231 1526508 1514667 1396265 1589349 1502826 1608942 1529241 1408106 1545324 1609389 1587533 1593908 1528061 1387395 1429907 1514428 1423591 1608478 1528328 1501004 1583885 1442635 1419036 1603018 1497460 1522393 1611211 1425350 1555325 1582065 1602335 1569865 1389839 1626694 1421985 1516248 1499182 1423589 1541993 1407199 1567939 1426968 1430562 1609851 1605178 1491900 1430290 1542597 1531307 1427231 1430877 1396262 1470692 1563851 1570396 1562940 1420819 1532012 1573499 1535616 1570222 1435578 1603488 1410828 1582585 1520733 1547453 1582065 1448089 1498273 1497362 1527419 1423767 1382886 1542898 1501414 1572066 1609851 1434292 1639842 1577688 1394468 1615305 1412200 1448366 1428144 1604399 1396311 1429966 1485052 1415708 1552006 1552156 1468220 1498979 1402982]
Requests Number (per Connection):  [1757 1656 1744 1696 1661 1781 1649 1573 1754 1571 1544 1788 1575 1672 1767 1609 1694 1679 1753 1549 1710 1689 1675 1739 1791 1570 1735 1672 1670 1586 1685 1727 1525 1701 1605 1571 1695 1703 1749 1749 1700 1777 1566 1713 1587 1619 1667 1604 1569 1657 1747 1544 1703 1721 1678 1665 1535 1747 1652 1768 1681 1548 1698 1769 1745 1752 1679 1525 1571 1664 1565 1768 1680 1650 1741 1585 1560 1762 1646 1673 1771 1566 1709 1739 1761 1725 1527 1788 1563 1666 1648 1565 1695 1547 1723 1568 1572 1769 1764 1640 1572 1695 1683 1569 1573 1534 1616 1719 1726 1718 1561 1684 1729 1688 1726 1578 1762 1550 1739 1671 1701 1739 1591 1647 1646 1679 1565 1520 1696 1650 1728 1769 1576 1802 1734 1532 1775 1552 1592 1570 1763 1535 1572 1632 1556 1706 1706 1614 1647 1542]
Requests/sec:  4597.897037760416 KB
Transfer/sec:  8288.918131510416 KB

2023-11-30 21:46:01.623550417 +0800 CST m=+1101.738444828
Running 1m0s myx-test @ https://192.168.12.127:6443/api/v1/namespaces
300 connections
Requests/bytes (per Connection):  [1101249 1202840 1146808 1218572 1165141 1216594 1113208 1081557 1201030 1069832 1113722 1065360 1113196 1139969 1240990 1162930 1224162 1199503 1138083 1168320 1122126 1169600 1141574 1091695 1048324 1196495 1157449 1230236 1165618 1214677 1084288 1084596 1103751 1201316 1081393 1145751 1194922 1165559 1252220 1066938 1098066 1253191 1197820 1203929 1086652 1141213 1178869 1159171 1142963 1100459 1266797 1160212 1254362 1116562 1118837 1114855 1088941 1127329 1098462 1122205 1092234 1213215 1085673 1108322 1101515 1118258 1125481 1101266 1114502 1207072 1086549 1093581 1108733 1233619 1172766 1266284 1244221 1140121 1071162 1171131 1119392 1106526 1110383 1133734 1254970 1077042 1155724 1124243 1117354 1127431 1233916 1163122 1087218 1233332 1076896 1271331 1143984 1166183 1101009 1269066 1072901 1072660 1158218 1213699 1123529 1186499 1068961 1207465 1134264 1055020 1198193 1125541 1103650 1221789 1186537 1108772 1227111 1124350 1197331 1216427 1100150 1236767 1246487 1233914 1080312 1199010 1086175 1066269 1178114 1065849 1157252 1198184 1156958 1095817 1122454 1140086 1140394 1096244 1086263 1241852 1200154 1107566 1138665 1219175 1161950 1141325 1083999 1200760 1059527 1233210 1084524 1199461 1108380 1086609 1126857 1077589 1181284 1129678 1086865 1066979 1077932 1244967 1091251 1161982 1126436 1119051 1122967 1236443 1190980 1188293 1098438 1078981 1135639 1085022 1134390 1228302 1143945 1159119 1173953 1137022 1160292 1260041 1077697 1141061 1123555 1227979 1253644 1204782 1223708 1155307 1115295 1233106 1252644 1134408 1114974 1187863 1096979 1199659 1122314 1198525 1211584 1214800 1103119 1073247 1124107 1276726 1218214 1192402 1265076 1236601 1168672 1066497 1169454 1133257 1169365 1238941 1121404 1148633 1141577 1043440 1166675 1184197 1117286 1086805 1200058 1154920 1126737 1145231 1153409 1239717 1257428 1235369 1096009 1227261 1222575 1144385 1109451 1126737 1230930 1184513 1168238 1101668 1186693 1134806 1182050 1079255 1111796 1082239 1137533 1099157 1212888 1150148 1157681 1246518 1082233 1091580 1187608 1198383 1054272 1230930 1204844 1195770 1145510 1124262 1264050 1118592 1245706 1140086 1039074 1090248 1245686 1283804 1266255 1190868 1078621 1243455 1096947 1184022 1082610 1137838 1108520 1150124 1236307 1119046 1239345 1082757 1210135 1224843 1174713 1188779 1141127 1087976 1105184 1146946 1099875 1232427 1038940 1170931 1206263 1087246]
Response/bytes (per Connection):  [883494 965903 920332 978369 935286 977127 893842 868536 963640 858656 893513 855140 893818 914796 996065 933578 982764 963300 913738 937573 900822 938776 916649 876599 841423 959998 929401 988127 936240 974650 869927 870543 885784 964212 868208 919575 959566 936122 1004955 856939 881199 1005540 961291 966724 871941 915927 946458 930131 918070 883271 1016468 930856 1006525 896479 898315 894422 873805 904443 881991 900980 876320 974440 871340 889498 884026 897157 903461 883528 895073 968939 871735 877657 890320 990822 941037 1016799 998456 915100 859959 940481 898068 888620 890906 910468 1007741 864934 927308 902342 896706 904647 990059 933962 873073 990248 864642 1020108 918755 936013 884371 1018292 860723 861598 929582 974051 902271 952219 858271 969725 910171 846673 962037 903581 885582 980732 952295 890398 984591 902556 961670 976793 882653 993047 1000274 990055 867403 962314 872344 855601 946305 856118 929007 962019 928419 879415 901478 915030 915646 880269 872520 996432 963245 889343 913545 978218 932975 916151 870706 964457 850259 990004 870399 963216 889614 871855 904856 864671 948574 906427 872367 857021 865357 999948 875711 933039 904014 898743 901147 992399 955753 954450 881943 866098 911564 871395 910423 985616 918677 930027 942054 912973 931016 1011098 864887 915623 902323 986327 1006446 967073 981856 927831 895302 989796 1005803 910459 894660 953590 880382 963612 901198 962701 972535 974896 885877 861415 902070 1025470 977653 957240 1015740 992715 938277 856057 938484 909514 938306 994681 900735 922625 916655 837083 936997 950329 896570 872247 963053 927057 904616 919892 925392 994876 1009943 991608 879799 984891 980947 918200 890399 904616 988158 950961 937409 884332 952607 911255 948749 866646 892375 868543 912638 882024 973786 922941 929865 1000336 868531 876369 953080 962417 846534 988158 967197 959905 919093 902380 1015045 897825 1000069 915030 833779 875062 1000029 1030127 1016741 955529 865378 998281 880318 949979 869285 913248 889894 922893 992127 898733 995489 869579 970994 982769 943574 954065 915755 873232 887293 920608 883460 989795 833511 940081 968678 873129]
Requests Number (per Connection):  [972 1061 1012 1075 1028 1073 982 954 1060 944 983 940 982 1006 1095 1026 1080 1058 1004 1031 990 1032 1007 963 925 1056 1021 1085 1028 1072 957 957 974 1060 954 1011 1054 1028 1105 941 969 1106 1057 1062 959 1007 1040 1023 1008 971 1118 1024 1107 985 987 984 961 995 969 990 964 1070 958 978 972 987 993 972 983 1065 959 965 978 1088 1035 1117 1098 1006 945 1033 988 976 980 1000 1107 950 1020 992 986 995 1089 1026 959 1088 950 1122 1009 1029 971 1120 947 946 1022 1071 991 1047 943 1065 1001 931 1057 993 974 1078 1047 978 1083 992 1056 1073 971 1091 1100 1089 953 1058 958 941 1039 940 1021 1057 1021 967 990 1006 1006 967 958 1096 1059 977 1005 1076 1025 1007 956 1059 935 1088 957 1058 978 959 994 951 1042 997 959 941 951 1098 963 1025 994 987 991 1091 1051 1048 969 952 1002 957 1001 1084 1009 1023 1036 1003 1024 1112 951 1007 991 1083 1106 1063 1080 1019 984 1088 1105 1001 984 1048 968 1058 990 1057 1069 1072 973 947 992 1126 1075 1052 1116 1091 1031 941 1032 1000 1032 1093 989 1013 1007 921 1029 1045 986 959 1059 1019 994 1010 1018 1094 1109 1090 967 1083 1079 1010 979 994 1086 1045 1031 972 1047 1001 1043 952 981 955 1004 970 1070 1015 1021 1100 955 963 1048 1057 930 1086 1063 1055 1011 992 1115 987 1099 1006 917 962 1099 1133 1117 1051 952 1097 968 1045 955 1004 978 1015 1091 987 1093 955 1068 1081 1036 1049 1007 960 975 1012 970 1087 917 1033 1064 959]
Requests/sec:  5632.45830078125 KB
Transfer/sec:  10153.787255859375 KB

