2023-12-01 12:03:35.065824896 +0800 CST m=+60.189593203
Running 1m0s myx-test @ https://192.168.12.127:6443/api/v1/nodes
3 connections
Requests/bytes (per Connection):  [8156674 8446377 6611576]
Response/bytes (per Connection):  [23650887 24488681 19167965]
Requests Number (per Connection):  [7264 7522 5888]
Requests/sec:  377.842236328125 KB
Transfer/sec:  1473.3424479166667 KB

2023-12-01 12:05:45.266447269 +0800 CST m=+190.390215560
Running 1m0s myx-test @ https://192.168.12.127:6443/api/v1/nodes
6 connections
Requests/bytes (per Connection):  [10291286 10272197 10580995 11782483 10660720 11733078]
Response/bytes (per Connection):  [29843573 29794825 30678727 34180742 30908629 34019744]
Requests Number (per Connection):  [9165 9148 9423 10493 9494 10449]
Requests/sec:  1063.1633951822917 KB
Transfer/sec:  4146.272770182291 KB

2023-12-01 12:07:55.465290867 +0800 CST m=+320.589059153
Running 1m0s myx-test @ https://192.168.12.127:6443/api/v1/nodes
9 connections
Requests/bytes (per Connection):  [7947815 8485681 9108884 8456485 9113375 8529472 7955676 9092040 7998342]
Response/bytes (per Connection):  [23048656 24599595 26415285 24533927 26428260 24725997 23071238 26366773 23195246]
Requests Number (per Connection):  [7078 7557 8112 7531 8116 7596 7085 8097 7123]
Requests/sec:  1248.17333984375 KB
Transfer/sec:  4867.720491536458 KB

2023-12-01 12:10:05.837151961 +0800 CST m=+450.960920240
Running 1m0s myx-test @ https://192.168.12.127:6443/api/v1/nodes
15 connections
Requests/bytes (per Connection):  [7482938 7096665 6363417 6334221 6352188 7489675 7021432 7106770 7077576 7383001 6355556 7478446 6365665 7491921 7040520]
Response/bytes (per Connection):  [21694421 20575695 18451599 18365319 18428811 21727623 20358634 20612805 20527866 21419883 18438653 21695190 18449051 21720831 20413767]
Requests Number (per Connection):  [6664 6320 5667 5641 5657 6670 6253 6329 6303 6575 5660 6660 5669 6672 6270]
Requests/sec:  1699.8696451822916 KB
Transfer/sec:  6629.559554036458 KB

2023-12-01 12:12:16.043854891 +0800 CST m=+581.167623165
Running 1m0s myx-test @ https://192.168.12.127:6443/api/v1/nodes
30 connections
Requests/bytes (per Connection):  [3924498 4327619 3935730 4547706 3904288 4247893 4295055 4506158 4580270 3958190 4305161 4306284 3949205 4548826 4599355 4286071 3943588 4635291 4298422 4616201 4282703 4615078 4616199 3967171 3917765 4288317 3912151 4316390 3994121 4587005]
Response/bytes (per Connection):  [11391263 12553492 11423351 13188104 11314390 12323643 12459614 13069852 13282003 11488078 12488728 12492011 11462209 13191573 13347092 12433764 11446182 13440671 12469431 13385743 12424033 13383255 13393774 11495593 11364857 12440279 11336806 12521110 11573279 13301599]
Requests Number (per Connection):  [3495 3854 3505 4050 3477 3783 3825 4013 4079 3525 3834 3835 3517 4051 4096 3817 3512 4128 3828 4111 3814 4110 4111 3533 3489 3819 3484 3844 3557 4085]
Requests/sec:  2086.7954264322916 KB
Transfer/sec:  8139.623860677083 KB

2023-12-01 12:14:26.345838837 +0800 CST m=+711.469607123
Running 1m0s myx-test @ https://192.168.12.127:6443/api/v1/nodes
60 connections
Requests/bytes (per Connection):  [2886949 2490570 2484956 2488325 2516397 2693814 2780275 2733115 2723007 2716273 2496185 2752204 2717394 2855510 2514152 2478219 2877967 2853262 2838667 2846529 2890316 2736482 2482710 2702798 2719640 2830806 2484956 2883581 2851021 2496185 2674723 2490568 2711780 2507414 2848773 2450146 2548960 2753327 2723011 2803855 2762306 2538854 2501799 2749958 2662374 2470358 2848770 2812839 2843156 2829683 2733113 2477094 2879091 2724134 2847648 2754451 2480464 2559064 2880212 2846527]
Response/bytes (per Connection):  [8380681 7231701 7202856 7212534 7293469 7815849 8072974 7930231 7907838 7869851 7235238 7973564 7882300 8271441 7286976 7183378 8354671 8283562 8241214 8245354 8385296 7942613 7196404 7831017 7879602 8211006 7202793 8369510 8258258 7235196 7750244 7225666 7856946 7271802 8251945 7102484 7398025 7976790 7889153 8124530 8014961 7367393 7251490 7974867 7714357 7160736 8270649 8148487 8254433 8208395 7937042 7195656 8339449 7898460 8267337 7997053 7192412 7417982 8361236 8245505]
Requests Number (per Connection):  [2571 2218 2213 2216 2241 2399 2476 2434 2425 2419 2223 2451 2420 2543 2239 2207 2563 2541 2528 2535 2574 2437 2211 2407 2422 2521 2213 2568 2539 2223 2382 2218 2415 2233 2537 2182 2270 2452 2425 2497 2460 2261 2228 2449 2371 2200 2537 2505 2532 2520 2434 2206 2564 2426 2536 2453 2209 2279 2565 2535]
Requests/sec:  2629.1783365885417 KB
Transfer/sec:  10253.736637369791 KB

2023-12-01 12:16:36.615238945 +0800 CST m=+841.739007225
Running 1m0s myx-test @ https://192.168.12.127:6443/api/v1/nodes
90 connections
Requests/bytes (per Connection):  [2634299 2470358 2623070 2316523 2619703 2582647 2332244 2644405 2312032 2368175 2434425 2700550 2345717 2346840 2648896 2452393 2364805 2336734 2638792 2437793 2656758 2301924 2445656 2301926 2423198 2468114 2316521 2611843 2459128 2423197 2483832 2319890 2332242 2456883 2564682 2637667 2444531 2662372 2303047 2647776 2324382 2360315 2344594 2429933 2337859 2620826 2428812 2294061 2304169 2629809 2620826 2341227 2645530 2611842 2646653 2332244 2617455 2470358 2447900 2303048 2300802 2325505 2607349 2633176 2402985 2469235 2655636 2481587 2464742 2435550 2291819 2399617 2455762 2478217 2367052 2429933 2468112 2460250 2592751 2441161 2635424 2662372 2341225 2416460 2608474 2612965 2333367 2637668 2443409 2410846]
Response/bytes (per Connection):  [7639775 7163748 7608713 6717128 7591403 7484615 6762387 7681237 6710581 6866103 7057198 7831082 6801369 6804595 7675739 7113488 6857030 6776054 7646525 7066998 7707795 6680575 7089459 6676176 7024695 7154217 6717249 7568735 7128500 7037530 7217025 6734061 6762535 7121962 7437307 7653199 7086318 7732978 6678293 7672297 6739801 6843429 6798143 7044234 6778544 7611818 7040893 6655123 6681641 7620595 7594665 6788314 7669202 7568857 7669044 6762414 7589944 7160796 7096008 6678279 6671836 6743039 7574422 7633430 6966457 7157498 7695001 7193178 7147983 7060261 6645900 6956705 7118609 7199128 6862907 7055741 7154344 7150234 7532344 7077593 7636677 7732939 6788465 7005339 7563977 7572002 6774180 7645374 7083006 6989210]
Requests Number (per Connection):  [2346 2200 2336 2063 2333 2300 2077 2355 2059 2109 2168 2405 2089 2090 2359 2184 2106 2081 2350 2171 2366 2050 2178 2050 2158 2198 2063 2326 2190 2158 2212 2066 2077 2188 2284 2349 2177 2371 2051 2358 2070 2102 2088 2164 2082 2334 2163 2043 2052 2342 2334 2085 2356 2326 2357 2077 2331 2200 2180 2051 2049 2071 2322 2345 2140 2199 2365 2210 2195 2169 2041 2137 2187 2207 2108 2164 2198 2191 2309 2174 2347 2371 2085 2152 2323 2327 2078 2349 2176 2147]
Requests/sec:  3617.29951171875 KB
Transfer/sec:  14107.471988932291 KB

2023-12-01 12:18:47.102275487 +0800 CST m=+972.226043766
Running 1m0s myx-test @ https://192.168.12.127:6443/api/v1/nodes
150 connections
Requests/bytes (per Connection):  [1601242 1488952 1601241 1757322 1622575 1500181 1860628 1526007 1621454 1762936 1493445 1840416 1779778 1670858 1659631 1638297 1555202 1856138 1519271 1585521 1543971 1514780 1650650 1834801 1799995 1824699 1526008 1829187 1529377 1652895 1569800 1522638 1519269 1831435 1867365 1847153 1543971 1614715 1649524 1826940 1521515 1594504 1821328 1572044 1838172 1797745 1804483 1594504 1615838 1660756 1542851 1647281 1508042 1868488 1601240 1667492 1533869 1542850 1543975 1663000 1866244 1816837 1524886 1881963 1501304 1621452 1612468 1618083 1624821 1534990 1614715 1504673 1603487 1649525 1832555 1664121 1520394 1837047 1815712 1805607 1619208 1629315 1826940 1529378 1765184 1824697 1504674 1497934 1520392 1494567 1506917 1618084 1834801 1515903 1803364 1821326 1843786 1632683 1546219 1508038 1674227 1629314 1534992 1611348 1629314 1614717 1667493 1831434 1468738 1844909 1490076 1806730 1813468 1819082 1840417 1519272 1538361 1857259 1642789 1500182 1614714 1555202 1549590 1821326 1624823 1838169 1820203 1541725 1821328 1832555 1514778 1619209 1512532 1485584 1603487 1627067 1850522 1846030 1668615 1494565 1842661 1799992 1518149 1533865 1623698 1519270 1624823 1840416 1654016 1663000]
Response/bytes (per Connection):  [4635975 4312227 4636073 5104645 4716035 4344648 5388462 4437568 4698961 5120942 4343506 5344252 5169503 4855401 4804440 4742885 4521798 5377963 4399573 4597946 4489522 4386538 4778365 5328053 5223443 5280221 4419096 5311855 4428729 4784906 4563849 4409366 4418206 5307369 5422009 5363661 4489549 4693361 4775367 5305555 4410433 4616574 5277597 4558611 5337640 5221235 5240585 4616619 4696629 4807521 4467550 4768729 4385115 5425253 4642611 4845489 4441684 4467735 4483074 4832585 5400165 5265063 4415679 5464111 4347886 4712803 4674515 4696846 4722556 4463492 4687415 4357564 4642489 4775302 5321682 4818359 4408877 5334505 5269892 5236678 4687835 4730422 5305471 4428646 5121513 5298842 4357442 4352684 4421402 4328408 4364080 4703027 5328101 4391300 5235761 5289297 5353880 4726591 4494215 4379858 4865082 4729944 4444841 4673741 4733064 4674809 4827041 5307122 4255923 5357088 4326536 5247038 5266418 5264215 5333421 4399502 4454576 5392817 4755819 4344487 4693465 4512937 4491767 5289231 4703887 5337892 5285993 4466106 5284022 5321643 4405171 4687650 4388582 4315191 4642480 4728981 5373405 5360486 4848655 4346990 5347190 5227682 4413309 4460399 4719273 4418078 4714999 5328830 4796043 4822623]
Requests Number (per Connection):  [1426 1326 1426 1565 1445 1336 1657 1359 1444 1570 1330 1639 1585 1488 1478 1459 1385 1653 1353 1412 1375 1349 1470 1634 1603 1625 1359 1629 1362 1472 1398 1356 1353 1631 1663 1645 1375 1438 1469 1627 1355 1420 1622 1400 1637 1601 1607 1420 1439 1479 1374 1467 1343 1664 1426 1485 1366 1374 1375 1481 1662 1618 1358 1676 1337 1444 1436 1441 1447 1367 1438 1340 1428 1469 1632 1482 1354 1636 1617 1608 1442 1451 1627 1362 1572 1625 1340 1334 1354 1331 1342 1441 1634 1350 1606 1622 1642 1454 1377 1343 1491 1451 1367 1435 1451 1438 1485 1631 1308 1643 1327 1609 1615 1620 1639 1353 1370 1654 1463 1336 1438 1385 1380 1622 1447 1637 1621 1373 1622 1632 1349 1442 1347 1323 1428 1449 1648 1644 1486 1331 1641 1603 1352 1366 1446 1353 1447 1639 1473 1481]
Requests/sec:  4050.6278483072915 KB
Transfer/sec:  15801.542399088541 KB

2023-12-01 12:20:57.403801768 +0800 CST m=+1102.527570060
Running 1m0s myx-test @ https://192.168.12.127:6443/api/v1/nodes
300 connections
Requests/bytes (per Connection):  [1081343 961193 883714 1037549 871362 1045409 923016 905047 1072361 939857 915156 953333 938735 887083 1100432 1056640 894943 943228 892698 1016216 926386 906172 944350 929753 1090328 952209 937614 1095940 1072361 876979 1112784 866870 892699 1077973 1080223 1084711 893820 875854 921891 1043163 917401 975793 912910 939858 908416 1097065 946599 870241 972424 1055516 1043164 891574 938734 1071236 874732 923016 1029691 888208 899436 856767 907296 898312 1074605 1056640 1031934 925262 872485 905048 924137 1077973 930876 937613 916279 1077976 927507 911787 908416 1081342 876977 1082465 1067867 1077973 1072359 887083 923018 1076851 949966 907293 918524 1093698 911787 1065621 1081342 905049 1062255 1058886 1068990 969054 914033 878100 1044288 1066745 909539 919646 946595 1066746 911785 883714 946597 882591 914033 1074605 952209 897189 1077975 879222 949963 1043165 1082465 1076853 956703 934244 1091448 903927 865748 894942 920772 1080219 985897 1048780 1067867 1051026 1088080 1127382 888206 933122 889329 930874 921893 1074607 891573 901683 949966 850027 1081342 1037551 901681 1060009 875856 923018 926382 924139 892698 925262 896066 890452 1047657 897191 883714 942103 901680 910662 907297 928630 890451 1085834 891575 970176 891575 1109415 905051 882592 1037551 940983 905051 893821 1088079 1035305 884835 910666 870241 923014 961193 892697 915155 926383 902804 911787 1046534 920770 875854 881469 867995 1062257 889329 871362 933120 906170 1048780 893822 879224 889330 909542 1053271 879223 874731 899435 918526 871364 1040920 898314 1040919 892697 910664 901681 1029692 1025199 942103 937613 1053270 930875 938735 896064 955579 870239 1071238 1083590 875854 909541 880346 929753 915156 897189 928631 1055517 883714 1119521 916278 1097063 933121 1037549 910664 1079097 902804 1052148 1056639 933121 1102677 935368 1106047 933122 893820 887082 890452 1065626 1064501 898314 1107169 888206 1042041 915155 942103 914033 905048 883715 1112784 1082467 1043165 1074607 1092574 907293 910664 1021830 893821 902806 911789 1038674 1097063 882591 1081344 917403 890451 1074605 871364 917402 874731 910666 891575 880345 929752 925262 1103803 1084711 1093694 881468 884837 897190 873608 918524 903926]
Response/bytes (per Connection):  [3136729 2790334 2566881 3010549 2519399 3025694 2680193 2622390 3110824 2728912 2657522 2767624 2725618 2576559 3191815 3065514 2599263 2738469 2592761 2948890 2688678 2620822 2741748 2699635 3162547 2764565 2722217 3178917 3110800 2539642 3227423 2518369 2579404 3127173 3133392 3146538 2596037 2544177 2677052 3026801 2664027 2832291 2651019 2728790 2638275 3182028 2731152 2524860 2811748 3062305 3026679 2589585 2725728 3107695 2537400 2680157 2987724 2569954 2611136 2488970 2619756 2598867 3117373 3065514 2985492 2686666 2534499 2628478 2683504 3127182 2702861 2722375 2660679 3126930 2680829 2647835 2634405 3136860 2547403 3140077 3098017 3127173 3106002 2576604 2675512 3123825 2757825 2634992 2667253 3170057 2647775 3091577 3136851 2621408 3081644 3071966 3095964 2812910 2645740 2550641 3029924 3094669 2641495 2670478 2748268 3089177 2647908 2566881 2748147 2550702 2654251 3117394 2764520 2605781 3127052 2554016 2758068 3026680 3140086 3123704 2777303 2694188 3166013 2625143 2506165 2599316 2656716 3132641 2848144 3042810 3098017 3042423 3156207 3269975 2579785 2709367 2583074 2703030 2676931 3117252 2589584 2601264 2757885 2469816 3136860 3010449 2618619 3075192 2525586 2673827 2690078 2683449 2592740 2686639 2602489 2586237 3039584 2598551 2566926 2735364 2618741 2639012 2622322 2696409 2586419 3149755 2589463 2816309 2589481 3217745 2609828 2563533 3010428 2731952 2623657 2595915 3156329 3003976 2570228 2626699 2514274 2680326 2789713 2592847 2657575 2689956 2621884 2647775 3036358 2664972 2541717 2560346 2503010 3077206 2583083 2531273 2709482 2614613 3042810 2587790 2535392 2575006 2641201 3055851 2551149 2541008 2612239 2654578 2527360 3012307 2590347 3020261 2592811 2644549 2618619 2980649 2974862 2735376 2722339 3055853 2702911 2725570 2602610 2774076 2528047 3107598 3143182 2544177 2641323 2557081 2699635 2657453 2596244 2696326 3055646 2566881 3246901 2660801 3179617 2705376 3010579 2644549 3130277 2621911 3045599 3063791 2709312 3196298 2715825 3207945 2709313 2596094 2567825 2586237 3087244 3088111 2590353 3211299 2579848 3023480 2657575 2735418 2654227 2623252 2566759 3227426 3139956 3026680 3117252 3168990 2634998 2644549 2965142 2585721 2608066 2639525 3013675 3179923 2563700 3136730 2647038 2577626 3117385 2512682 2663905 2540951 2636299 2589463 2544969 2699634 2678717 3201372 3142801 3169546 2555878 2565925 2605593 2537725 2667253 2614862]
Requests Number (per Connection):  [963 856 787 924 776 931 822 806 955 837 815 849 836 790 980 941 797 840 795 905 825 807 841 828 971 848 835 976 955 781 991 772 795 960 962 966 796 780 821 929 817 869 813 837 809 977 843 775 866 940 929 794 836 954 779 822 917 791 801 763 808 800 957 941 919 824 777 806 823 960 829 835 816 960 826 812 809 963 781 964 951 960 955 790 822 959 846 808 818 974 812 949 963 806 946 943 952 863 814 782 930 950 810 819 843 950 812 787 843 786 814 957 848 799 960 783 846 929 964 959 852 832 972 805 771 797 820 962 878 934 951 936 969 1004 791 831 792 829 821 957 794 803 846 757 963 924 803 944 780 822 825 823 795 824 798 793 933 799 787 839 803 811 808 827 793 967 794 864 794 988 806 786 924 838 806 796 969 922 788 811 775 822 856 795 815 825 804 812 932 820 780 785 773 946 792 776 831 807 934 796 783 792 810 938 783 779 801 818 776 927 800 927 795 811 803 917 913 839 835 938 829 836 798 851 775 954 965 780 810 784 828 815 799 827 940 787 997 816 977 831 924 811 961 804 937 941 831 982 833 985 831 796 790 793 949 948 800 986 791 928 815 839 814 806 787 991 964 929 957 973 808 811 910 796 804 812 925 977 786 963 817 793 957 776 817 779 811 794 784 828 824 983 966 974 785 788 799 778 818 805]
Requests/sec:  4696.308479817709 KB
Transfer/sec:  18317.452067057293 KB

