2023-12-01 14:14:47.783155252 +0800 CST m=+60.085123819
Running 1m0s myx-test @ https://192.168.12.127:6443/api/v1/persistentvolumes
3 connections
Requests/bytes (per Connection):  [13684690 13427786 15505955]
Response/bytes (per Connection):  [16660126 16347524 18876137]
Requests Number (per Connection):  [11932 11708 13520]
Requests/sec:  693.6593587239583 KB
Transfer/sec:  1538.1220377604166 KB

2023-12-01 14:16:57.906823848 +0800 CST m=+190.208792405
Running 1m0s myx-test @ https://192.168.12.127:6443/api/v1/persistentvolumes
6 connections
Requests/bytes (per Connection):  [11987295 12088219 12020555 11952886 13937008 13947330]
Response/bytes (per Connection):  [14592963 14716537 14633270 14551897 16966537 16979046]
Requests Number (per Connection):  [10452 10540 10481 10422 12152 12161]
Requests/sec:  1235.8934407552083 KB
Transfer/sec:  2740.454801432292 KB

2023-12-01 14:19:08.267580202 +0800 CST m=+320.569548758
Running 1m0s myx-test @ https://192.168.12.127:6443/api/v1/persistentvolumes
9 connections
Requests/bytes (per Connection):  [9376972 10976881 9390737 10967708 10984914 9332244 9701544 9639610 9699250]
Response/bytes (per Connection):  [11415646 13364035 11431694 13352285 13372503 11360808 11810253 11735197 11807473]
Requests Number (per Connection):  [8176 9571 8188 9563 9578 8137 8459 8405 8457]
Requests/sec:  1465.9807942708333 KB
Transfer/sec:  3250.647037760417 KB

2023-12-01 14:21:18.381510468 +0800 CST m=+450.683479043
Running 1m0s myx-test @ https://192.168.12.127:6443/api/v1/persistentvolumes
15 connections
Requests/bytes (per Connection):  [7271283 7838992 7819497 7305690 8873487 7741507 7785091 8920510 8817288 7335506 7325188 7279311 7850463 8655578 8700306]
Response/bytes (per Connection):  [8851782 9543574 9519315 8893479 10802952 9424801 9476986 10859938 10734846 8930879 8917108 8861511 9556842 10537607 10592445]
Requests Number (per Connection):  [6340 6835 6818 6370 7737 6750 6788 7778 7688 6396 6387 6347 6845 7547 7586]
Requests/sec:  1945.307568359375 KB
Transfer/sec:  4313.53779296875 KB

2023-12-01 14:23:28.897092811 +0800 CST m=+581.199061386
Running 1m0s myx-test @ https://192.168.12.127:6443/api/v1/persistentvolumes
30 connections
Requests/bytes (per Connection):  [4659814 4766473 4698809 5519980 4706839 5373180 5124306 5541773 4689633 5095631 5123159 4767623 4675870 5502779 5460343 5532598 5138067 5151830 5140361 5158711 5467224 5476399 4674725 5100219 5441994 5151832 4704543 5147244 4740097 5466079]
Response/bytes (per Connection):  [5673076 5803600 5720333 6720556 5729431 6541386 6237882 6746333 5709213 6203765 6236492 5803727 5692534 6699077 6647650 6735214 6255192 6271871 6257972 6280210 6655989 6667108 5690513 6209325 6624780 6271240 5727282 6265680 5770369 6653968]
Requests Number (per Connection):  [4063 4156 4097 4813 4104 4685 4468 4832 4089 4443 4467 4157 4077 4798 4761 4824 4480 4492 4482 4498 4767 4775 4076 4447 4745 4492 4102 4488 4133 4766]
Requests/sec:  2493.459228515625 KB
Transfer/sec:  5528.969775390625 KB

2023-12-01 14:25:39.024522751 +0800 CST m=+711.326491306
Running 1m0s myx-test @ https://192.168.12.127:6443/api/v1/persistentvolumes
60 connections
Requests/bytes (per Connection):  [3570269 3593207 3614996 3616146 3303044 3574857 3327128 3587473 3651700 3592060 3290427 3322541 3644818 3628760 3262901 3589765 3596646 3300749 3609264 3593207 3267489 3641375 3578297 3623026 3304189 3325982 3610411 3611555 3289280 3625320 3295014 3595500 3325981 3628760 3595499 3300751 3570268 3282399 3567975 3573710 3281254 3597793 3634494 3586325 3312220 3606969 3577150 3605823 3604674 3567975 3567975 3593207 3353505 3666607 3625320 3291574 3586325 3292722 3628760 3265197]
Response/bytes (per Connection):  [4346351 4374149 4401188 4401948 4020608 4351911 4050428 4367200 4445035 4372759 4005951 4044869 4436695 4417868 3972593 4370611 4378950 4018460 4393608 4374149 3978153 4433156 4356080 4410286 4022629 4048406 4394998 4397018 4004561 4413066 4011510 4376928 4049038 4417868 4377560 4017829 4346350 3996222 4343571 4350521 3994201 4380340 4424817 4365809 4031728 4390827 4354690 4389438 4388679 4343571 4343571 4374149 4083027 4463734 4413066 4007341 4365809 4008099 4417868 3974742]
Requests Number (per Connection):  [3113 3133 3152 3153 2880 3117 2901 3128 3184 3132 2869 2897 3178 3164 2845 3130 3136 2878 3147 3133 2849 3175 3120 3159 2881 2900 3148 3149 2868 3161 2873 3135 2900 3164 3135 2878 3113 2862 3111 3116 2861 3137 3169 3127 2888 3145 3119 3144 3143 3111 3111 3133 2924 3197 3161 2870 3127 2871 3164 2847]
Requests/sec:  3420.061979166667 KB
Transfer/sec:  7583.580647786458 KB

2023-12-01 14:27:49.143464305 +0800 CST m=+841.445432906
Running 1m0s myx-test @ https://192.168.12.127:6443/api/v1/persistentvolumes
90 connections
Requests/bytes (per Connection):  [2988797 3033525 2719277 2727306 2937185 3044992 2721570 2949801 3011736 2867227 2952095 2936037 2906218 2718128 2675695 2988796 2940625 2688311 2980769 2890165 2700927 2657344 3026641 2897045 2938333 2948655 2876401 3007146 2926864 3017468 2986504 2715837 2889018 2871813 2960125 2698633 2719277 2726159 2960121 2753683 2981916 2994528 2932597 2979621 2950945 2656198 2897045 2718130 2996826 2755978 2697486 2694043 3032376 2721571 2715834 2961270 2747949 2875255 2936038 2706661 2980765 2883280 2698631 2976179 3027793 2723862 2903926 2672252 2714688 2689457 3038111 2957828 2901634 2897043 2902779 3049579 2706661 2706661 3017466 2957831 2906218 2975034 3001412 2941772 2928011 2977327 3009440 2734187 2992237 2973888]
Response/bytes (per Connection):  [3637880 3692718 3309989 3319719 3575966 3707248 3313401 3591255 3665679 3489919 3594035 3574575 3538438 3309230 3257173 3638512 3580135 3272462 3628151 3517717 3287751 3234934 3685009 3526688 3576724 3589233 3501670 3660750 3562825 3673259 3635101 3305820 3516327 3496110 3603133 3284971 3309989 3318329 3604395 3352318 3629541 3646092 3570406 3627393 3593275 3233545 3526688 3308599 3647610 3354466 3283581 3280042 3691959 3312769 3306450 3605154 3345369 3499648 3574576 3294700 3629413 3510640 3285602 3623222 3685138 3316812 3535027 3253634 3305061 3273851 3698909 3600983 3531616 3527319 3533637 3712807 3294700 3294700 3673890 3600353 3538438 3621201 3653801 3581525 3564215 3624613 3663530 3328058 3642682 3619812]
Requests Number (per Connection):  [2606 2645 2371 2378 2561 2655 2373 2572 2626 2500 2574 2560 2534 2370 2333 2606 2564 2344 2599 2520 2355 2317 2639 2526 2562 2571 2508 2622 2552 2631 2604 2368 2519 2504 2581 2353 2371 2377 2581 2401 2600 2611 2557 2598 2573 2316 2526 2370 2613 2403 2352 2349 2644 2373 2368 2582 2396 2507 2560 2360 2599 2514 2353 2595 2640 2375 2532 2330 2367 2345 2649 2579 2530 2526 2531 2659 2360 2360 2631 2579 2534 2594 2617 2565 2553 2596 2624 2384 2609 2593]
Requests/sec:  4211.498502604167 KB
Transfer/sec:  9338.396126302083 KB

2023-12-01 14:29:59.28285532 +0800 CST m=+971.584823876
Running 1m0s myx-test @ https://192.168.12.127:6443/api/v1/persistentvolumes
150 connections
Requests/bytes (per Connection):  [2344242 2213500 2356858 2383237 2232996 2520864 2503661 2263961 2364888 2221527 2323599 2190558 2222676 2522011 2538068 2284604 2391267 2215792 2550683 2520864 2275429 2552978 2331626 2304102 2566740 2330481 2520863 2485310 2479577 2382092 2300662 2236437 2517425 2399294 2569035 2487603 2348832 2346536 2306396 2532334 2512834 2299515 2280017 2509397 2354566 2466961 2337363 2524305 2276576 2324746 2292633 2332775 2534625 2478430 2230702 2481869 2496781 2492192 2234143 2510540 2321306 2261667 2314425 2507102 2390120 2247903 2550684 2269695 2333920 2184825 2317865 2234143 2375211 2528891 2516276 2257079 2328187 2417644 2330481 2358005 2202028 2507103 2324746 2211206 2219233 2360301 2304102 2492194 2321306 2211203 2211205 2210058 2239878 2353419 2234140 2216938 2527744 2362591 2543803 2408469 2221527 2518568 2228408 2222672 2213496 2239875 2191705 2372917 2203174 2507101 2484165 2212352 2344244 2544952 2200880 2329334 2348831 2465814 2250197 2197440 2380946 2540360 2259374 2211202 2469254 2327040 2229555 2232996 2203176 2312130 2330479 2561006 2362593 2355712 2292633 2204323 2512834 2370623 2517424 2508248 2348829 2533478 2354564 2572475 2463520 2220379 2206616 2487604 2235287 2518572]
Response/bytes (per Connection):  [2854227 2693884 2869516 2901484 2718144 3068904 3048056 2756303 2878614 2704245 2828577 2667348 2705004 3070294 3089753 2781320 2910582 2697295 3105041 3068904 2770201 3107822 2838938 2804949 3124500 2836917 3069536 3025817 3018236 2899463 2800780 2722314 3064103 2920943 3127281 3028596 2859156 2857007 2807729 3082804 3059806 2799390 2775761 3054374 2866105 3002947 2845257 3073074 2771591 2829967 2791050 2839697 3086214 3016846 2715364 3021647 3039085 3034157 2719534 3057026 2825798 2753523 2817459 3052226 2909192 2736843 3105042 2763252 2841718 2659767 2821628 2719534 2891124 3079265 3063344 2747963 2834137 2943181 2836917 2870906 2681248 3051594 2829967 2691104 2701465 2873055 2804949 3033526 2825798 2692367 2691736 2690346 2726484 2864715 2720164 2699317 3077875 2877097 3096703 2932062 2704245 3066755 2712584 2706266 2695146 2727114 2668738 2888344 2682637 3052225 3023796 2693126 2853596 3097462 2679857 2835527 2859155 3001557 2739623 2675688 2898074 3093164 2750111 2692366 3006359 2832747 2713974 2718144 2682006 2814678 2837548 3117551 2876466 2868127 2791050 2683396 3059806 2885564 3064735 3053615 2859786 3084824 2866736 3131450 2998777 2702854 2686175 3028597 2721554 3065493]
Requests Number (per Connection):  [2044 1930 2055 2078 1947 2198 2183 1974 2062 1937 2026 1910 1938 2199 2213 1992 2085 1932 2224 2198 1984 2226 2033 2009 2238 2032 2198 2167 2162 2077 2006 1950 2195 2092 2240 2169 2048 2046 2011 2208 2191 2005 1988 2188 2053 2151 2038 2201 1985 2027 1999 2034 2210 2161 1945 2164 2177 2173 1948 2189 2024 1972 2018 2186 2084 1960 2224 1979 2035 1905 2021 1948 2071 2205 2194 1968 2030 2108 2032 2056 1920 2186 2027 1928 1935 2058 2009 2173 2024 1928 1928 1927 1953 2052 1948 1933 2204 2060 2218 2100 1937 2196 1943 1938 1930 1953 1911 2069 1921 2186 2166 1929 2044 2219 1919 2031 2048 2150 1962 1916 2076 2215 1970 1928 2153 2029 1944 1947 1921 2016 2032 2233 2060 2054 1999 1922 2191 2067 2195 2187 2048 2209 2053 2243 2148 1936 1924 2169 1949 2196]
Requests/sec:  5767.229134114584 KB
Transfer/sec:  12788.177018229168 KB

2023-12-01 14:32:09.510341754 +0800 CST m=+1101.812310327
Running 1m0s myx-test @ https://192.168.12.127:6443/api/v1/persistentvolumes
300 connections
Requests/bytes (per Connection):  [912924 984031 964535 903749 966827 895721 969125 872782 887692 894575 1031054 981737 982884 1016146 902602 940450 854432 887694 980592 870489 976003 880811 859022 868199 878519 974855 914073 987471 988620 901455 922101 910631 959946 852140 898015 879666 855581 915220 888840 934715 981739 974855 917512 943893 876223 951917 941595 896870 1016144 985179 920953 973709 990912 930128 987471 986325 861316 875077 910631 963389 899161 910630 908335 1000088 969121 931273 992059 990913 917512 994353 876225 855580 992059 941599 974856 886546 993206 964536 1004679 872783 989768 915220 893429 909483 900308 873930 990912 896868 869342 994353 910631 961095 855581 973713 917512 941597 888839 900308 915217 862461 907188 909482 984033 976004 958801 922097 918658 908337 844110 934716 916365 865901 974855 919804 880811 906045 970270 1008116 951920 923247 974856 976002 1016144 856726 972566 953065 883104 865902 879664 995499 919806 984035 908338 969123 958799 902604 984031 927832 909482 887695 880811 1010410 925538 903749 892280 915219 990914 957652 871640 870488 920953 915220 932424 861316 992059 945038 938154 967976 883109 861314 930128 992059 974857 907188 990912 931277 898015 880811 959946 961094 859022 894574 880811 926685 1003528 987471 964533 883105 879664 889986 883105 881962 883105 886546 919806 995500 914071 955358 889988 876223 949624 914069 887693 931273 880811 904896 958799 945038 967976 934716 887692 857873 965683 1006971 870488 891133 911777 958798 903749 979443 864754 917512 998940 945040 911779 857873 934715 912922 910633 910630 870488 878519 957654 934713 916365 849844 878517 982884 917512 965680 904896 910632 880811 889986 915219 981739 863608 914072 873932 925540 980592 940452 878517 878517 852140 974859 935865 900308 862461 962240 883104 958801 1000088 990913 883106 871640 933567 985178 867050 884251 878517 911778 908336 898015 902602 845257 889986 920951 919806 876223 880811 912926 1001234 883105 892280 989769 925539 889986 969121 969123 978296 889988 863609 997793 1026467 862461 942744 919806 919804 886545 880811 1000090 986327 864755 902602 875076 939301 938158 918657 869341]
Response/bytes (per Connection):  [1111416 1198222 1173962 1100297 1177373 1090568 1178891 1062769 1080838 1088546 1255208 1195442 1196832 1236508 1098907 1144774 1040531 1080207 1193421 1059990 1188493 1072499 1045460 1055948 1069088 1187102 1112175 1202391 1203150 1097517 1121904 1108637 1169034 1037120 1093348 1070478 1041290 1113565 1082229 1137824 1194811 1187102 1116976 1148313 1066939 1159304 1146795 1091327 1237139 1198980 1121146 1185713 1206561 1132265 1202391 1201002 1048240 1065550 1108637 1172573 1094737 1108636 1106488 1217681 1180153 1134286 1207951 1206562 1116976 1210731 1066308 1041289 1207951 1145533 1187103 1079449 1209341 1173963 1221978 1062770 1204541 1113565 1087157 1107246 1096127 1064160 1206561 1091958 1058600 1210731 1108637 1169793 1041290 1184451 1116976 1146164 1082228 1096127 1114828 1050261 1105098 1107878 1197591 1187861 1167013 1123166 1118365 1105857 1028022 1137825 1115586 1054430 1187102 1120387 1072499 1102446 1180912 1227410 1158674 1123926 1187103 1188492 1237139 1043311 1183061 1160695 1075278 1054431 1071109 1212120 1119756 1196960 1105225 1179522 1167644 1098276 1198222 1130116 1107878 1080208 1072499 1230190 1127336 1100297 1086398 1114197 1205930 1166254 1060118 1059989 1121146 1113565 1134414 1048240 1207951 1150334 1142625 1178132 1074017 1048871 1132265 1207951 1186471 1105098 1206561 1133024 1093348 1072499 1169034 1169792 1045460 1089178 1072499 1128726 1221850 1202391 1174593 1075279 1071109 1083618 1075279 1072627 1075279 1079449 1119756 1212121 1112806 1163474 1082987 1066939 1156525 1113437 1080839 1134286 1072499 1101687 1167644 1150334 1178132 1137825 1080838 1044701 1175353 1225389 1059989 1085008 1110026 1167643 1100297 1192662 1053040 1116976 1216290 1149703 1109395 1044701 1137824 1112047 1108006 1108636 1059989 1069088 1165623 1138455 1115586 1034971 1069719 1196832 1116976 1175983 1101687 1108005 1072499 1083618 1114197 1194811 1051651 1112807 1063529 1126705 1193421 1144143 1069719 1069719 1037120 1185840 1138584 1096127 1050261 1171814 1075278 1167013 1217681 1206562 1074647 1060118 1137066 1199612 1055189 1076668 1069719 1110027 1105856 1093348 1098907 1029412 1083618 1121777 1119756 1066939 1072499 1110785 1219070 1075279 1086398 1203909 1127337 1083618 1180153 1179522 1191272 1082987 1051019 1214900 1249649 1050261 1147554 1119756 1120387 1079448 1072499 1217050 1200371 1053041 1098907 1065549 1144015 1141363 1118997 1058599]
Requests Number (per Connection):  [796 858 841 788 843 781 845 761 774 780 899 856 857 886 787 820 745 774 855 759 851 768 749 757 766 850 797 861 862 786 804 794 837 743 783 767 746 798 775 815 856 850 800 823 764 830 821 782 886 859 803 849 864 811 861 860 751 763 794 840 784 794 792 872 845 812 865 864 800 867 764 746 865 821 850 773 866 841 876 761 863 798 779 793 785 762 864 782 758 867 794 838 746 849 800 821 775 785 798 752 791 793 858 851 836 804 801 792 736 815 799 755 850 802 768 790 846 879 830 805 850 851 886 747 848 831 770 755 767 868 802 858 792 845 836 787 858 809 793 774 768 881 807 788 778 798 864 835 760 759 803 798 813 751 865 824 818 844 770 751 811 865 850 791 864 812 783 768 837 838 749 780 768 808 875 861 841 770 767 776 770 769 770 773 802 868 797 833 776 764 828 797 774 812 768 789 836 824 844 815 774 748 842 878 759 777 795 836 788 854 754 800 871 824 795 748 815 796 794 794 759 766 835 815 799 741 766 857 800 842 789 794 768 776 798 856 753 797 762 807 855 820 766 766 743 850 816 785 752 839 770 836 872 864 770 760 814 859 756 771 766 795 792 783 787 737 776 803 802 764 768 796 873 770 778 863 807 776 845 845 853 776 753 870 895 752 822 802 802 773 768 872 860 754 787 763 819 818 801 758]
Requests/sec:  4517.073990885417 KB
Transfer/sec:  10016.197737630207 KB

