2023-12-01 22:51:57.792798769 +0800 CST m=+7042.508931190
Running 1m0s myx-test @ https://192.168.12.127:6443/api/v1/namespaces/myx-test/persistentvolumeclaims
3 connections
Requests/bytes (per Connection):  [10361525 8049157 10187402]
Response/bytes (per Connection):  [9717960 7549182 9551485]
Requests Number (per Connection):  [8805 6840 8657]
Requests/sec:  465.46360677083334 KB
Transfer/sec:  901.964697265625 KB

2023-12-01 22:54:07.872637788 +0800 CST m=+7172.588770212
Running 1m0s myx-test @ https://192.168.12.127:6443/api/v1/namespaces/myx-test/persistentvolumeclaims
6 connections
Requests/bytes (per Connection):  [8925829 7047734 9365987 7065387 9250652 8984727]
Response/bytes (per Connection):  [8373214 6608880 8783113 6625243 8675571 8425272]
Requests Number (per Connection):  [7585 5989 7959 6004 7861 7635]
Requests/sec:  824.2238932291667 KB
Transfer/sec:  1597.1941569010417 KB

2023-12-01 22:56:18.033740848 +0800 CST m=+7302.749873272
Running 1m0s myx-test @ https://192.168.12.127:6443/api/v1/namespaces/myx-test/persistentvolumeclaims
9 connections
Requests/bytes (per Connection):  [5698007 5728550 7799713 5726196 7238392 7219561 7787886 7180722 7857348]
Response/bytes (per Connection):  [5340650 5372767 7312890 5370585 6786241 6768786 7305733 6732785 7368851]
Requests Number (per Connection):  [4842 4868 6628 4866 6151 6135 6618 6102 6677]
Requests/sec:  1012.9618326822916 KB
Transfer/sec:  1962.8200358072916 KB

2023-12-01 22:58:28.121729618 +0800 CST m=+7432.837862318
Running 1m0s myx-test @ https://192.168.12.127:6443/api/v1/namespaces/myx-test/persistentvolumeclaims
15 connections
Requests/bytes (per Connection):  [6509943 4896599 4924844 6525250 6564089 6635877 6602869 4930728 6392262 4933082 4975395 6386378 6409943 6387574 6418152]
Response/bytes (per Connection):  [6105311 4590823 4617004 6118230 6154231 6222043 6194618 4622458 5994325 4624640 4667667 5988871 6009446 5988711 6018958]
Requests Number (per Connection):  [5532 4161 4185 5545 5578 5639 5611 4190 5432 4192 4228 5427 5447 5428 5454]
Requests/sec:  1456.591552734375 KB
Transfer/sec:  2822.4336100260416 KB

2023-12-01 23:00:38.221879735 +0800 CST m=+7562.938012159
Running 1m0s myx-test @ https://192.168.12.127:6443/api/v1/namespaces/myx-test/persistentvolumeclaims
30 connections
Requests/bytes (per Connection):  [3793907 3884529 3045479 3997511 4002241 4015197 4042231 4018724 3831625 3027862 3849222 3836276 4016341 3029039 4018693 3020801 3784494 3851575 3841040 4068123 3037278 4022226 4006925 3027863 3879822 3859814 3005503 3019626 3024307 3065523]
Response/bytes (per Connection):  [3559823 3643823 2857836 3749184 3752300 3763675 3791271 3766944 3590979 2838969 3611096 3599096 3766638 2840060 3769453 2832424 3550463 3613277 3599706 3815271 2847697 3772093 3757910 2838970 3639460 3620914 2817609 2830700 2836942 2873878]
Requests Number (per Connection):  [3224 3301 2588 3397 3401 3412 3435 3415 3256 2573 3271 3260 3413 2574 3415 2567 3216 3273 3264 3457 2581 3418 3405 2573 3297 3280 2554 2566 2570 2605]
Requests/sec:  1772.8482584635417 KB
Transfer/sec:  3435.420865885417 KB

2023-12-01 23:02:48.485014285 +0800 CST m=+7693.201146708
Running 1m0s myx-test @ https://192.168.12.127:6443/api/v1/namespaces/myx-test/persistentvolumeclaims
60 connections
Requests/bytes (per Connection):  [2691329 2796058 2836028 2532448 2733639 2514793 2515972 2858391 2812502 2497141 2747778 2520680 2530092 2777185 2731288 2704273 2714811 2694803 2533569 2517149 2838435 2805487 2534803 2794895 2685445 2857214 2703041 2719518 2501792 2726578 2526564 2683089 2779538 2821908 2687741 2531264 2680737 2508911 2797249 2714810 2679560 2848976 2504201 2817200 2513617 2711278 2807818 2818376 2498316 2787834 2525386 2764239 2535977 2710101 2796015 2494787 2838384 2468895 2811362 2700732]
Response/bytes (per Connection):  [2521317 2620297 2660518 2373411 2564976 2357681 2358139 2680612 2637442 2340684 2576178 2362503 2371862 2605340 2562162 2533950 2546889 2528343 2378256 2359230 2659578 2627768 2375594 2617950 2515863 2679521 2535979 2551252 2348801 2558431 2367957 2514314 2607521 2646795 2521797 2372948 2511499 2351594 2620132 2546888 2510408 2671885 2347863 2642431 2355956 2544249 2631832 2643521 2342408 2611405 2366865 2593340 2377317 2543158 2622794 2338502 2662067 2314502 2633848 2531302]
Requests Number (per Connection):  [2287 2376 2410 2152 2323 2137 2138 2429 2390 2122 2335 2142 2150 2360 2321 2298 2307 2290 2153 2139 2412 2384 2154 2375 2282 2428 2297 2311 2126 2317 2147 2280 2362 2398 2284 2151 2278 2132 2377 2307 2277 2421 2128 2394 2136 2304 2386 2395 2123 2369 2146 2349 2155 2303 2376 2120 2412 2098 2389 2295]
Requests/sec:  2617.05732421875 KB
Transfer/sec:  5070.794710286458 KB

2023-12-01 23:04:58.656230693 +0800 CST m=+7823.372363114
Running 1m0s myx-test @ https://192.168.12.127:6443/api/v1/namespaces/myx-test/persistentvolumeclaims
90 connections
Requests/bytes (per Connection):  [1888738 2148837 2131128 2148797 2105236 2138187 2138188 2098175 2122923 1893432 1876972 2119359 2126477 1878153 2128829 2114697 2147660 2088759 2122888 1964063 2145301 2131148 1911105 2087594 2126427 2147660 1888744 2139365 2120591 1919344 1931096 2106467 1876975 2096998 1921697 1905220 2146426 2140543 2101740 1905171 1932232 2114667 2081698 1853438 2118193 1895805 2168787 1931110 2087582 2069944 2089988 1892274 1905220 2114651 2117005 2101742 1907517 2071105 2097053 2106468 1928758 2113474 2118239 2111130 2119357 2158195 2114706 1933466 2149959 2155843 2148782 1900513 2101705 1949943 2106470 1920520 2149959 2092290 1907575 2139421 1896981 1906397 2088816 2133539 2114651 1901689 1915813 2142952 2081698 2071163]
Response/bytes (per Connection):  [1771028 2012756 1999512 2015256 1975512 2006690 2006691 1968967 1990004 1776013 1760122 1988603 1991395 1759947 1994210 1981745 2011665 1960239 1992509 1840849 2010113 1998262 1791126 1958525 1995155 2011665 1770399 2007782 1986574 1798763 1811560 1973482 1759490 1967876 1800944 1785671 2014327 2008239 1970369 1788797 1814515 1983620 1953694 1737038 1986888 1776944 2035054 1810304 1959148 1940895 1958207 1773671 1785671 1984239 1986421 1969736 1791606 1943875 1964756 1973483 1807489 1983148 1983759 1980341 1989236 2025236 1981119 1811853 2016967 2022421 2015876 1781308 1972239 1827126 1972850 1799853 2016967 1963512 1787854 2004028 1778034 1786762 1956486 1997941 1984239 1782398 1795490 2007301 1953694 1940123]
Requests Number (per Connection):  [1605 1826 1811 1826 1789 1817 1817 1783 1804 1609 1595 1801 1807 1596 1809 1797 1825 1775 1804 1669 1823 1811 1624 1774 1807 1825 1605 1818 1802 1631 1641 1790 1595 1782 1633 1619 1824 1819 1786 1619 1642 1797 1769 1575 1800 1611 1843 1641 1774 1759 1776 1608 1619 1797 1799 1786 1621 1760 1782 1790 1639 1796 1800 1794 1801 1834 1797 1643 1827 1832 1826 1615 1786 1657 1790 1632 1827 1778 1621 1818 1612 1620 1775 1813 1797 1616 1628 1821 1769 1760]
Requests/sec:  3000.676969401042 KB
Transfer/sec:  5814.287760416667 KB

2023-12-01 23:07:08.743375327 +0800 CST m=+7953.459507747
Running 1m0s myx-test @ https://192.168.12.127:6443/api/v1/namespaces/myx-test/persistentvolumeclaims
150 connections
Requests/bytes (per Connection):  [1393273 1445112 1260338 1440404 1430981 1280339 1402743 1417988 1374442 1369789 1266225 1383861 1240333 1390973 1252100 1427458 1454470 1415689 1400389 1247393 1432166 1287407 1409748 1257980 1383912 1393329 1418040 1276817 1427457 1287407 1428634 1253277 1246216 1235625 1439205 1285054 1394458 1439227 1413278 1415632 1263863 1432165 1405041 1261518 1409747 1283838 1283850 1408628 1428634 1401566 1252102 1260341 1413280 1389796 1408608 1263869 1400391 1235608 1241491 1462765 1436818 1449819 1412103 1425047 1402743 1256805 1413335 1242685 1254454 1436873 1362728 1382738 1445075 1346241 1385034 1409779 1280346 1452172 1455704 1372143 1430931 1287408 1240308 1396860 1437993 1479239 1370968 1456881 1270933 1408629 1395626 1442757 1381561 1315653 1379199 1420339 1413335 1268579 1282700 1392107 1435696 1400390 1412102 1436874 1234447 1435639 1283877 1385034 1296797 1454527 1263871 1442757 1419183 1206200 1420397 1429812 1440388 1267401 1232093 1255631 1270931 1408570 1273243 1402688 1405066 1270931 1285054 1365063 1409780 1390919 1287408 1407452 1415631 1445054 1302707 1418042 1450941 1393308 1402743 1223857 1438050 1413300 1262693 1396858 1454527 1274459 1408570 1376796 1468625 1446231]
Response/bytes (per Connection):  [1308594 1353474 1181567 1349110 1340375 1200106 1314201 1331503 1291139 1283655 1186389 1299235 1162389 1303291 1173931 1337110 1365954 1326201 1312019 1169568 1341474 1206658 1324500 1180016 1296746 1304840 1328380 1196207 1337109 1206658 1338200 1175022 1168477 1158025 1349267 1204477 1309058 1348019 1327772 1329954 1184834 1341473 1319502 1182026 1324499 1205252 1204629 1319656 1338200 1313110 1173298 1180935 1327139 1302200 1320271 1184840 1311386 1159913 1164731 1369837 1348957 1357837 1326048 1338681 1314201 1178292 1324019 1165204 1176113 1345837 1277110 1295023 1355977 1262462 1300957 1321991 1200113 1360018 1363292 1285837 1344135 1206659 1164269 1308113 1350681 1385742 1284113 1364383 1190753 1319022 1310775 1351291 1293932 1232840 1293012 1334317 1324019 1188571 1202295 1306879 1344746 1311385 1326682 1345838 1157568 1348499 1203386 1300957 1217265 1362201 1184207 1351291 1331342 1131385 1330565 1339292 1350364 1188114 1155386 1177204 1191386 1323408 1195431 1317321 1317622 1191386 1204477 1280543 1321992 1306412 1206659 1317931 1329953 1357226 1220840 1328382 1362048 1306724 1314201 1147117 1346928 1325889 1183750 1308746 1362201 1195291 1323408 1293321 1377172 1358317]
Requests Number (per Connection):  [1184 1228 1071 1224 1216 1088 1192 1205 1168 1164 1076 1176 1054 1182 1064 1213 1236 1203 1190 1060 1217 1094 1198 1069 1176 1184 1205 1085 1213 1094 1214 1065 1059 1050 1223 1092 1185 1223 1201 1203 1074 1217 1194 1072 1198 1091 1091 1197 1214 1191 1064 1071 1201 1181 1197 1074 1190 1050 1055 1243 1221 1232 1200 1211 1192 1068 1201 1056 1066 1221 1158 1175 1228 1144 1177 1198 1088 1234 1237 1166 1216 1094 1054 1187 1222 1257 1165 1238 1080 1197 1186 1226 1174 1118 1172 1207 1201 1078 1090 1183 1220 1190 1200 1221 1049 1220 1091 1177 1102 1236 1074 1226 1206 1025 1207 1215 1224 1077 1047 1067 1080 1197 1082 1192 1194 1080 1092 1160 1198 1182 1094 1196 1203 1228 1107 1205 1233 1184 1192 1040 1222 1201 1073 1187 1236 1083 1197 1170 1248 1229]
Requests/sec:  3332.414241536458 KB
Transfer/sec:  6457.022477213542 KB

2023-12-01 23:09:18.851717983 +0800 CST m=+8083.567850413
Running 1m0s myx-test @ https://192.168.12.127:6443/api/v1/namespaces/myx-test/persistentvolumeclaims
300 connections
Requests/bytes (per Connection):  [842598 953169 869611 868445 927336 953199 919098 934397 875495 849630 891972 871965 973177 983770 902571 920218 868433 841365 889675 956701 916742 884967 881437 960283 949665 924980 887264 930865 857898 946110 873142 874334 915547 907272 894328 935572 936694 875552 999071 961408 882557 928456 946165 973233 904918 874320 869610 962585 861429 900267 947293 914390 983825 982594 939049 857841 983794 963763 869612 871992 975572 959054 920217 986152 963783 880254 876672 889675 947307 888498 968471 944987 871966 967294 870844 861429 875552 884911 979062 862549 873143 919097 957934 857842 924925 879028 854367 857899 969646 980266 948464 850802 977886 928461 879026 944932 882614 916687 908475 968526 863770 919087 968471 883791 929633 927279 886107 960233 956700 971999 896679 937869 859018 877899 981472 930810 902564 962643 897885 942579 904975 933220 990872 920273 879083 930810 880260 941459 973182 966117 855545 909642 902564 895502 873181 906149 903786 829626 888481 854311 893175 934341 969646 919041 904918 903798 967294 935575 860195 902564 888441 948464 986125 856694 907329 914390 870788 974354 935574 835537 869615 897912 832008 886144 864960 896706 895502 846072 892027 852014 954346 921445 874330 927334 867314 989653 931986 931984 919097 996772 899033 919068 910844 880202 928460 886087 897857 886087 877849 962603 908448 849660 922585 935572 904975 899090 907329 961408 954348 902620 864903 857898 964995 928513 964986 972002 924925 983769 913156 899035 932024 934339 841414 854368 873199 943754 907328 961408 864905 962585 930817 872021 972001 872021 824947 894383 846129 993186 884967 893206 941402 940282 897913 899070 968526 862606 927279 894325 943808 1010895 952051 983826 933164 860252 886095 904974 850836 889673 959053 963764 923804 935517 887289 923774 903798 961448 935574 932044 996771 930838 874362 986180 981465 899088 914333 859075 948521 963761 901387 917864 909625 976709 930809 915510 864960 930841 984945 908449 895531 995575 883733 890852 973236 877849 889643 870844 863739 967294 881380 889675 886088 853190 893149 879026 880203 919082 881427 969703 920233 890795]
Response/bytes (per Connection):  [788642 895574 817487 815137 867188 893064 859552 873733 822941 797063 838214 819669 914120 923304 846769 864396 816395 791305 832279 898213 858003 827915 824643 898362 889788 865639 833850 871094 802824 888396 820760 819961 857529 852396 839763 875457 879668 819188 937487 903211 829487 872032 885276 910366 850214 821217 817486 904302 806097 842097 888858 855188 920184 922214 881851 806577 922058 904759 816853 817156 913168 901029 864395 924244 903509 824816 824032 832279 888237 831188 909123 884184 819035 908032 814824 806097 819188 831669 919575 810941 820126 859551 896185 806578 868759 825581 799551 802825 910847 918788 890578 798784 917850 871402 826214 887304 825734 861123 851608 906003 809536 860811 909123 826825 873123 870941 830874 901487 898847 913028 842577 881392 807668 821998 918003 874214 848032 899915 842427 885123 846461 872642 927985 861276 822461 874214 823552 880279 913490 906941 800643 853959 848032 841486 818259 848184 846628 778521 833076 803305 838061 877487 910847 863305 850214 845370 908032 874825 808759 848032 834941 890578 925487 803611 848643 855188 818578 915211 874824 782097 816221 840549 778191 829006 809370 841334 841486 795668 835094 797370 896665 862362 820592 867821 811552 929392 875304 875937 859551 932185 844759 862062 853805 827304 871401 832759 843669 832759 825123 902415 853486 795188 865321 875457 846461 841006 848643 903211 896032 844278 813123 802824 902730 868279 903356 912396 868759 923938 857850 844126 873437 878120 787544 799552 817007 886847 848642 903211 812490 904302 873586 815915 912395 815915 771646 836643 791915 932032 827915 835552 884032 879188 839915 842256 906003 807188 870941 840395 883091 945276 890097 920185 876396 805006 831497 846460 796278 832912 901028 904760 864549 878577 831970 866424 845370 900711 874824 871552 932184 872337 819354 922367 917996 841639 858941 803915 886825 905392 846941 862214 854577 916759 874213 860032 809370 872340 925028 853487 839610 931709 830577 833370 909734 825123 834152 814824 810775 908032 828396 832279 832760 798460 839305 826214 827305 860806 825268 907094 863141 837123]
Requests Number (per Connection):  [716 810 739 738 788 810 781 794 744 722 758 741 827 836 767 782 738 715 756 813 779 752 749 816 807 786 754 791 729 804 742 743 778 771 760 795 796 744 849 817 750 789 804 827 769 743 739 818 732 765 805 777 836 835 798 729 836 819 739 741 829 815 782 838 819 748 745 756 805 755 823 803 741 822 740 732 744 752 832 733 742 781 814 729 786 747 726 729 824 833 806 723 831 789 747 803 750 779 772 823 734 781 823 751 790 788 753 816 813 826 762 797 730 746 834 791 767 818 763 801 769 793 842 782 747 791 748 800 827 821 727 773 767 761 742 770 768 705 755 726 759 794 824 781 769 768 822 795 731 767 755 806 838 728 771 777 740 828 795 710 739 763 707 753 735 762 761 719 758 724 811 783 743 788 737 841 792 792 781 847 764 781 774 748 789 753 763 753 746 818 772 722 784 795 769 764 771 817 811 767 735 729 820 789 820 826 786 836 776 764 792 794 715 726 742 802 771 817 735 818 791 741 826 741 701 760 719 844 752 759 800 799 763 764 823 733 788 760 802 859 809 836 793 731 753 769 723 756 815 819 785 795 754 785 768 817 795 792 847 791 743 838 834 764 777 730 806 819 766 780 773 830 791 778 735 791 837 772 761 846 751 757 827 746 756 740 734 822 749 756 753 725 759 747 748 781 749 824 782 757]
Requests/sec:  4464.143863932291 KB
Transfer/sec:  8649.907535807291 KB

