2023-12-02 10:59:07.912689336 +0800 CST m=+372.565382132
Running 1m0s myx-test @ https://192.168.12.127:6443/api/v1/namespaces/myx-test/pods
3 connections
Requests/bytes (per Connection):  [12268668 12829851 13745787]
Response/bytes (per Connection):  [36691281 38381784 41113935]
Requests Number (per Connection):  [10756 11248 12051]
Requests/sec:  632.23154296875 KB
Transfer/sec:  2523.29599609375 KB

2023-12-02 11:01:18.017941337 +0800 CST m=+502.670634168
Running 1m0s myx-test @ https://192.168.12.127:6443/api/v1/namespaces/myx-test/pods
6 connections
Requests/bytes (per Connection):  [11732576 11162267 11146235 11837487 12657607 12622256]
Response/bytes (per Connection):  [35086205 33368741 33369188 35423808 37868872 37755851]
Requests Number (per Connection):  [10286 9786 9772 10378 11097 11066]
Requests/sec:  1158.1775390625 KB
Transfer/sec:  4622.901904296875 KB

2023-12-02 11:03:28.12882742 +0800 CST m=+632.781520223
Running 1m0s myx-test @ https://192.168.12.127:6443/api/v1/namespaces/myx-test/pods
9 connections
Requests/bytes (per Connection):  [8336913 8755469 8282156 7724335 7683286 8580989 7706081 8316301 8724716]
Response/bytes (per Connection):  [24926478 26215643 24766523 23131798 23005507 25668611 23079602 24917665 26096702]
Requests Number (per Connection):  [7309 7676 7261 6772 6736 7523 6756 7291 7649]
Requests/sec:  1206.2214518229166 KB
Transfer/sec:  4816.386311848958 KB

2023-12-02 11:05:39.226784365 +0800 CST m=+763.879477164
Running 1m0s myx-test @ https://192.168.12.127:6443/api/v1/namespaces/myx-test/pods
15 connections
Requests/bytes (per Connection):  [7849845 8492032 7849833 8416758 8440714 7238425 7207667 7259007 7268127 7236186 7868088 7920559 8322026 7973050 8464618]
Response/bytes (per Connection):  [23486655 25391212 23488329 25158423 25236496 21682477 21560186 21705618 21737610 21643320 23539683 23696692 24918296 23837704 25338178]
Requests Number (per Connection):  [6882 7445 6882 7379 7400 6346 6319 6364 6372 6344 6898 6944 7296 6990 7421]
Requests/sec:  1917.4305826822917 KB
Transfer/sec:  7653.447493489583 KB

2023-12-02 11:07:49.345704837 +0800 CST m=+893.998397659
Running 1m0s myx-test @ https://192.168.12.127:6443/api/v1/namespaces/myx-test/pods
30 connections
Requests/bytes (per Connection):  [4930911 5566276 5451102 4911595 5545714 5533227 4865959 5500140 5520677 4814619 5537735 5491013 4869350 5511549 5544596 5532083 4932052 5492154 5529801 5529804 4808914 5494418 5582233 4862475 5504704 5565170 5520636 4808915 4873938 5568582]
Response/bytes (per Connection):  [14782983 16666063 16295841 14675407 16627792 16544199 14545759 16450962 16508630 14400327 16594742 16424864 14572085 16483374 16606925 16542725 14786140 16428021 16536411 16534728 14384542 16446143 16715335 14583462 16463590 16635962 16539792 14383700 14569536 16653852]
Requests Number (per Connection):  [4323 4880 4779 4306 4862 4851 4266 4822 4840 4221 4855 4814 4269 4832 4861 4850 4324 4815 4848 4848 4216 4817 4894 4263 4826 4879 4840 4216 4273 4882]
Requests/sec:  2591.151399739583 KB
Transfer/sec:  10344.795475260416 KB

2023-12-02 11:09:59.46974849 +0800 CST m=+1024.122441315
Running 1m0s myx-test @ https://192.168.12.127:6443/api/v1/namespaces/myx-test/pods
60 connections
Requests/bytes (per Connection):  [3170974 3237136 3488073 3185734 3681944 3678543 3188088 3657988 3198305 3448141 3486900 3619275 3631817 3470959 3695636 3208607 3721876 3175546 3515448 3716204 3458396 3689945 3449275 3408209 3191489 3732153 3196011 3465253 3216600 3526862 3474339 3797177 3726473 3790331 3493745 3504011 3725299 3213194 3717353 3499482 3521104 3689931 3234872 3223383 3723047 3210836 3190355 3151585 3162952 3699060 3221143 3148125 3428740 3462973 3765231 3753822 3461797 3486912 3519956 3150384]
Response/bytes (per Connection):  [9478840 9673732 10424706 9567052 11028773 11010876 9527037 10959109 9595037 10311685 10437561 10797864 10839326 10376509 11066657 9598175 11141794 9485575 10503837 11109155 10342616 11040770 10319893 10198664 9544940 11169372 9589572 10360723 9607644 10535411 10410414 11354366 11137568 11335424 10457345 10495847 11151265 9593123 11097167 10457118 10552486 11050872 9653948 9674601 11122220 9637349 9544295 9418435 9475285 11076129 9644695 9429189 10261384 10353568 11264286 11231874 10377364 10428285 10562801 9461610]
Requests Number (per Connection):  [2780 2838 3058 2793 3228 3225 2795 3207 2804 3023 3057 3173 3184 3043 3240 2813 3263 2784 3082 3258 3032 3235 3024 2988 2798 3272 2802 3038 2820 3092 3046 3329 3267 3323 3063 3072 3266 2817 3259 3068 3087 3235 2836 2826 3264 2815 2797 2763 2773 3243 2824 2760 3006 3036 3301 3291 3035 3057 3086 2762]
Requests/sec:  3379.866520182292 KB
Transfer/sec:  13493.037386067708 KB

2023-12-02 11:12:09.642794079 +0800 CST m=+1154.295486896
Running 1m0s myx-test @ https://192.168.12.127:6443/api/v1/namespaces/myx-test/pods
90 connections
Requests/bytes (per Connection):  [2361103 2527673 2832214 2363402 2524251 2366809 2396471 2520750 2559619 2559572 2573286 2769437 2767168 2396471 2541329 2803690 2396471 2576733 2375952 2388487 2811661 2552712 2367948 2405598 2505999 2364526 2783156 2574414 2560760 2412444 2817382 2831072 2356574 2386203 2594937 2548131 2791142 2534488 2389625 2807085 2844707 2816239 2371392 2796848 2504855 2390766 2536801 2356539 2818522 2377075 2345173 2824159 2574442 2379357 2776311 2544760 2394191 2793425 2372512 2768325 2366810 2540223 2369089 2406739 2388484 2784256 2525322 2552761 2808254 2792284 2545928 2364526 2542426 2864100 2487687 2780873 2813959 2525392 2752352 2828792 2374794 2807076 2577834 2355434 2552700 2810496 2774030 2537941 2768298 2552729]
Response/bytes (per Connection):  [7068937 7542488 8458678 7062623 7532175 7084723 7169330 7574085 7632568 7660373 7688973 8301899 8285464 7169330 7608158 8378911 7169330 7680765 7098192 7145548 8413639 7652379 7088721 7195428 7479138 7078408 8319560 7693833 7635725 7214370 8416795 8456363 7030208 7140075 7770855 7652379 8342501 7585849 7150388 8410272 8538041 8415322 7082196 8357444 7477664 7153545 7567744 7056309 8420794 7114819 6991057 8487127 7681186 7121133 8299776 7603327 7162175 8347973 7101349 8276835 7083881 7578057 7091878 7198585 7147231 8353876 7580820 7614457 8391539 8344816 7593842 7078408 7636594 8586669 7470735 8313245 8407324 7535332 8231795 8449208 7107663 8417013 7714236 7026182 7663326 8429010 8292620 7571743 8294541 7647311]
Requests Number (per Connection):  [2070 2216 2483 2072 2213 2075 2101 2210 2244 2244 2256 2428 2426 2101 2228 2458 2101 2259 2083 2094 2465 2238 2076 2109 2197 2073 2440 2257 2245 2115 2470 2482 2066 2092 2275 2234 2447 2222 2095 2461 2494 2469 2079 2452 2196 2096 2224 2066 2471 2084 2056 2476 2257 2086 2434 2231 2099 2449 2080 2427 2075 2227 2077 2110 2094 2441 2214 2238 2462 2448 2232 2073 2229 2511 2181 2438 2467 2214 2413 2480 2082 2461 2260 2065 2238 2464 2432 2225 2427 2238]
Requests/sec:  3771.724169921875 KB
Transfer/sec:  15053.41669921875 KB

2023-12-02 11:14:19.765351595 +0800 CST m=+1284.418044422
Running 1m0s myx-test @ https://192.168.12.127:6443/api/v1/namespaces/myx-test/pods
150 connections
Requests/bytes (per Connection):  [1935648 1617397 1963008 1673302 1616272 1688152 1960729 1625410 1668738 1624291 1940192 1615126 1669877 1959587 1665316 1709809 1973346 1639073 1957303 1629986 1953880 1626535 1595720 1683570 1611691 1697259 1944834 1956164 1591217 1595718 1625433 1951623 1625382 1696118 1722359 1648202 1696118 1909445 1651622 1677864 1618608 1681307 1691556 1968763 1685865 1936816 1690414 1942553 1936790 1643653 1977869 1583170 1621983 1921937 1702969 1690415 1965336 1595721 1916312 1953883 1663072 1582029 1668736 1690432 1710950 1945949 1975567 1644777 1627664 1963010 1658468 1722349 1720077 1985857 1686991 1952818 1616316 1617398 1977874 1665314 1668738 1656186 1973276 1619679 1619719 1633368 1640214 1926561 1700692 1728063 1981269 1980124 1663032 1726923 1718936 1948182 1631088 1715514 1615115 1713232 1926580 1657344 1943615 1625384 1684709 1907106 1699551 1942479 1688152 1665313 1648202 1932206 1668737 1640222 1625382 1966431 1669878 1600284 1947038 1682428 1710950 1912889 1606008 1723500 1730346 1590057 1632257 1649351 1592298 1936823 1717790 1605989 1620845 1982435 1945895 1680145 1659651 1945897 1714372 1641415 1595720 1933426 1952742 1975560 1723489 1985865 1931099 1628807 1960772 1636791]
Response/bytes (per Connection):  [5792847 4853086 5887137 5011147 4837300 5038717 5879140 4854979 4998519 4834975 5821472 4845940 5002517 5876825 4988206 5115538 5865003 4914752 5871352 4866746 5861881 4878352 4791419 5040402 4837300 5079969 5782719 5867354 4731617 4792260 4837287 5837046 4876026 5076812 5151107 4940009 5076812 5698322 4951163 5024616 4810755 5027348 5063343 5865028 5045040 5784196 5060185 5775563 5803571 4924015 5915537 4755850 4856442 5770118 5092387 5060186 5866488 4790577 5701268 5860198 4952419 4752693 4999360 5046694 5118695 5796830 5921029 4931379 4882340 5886296 4970105 5158690 5144793 5936791 5050714 5806501 4812018 4852244 5911324 4989047 4998519 4963791 5916392 4859400 4828243 4898967 4917909 5744835 5087764 5167734 5936811 5934493 4982733 5163735 5141636 5843574 4891812 5131323 4846772 5125009 5730523 4962741 5830943 4875185 5044400 5727393 5078706 5823576 5044597 4989889 4940009 5798531 4998518 4917074 4876026 5896608 5001675 4804047 5840414 5037244 5118695 5691797 4813089 5154264 5173206 4742793 4881485 4942331 4781106 5778299 5142701 4819832 4851602 5926478 5838098 5031772 4949670 5837257 5129008 4881469 4791419 5749465 5857041 5921865 5162683 5930895 5769272 4884656 5846300 4908438]
Requests Number (per Connection):  [1697 1418 1721 1467 1417 1480 1719 1425 1463 1424 1701 1416 1464 1718 1460 1499 1730 1437 1716 1429 1713 1426 1399 1476 1413 1488 1705 1715 1395 1399 1425 1711 1425 1487 1510 1445 1487 1674 1448 1471 1419 1474 1483 1726 1478 1698 1482 1703 1698 1441 1734 1388 1422 1685 1493 1482 1723 1399 1680 1713 1458 1387 1463 1482 1500 1706 1732 1442 1427 1721 1454 1510 1508 1741 1479 1712 1417 1418 1734 1460 1463 1452 1730 1420 1420 1432 1438 1689 1491 1515 1737 1736 1458 1514 1507 1708 1430 1504 1416 1502 1689 1453 1704 1425 1477 1672 1490 1703 1480 1460 1445 1694 1463 1438 1425 1724 1464 1403 1707 1475 1500 1677 1408 1511 1517 1394 1431 1446 1396 1698 1506 1408 1421 1738 1706 1473 1455 1706 1503 1439 1399 1695 1712 1732 1511 1741 1693 1428 1719 1435]
Requests/sec:  4285.4658203125 KB
Transfer/sec:  17110.063232421875 KB

2023-12-02 12:00:11.429470066 +0800 CST m=+60.136070293
Running 1m0s myx-test @ https://192.168.12.127:6443/api/v1/namespaces/myx-test/pods
300 connections
Requests/bytes (per Connection):  [1035695 988954 1228465 936438 977511 1187436 1027710 1178268 1031132 1022010 958133 1212457 1028852 1213609 1003752 987779 1228478 954756 1184013 1035697 1209114 1241021 1212461 934220 1001490 1012879 982091 994627 990063 990072 1040260 1180552 994625 983216 969564 1017443 1209035 1207893 1198799 1229650 1199986 978652 1213624 986638 1181732 968385 1187437 1040261 964963 1194220 1228504 1225008 1043684 1042529 1242121 1245544 994643 1019724 1209035 1027711 1218167 1059654 947849 950129 1007174 993484 1178309 956977 1209053 1218162 1031133 1028850 1045965 1018583 964961 999213 1041402 1187358 1231853 1235333 1035697 1190859 1196536 951329 1027711 1025429 977554 1194282 1010598 969524 956976 1211395 1009457 956974 1001470 1202255 944455 976370 1191994 1218198 974088 992345 991228 1012879 937631 1016302 993510 986638 1039120 1189639 1029993 1192000 1184014 1056233 1212457 1235276 958116 1225034 1197628 961538 1155422 998047 986638 966102 1050529 1008316 1201127 961540 1180512 1220444 1048245 976414 983218 1186296 1034550 966104 1235337 1206780 1220514 977510 1177158 991202 1255891 959259 1003752 975242 990060 1016302 984358 1204550 1003772 1040250 978692 1047089 1059627 1156631 1215891 1033415 964976 1004892 1234159 1010598 1211316 968401 1015161 1276346 1227353 1193121 1002611 1179426 985533 1198845 1019725 1228432 1029990 942218 1007175 1011738 1027711 1027710 1024288 992342 1230791 985516 1190847 988932 1010611 1090415 969525 1000329 1010605 1261517 1239918 996906 1020871 1044809 1027709 957015 1032275 1218208 1193106 969525 1239908 1181731 1048247 1218236 1063079 960397 1198767 962701 1025429 979806 1203386 1040261 986638 1031134 1055093 995766 987779 945568 986639 1231870 1007175 1008316 976370 1197705 972947 975231 1016311 1026570 1140582 1191937 1008324 1012879 1025429 975268 1036829 1209034 972978 1014020 980934 1157721 1039120 972948 937579 982113 1074487 956975 1079050 947849 1211375 1041400 1180561 954739 1195344 1027710 1190780 1035697 1041402 1210193 1270641 1212536 1242157 956976 1033415 1249022 949056 1050514 994625 1027711 1020870 983216 1227368 1006034 1003762 972947 978684 944477 1006033 1018591 1206753 1036829 1019725 991203 976370 961538 978653 1018590 1222726 1227299 1212457 984380 1230751 985499 958118 1041402 964961 1202189 1032275 1003772]
Response/bytes (per Connection):  [3098156 2946814 3669598 2815920 2932098 3528141 3075219 3525636 3084686 3055221 2872538 3651502 3077531 3646240 3006393 2961353 3659489 2819253 3518670 3097315 3588966 3708518 3648977 2769170 2993343 3032491 2941364 2979454 2966826 2966835 3110785 3538672 2980295 2947883 2888091 3045119 3641189 3638874 3595922 3647476 3563710 2935255 3635296 2958196 3511514 2906001 3527299 3109943 2895688 3595099 3647686 3686229 3119414 3127220 3735268 3744739 2975246 3052275 3641189 3074374 3665606 3166137 2847491 2854646 3016706 2977138 3502043 2872747 3636140 3667287 3084687 3079215 3126570 3049118 2896529 2975244 3113100 3579522 3706013 3680099 3097315 3537612 3574444 2813165 3074374 3068060 2902600 3547083 3025335 2909999 2873589 3596122 3022178 2874430 3000079 3579284 2815288 2928941 3544978 3647904 2922627 2973140 2951461 3032491 2779496 3041962 2966184 2958196 3106786 3586678 3080688 3540769 3517828 3155825 3651502 3715484 2876745 3674429 3607936 2887058 3481865 2990608 2958196 2899686 3139198 3019021 3566867 2886217 3560580 3673601 3133725 2895253 2947042 3524142 3099216 2898845 3668310 3623079 3623055 2932940 3506463 2970824 3721771 2879061 3006393 2924111 2968509 3041962 2951041 3576338 2992055 3111618 2904941 3142355 3187194 3441218 3659298 3091001 2885585 3010392 3693805 3025335 3648345 2893372 3038805 3833345 3643679 3559080 3003236 3515313 2933970 3560553 3051433 3695701 3083223 2782850 3015864 3029334 3074374 3074373 3064903 2974823 3650633 2949148 3538443 2963679 3015232 3279182 2909157 2996922 3020284 3789779 3676731 2987451 3051223 3135218 3075215 2843274 3087002 3640324 3570870 2909157 3684308 3512356 3132884 3618431 3174767 2883901 3611934 2873377 3068060 2936736 3590018 3109943 2958196 3083845 3151826 2983452 2961353 2840335 2957354 3700963 3015864 3019021 2928941 3556554 2919470 2924943 3035227 3071217 3446718 3589630 3013128 3032491 3068060 2896312 3100463 3642031 2895897 3035648 2941569 3475551 3106786 2918628 2819077 2915253 3207178 2873588 3220648 2847491 3611276 3113941 3531934 2840311 3602463 3074373 3589835 3097315 3113100 3640139 3817560 3599279 3715885 2873589 3091001 3712100 2803470 3141715 2980295 3074374 3055437 2947883 3641162 3012707 3005560 2919470 2919243 2806844 3013549 3044059 3634875 3102149 3051433 2970825 2928941 2887058 2935256 3043221 3679915 3685808 3651502 2941769 3680947 2954198 2875904 3113100 2896529 3622247 3087002 2993744]
Requests Number (per Connection):  [908 867 1077 821 857 1041 901 1033 904 896 840 1063 902 1064 880 866 1077 837 1038 908 1060 1088 1063 819 878 888 861 872 868 868 912 1035 872 862 850 892 1060 1059 1051 1078 1052 858 1064 865 1036 849 1041 912 846 1047 1077 1074 915 914 1089 1092 872 894 1060 901 1068 929 831 833 883 871 1033 839 1060 1068 904 902 917 893 846 876 913 1041 1080 1083 908 1044 1049 834 901 899 857 1047 886 850 839 1062 885 839 878 1054 828 856 1045 1068 854 870 869 888 822 891 871 865 911 1043 903 1045 1038 926 1063 1083 840 1074 1050 843 1013 875 865 847 921 884 1053 843 1035 1070 919 856 862 1040 907 847 1083 1058 1070 857 1032 869 1101 841 880 855 868 891 863 1056 880 912 858 918 929 1014 1066 906 846 881 1082 886 1062 849 890 1119 1076 1046 879 1034 864 1051 894 1077 903 826 883 887 901 901 898 870 1079 864 1044 867 886 956 850 877 886 1106 1087 874 895 916 901 839 905 1068 1046 850 1087 1036 919 1068 932 842 1051 844 899 859 1055 912 865 904 925 873 866 829 865 1080 883 884 856 1050 853 855 891 900 1000 1045 884 888 899 855 909 1060 853 889 860 1015 911 853 822 861 942 839 946 831 1062 913 1035 837 1048 901 1044 908 913 1061 1114 1063 1089 839 906 1095 832 921 872 901 895 862 1076 882 880 853 858 828 882 893 1058 909 894 869 856 843 858 893 1072 1076 1063 863 1079 864 840 913 846 1054 905 880]
Requests/sec:  5224.376416015625 KB
Transfer/sec:  20854.677490234375 KB

