2023-12-02 13:25:00.837318021 +0800 CST m=+246.439842372
Running 1m0s myx-test @ https://192.168.12.127:6443/api/v1/namespaces/myx-test/podtemplates
3 connections
Requests/bytes (per Connection):  [15709352 17926635 16321256]
Response/bytes (per Connection):  [21316397 24324045 22144715]
Requests Number (per Connection):  [13582 15499 14111]
Requests/sec:  813.1061686197917 KB
Transfer/sec:  1916.3802083333333 KB

2023-12-02 13:26:40.883081132 +0800 CST m=+346.485605478
Running 1m0s myx-test @ https://192.168.12.127:6443/api/v1/namespaces/myx-test/podtemplates
6 connections
Requests/bytes (per Connection):  [12737979 12630439 13135873 15057037 13275801 15251363]
Response/bytes (per Connection):  [17284236 17136712 17823496 20430004 18014169 20693417]
Requests Number (per Connection):  [11013 10920 11357 13018 11478 13186]
Requests/sec:  1336.0757161458334 KB
Transfer/sec:  3148.9343424479166 KB

2023-12-02 13:28:20.950536323 +0800 CST m=+446.553060659
Running 1m0s myx-test @ https://192.168.12.127:6443/api/v1/namespaces/myx-test/podtemplates
9 connections
Requests/bytes (per Connection):  [11775679 11991988 10536911 10137909 12019764 10105492 10682648 10587825 10134389]
Response/bytes (per Connection):  [15977638 16270615 14297156 13754334 16307556 13711978 14495222 14365626 13752083]
Requests Number (per Connection):  [10181 10368 9110 8765 10392 8737 9236 9154 8762]
Requests/sec:  1594.606201171875 KB
Transfer/sec:  3758.216357421875 KB

2023-12-02 13:30:01.000583471 +0800 CST m=+546.603107856
Running 1m0s myx-test @ https://192.168.12.127:6443/api/v1/namespaces/myx-test/podtemplates
15 connections
Requests/bytes (per Connection):  [8083708 9738858 8646985 8710614 8726787 8752263 9965530 8051300 8096380 9859161 9929701 8721024 9884554 8133407 8097553]
Response/bytes (per Connection):  [10968493 13213518 11732659 11818233 11841225 11874246 13522504 10924913 10987609 13376550 13472662 11832645 13412365 11036582 10987948]
Requests Number (per Connection):  [6989 8420 7476 7531 7545 7567 8616 6961 7000 8524 8585 7540 8546 7032 7001]
Requests/sec:  2171.1885579427085 KB
Transfer/sec:  5117.187125651041 KB

2023-12-02 13:31:41.046547455 +0800 CST m=+646.649071791
Running 1m0s myx-test @ https://192.168.12.127:6443/api/v1/namespaces/myx-test/podtemplates
30 connections
Requests/bytes (per Connection):  [5203693 5675628 5251110 5642033 6081572 6075785 5218733 6060795 5638608 5292775 5230302 5624725 5657114 5564566 6068863 5230290 5274205 6039965 5626978 5639765 5187511 6072321 6036492 5602744 5223361 5227968 6041077 6039892 6081576 5615470]
Response/bytes (per Connection):  [7060444 7699692 7125042 7656170 8251439 8244068 7080671 8221836 7649493 7180249 7096230 7630822 7675205 7549915 8233930 7097040 7157350 8194646 7636339 7651049 7038265 8238996 8189565 7601260 7086895 7093920 8196979 8197039 8251854 7618375]
Requests Number (per Connection):  [4499 4907 4540 4878 5258 5253 4512 5240 4875 4576 4522 4863 4891 4811 5247 4522 4560 5222 4865 4876 4485 5250 5219 4844 4516 4520 5223 5222 5258 4855]
Requests/sec:  2754.328076171875 KB
Transfer/sec:  6491.385009765625 KB

2023-12-02 13:33:21.098868464 +0800 CST m=+746.701392814
Running 1m0s myx-test @ https://192.168.12.127:6443/api/v1/namespaces/myx-test/podtemplates
60 connections
Requests/bytes (per Connection):  [3654988 3306856 3659552 3626070 3629472 3591373 3303307 3594814 3619074 3262894 3590202 3590206 3609884 3641090 3181875 3645736 3631847 3298754 3608719 3647991 3316056 3305691 3613355 3291785 3635336 3636493 3637650 3316033 3624924 3275588 3602874 3614454 3282521 3606335 3606383 3299861 3289487 3639961 3609884 3664222 3277934 3636493 3568235 3626002 3257054 3353108 3563558 3616755 3639946 3347331 3597158 3336936 3615625 3654924 3615592 3598315 3670037 3265150 3613291 3284849]
Response/bytes (per Connection):  [4958161 4484998 4966787 4918857 4926333 4871779 4483540 4877650 4911522 4425874 4870620 4870624 4896674 4939886 4318158 4945717 4927451 4474925 4895110 4950414 4499856 4484256 4901342 4465973 4930904 4932460 4934016 4500655 4916901 4444190 4890147 4904895 4453928 4895216 4892798 4477664 4462877 4937536 4896674 4971820 4446101 4932460 4840661 4921666 4420094 4548443 4836032 4908816 4937932 4540671 4879559 4525452 4906054 4960563 4907254 4881115 4978397 4431394 4903744 4457054]
Requests Number (per Connection):  [3160 2859 3164 3135 3138 3105 2856 3108 3129 2821 3104 3104 3121 3148 2751 3152 3140 2852 3120 3154 2867 2858 3124 2846 3143 3144 3145 2867 3134 2832 3115 3125 2838 3118 3118 2853 2844 3147 3121 3168 2834 3144 3085 3135 2816 2899 3081 3127 3147 2894 3110 2885 3126 3160 3126 3111 3173 2823 3124 2840]
Requests/sec:  3429.3927408854165 KB
Transfer/sec:  8082.267903645833 KB

2023-12-02 13:35:01.163812565 +0800 CST m=+846.766336898
Running 1m0s myx-test @ https://192.168.12.127:6443/api/v1/namespaces/myx-test/podtemplates
90 connections
Requests/bytes (per Connection):  [3243215 3290660 2963284 3287110 3288313 2918139 3309091 3195795 2914668 3277900 2922808 3148340 2962103 3176128 3250152 3244312 2911218 2914732 2920532 3192324 3257031 2913590 3258266 3267522 3264031 2913511 2874227 3247814 3332241 3170337 2921638 3272071 3185352 2941347 3181862 3207324 2963285 3218883 2964431 3185367 3273252 3198109 3213149 3242063 3171500 3158775 3193480 3198107 3273306 3215386 3156460 3245492 2929781 3249011 3207363 3193425 2930944 2892742 3120597 3186530 3265190 3185381 3291738 3242057 3193481 2955239 3230501 3168029 3186538 2943670 2893897 2947116 2910120 3198044 2911277 2962180 3277934 3162244 2957485 3214305 3229315 2955239 3223559 2914677 2893898 3235124 3283682 2927394 3180705 3265208]
Response/bytes (per Connection):  [4399823 4463216 4020868 4461757 4461304 3961395 4491319 4335222 3956727 4447300 3965605 4272230 4020110 4308772 4409154 4403785 3950847 3953914 3961298 4330554 4421304 3951962 4419650 4432098 4428232 3955171 3899855 4406840 4522038 4301808 3964447 4441531 4322832 3990117 4318967 4352796 4020458 4368345 4022825 4322025 4441878 4338334 4358561 4397861 4302548 4285434 4332520 4338743 4439877 4364473 4282321 4404131 3974150 4407203 4351191 4334520 3975301 3925165 4234089 4323587 4429790 4321628 4467981 4398266 4332110 4007975 4382309 4297880 4323184 3992416 3926308 3998292 3947295 4340735 3948851 4017310 4446101 4290100 4013485 4360116 4381957 4007975 4372973 3955914 3926309 4388528 4455488 3973842 4317000 4428986]
Requests Number (per Connection):  [2804 2845 2562 2842 2843 2523 2861 2763 2520 2834 2527 2722 2561 2746 2810 2805 2517 2520 2525 2760 2816 2519 2817 2825 2822 2519 2485 2808 2881 2741 2526 2829 2754 2543 2751 2773 2562 2783 2563 2754 2830 2765 2778 2803 2742 2731 2761 2765 2830 2780 2729 2806 2533 2809 2773 2761 2534 2501 2698 2755 2823 2754 2846 2803 2761 2555 2793 2739 2755 2545 2502 2548 2516 2765 2517 2561 2834 2734 2557 2779 2792 2555 2787 2520 2502 2797 2839 2531 2750 2823]
Requests/sec:  4578.868050130209 KB
Transfer/sec:  10791.457438151041 KB

2023-12-02 13:36:41.238507419 +0800 CST m=+946.841031758
Running 1m0s myx-test @ https://192.168.12.127:6443/api/v1/namespaces/myx-test/podtemplates
150 connections
Requests/bytes (per Connection):  [1940799 1891131 2103920 1897995 2055354 1884190 2107392 2123553 2123589 2191843 2092352 1931602 2100449 2084254 2179075 2116628 1973209 2182584 2152510 2046076 2204562 2109706 2179118 2085411 2242694 1913112 2057645 1933857 1877240 2174491 1899225 2080784 2079626 2108526 2196472 2138628 2187160 2183704 2070371 1896915 2160567 2142097 1883032 1901466 2114333 1955917 2137468 1903782 1939642 2125902 1903778 2151355 2139757 2194150 2079627 2147882 2096967 1902646 2044932 1896916 1903824 2173334 2131687 1880640 1885317 2085408 1922368 1908406 1919975 2166328 1925787 2096980 2149041 2084254 2179085 2130516 2159439 2091190 1917733 2032193 2204512 2158269 2132844 1926959 2158296 2160608 1917740 2058820 1884190 2125901 2113167 1900375 2057646 2090039 1894601 2107370 1829816 2130530 2162897 1902696 2236911 1877248 2205669 2084252 2162921 2173336 2158275 2086567 2046076 1884110 1908423 1908440 2093499 2040291 2160605 2135158 2040291 2088882 1897993 2059959 1881796 2051860 2161767 1941956 2182589 1904952 2049575 2153607 2093509 1892230 2071528 1848248 2069214 1929234 2162921 2164064 1903806 2083097 2058821 2091188 1878405 2190690 1869101 2129341 2187205 1867993 1887654 2175649 2175604 2081940]
Response/bytes (per Connection):  [2634570 2564457 2854772 2576592 2788215 2555122 2859030 2882010 2880813 2973019 2838803 2620126 2850104 2827912 2957506 2872280 2677330 2960979 2920120 2776567 2990127 2862142 2955905 2829468 3043481 2594019 2792126 2625234 2546189 2949682 2575755 2823245 2821688 2861385 2979244 2901039 2968795 2963731 2809241 2572236 2932614 2906116 2553565 2581260 2868365 2651587 2899891 2584374 2633014 2883924 2584781 2918155 2904211 2976535 2821689 2913896 2845425 2582017 2774202 2572237 2583183 2948126 2891704 2553663 2557470 2829465 2606467 2591005 2606564 2941192 2613138 2845027 2915043 2827912 2957105 2890956 2929854 2837653 2601058 2757896 2992132 2928696 2893260 2614298 2927490 2931011 2600243 2792467 2555122 2884334 2867211 2577715 2791716 2835692 2569124 2859830 2481584 2890148 2935331 2580834 3035292 2545786 2993688 2827910 2934122 2947717 2928702 2831023 2776567 2558330 2590200 2589395 2840760 2768787 2931008 2896372 2768787 2834136 2577001 2795238 2555218 2784346 2932158 2636126 2960573 2585121 2780030 2923260 2840359 2568010 2810797 2509688 2807685 2618604 2934122 2936075 2583165 2826356 2793290 2837240 2547342 2971056 2536490 2889793 2967196 2533339 2560605 2950828 2952838 2824800]
Requests Number (per Connection):  [1678 1635 1819 1641 1777 1629 1822 1836 1836 1895 1809 1670 1816 1802 1884 1830 1706 1887 1861 1769 1906 1824 1884 1803 1939 1654 1779 1672 1623 1880 1642 1799 1798 1823 1899 1849 1891 1888 1790 1640 1868 1852 1628 1644 1828 1691 1848 1646 1677 1838 1646 1860 1850 1897 1798 1857 1813 1645 1768 1640 1646 1879 1843 1626 1630 1803 1662 1650 1660 1873 1665 1813 1858 1802 1884 1842 1867 1808 1658 1757 1906 1866 1844 1666 1866 1868 1658 1780 1629 1838 1827 1643 1779 1807 1638 1822 1582 1842 1870 1645 1934 1623 1907 1802 1870 1879 1866 1804 1769 1629 1650 1650 1810 1764 1868 1846 1764 1806 1641 1781 1627 1774 1869 1679 1887 1647 1772 1862 1810 1636 1791 1598 1789 1668 1870 1871 1646 1801 1780 1808 1624 1894 1616 1841 1891 1615 1632 1881 1881 1800]
Requests/sec:  5007.636702473958 KB
Transfer/sec:  11801.955826822918 KB

2023-12-02 13:38:22.978806152 +0800 CST m=+1048.581330510
Running 1m0s myx-test @ https://192.168.12.127:6443/api/v1/namespaces/myx-test/podtemplates
300 connections
Requests/bytes (per Connection):  [1136915 1200608 1215607 1135834 1360194 1325489 1162365 1175170 1125423 1117309 1330164 1317391 1310447 1335901 1372925 1157737 1297723 1190180 1202936 1349782 1227152 1199465 1152034 1119574 1117310 1177444 1308133 1213341 1165914 1353269 1209832 1236407 1352095 1331317 1341689 1231807 1120759 1135834 1190209 1121951 1219090 1155504 1170542 1146247 1391431 1325488 1346348 1118452 1121953 1145090 1184346 1161243 1344035 1352127 1360195 1226067 1197129 1335900 1319761 1118483 1131208 1332475 1340527 1156599 1176327 1119640 1154339 1208641 1391431 1224916 1355568 1154328 1342841 1374077 1182099 1164678 1116129 1158945 1204093 1234093 1106876 1142777 1148497 1173966 1216812 1230622 1145091 1372920 1179797 1200622 1116168 1404155 1331274 1128872 1227172 1349815 1399519 1396059 1348659 1383332 1230623 1143875 1347468 1166999 1140450 1340562 1355571 1217957 1134677 1355568 1242191 1123110 1347503 1320861 1318548 1153181 1193680 1370607 1217957 1391431 1153180 1135834 1209846 1164700 1112697 1393744 1207484 1207563 1141619 1384490 1158975 1121953 1206391 1383337 1370607 1142778 1183268 1169359 1156659 1164757 1126581 1221446 1214455 1125404 1381024 1142714 1249133 1147375 1393744 1147404 1193623 1340567 1184425 1099926 1178561 1349795 1166992 1355566 1091872 1204027 1379862 1368309 1191314 1201739 1332429 1168184 1361351 1200622 1170466 1192523 1316232 1320861 1136959 1178641 1116160 1112649 1169350 1371763 1337056 1265397 1339369 1123108 1229481 1213282 1254918 1190130 1172827 1180954 1190131 1297723 1291971 1216819 1368293 1349782 1190209 1169385 1209820 1163521 1160130 1338254 1199386 1221367 1219053 1226041 1157757 1160130 1340568 1208641 1322018 1188992 1134678 1224838 1215583 1333585 1169385 1347492 1139285 1193601 1160130 1173966 1147404 1355589 1136946 1318546 1214450 1227151 1219097 1383336 1165863 1241057 1136928 1206406 1391431 1227231 1147383 1361374 1323208 1221446 1343997 1154279 1152031 1241034 1349815 1216739 1213347 1155502 1213268 1146247 1333586 1202905 1390274 1134609 1177437 1146192 1204013 1301192 1168171 1177476 1302349 1120795 1322063 1216745 1206362 1199391 1187865 1245662 1399529 1342842 1130052 1340567 1341719 1242216 1195994 1322031 1154270 1216818 1322019 1357907 1130050 1131195 1354439 1148561 1172831 1140458 1372920 1176277 1342844 1207553 1177484 1239932 1163550 1141619 1362530 1237622 1230622 1330116 1353253 1386803 1142778 1173933]
Response/bytes (per Connection):  [1544750 1628333 1649752 1540393 1845858 1798772 1579389 1593295 1526391 1516306 1803399 1787881 1778954 1812775 1862567 1573165 1761430 1614725 1630637 1831855 1666520 1625969 1561768 1521013 1515896 1597600 1775842 1645455 1580847 1835306 1641571 1678967 1834966 1804951 1820147 1671538 1521364 1540393 1613521 1521722 1653610 1566435 1587071 1554397 1887868 1798771 1825580 1518259 1521313 1552841 1608951 1576224 1822880 1833354 1845859 1662159 1624068 1813185 1789405 1516646 1533760 1806508 1819408 1570395 1594851 1518202 1565282 1641625 1887868 1660198 1839225 1566093 1822520 1864529 1603029 1582500 1515549 1572306 1632193 1675855 1503104 1549730 1559911 1593336 1650123 1671187 1552431 1862973 1599518 1627525 1513944 1905392 1806552 1531859 1665718 1830655 1899160 1894092 1829100 1876976 1671188 1553693 1828743 1584797 1547016 1817799 1838817 1652078 1538837 1839225 1686746 1522869 1827545 1792548 1789437 1563725 1618189 1859862 1652078 1887868 1563724 1540393 1641174 1581289 1509276 1890979 1640069 1636860 1548173 1878533 1571103 1521313 1636522 1876570 1859862 1549320 1604186 1586311 1568400 1579291 1527537 1655531 1647790 1526783 1873870 1551722 1696082 1557157 1890979 1555953 1620598 1817804 1605742 1493760 1601171 1831046 1585612 1839634 1481269 1634593 1872309 1856355 1616669 1630274 1808517 1585559 1847414 1627525 1589872 1616633 1786734 1792548 1543150 1597963 1514347 1511283 1586713 1861417 1814740 1715466 1817851 1523278 1668825 1647040 1703862 1616730 1591387 1601074 1616731 1761430 1752450 1649308 1856750 1831855 1613521 1585515 1641970 1580944 1573068 1814693 1629178 1658740 1655628 1662955 1571952 1573068 1817805 1641625 1794104 1613960 1538838 1663408 1650961 1810072 1585515 1827534 1545863 1621398 1573068 1593747 1555953 1838424 1543548 1789846 1648196 1666519 1654028 1876980 1582851 1684391 1543941 1635304 1887868 1663311 1556754 1846615 1794460 1655531 1824075 1567688 1562176 1685190 1830655 1652516 1644639 1566844 1647848 1554397 1810073 1632250 1886312 1541235 1598415 1556397 1635401 1766507 1586368 1597221 1768063 1520167 1792505 1652111 1636904 1628361 1611612 1691414 1898759 1822110 1532205 1818215 1819355 1685538 1621301 1793706 1568090 1649307 1794105 1841540 1532614 1534569 1836875 1557509 1590980 1547024 1862973 1596856 1822112 1637672 1596407 1681634 1579740 1548173 1848170 1678115 1671187 1804995 1836523 1881644 1549320 1594947]
Requests Number (per Connection):  [983 1038 1051 982 1176 1146 1005 1016 973 966 1150 1139 1133 1155 1187 1001 1122 1029 1040 1167 1061 1037 996 968 966 1018 1131 1049 1008 1170 1046 1069 1169 1151 1160 1065 969 982 1029 970 1054 999 1012 991 1203 1146 1164 967 970 990 1024 1004 1162 1169 1176 1060 1035 1155 1141 967 978 1152 1159 1000 1017 968 998 1045 1203 1059 1172 998 1161 1188 1022 1007 965 1002 1041 1067 957 988 993 1015 1052 1064 990 1187 1020 1038 965 1214 1151 976 1061 1167 1210 1207 1166 1196 1064 989 1165 1009 986 1159 1172 1053 981 1172 1074 971 1165 1142 1140 997 1032 1185 1053 1203 997 982 1046 1007 962 1205 1044 1044 987 1197 1002 970 1043 1196 1185 988 1023 1011 1000 1007 974 1056 1050 973 1194 988 1080 992 1205 992 1032 1159 1024 951 1019 1167 1009 1172 944 1041 1193 1183 1030 1039 1152 1010 1177 1038 1012 1031 1138 1142 983 1019 965 962 1011 1186 1156 1094 1158 971 1063 1049 1085 1029 1014 1021 1029 1122 1117 1052 1183 1167 1029 1011 1046 1006 1003 1157 1037 1056 1054 1060 1001 1003 1159 1045 1143 1028 981 1059 1051 1153 1011 1165 985 1032 1003 1015 992 1172 983 1140 1050 1061 1054 1196 1008 1073 983 1043 1203 1061 992 1177 1144 1056 1162 998 996 1073 1167 1052 1049 999 1049 991 1153 1040 1202 981 1018 991 1041 1125 1010 1018 1126 969 1143 1052 1043 1037 1027 1077 1210 1161 977 1159 1160 1074 1034 1143 998 1052 1143 1174 977 978 1171 993 1014 986 1187 1017 1161 1044 1018 1072 1006 987 1178 1070 1064 1150 1170 1199 988 1015]
Requests/sec:  6022.0982421875 KB
Transfer/sec:  14193.003271484375 KB

