2023-12-03 05:23:41.259811821 +0800 CST m=+35776.537747197
Running 1m0s myx-test @ https://192.168.12.127:6443/apis/apps/v1/namespaces/myx-test/replicasets
3 connections
Requests/bytes (per Connection):  [7647421 6879055 6804803]
Response/bytes (per Connection):  [13111407 11794931 11666803]
Requests Number (per Connection):  [6589 5927 5863]
Requests/sec:  347.18878580729165 KB
Transfer/sec:  942.4547526041666 KB

2023-12-03 05:25:21.305864011 +0800 CST m=+35876.583799399
Running 1m0s myx-test @ https://192.168.12.127:6443/apis/apps/v1/namespaces/myx-test/replicasets
6 connections
Requests/bytes (per Connection):  [5627925 4929223 5087026 5659269 4951216 5031381]
Response/bytes (per Connection):  [9648500 8450588 8723092 9701849 8491069 8624895]
Requests Number (per Connection):  [4849 4247 4383 4876 4266 4335]
Requests/sec:  509.212890625 KB
Transfer/sec:  1382.2596516927083 KB

2023-12-03 05:27:01.362656656 +0800 CST m=+35976.640592031
Running 1m0s myx-test @ https://192.168.12.127:6443/apis/apps/v1/namespaces/myx-test/replicasets
9 connections
Requests/bytes (per Connection):  [6475180 6450790 6435735 6133917 6095617 6073550 6970765 6945226 7002092]
Response/bytes (per Connection):  [11101859 11060354 11033417 10517983 10452359 10415236 11951455 11907986 12006074]
Requests Number (per Connection):  [5579 5558 5545 5285 5252 5233 6006 5984 6033]
Requests/sec:  953.497265625 KB
Transfer/sec:  2588.372314453125 KB

2023-12-03 05:28:41.789717109 +0800 CST m=+36077.067652500
Running 1m0s myx-test @ https://192.168.12.127:6443/apis/apps/v1/namespaces/myx-test/replicasets
15 connections
Requests/bytes (per Connection):  [5248390 6208213 5250710 5691772 5255336 6103753 6074723 6159457 5213562 5655716 5660370 5713820 5224011 6160618 5665003]
Response/bytes (per Connection):  [8998170 10644868 9002549 9757601 9011293 10465342 10416366 10561453 8938892 9699283 9706339 9795992 8956676 10563429 9714661]
Requests Number (per Connection):  [4522 5349 4524 4904 4528 5259 5234 5307 4492 4873 4877 4923 4501 5308 4881]
Requests/sec:  1388.1096028645834 KB
Transfer/sec:  3768.202604166667 KB

2023-12-03 05:30:21.880154421 +0800 CST m=+36177.158089795
Running 1m0s myx-test @ https://192.168.12.127:6443/apis/apps/v1/namespaces/myx-test/replicasets
30 connections
Requests/bytes (per Connection):  [3523693 4206132 3521371 3544565 3882331 3528336 3797584 3499299 4107465 3895085 3857952 3585152 3502797 4186407 3527162 4144616 3849826 3808041 4131883 4136488 4175958 3888135 4155062 3524845 3505098 4202659 3837055 4208438 3886973 3897421]
Response/bytes (per Connection):  [6040933 7212030 6036981 6077762 6655696 6048836 6511454 5999853 7043230 6678273 6614202 6148590 6005367 7177592 6047705 7106032 6600371 6528817 7083047 7092628 7159808 6665575 7124242 6043329 6010156 7205254 6578635 7215966 6664027 6681810]
Requests Number (per Connection):  [3036 3624 3034 3054 3345 3040 3272 3015 3539 3356 3324 3089 3018 3607 3039 3571 3317 3281 3560 3564 3598 3350 3580 3037 3020 3621 3306 3626 3349 3358]
Requests/sec:  1880.172998046875 KB
Transfer/sec:  5103.776529947917 KB

2023-12-03 05:32:01.945050745 +0800 CST m=+36277.222986135
Running 1m0s myx-test @ https://192.168.12.127:6443/apis/apps/v1/namespaces/myx-test/replicasets
60 connections
Requests/bytes (per Connection):  [2538327 2250475 2494215 2255139 2459387 2548775 2244639 2286465 2490732 2473318 2241156 2513948 2465192 2529042 2518567 2505824 2494180 2277127 2493054 2255084 2219160 2574301 2450089 2503444 2464007 2483764 2238838 2258603 2464029 2444290 2273660 2458218 2541731 2505824 2250496 2479113 2230730 2542913 2273643 2223803 2279449 2487228 2244677 2474479 2455888 2240057 2257420 2455905 2497690 2444296 2244682 2489571 2510467 2488410 2498805 2532525 2415280 2506985 2539464 2481445]
Response/bytes (per Connection):  [4351191 3858645 4275680 3865711 4216402 4368974 3849592 3919900 4269752 4240113 3843664 4309697 4226282 4334957 4318434 4295439 4277361 3905758 4273704 3866943 3803609 4412859 4201013 4294003 4225569 4258323 3839287 3872478 4224733 4190710 3898988 4214847 4360472 4295439 3857379 4250412 3825045 4361611 3899829 3811512 3909710 4264661 3848343 4242089 4211316 3839176 3870480 4210475 4282029 4190716 3848348 4267776 4303342 4265800 4285675 4340885 4140896 4297415 4354001 4253945]
Requests Number (per Connection):  [2187 1939 2149 1943 2119 2196 1934 1970 2146 2131 1931 2166 2124 2179 2170 2159 2149 1962 2148 1943 1912 2218 2111 2157 2123 2140 1929 1946 2123 2106 1959 2118 2190 2159 1939 2136 1922 2191 1959 1916 1964 2143 1934 2132 2116 1930 1945 2116 2152 2106 1934 2145 2163 2144 2153 2182 2081 2160 2188 2138]
Requests/sec:  2356.1201985677085 KB
Transfer/sec:  6395.726236979167 KB

2023-12-03 05:33:42.299713679 +0800 CST m=+36377.577649075
Running 1m0s myx-test @ https://192.168.12.127:6443/apis/apps/v1/namespaces/myx-test/replicasets
90 connections
Requests/bytes (per Connection):  [1724697 1739789 1718893 1968408 1923132 1713088 1948704 2006716 1728191 1739789 1938303 1945269 1744429 1717733 1930125 1887222 1723552 1975447 1749076 1732830 1752559 1695676 1954555 1915085 1706124 1944028 1702642 2002072 1928974 1944028 1949875 1906896 1908053 1958038 1937069 1715412 1740950 1981233 1715410 1722375 1756033 1731671 1707284 1939464 1761828 1948696 1952225 1723552 1931306 1970796 1700318 1955716 1896433 1739789 1904562 1725858 1946422 1935902 1940546 1747915 1889531 1930138 1959176 1934761 1957959 1731663 1904619 1927830 1732831 1983499 1962603 1974275 1952195 1988141 1946429 1949863 1960350 1966085 1969615 1955638 1956823 1946388 1944088 1953335 1911523 1958039 1909224 1913923 2004393 1947563]
Response/bytes (per Connection):  [2957237 2982924 2947358 3375959 3298898 2937478 3341113 3441591 2962747 2982924 3321232 3333088 2991253 2944954 3309065 3234291 2954419 3385314 2998731 2971075 3004659 2907412 3348894 3281714 2925195 3334464 2919268 3433687 3307528 3334464 3342670 3270394 3272366 3354822 3321757 2941003 2984900 3395604 2941430 2953285 3011436 2968672 2927599 3323208 3021306 3341105 3345363 2954419 3310632 3377403 2915743 3350870 3253025 2982924 3266430 2959213 3335914 3320633 3328537 2996755 3239088 3309078 3358062 3317819 3358175 2969093 3265200 3304711 2970647 3401645 3366079 3383756 3347049 3409976 3335063 3343516 3359622 3372006 3376265 3354224 3354937 3336738 3332379 3349433 3279139 3354823 3273923 3279737 3437638 3338299]
Requests Number (per Connection):  [1486 1499 1481 1696 1657 1476 1679 1729 1489 1499 1670 1676 1503 1480 1663 1626 1485 1702 1507 1493 1510 1461 1684 1650 1470 1675 1467 1725 1662 1675 1680 1643 1644 1687 1669 1478 1500 1707 1478 1484 1513 1492 1471 1671 1518 1679 1682 1485 1664 1698 1465 1685 1634 1499 1641 1487 1677 1668 1672 1506 1628 1663 1688 1667 1687 1492 1641 1661 1493 1709 1691 1701 1682 1713 1677 1680 1689 1694 1697 1685 1686 1677 1675 1683 1647 1687 1645 1649 1727 1678]
Requests/sec:  2743.738004557292 KB
Transfer/sec:  7447.782177734375 KB

2023-12-03 05:35:22.359749815 +0800 CST m=+36477.637685184
Running 1m0s myx-test @ https://192.168.12.127:6443/apis/apps/v1/namespaces/myx-test/replicasets
150 connections
Requests/bytes (per Connection):  [1318488 1175671 1210572 1249982 1328919 1215222 1342862 1340552 1370703 1354450 1338197 1195410 1339359 1198932 1320786 1318516 1359123 1234926 1325427 1374186 1356803 1332392 1382312 1345204 1195487 1333588 1219786 1361415 1342874 1338198 1209363 1375346 1338199 1201212 1302211 1203612 1224509 1212821 1197806 1227912 1360255 1285981 1227913 1369542 1349807 1333564 1333605 1344001 1164063 1303370 1225662 1331232 1256935 1202452 1197794 1190763 1326588 1232635 1239522 1236100 1292987 1201212 1238440 1173350 1326590 1326605 1353291 1211739 1323167 1310381 1321968 1328926 1321946 1349826 1207095 1331233 1354450 1364898 1200051 1331232 1214061 1370702 1327749 1353289 1203613 1223342 1189667 1203569 1230287 1347485 1314981 1316142 1330071 1342874 1333605 1370707 1342856 1208215 1379990 1362602 1360282 1209338 1350967 1333600 1292960 1319629 1323108 1306853 1326602 1225670 1356803 1315031 1386961 1320784 1350998 1356781 1386955 1316140 1360254 1218637 1345163 1309193 1209339 1368402 1194300 1299888 1219865 1338199 1347523 1309176 1334716 1355642 1357932 1212859 1360254 1337036 1342851 1339360 1202452 1330072 1325430 1376508 1330115 1339359 1175681 1214017 1195475 1353289 1346324 1219833]
Response/bytes (per Connection):  [2259772 2017997 2074774 2144039 2278825 2081826 2301690 2297321 2350378 2322715 2295052 2051162 2297029 2055842 2264987 2258942 2329361 2117101 2273317 2356306 2325411 2285172 2370137 2305233 2048236 2285467 2093082 2334570 2301273 2295053 2074037 2358281 2294625 2061468 2233372 2062066 2097633 2081227 2052614 2106913 2332595 2204874 2106914 2348402 2314812 2286301 2284626 2304931 1998239 2235775 2100459 2283197 2156311 2060091 2053031 2043684 2275293 2111464 2126673 2118232 2215054 2061468 2121344 2014046 2274866 2274023 2320312 2075898 2266424 2245531 2266126 2277974 2266962 2313544 2067994 2282769 2322715 2340498 2059492 2283197 2079850 2350377 2277269 2320739 2062067 2096509 2039199 2063739 2108773 2310860 2255107 2257083 2281221 2301273 2285055 2349953 2302113 2071645 2366185 2335714 2331764 2075299 2316787 2285050 2215885 2263015 2268939 2241703 2274449 2099609 2325411 2253012 2377617 2265414 2315531 2326247 2378040 2257510 2332594 2090260 2306908 2244386 2075300 2345589 2047521 2229848 2089729 2294625 2309182 2245227 2288697 2323864 2328642 2079549 2332594 2293076 2302537 2296601 2060091 2280793 2272891 2360258 2279120 2297029 2017578 2081522 2049082 2320739 2308884 2091413]
Requests Number (per Connection):  [1136 1013 1043 1077 1145 1047 1157 1155 1181 1167 1153 1030 1154 1033 1138 1136 1171 1064 1142 1184 1169 1148 1191 1159 1030 1149 1051 1173 1157 1153 1042 1185 1153 1035 1122 1037 1055 1045 1032 1058 1172 1108 1058 1180 1163 1149 1149 1158 1003 1123 1056 1147 1083 1036 1032 1026 1143 1062 1068 1065 1114 1035 1067 1011 1143 1143 1166 1044 1140 1129 1139 1145 1139 1163 1040 1147 1167 1176 1034 1147 1046 1181 1144 1166 1037 1054 1025 1037 1060 1161 1133 1134 1146 1157 1149 1181 1157 1041 1189 1174 1172 1042 1164 1149 1114 1137 1140 1126 1143 1056 1169 1133 1195 1138 1164 1169 1195 1134 1172 1050 1159 1128 1042 1179 1029 1120 1051 1153 1161 1128 1150 1168 1170 1045 1172 1152 1157 1154 1036 1146 1142 1186 1146 1154 1013 1046 1030 1166 1160 1051]
Requests/sec:  3163.556591796875 KB
Transfer/sec:  8587.589615885418 KB

2023-12-03 05:37:02.472767771 +0800 CST m=+36577.750703169
Running 1m0s myx-test @ https://192.168.12.127:6443/apis/apps/v1/namespaces/myx-test/replicasets
300 connections
Requests/bytes (per Connection):  [818198 941249 820596 941251 869353 856544 870515 912257 927350 882044 818273 808978 812439 847217 862386 804343 821697 940098 921582 860058 933122 812469 865852 851940 906462 815924 863549 873998 812469 872758 804342 830989 942443 860067 928481 951698 829883 870444 957514 790414 913389 872794 862309 804342 798517 817047 879754 824075 824078 868128 942423 875137 828722 904181 929642 853081 952907 827523 827523 885606 937769 796176 938970 818273 817073 811301 925016 942412 825161 812467 872837 869332 861197 813595 931964 911068 824078 850700 795049 955245 978439 927338 867002 779966 841479 894814 799690 863470 936612 929642 869354 837970 969142 912244 904102 943572 817063 856584 837978 882045 941266 868193 796159 972655 826355 952858 788091 951699 827490 825234 810147 833346 801954 844916 965630 936666 863470 791509 866962 915790 884400 928493 869278 941251 878608 972633 936607 869323 867032 945944 954049 799674 815922 935446 846056 862342 833286 891332 824057 857738 865849 788038 803155 793894 898333 926160 835687 887920 835688 944796 857727 855397 934285 807799 812470 838009 899512 819355 956349 849618 987735 815924 785770 878562 964497 926225 829883 935446 878568 967950 793896 836848 906432 812417 911067 934364 891370 925077 790414 947055 853101 805475 853100 827499 855396 797311 800784 971476 839170 876271 826351 868166 901780 806653 815879 958679 835639 802021 979559 876267 899458 862309 808959 908746 803182 813604 848457 956402 786931 776483 819417 844975 926159 949438 876253 948285 855423 804343 920354 882055 839170 933183 875158 858906 875145 951747 824078 797329 855381 858905 908796 832167 790390 879799 931964 878562 827498 937817 876319 847297 933183 853101 813551 949392 962205 920425 869277 812447 805506 854261 792734 878572 873997 919204 872819 802021 948217 799701 791573 921515 974937 858906 927320 941255 822868 811232 928481 819434 940154 919194 796214 793891 948217 812419 919194 841492 878616 877445 819355 904181 862357 872796 820570 858896 942444 844974 893653 875079 945895 964505 954023 875158 863470 808932 791572 935515 950618 806664 937787 863549]
Response/bytes (per Connection):  [1404785 1615084 1405810 1614657 1488797 1468739 1490774 1564430 1590118 1513885 1401857 1386471 1392806 1454608 1477369 1378147 1410300 1612689 1578559 1473411 1601252 1391978 1483709 1459159 1554131 1398736 1478918 1496702 1391978 1498079 1378146 1425683 1615377 1472991 1592922 1632868 1421617 1493706 1641901 1354009 1567235 1496828 1480295 1378146 1369104 1402390 1508249 1411734 1411737 1489331 1616215 1499514 1419641 1548075 1594898 1462402 1632318 1419343 1419343 1516460 1608730 1365562 1609030 1401857 1401129 1390424 1586583 1616633 1417067 1392405 1494726 1490063 1476652 1395635 1598850 1563284 1411737 1460536 1362333 1635857 1676638 1590106 1486103 1336226 1442221 1535620 1370234 1482271 1606758 1594898 1488798 1437125 1661250 1564846 1551428 1618608 1401977 1467063 1436704 1513886 1614243 1486822 1366403 1666350 1417360 1634843 1350056 1632440 1420168 1413708 1388026 1427954 1376702 1449390 1656151 1604667 1482271 1358493 1487350 1567834 1516584 1592505 1491725 1614657 1505859 1666328 1606753 1490483 1484846 1620465 1635133 1371076 1398734 1604777 1452632 1478612 1430897 1529693 1412574 1469461 1484135 1352577 1377431 1360363 1539868 1588971 1431496 1521262 1431497 1618502 1470308 1466348 1602801 1384906 1391550 1435448 1541433 1407186 1640350 1455207 1691596 1398736 1346105 1507958 1652916 1586462 1421617 1604777 1507535 1660530 1359936 1433472 1554959 1394071 1563283 1599448 1528015 1583641 1354009 1624536 1461135 1380952 1461134 1419748 1466347 1368799 1375146 1664356 1437424 1502321 1417785 1488082 1547476 1382516 1400836 1643881 1433164 1374195 1680289 1502746 1543524 1480295 1386881 1559332 1376171 1395215 1453231 1638258 1348081 1330298 1404245 1447304 1588970 1626404 1503161 1623578 1465087 1378147 1579090 1513467 1437424 1598739 1498677 1471015 1499522 1630343 1411737 1368388 1466332 1471014 1557666 1427247 1355272 1507007 1598850 1507958 1419747 1607062 1500653 1451256 1598739 1461135 1397307 1628074 1648136 1576587 1491724 1392814 1379696 1463110 1358388 1507539 1496701 1576696 1495566 1374195 1626513 1369816 1356412 1581066 1671120 1471015 1590946 1614661 1411428 1392929 1592922 1403833 1610171 1577115 1364742 1360360 1626513 1393644 1577115 1441376 1505867 1504310 1407186 1548075 1477769 1495972 1407071 1471863 1615378 1447303 1533644 1502030 1622561 1652924 1635965 1498677 1482271 1388141 1356411 1601843 1627112 1382098 1608319 1478918]
Requests Number (per Connection):  [705 811 707 811 749 738 750 786 799 760 705 697 700 730 743 693 708 810 794 741 804 700 746 734 781 703 744 753 700 752 693 716 812 741 800 820 715 750 825 681 787 752 743 693 688 704 758 710 710 748 812 754 714 779 801 735 821 713 713 763 808 686 809 705 704 699 797 812 711 700 752 749 742 701 803 785 710 733 685 823 843 799 747 672 725 771 689 744 807 801 749 722 835 786 779 813 704 738 722 760 811 748 686 838 712 821 679 820 713 711 698 718 691 728 832 807 744 682 747 789 762 800 749 811 757 838 807 749 747 815 822 689 703 806 729 743 718 768 710 739 746 679 692 684 774 798 720 765 720 814 739 737 805 696 700 722 775 706 824 732 851 703 677 757 831 798 715 806 757 834 684 721 781 700 785 805 768 797 681 816 735 694 735 713 737 687 690 837 723 755 712 748 777 695 703 826 720 691 844 755 775 743 697 783 692 701 731 824 678 669 706 728 798 818 755 817 737 693 793 760 723 804 754 740 754 820 710 687 737 740 783 717 681 758 803 757 713 808 755 730 804 735 701 818 829 793 749 700 694 736 683 757 753 792 752 691 817 689 682 794 840 740 799 811 709 699 800 706 810 792 686 684 817 700 792 725 757 756 706 779 743 752 707 740 812 728 770 754 815 831 822 754 744 697 682 806 819 695 808 744]
Requests/sec:  4254.270817057291 KB
Transfer/sec:  11547.71689453125 KB

