2023-12-02 15:52:18.649010892 +0800 CST m=+248.524819677
Running 1m0s myx-test @ https://192.168.12.127:6443/api/v1/namespaces/myx-test/replicationcontrollers
3 connections
Requests/bytes (per Connection):  [15462124 13899573 13281835]
Response/bytes (per Connection):  [26728318 24026529 22958923]
Requests Number (per Connection):  [13141 11813 11288]
Requests/sec:  694.0679036458333 KB
Transfer/sec:  1893.8362955729167 KB

2023-12-02 16:01:40.113212924 +0800 CST m=+257.026090797
Running 1m0s myx-test @ https://192.168.12.127:6443/api/v1/namespaces/myx-test/replicationcontrollers
3 connections
Requests/bytes (per Connection):  [15762156 14074880 14161969]
Response/bytes (per Connection):  [27054984 24158846 24308317]
Requests Number (per Connection):  [13396 11962 12036]
Requests/sec:  716.129638671875 KB
Transfer/sec:  1945.33125 KB

2023-12-02 16:03:20.487961532 +0800 CST m=+357.400839446
Running 1m0s myx-test @ https://192.168.12.127:6443/api/v1/namespaces/myx-test/replicationcontrollers
6 connections
Requests/bytes (per Connection):  [4573570 4344154 4565332 5221882 4370040 5218351]
Response/bytes (per Connection):  [7850311 7456510 7836172 8963116 7500942 8957056]
Requests Number (per Connection):  [3887 3692 3880 4438 3714 4435]
Requests/sec:  460.50340169270834 KB
Transfer/sec:  1250.9348307291666 KB

2023-12-02 16:05:00.596377878 +0800 CST m=+457.509255751
Running 1m0s myx-test @ https://192.168.12.127:6443/api/v1/namespaces/myx-test/replicationcontrollers
9 connections
Requests/bytes (per Connection):  [13119476 11346287 13102962 11306272 11393362 13045343 11406282 11322749 11375710]
Response/bytes (per Connection):  [22518926 19475336 22490610 19406659 19556131 22391684 19578324 19434938 19525834]
Requests Number (per Connection):  [11150 9643 11136 9609 9683 11087 9694 9623 9668]
Requests/sec:  1748.3470540364583 KB
Transfer/sec:  4749.298258463542 KB

2023-12-02 16:06:40.721523656 +0800 CST m=+557.634401570
Running 1m0s myx-test @ https://192.168.12.127:6443/api/v1/namespaces/myx-test/replicationcontrollers
15 connections
Requests/bytes (per Connection):  [9577806 9377763 8419976 8136423 8083463 8449401 9538960 8142299 9604873 8416448 8147016 8431769 9584826 8422330 8083493]
Response/bytes (per Connection):  [16439826 16096473 14452484 13965768 13874873 14502984 16373161 13975859 16486282 14446427 13983948 14472707 16451904 14456524 13874903]
Requests Number (per Connection):  [8140 7970 7156 6915 6870 7181 8107 6920 8163 7153 6924 7166 8146 7158 6870]
Requests/sec:  2122.67001953125 KB
Transfer/sec:  5766.129052734375 KB

2023-12-02 16:08:23.663702446 +0800 CST m=+660.576580372
Running 1m0s myx-test @ https://192.168.12.127:6443/api/v1/namespaces/myx-test/replicationcontrollers
30 connections
Requests/bytes (per Connection):  [4698241 4728841 5003059 4520610 4731274 4697146 5136032 5044251 4530026 5075970 4528875 4731274 4750058 5175984 5081899 4760618 4719505 4524156 5091321 5053665 4542971 4766582 4526546 4526532 4565332 5121902 4655915 5073671 4479490 4542971]
Response/bytes (per Connection):  [8064340 8116858 8587495 7759416 8120977 8062402 8815727 8658192 7775576 8712672 7773582 8120977 8153249 8884341 8722816 8171396 8100778 7765491 8738982 8674350 7797794 8181575 7769567 7769553 7836172 8791481 7991666 8708687 7688791 7797794]
Requests Number (per Connection):  [3993 4019 4252 3842 4021 3992 4365 4287 3850 4314 3849 4021 4037 4399 4319 4046 4011 3845 4327 4295 3861 4051 3847 3847 3880 4353 3957 4312 3807 3861]
Requests/sec:  2333.735628255208 KB
Transfer/sec:  6339.476139322916 KB

2023-12-02 16:10:25.241609326 +0800 CST m=+782.154487216
Running 1m0s myx-test @ https://192.168.12.127:6443/api/v1/namespaces/myx-test/replicationcontrollers
60 connections
Requests/bytes (per Connection):  [4955971 4952452 5041879 5152525 4472358 5028935 4530025 4986544 5197168 5047707 5003058 5159562 4504134 4519434 5011295 4979522 5168955 4493600 4498250 5054778 4559447 5010121 5178387 4506488 5217240 4966573 5211349 4995998 5159526 5150156 5174807 4580631 5178398 4986582 4510017 5163089 4500658 5006589 4545339 5010119 4468877 5220705 5146617 5180691 4468827 4524140 5008942 5154879 4977147 5187790 4540617 5184301 5099485 4531250 5153678 5011290 4986569 4562980 4473594 4523009]
Response/bytes (per Connection):  [8506687 8500639 8654134 8844022 7676601 8631917 7775575 8559178 8920699 8664177 8587494 8856117 7731138 7757397 8601632 8547098 8872254 7713017 7721039 8676306 7826072 8599615 8888430 7735178 8955102 8524876 8944996 8575376 8856081 8839967 8882321 7862430 8888441 8559216 7741236 8862173 7725133 8593554 7801848 8599613 7670591 8961096 8833899 8892420 7670541 7765475 8597593 8848062 8543037 8904577 7793754 8898559 8753047 7777643 8846018 8601627 8559203 7832134 7678680 7763501]
Requests Number (per Connection):  [4212 4209 4285 4379 3801 4274 3850 4238 4417 4290 4252 4385 3828 3841 4259 4232 4393 3819 3823 4296 3875 4258 4401 3830 4434 4221 4429 4246 4385 4377 4398 3893 4401 4238 3833 4388 3825 4255 3863 4258 3798 4437 4374 4403 3798 3845 4257 4381 4230 4409 3859 4406 4334 3851 4380 4259 4238 3878 3802 3844]
Requests/sec:  4781.49501953125 KB
Transfer/sec:  12988.69287109375 KB

2023-12-02 16:12:05.330523751 +0800 CST m=+882.243401621
Running 1m0s myx-test @ https://192.168.12.127:6443/api/v1/namespaces/myx-test/replicationcontrollers
90 connections
Requests/bytes (per Connection):  [4020586 3409857 3435747 3752323 3420527 3433410 3971104 3419331 3656933 3408740 4012348 3719381 3379313 4052332 3408694 4022940 3998201 3426334 3398164 3737016 3425234 3419270 3773476 3753486 4039417 3411034 4026471 3715846 3714594 3722884 3700550 4005287 4013525 3745194 3727540 3707533 3431042 3728739 3391060 3685171 3697019 4028825 3427589 3407503 3727589 4009934 3993446 4054717 3682876 3444046 3692240 4051108 3454582 3436926 3727599 3719369 4031168 3779324 3992317 3412233 4049946 3389907 3704002 3395734 4014623 4051107 4028797 3989987 3971156 3709915 4048832 4061728 3375727 3412284 3758137 3425188 4016977 3398150 3698117 3949972 4015879 3767555 3429933 3399322 3786386 4039338 3727540 4022940 3678189 3402837]
Response/bytes (per Connection):  [6901117 5852871 5897307 6440650 5871128 5893284 6816229 5869089 6276977 5850911 6886978 6384104 5800409 6955624 5850865 6905157 6862715 5881150 5832748 6414384 5879207 5869028 6476977 6442656 6933436 5854891 6911217 6378040 6375945 6390136 6351785 6874859 6888998 6428463 6398164 6363826 5889230 6400206 5820586 6325447 6345725 6915257 5883248 5848831 6398213 6882878 6854588 6959695 6321466 5911507 6337574 6953557 5929630 5899329 6398223 6384092 6919286 6487040 6852616 5856933 6951552 5818590 6357766 5828632 6890939 6953556 6915229 6848600 6816281 6367894 6949595 6971764 5794294 5856984 6450679 5879161 6894979 5832734 6347666 6779923 6893038 6466841 5887278 5834749 6499160 6933357 6398164 6905157 6313407 5840793]
Requests Number (per Connection):  [3417 2898 2920 3189 2907 2918 3375 2906 3108 2897 3410 3161 2872 3444 2897 3419 3398 2912 2888 3176 2911 2906 3207 3190 3433 2899 3422 3158 3157 3164 3145 3404 3411 3183 3168 3151 2916 3169 2882 3132 3142 3424 2913 2896 3168 3408 3394 3446 3130 2927 3138 3443 2936 2921 3168 3161 3426 3212 3393 2900 3442 2881 3148 2886 3412 3443 3424 3391 3375 3153 3441 3452 2869 2900 3194 2911 3414 2888 3143 3357 3413 3202 2915 2889 3218 3433 3168 3419 3126 2892]
Requests/sec:  5447.774235026041 KB
Transfer/sec:  14798.608284505208 KB

2023-12-02 16:13:45.409033802 +0800 CST m=+982.321911691
Running 1m0s myx-test @ https://192.168.12.127:6443/api/v1/namespaces/myx-test/replicationcontrollers
150 connections
Requests/bytes (per Connection):  [2340374 2846262 2467400 2810974 2454467 2356830 2417971 2818035 2794523 2816859 2453290 2326251 2849812 2492113 2433269 2834512 2280314 2807457 2333234 2452100 2263857 2486223 2845086 2450922 2462692 2430941 2287334 2833329 2296749 2392145 2326172 2475634 2499176 2509768 2436800 2326251 2495645 2848614 2815689 2786283 2315615 2874485 2503875 2295651 2466226 2347357 2319185 2462692 2863922 2460347 2793321 2501530 2839205 2845090 2309708 2509756 2445038 2794497 2765077 2477985 2445060 2827448 2445038 2332057 2349710 2440331 2520358 2302704 2834512 2786290 2306239 2454453 2803913 2513297 2815682 2316817 2469753 2865111 2492114 2322720 2728629 2283838 2267392 2313226 2833328 2845104 2505061 2335602 2315656 2506218 2475637 2816859 2310911 2307421 2805089 2790967 2827448 2281481 2304987 2760407 2460337 2827451 2353278 2463868 2800382 2747429 2454453 2330880 2819213 2379196 2810974 2457995 2499152 2346258 2856873 2403846 2759214 2319117 2313276 2333234 2316836 2343899 2821566 2456808 2825097 2309750 2359126 2525038 2294395 2245044 2475638 2839220 2772148 2805089 2502707 2330939 2492114 2327428 2284980 2450923 2340366 2354497 2325074 2794497 2788613 2780402 2466223 2472107 2394431 2798028]
Response/bytes (per Connection):  [4017101 4885479 4235171 4824901 4212965 4045359 4150336 4837020 4796648 4835001 4210945 3992862 4891558 4277587 4176593 4865299 3914048 4818855 4004903 4208912 3885789 4267482 4883460 4206891 4227091 4172579 3926126 4863273 3942285 4105964 3992783 4249306 4289708 4307887 4182653 3992862 4283648 4889517 4832988 4782507 3974639 4933934 4297779 3940344 4233154 4029142 3980738 4227091 4915784 4223060 4794603 4293748 4873364 4883464 3964517 4307875 4196792 4796622 4746127 4253343 4196814 4853177 4196792 4002883 4033181 4188713 4326064 3952455 4865299 4782514 3958519 4212951 4812782 4313945 4832981 3976684 4239210 4917816 4277588 3986802 4683546 3920101 3891853 3970564 4863272 4883478 4299808 4008957 3974680 4301808 4249309 4835001 3966563 3960544 4814801 4790563 4853177 3916058 3956424 4738085 4223050 4853180 4039278 4229110 4806722 4715834 4212951 4000863 4839041 4083742 4824901 4219022 4289684 4027200 4903677 4126095 4736049 3980670 3970614 4004903 3976703 4023155 4843080 4216992 4849140 3964559 4049341 4334116 3938245 3853488 4249310 4873379 4758256 4814801 4295768 4000922 4277588 3994882 3922086 4206892 4017093 4041340 3990842 4796622 4786523 4772411 4233151 4243250 4109936 4802682]
Requests Number (per Connection):  [1989 2419 2097 2389 2086 2003 2055 2395 2375 2394 2085 1977 2422 2118 2068 2409 1938 2386 1983 2084 1924 2113 2418 2083 2093 2066 1944 2408 1952 2033 1977 2104 2124 2133 2071 1977 2121 2421 2393 2368 1968 2443 2128 1951 2096 1995 1971 2093 2434 2091 2374 2126 2413 2418 1963 2133 2078 2375 2350 2106 2078 2403 2078 1982 1997 2074 2142 1957 2409 2368 1960 2086 2383 2136 2393 1969 2099 2435 2118 1974 2319 1941 1927 1966 2408 2418 2129 1985 1968 2130 2104 2394 1964 1961 2384 2372 2403 1939 1959 2346 2091 2403 2000 2094 2380 2335 2086 1981 2396 2022 2389 2089 2124 1994 2428 2043 2345 1971 1966 1983 1969 1992 2398 2088 2401 1963 2005 2146 1950 1908 2104 2413 2356 2384 2127 1981 2118 1978 1942 2083 1989 2001 1976 2375 2370 2363 2096 2101 2035 2378]
Requests/sec:  6187.080013020834 KB
Transfer/sec:  16806.89386393229 KB

