2023-12-02 19:31:31.351549315 +0800 CST m=+246.629484703
Running 1m0s myx-test @ https://192.168.12.127:6443/api/v1/namespaces/myx-test/resourcequotas
3 connections
Requests/bytes (per Connection):  [17983987 20979556 17814574]
Response/bytes (per Connection):  [12743056 14866692 12621336]
Requests Number (per Connection):  [15495 18076 15349]
Requests/sec:  924.122998046875 KB
Transfer/sec:  1578.9257975260416 KB

2023-12-02 19:33:11.404536761 +0800 CST m=+346.682472125
Running 1m0s myx-test @ https://192.168.12.127:6443/api/v1/namespaces/myx-test/resourcequotas
6 connections
Requests/bytes (per Connection):  [15938961 15757928 18555069 15945978 15767164 18422725]
Response/bytes (per Connection):  [11293594 11164596 13145475 11296855 11172660 13053259]
Requests Number (per Connection):  [13733 13577 15987 13739 13585 15873]
Requests/sec:  1633.9164225260417 KB
Transfer/sec:  2791.573307291667 KB

2023-12-02 19:34:51.668932112 +0800 CST m=+446.946867489
Running 1m0s myx-test @ https://192.168.12.127:6443/api/v1/namespaces/myx-test/resourcequotas
9 connections
Requests/bytes (per Connection):  [15129990 12676403 13531812 14861884 12686917 12742631 15019738 13379735 13433216]
Response/bytes (per Connection):  [10720925 8982696 9588134 10531254 8987576 9027216 10642469 9481758 9515759]
Requests Number (per Connection):  [13036 10922 11659 12805 10931 10979 12941 11528 11574]
Requests/sec:  2009.4779622395833 KB
Transfer/sec:  3433.270068359375 KB

2023-12-02 19:36:31.756255445 +0800 CST m=+547.034190823
Running 1m0s myx-test @ https://192.168.12.127:6443/api/v1/namespaces/myx-test/resourcequotas
15 connections
Requests/bytes (per Connection):  [10142786 10054556 10531533 10119548 10636088 10544346 10114924 10619756 12276040 12344515 12340976 10615171 12328264 10121887 12365349]
Response/bytes (per Connection):  [7185848 7124370 7463662 7170472 7534071 7471370 7166434 7525955 8696786 8745726 8745298 7520312 8733992 7171696 8762690]
Requests Number (per Connection):  [8739 8663 9074 8719 9164 9085 8715 9150 10577 10636 10633 9146 10622 8721 10654]
Requests/sec:  2688.081689453125 KB
Transfer/sec:  4592.682633463542 KB

2023-12-02 19:38:11.792349263 +0800 CST m=+647.070284658
Running 1m0s myx-test @ https://192.168.12.127:6443/api/v1/namespaces/myx-test/resourcequotas
30 connections
Requests/bytes (per Connection):  [7844763 7896998 7865614 7462827 6891883 6932456 7913207 7797163 6944065 7740262 6881375 7470969 7465149 7538326 6905756 7828434 6904594 6866284 7470954 7705456 7849407 7876108 6916224 7513908 7474515 7466317 7575434 6909242 6863997 7534804]
Response/bytes (per Connection):  [5556426 5593643 5572996 5289476 4881030 4912160 5606568 5523669 4920249 5484427 4876567 5293921 5291094 5340862 4893145 5547902 4892746 4866052 5295139 5458948 5559662 5578267 4900034 5325069 5294356 5291088 5368350 4895164 4862825 5339629]
Requests Number (per Connection):  [6759 6804 6777 6430 5938 5973 6818 6718 5983 6669 5929 6437 6432 6495 5950 6745 5949 5916 6437 6639 6763 6786 5959 6474 6440 6433 6527 5953 5914 6492]
Requests/sec:  3618.269710286458 KB
Transfer/sec:  6181.932861328125 KB

2023-12-02 19:39:51.933491367 +0800 CST m=+747.211426759
Running 1m0s myx-test @ https://192.168.12.127:6443/api/v1/namespaces/myx-test/resourcequotas
60 connections
Requests/bytes (per Connection):  [5060403 4727244 4750511 4720268 4758628 5035958 5289022 4766702 5030160 4736513 5056921 4753928 4706349 4743482 5249551 5087025 4780686 4742318 4727227 5279686 5065048 5203125 5284378 5230969 5277401 5302899 5068503 5081265 5107927 5253034 4828225 5258838 4781852 5246069 5028991 5113726 5063808 5041829 5192684 5283216 4759732 5045233 5075458 5192692 5292502 4805028 4773661 5265803 5077816 5232137 5143963 4697075 5044127 5224011 4810827 5235620 5040657 5022014 4734191 5044092]
Response/bytes (per Connection):  [3583634 3349444 3364438 3344991 3370502 3569047 3746608 3377756 3565009 3357130 3581208 3369265 3335296 3361576 3719105 3605448 3385461 3361175 3350660 3741732 3586871 3685937 3743372 3706566 3739329 3758727 3590503 3599804 3620014 3721532 3421034 3725576 3386275 3716679 3564603 3624053 3589271 3570692 3678253 3742973 3373309 3576328 3595757 3678672 3749443 3404055 3383425 3730429 3596178 3706971 3643083 3328016 3573519 3701309 3408505 3709398 3570694 3560149 3355512 3574717]
Requests Number (per Connection):  [4360 4073 4093 4067 4100 4339 4557 4107 4334 4081 4357 4096 4055 4087 4523 4383 4119 4086 4073 4549 4364 4483 4553 4507 4547 4569 4367 4378 4401 4526 4160 4531 4120 4520 4333 4406 4363 4344 4474 4552 4101 4347 4373 4474 4560 4140 4113 4537 4375 4508 4432 4047 4346 4501 4145 4511 4343 4327 4079 4346]
Requests/sec:  4902.880989583334 KB
Transfer/sec:  8376.693131510418 KB

2023-12-02 19:41:31.986215886 +0800 CST m=+847.264151262
Running 1m0s myx-test @ https://192.168.12.127:6443/api/v1/namespaces/myx-test/resourcequotas
90 connections
Requests/bytes (per Connection):  [3636220 4043677 3994874 3584060 3949633 3949663 3978606 3616494 3965915 3998341 3921766 3555037 4025121 3979766 3939189 3589808 3564325 3652543 3913610 3604938 3883491 3993740 3578253 3934491 3848665 4050582 3631588 3976325 3606086 4022791 4027443 3594444 3606113 3957788 3559680 3613038 4021638 4015834 3934494 3985571 3536456 3896262 3859113 3573610 4069156 3949642 3905483 3939215 4025090 3955466 3915995 3989054 3993776 3900903 3920641 4101660 3847489 3972880 4013433 3615324 3616563 4027442 3566606 3970559 4023960 3980927 3600260 3957772 4003057 4010029 4058738 3900904 3573610 3613081 3941537 3633950 3962401 3615323 3567801 3903208 3645545 3584047 4052904 4028554 3978668 3891595 3884653 4055244 3610737 3572451]
Response/bytes (per Connection):  [2578203 2864163 2830966 2538184 2798220 2797017 2820859 2564050 2808752 2834610 2779212 2517961 2850006 2821667 2791355 2544638 2524433 2587132 2774753 2553548 2750909 2829362 2534548 2790120 2726643 2871011 2574157 2817638 2554755 2848791 2851624 2547866 2554371 2803089 2521196 2560417 2847579 2843535 2789712 2825712 2505423 2759808 2733923 2531313 2883953 2797818 2769090 2789737 2851208 2801471 2773968 2828139 2828165 2763452 2776795 2907012 2726230 2813605 2845126 2563643 2561242 2851623 2528065 2811988 2849197 2822476 2551922 2803484 2835041 2839490 2875470 2763453 2531313 2558816 2791355 2574582 2807527 2563642 2527675 2765464 2583068 2538993 2872629 2854438 2818455 2757782 2751719 2873854 2557998 2530095]
Requests Number (per Connection):  [3133 3484 3442 3088 3403 3403 3428 3116 3417 3445 3379 3063 3468 3429 3394 3093 3071 3147 3372 3106 3346 3441 3083 3390 3316 3490 3129 3426 3107 3466 3470 3097 3107 3410 3067 3113 3465 3460 3390 3434 3047 3357 3325 3079 3506 3403 3365 3394 3468 3408 3374 3437 3441 3361 3378 3534 3315 3423 3458 3115 3116 3470 3073 3421 3467 3430 3102 3410 3449 3455 3497 3361 3079 3113 3396 3131 3414 3115 3074 3363 3141 3088 3492 3471 3428 3353 3347 3494 3111 3078]
Requests/sec:  5633.437744140625 KB
Transfer/sec:  9624.73818359375 KB

2023-12-02 19:43:12.029193468 +0800 CST m=+947.307128845
Running 1m0s myx-test @ https://192.168.12.127:6443/api/v1/namespaces/myx-test/resourcequotas
150 connections
Requests/bytes (per Connection):  [2531363 2647452 2363082 2531362 2317837 2530145 2331689 2648535 2718188 2657822 2681069 2717064 2364247 2693883 2409492 2742567 2655500 2667109 2656661 2344517 2324734 2604499 2544105 2629960 2660222 2309710 2311954 2334010 2705418 2344498 2568511 2546410 2381622 2354906 2286431 2278338 2696130 2672963 2650856 2483767 2537103 2559208 2657826 2540649 2513950 2554574 2559210 2635765 2299183 2580120 2573148 2342136 2546435 2350266 2662491 2388572 2707773 2329400 2305033 2375804 2348008 2685690 2619525 2503502 2325964 2343298 2289896 2558062 2376963 2568439 2661337 2397893 2669510 2303906 2315468 2635844 2601017 2650860 2383928 2566189 2532455 2558062 2597481 2350264 2580120 2685759 2540649 2352585 2328207 2581202 2626532 2580058 2529039 2647398 2519737 2551098 2560385 2385091 2539437 2598617 2386250 2573119 2611458 2560358 2671752 2701941 2551098 2513950 2646213 2527817 2691495 2617226 2696197 2338687 2740245 2356066 2619512 2298102 2631157 2619590 2721681 2646292 2682242 2668270 2710076 2650912 2542961 2343305 2545294 2321293 2344467 2511628 2296940 2647392 2532502 2316605 2331687 2659008 2670591 2566187 2317829 2353762 2520897 2563829 2321241 2503502 2545293 2369998 2642803 2357232]
Response/bytes (per Connection):  [1792421 1873721 1673125 1792831 1639964 1794021 1652880 1877740 1926684 1884211 1899185 1924268 1673527 1906483 1706688 1943671 1882593 1890682 1883402 1659370 1647626 1843792 1802524 1864797 1882619 1634301 1639129 1654908 1917786 1660173 1818716 1804947 1687266 1669468 1620528 1614077 1911314 1893132 1879357 1759257 1799278 1812640 1884215 1799302 1780288 1809003 1813053 1868842 1630230 1826805 1822356 1660570 1804150 1665414 1886650 1692926 1917793 1650062 1632676 1683619 1661805 1903631 1856708 1773008 1645627 1660969 1623759 1811435 1684837 1821521 1885437 1698198 1889091 1630257 1640354 1865633 1841366 1878950 1689690 1817098 1796038 1811435 1840941 1665823 1826805 1900823 1799302 1667440 1650454 1830823 1860370 1829209 1791212 1876133 1785137 1806583 1813054 1690090 1800497 1842547 1691308 1823560 1849050 1814260 1893917 1914954 1806583 1780288 1876122 1792808 1907265 1854702 1908504 1656533 1942053 1670276 1857517 1626213 1863998 1854307 1928710 1872913 1899595 1891491 1919803 1877358 1801321 1660565 1802128 1644008 1661786 1778670 1625403 1876538 1794441 1642372 1653289 1884223 1893108 1817507 1640367 1667854 1786356 1817086 1645600 1773008 1802538 1679984 1871302 1670268]
Requests Number (per Connection):  [2181 2281 2036 2181 1997 2180 2009 2282 2342 2290 2310 2341 2037 2321 2076 2363 2288 2298 2289 2020 2003 2244 2192 2266 2292 1990 1992 2011 2331 2020 2213 2194 2052 2029 1970 1963 2323 2303 2284 2140 2186 2205 2290 2189 2166 2201 2205 2271 1981 2223 2217 2018 2194 2025 2294 2058 2333 2007 1986 2047 2023 2314 2257 2157 2004 2019 1973 2204 2048 2213 2293 2066 2300 1985 1995 2271 2241 2284 2054 2211 2182 2204 2238 2025 2223 2314 2189 2027 2006 2224 2263 2223 2179 2281 2171 2198 2206 2055 2188 2239 2056 2217 2250 2206 2302 2328 2198 2166 2280 2178 2319 2255 2323 2015 2361 2030 2257 1980 2267 2257 2345 2280 2311 2299 2335 2284 2191 2019 2193 2000 2020 2164 1979 2281 2182 1996 2009 2291 2301 2211 1997 2028 2172 2209 2000 2157 2193 2042 2277 2031]
Requests/sec:  6151.118180338542 KB
Transfer/sec:  10509.043896484374 KB

2023-12-02 19:44:52.142794101 +0800 CST m=+1047.420729489
Running 1m0s myx-test @ https://192.168.12.127:6443/api/v1/namespaces/myx-test/resourcequotas
300 connections
Requests/bytes (per Connection):  [1621421 1330087 1391599 1585408 1585390 1610930 1563339 1464674 1383472 1399719 1468219 1404369 1377681 1584308 1588912 1565696 1644627 1395082 1535549 1341680 1411319 1572699 1622557 1600561 1557575 1400887 1525101 1516947 1467021 1528585 1620226 1568027 1446160 1342841 1489114 1477486 1359094 1493708 1386956 1523932 1559900 1367220 1601643 1479776 1627238 1436836 1528559 1472863 1559896 1552964 1629551 1592434 1508770 1539033 1433390 1498372 1446162 1441519 1581912 1566816 1606345 1558768 1516910 1555226 1597079 1512332 1597000 1621404 1373041 1605125 1467026 1398564 1499551 1562251 1398565 1477504 1427587 1593596 1466994 1332394 1482123 1379990 1588872 1383481 1375360 1536711 1344011 1417140 1545942 1543677 1621385 1599326 1556367 1405530 1456610 1594704 1571527 1480989 1588952 1377668 1612091 1544779 1494865 1398565 1616734 1483251 1338199 1490275 1580779 1411333 1626080 1362576 1448483 1585463 1456555 1385801 1386955 1357933 1591273 1422943 1419461 1433392 1375347 1406691 1467006 1609769 1494908 1382321 1601651 1608609 1468217 1476325 1497242 1614435 1370702 1377668 1601711 1409012 1561079 1593516 1410159 1465897 1527373 1498400 1388119 1570298 1584263 1516975 1398560 1512332 1367220 1472861 1383473 1493678 1472861 1548271 1472831 1559850 1479754 1485612 1388116 1453127 1584265 1392760 1415978 1511171 1596999 1534370 1474024 1366059 1318486 1364900 1444999 1616735 1464716 1345162 1503031 1324266 1383481 1388116 1501883 1369562 1609794 1611009 1615573 1457771 1482150 1461254 1368381 1515766 1357941 1578504 1658594 1462415 1348645 1573781 1404369 1603964 1395082 1544819 1382312 1380001 1370703 1554085 1353290 1484454 1370710 1439156 1434516 1382321 1609802 1327779 1508821 1484401 1490203 1585449 1620218 1477504 1552892 1354450 1583135 1532067 1390438 1393920 1493733 1391599 1513433 1482142 1391599 1395082 1363762 1480987 1591219 1561026 1341721 1411335 1469357 1561090 1609769 1571461 1350969 1405530 1450783 1451966 1602883 1442636 1381161 1350969 1600503 1628344 1480957 1531988 1502985 1375346 1359093 1487953 1335878 1587750 1436837 1383473 1388117 1371864 1471693 1414817 1558737 1324266 1377669 1357933 1601643 1513441 1605125 1435714 1392760 1482148 1475184 1383472 1491387 1477507 1578454 1485631 1477458 1555285 1576115 1463514 1400887 1374202 1414818 1616784 1350967 1458932 1402039 1578485 1361415 1432196 1456610 1612142 1455449 1497187 1467009 1572655]
Response/bytes (per Connection):  [1148172 942313 985991 1123482 1124697 1142493 1108512 1039356 980328 992058 1039379 994889 975886 1120679 1125930 1108932 1164749 988418 1086704 951208 1000960 1112590 1149778 1132004 1103275 992463 1079424 1074967 1040588 1081852 1148562 1110559 1024419 952017 1054349 1047063 963342 1059590 982756 1078607 1105307 969004 1136022 1049882 1151818 1019144 1083059 1042615 1105303 1098839 1153427 1126341 1071309 1089132 1015521 1061613 1024010 1020775 1121864 1111755 1137261 1102883 1076163 1102863 1129578 1070527 1132787 1148566 972654 1138448 1040182 990844 1062029 1105310 990845 1046259 1011067 1127151 1040972 944327 1050292 977902 1127123 979926 973858 1087514 952013 1003788 1095984 1092368 1149369 1133998 1104474 995698 1031290 1129962 1112592 1048277 1123915 976284 1143302 1095584 1059984 990845 1146537 1052712 948372 1055158 1120261 1000152 1150601 965768 1025627 1121893 1033290 981542 982755 962533 1125532 1007831 1005405 1015112 974667 996507 1040984 1141684 1058794 979118 1136030 1140876 1039788 1046254 1059602 1144120 971430 976284 1133624 998124 1105312 1130359 999330 1037761 1082636 1060819 983156 1114181 1122689 1073762 990840 1070527 969004 1043024 980329 1060793 1043024 1097609 1043816 1106901 1050682 1052725 983564 1028863 1122691 986800 1002978 1069718 1132786 1086288 1043424 968195 933821 966977 1023610 1146538 1037754 953634 1064864 939074 979926 983564 1063246 969820 1140476 1139284 1145728 1032099 1049086 1034526 969813 1074549 962130 1116635 1173259 1035335 956061 1116608 994889 1137639 988418 1094391 979520 977502 971431 1101252 959298 1051919 970616 1020760 1017528 979118 1140484 940298 1069305 1053921 1057552 1122701 1148965 1046259 1101644 960106 1120680 1084278 985182 987608 1058382 985991 1073331 1049900 985991 988418 965780 1048686 1127944 1106492 949194 999743 1041398 1104501 1141684 1114581 957270 995698 1028456 1028054 1133622 1023184 978310 957270 1134412 1154627 1049478 1087487 1066051 974666 963341 1053540 946755 1125120 1018734 980329 983565 972240 1042619 1002169 1104085 939074 976285 962533 1136022 1072928 1138448 1016730 986800 1049495 1044232 980328 1057562 1045851 1119051 1051922 1047857 1100456 1117416 1038548 992463 972641 1002170 1144532 957679 1032908 993674 1117438 964959 1015912 1031290 1141709 1030481 1062013 1040987 1114190]
Requests Number (per Connection):  [1397 1146 1199 1366 1366 1388 1347 1262 1192 1206 1265 1210 1187 1365 1369 1349 1417 1202 1323 1156 1216 1355 1398 1379 1342 1207 1314 1307 1264 1317 1396 1351 1246 1157 1283 1273 1171 1287 1195 1313 1344 1178 1380 1275 1402 1238 1317 1269 1344 1338 1404 1372 1300 1326 1235 1291 1246 1242 1363 1350 1384 1343 1307 1340 1376 1303 1376 1397 1183 1383 1264 1205 1292 1346 1205 1273 1230 1373 1264 1148 1277 1189 1369 1192 1185 1324 1158 1221 1332 1330 1397 1378 1341 1211 1255 1374 1354 1276 1369 1187 1389 1331 1288 1205 1393 1278 1153 1284 1362 1216 1401 1174 1248 1366 1255 1194 1195 1170 1371 1226 1223 1235 1185 1212 1264 1387 1288 1191 1380 1386 1265 1272 1290 1391 1181 1187 1380 1214 1345 1373 1215 1263 1316 1291 1196 1353 1365 1307 1205 1303 1178 1269 1192 1287 1269 1334 1269 1344 1275 1280 1196 1252 1365 1200 1220 1302 1376 1322 1270 1177 1136 1176 1245 1393 1262 1159 1295 1141 1192 1196 1294 1180 1387 1388 1392 1256 1277 1259 1179 1306 1170 1360 1429 1260 1162 1356 1210 1382 1202 1331 1191 1189 1181 1339 1166 1279 1181 1240 1236 1191 1387 1144 1300 1279 1284 1366 1396 1273 1338 1167 1364 1320 1198 1201 1287 1199 1304 1277 1199 1202 1175 1276 1371 1345 1156 1216 1266 1345 1387 1354 1164 1211 1250 1251 1381 1243 1190 1164 1379 1403 1276 1320 1295 1185 1171 1282 1151 1368 1238 1192 1196 1182 1268 1219 1343 1141 1187 1170 1380 1304 1383 1237 1200 1277 1271 1192 1285 1273 1360 1280 1273 1340 1358 1261 1207 1184 1219 1393 1164 1257 1208 1360 1173 1234 1255 1389 1254 1290 1264 1355]
Requests/sec:  7234.894140625 KB
Transfer/sec:  12361.066910807293 KB

