2023-12-02 20:55:55.334336328 +0800 CST m=+5310.612271703
Running 1m0s myx-test @ https://192.168.12.127:6443/api/v1/namespaces/myx-test/secrets
3 connections
Requests/bytes (per Connection):  [17057320 17319902 19951420]
Response/bytes (per Connection):  [13051268 13251920 15265600]
Requests Number (per Connection):  [14876 15105 17400]
Requests/sec:  884.2552408854167 KB
Transfer/sec:  1560.83056640625 KB

2023-12-02 20:57:35.369424446 +0800 CST m=+5410.647359824
Running 1m0s myx-test @ https://192.168.12.127:6443/api/v1/namespaces/myx-test/secrets
6 connections
Requests/bytes (per Connection):  [17493057 15118357 16964443 14892429 15110350 14902805]
Response/bytes (per Connection):  [13383986 11567842 12980081 11396432 11560994 11402617]
Requests Number (per Connection):  [15256 13185 14795 12988 13178 12997]
Requests/sec:  1537.7838704427083 KB
Transfer/sec:  2714.410693359375 KB

2023-12-02 20:59:15.410447341 +0800 CST m=+5510.688382716
Running 1m0s myx-test @ https://192.168.12.127:6443/api/v1/namespaces/myx-test/secrets
9 connections
Requests/bytes (per Connection):  [14944028 13289452 13097999 14461343 12349252 12468509 14814508 12349233 13326213]
Response/bytes (per Connection):  [11436118 10169361 10021470 11064767 9448069 9539538 11334878 9449283 10195011]
Requests Number (per Connection):  [13033 11590 11423 12612 10770 10874 12920 10770 11622]
Requests/sec:  1971.0373860677084 KB
Transfer/sec:  3479.150911458333 KB

2023-12-02 21:00:55.450583564 +0800 CST m=+5610.728519052
Running 1m0s myx-test @ https://192.168.12.127:6443/api/v1/namespaces/myx-test/secrets
15 connections
Requests/bytes (per Connection):  [10058253 10043364 9591613 11718577 9668421 11716305 10086958 10153400 9556064 11809204 9622547 11821785 11899745 9562908 10117925]
Response/bytes (per Connection):  [7696611 7684579 7338165 8967290 7397245 8964351 7717008 7770324 7310978 9034327 7362280 9045439 9105799 7317357 7740334]
Requests Number (per Connection):  [8772 8759 8365 10220 8432 10218 8797 8855 8334 10299 8392 10310 10378 8340 8824]
Requests/sec:  2562.2895345052084 KB
Transfer/sec:  4522.772721354167 KB

2023-12-02 21:02:35.558439744 +0800 CST m=+5710.836375128
Running 1m0s myx-test @ https://192.168.12.127:6443/api/v1/namespaces/myx-test/secrets
30 connections
Requests/bytes (per Connection):  [7409519 6784606 7458876 6867184 6750240 7367088 6789252 7423351 6254889 6752547 6196408 7338400 6207863 6231927 6242282 7482909 6846540 6815629 6274396 7417612 7443916 6825895 7359121 6189526 6251417 6198701 6749060 6275526 6809840 7523051]
Response/bytes (per Connection):  [5669960 5192295 5705915 5254497 5164775 5637589 5193343 5677930 4785515 5165694 4741056 5617209 4750092 4769035 4776021 5726471 5238947 5213622 4800211 5674017 5696689 5223396 5629959 4735872 4784536 4742783 5165111 4801469 5210892 5756708]
Requests Number (per Connection):  [6462 5917 6505 5989 5887 6425 5921 6474 5455 5889 5404 6400 5414 5435 5444 6526 5971 5944 5472 6469 6492 5953 6418 5398 5452 5406 5886 5473 5939 6561]
Requests/sec:  3329.0620279947916 KB
Transfer/sec:  5876.288736979167 KB

2023-12-02 21:04:15.600868019 +0800 CST m=+5810.878803414
Running 1m0s myx-test @ https://192.168.12.127:6443/api/v1/namespaces/myx-test/secrets
60 connections
Requests/bytes (per Connection):  [3901952 3853849 3954717 3447921 3823997 3960458 3798800 3818274 3918021 3971970 3399758 3834310 3412398 3820591 3851556 3449067 3874494 3945534 3856145 3953631 3406663 3953630 3786184 3404346 3427284 3880188 3449075 3814839 3450217 3954777 3843527 4002910 3797653 3413521 3926086 3825162 3895141 3452516 3450213 3427295 3952484 3828619 3919223 3898508 3947850 3935272 3841236 3351589 3834354 3419265 3408933 3402052 3934131 3849234 3427295 3807975 3942082 3404346 3974230 3419256]
Response/bytes (per Connection):  [2986990 2948307 3026737 2638451 2926635 3030652 2906431 2922327 2998686 3038101 2601763 2934812 2610468 2922845 2946580 2639314 2963858 3020229 2949626 3023468 2605737 3023467 2896928 2605219 2622497 2969781 2638911 2919330 2640592 3024331 2940532 3062222 2905567 2612130 3003537 2927517 2979000 2641503 2640177 2622097 3022604 2928892 2997550 2984395 3020746 3010459 2938396 2565069 2933212 2615637 2608674 2603491 3009190 2945646 2622097 2913342 3018037 2605219 3041028 2616450]
Requests Number (per Connection):  [3403 3361 3449 3007 3335 3454 3313 3330 3417 3464 2965 3344 2976 3332 3359 3008 3379 3441 3363 3448 2971 3448 3302 2969 2989 3384 3008 3327 3009 3449 3352 3491 3312 2977 3424 3336 3397 3011 3009 2989 3447 3339 3418 3400 3443 3432 3350 2923 3344 2982 2973 2967 3431 3357 2989 3321 3438 2969 3466 2982]
Requests/sec:  3644.3132161458334 KB
Transfer/sec:  6432.683805338542 KB

2023-12-02 21:05:55.640956859 +0800 CST m=+5910.918892277
Running 1m0s myx-test @ https://192.168.12.127:6443/api/v1/namespaces/myx-test/secrets
90 connections
Requests/bytes (per Connection):  [3782743 3773568 3783890 3694433 3751777 3655438 3654291 3743783 3740307 3700166 3684175 3334390 3399759 3833164 3686405 3352737 3709341 3766701 3668054 3695578 3340119 3709406 3722007 3391750 3677278 3403201 3630244 3349365 3718518 3696729 3677295 3656664 3711663 3327505 3779302 3762100 3371086 3318390 3298833 3390583 3607295 3681817 3328649 3392877 3754094 3407793 3732324 3365360 3704753 3360765 3757511 3770129 3355031 3427284 3687552 3771276 3688698 3780450 3373381 3688753 3639461 3355049 3695595 3360763 3679543 3759805 3750659 3708194 3360815 3809122 3668055 3677278 3759805 3669280 3720810 3391730 3654370 3733426 3392877 3394023 3347000 3333239 3731132 3308044 3711635 3713990 3371145 3731133 3710494 3707104]
Response/bytes (per Connection):  [2894336 2887425 2895200 2827406 2871011 2798033 2797169 2863765 2862371 2832135 2817229 2551704 2601764 2933949 2821359 2565934 2839046 2881845 2807536 2828679 2556840 2836645 2846544 2594503 2812852 2603946 2777421 2560945 2845548 2828725 2812047 2795688 2839158 2546928 2891744 2878376 2580166 2537611 2525331 2594852 2760132 2817903 2548200 2596580 2871529 2607406 2854725 2575033 2835590 2571981 2875330 2884424 2567662 2622497 2822223 2885288 2823086 2892609 2581484 2821086 2782730 2566858 2827874 2572390 2815373 2877058 2868943 2838182 2569976 2914206 2807537 2812441 2877058 2805191 2847685 2595716 2793960 2857188 2596580 2597443 2562023 2551247 2855460 2531045 2840774 2839686 2578170 2855461 2839505 2834909]
Requests Number (per Connection):  [3299 3291 3300 3222 3272 3188 3187 3265 3262 3227 3213 2908 2965 3343 3215 2924 3235 3285 3199 3223 2913 3235 3246 2958 3207 2968 3166 2921 3243 3224 3207 3189 3237 2902 3296 3281 2940 2894 2877 2957 3146 3211 2903 2959 3274 2972 3255 2935 3231 2931 3277 3288 2926 2989 3216 3289 3217 3297 2942 3217 3174 2926 3223 2931 3209 3279 3271 3234 2931 3322 3199 3207 3279 3200 3245 2958 3187 3256 2959 2960 2919 2907 3254 2885 3237 3239 2940 3254 3236 3233]
Requests/sec:  5270.574641927084 KB
Transfer/sec:  9303.309065755207 KB

2023-12-02 21:07:35.690995744 +0800 CST m=+6010.968931122
Running 1m0s myx-test @ https://192.168.12.127:6443/api/v1/namespaces/myx-test/secrets
150 connections
Requests/bytes (per Connection):  [2340305 2143077 2321969 2453786 2452646 2349437 2394177 2413664 2340265 2162572 2344905 2360912 2323085 2421693 2432015 2464080 2397617 2135029 2312736 2143035 2185510 2167160 2312739 2140756 2464128 2337968 2402195 2192369 2367819 2320828 2127020 2457245 2381553 2422839 2149956 2402196 2144163 2193525 2211889 2315052 2420535 2153399 2404490 2352881 2381551 2443485 2411370 2450366 2481326 2121235 2128166 2440015 2302442 2481287 2204948 2476742 2414806 2373531 2374669 2175189 2417097 2364385 2412517 2124726 2328795 2378111 2299000 2141930 2162573 2332267 2446891 2303563 2202652 2109817 2164823 2324209 2188907 2481323 2309302 2479010 2495091 2448045 2422827 2319683 2318550 2140781 2129313 2407930 2444631 2152229 2182069 2124674 2421693 2389580 2121283 2432015 2328796 2445778 2444599 2355202 2327647 2161428 2469863 2311599 2174041 2155693 2311592 2407930 2312754 2422840 2152205 2297908 2298974 2452659 2163719 2356355 2098318 2129313 2429722 2178559 2328842 2310518 2414811 2412517 2137307 2107489 2145307 2183217 2393020 2169454 2440043 2295573 2171699 2466420 2352879 2200382 2274956 2177482 2436599 2401055 2372376 2379257 2356321 2313883 2186578 2327697 2117845 2149956 2358613 2420546]
Response/bytes (per Connection):  [1789828 1638810 1775198 1878169 1876901 1798340 1831221 1846719 1791021 1653905 1792885 1806163 1776853 1852767 1860542 1886327 1834223 1633976 1770695 1640412 1671183 1657361 1770287 1638699 1884731 1789701 1838080 1677166 1810961 1774340 1626715 1879957 1822121 1853630 1644402 1838081 1642079 1678039 1691053 1771212 1852714 1646585 1839809 1800524 1822530 1869182 1844991 1874365 1898506 1624400 1627578 1867794 1761304 1899700 1688276 1894643 1847578 1815669 1817346 1663409 1849714 1808376 1845855 1624987 1782381 1819939 1759122 1637946 1653906 1784182 1872972 1763375 1686135 1613757 1657234 1778927 1675375 1898503 1767288 1897167 1908875 1874254 1854029 1773478 1771806 1637491 1628442 1842400 1870045 1646931 1668591 1626579 1852767 1828578 1622804 1860542 1782382 1870909 1871246 1801046 1781927 1652633 1889051 1769019 1662544 1648313 1769423 1842400 1769891 1853631 1647729 1755847 1760329 1876092 1654769 1801916 1605910 1628442 1858815 1668807 1780373 1765755 1847583 1845855 1636099 1613639 1643351 1669456 1831169 1659089 1866589 1756133 1662412 1886868 1800933 1683609 1739377 1665136 1864405 1836812 1815619 1820802 1803115 1771559 1675256 1779511 1619804 1644402 1805252 1851903]
Requests Number (per Connection):  [2041 1869 2025 2140 2139 2049 2088 2105 2041 1886 2045 2059 2026 2112 2121 2149 2091 1862 2017 1869 1906 1890 2017 1867 2149 2039 2095 1912 2065 2024 1855 2143 2077 2113 1875 2095 1870 1913 1929 2019 2111 1878 2097 2052 2077 2131 2103 2137 2164 1850 1856 2128 2008 2164 1923 2160 2106 2070 2071 1897 2108 2062 2104 1853 2031 2074 2005 1868 1886 2034 2134 2009 1921 1840 1888 2027 1909 2164 2014 2162 2176 2135 2113 2023 2022 1867 1857 2100 2132 1877 1903 1853 2112 2084 1850 2121 2031 2133 2132 2054 2030 1885 2154 2016 1896 1880 2016 2100 2017 2113 1877 2004 2005 2139 1887 2055 1830 1857 2119 1900 2031 2015 2106 2104 1864 1838 1871 1904 2087 1892 2128 2002 1894 2151 2052 1919 1984 1899 2125 2094 2069 2075 2055 2018 1907 2030 1847 1875 2057 2111]
Requests/sec:  5636.536067708334 KB
Transfer/sec:  9949.057975260417 KB

2023-12-02 21:09:15.850750221 +0800 CST m=+6111.128685595
Running 1m0s myx-test @ https://192.168.12.127:6443/api/v1/namespaces/myx-test/secrets
300 connections
Requests/bytes (per Connection):  [1432149 1437869 1502046 1340426 1398898 1314026 1316322 1543389 1492893 1328939 1486030 1512436 1406924 1375960 1498669 1508981 1484916 1287718 1420689 1339291 1403486 1327792 1427571 1513561 1467648 1379401 1293385 1286547 1456243 1536446 1521584 1487199 1340437 1327812 1366785 1322055 1385130 1341553 1314029 1503265 1283076 1450456 1488316 1332416 1494090 1529637 1395457 1323204 1543328 1475735 1322055 1377106 1296859 1295677 1378252 1379401 1327790 1506702 1366785 1279695 1324394 1292277 1361050 1478033 1499824 1453945 1425262 1458527 1557116 1289945 1370226 1392017 1299184 1283095 1400044 1382836 1316373 1551384 1405759 1307172 1500933 1550261 1382842 1346141 1276188 1491717 1375960 1322055 1328978 1304852 1259030 1414953 1406927 1374813 1338112 1335820 1542260 1461976 1389723 1348451 1388565 1377107 1500906 1465360 1287708 1490646 1448188 1525050 1522686 1425234 1459639 1361051 1523909 1374813 1510146 1389723 1387429 1397750 1340406 1453901 1452801 1506647 1525057 1484882 1491796 1539887 1425274 1335819 1378254 1361056 1300296 1290007 1468831 1366792 1465419 1570932 1272740 1531938 1339259 1476886 1264712 1406903 1300328 1475660 1369085 1421835 1506706 1353022 1507853 1296843 1288795 1530733 1529619 1442481 1256754 1505480 1449298 1290017 1294587 1406926 1262446 1280766 1404633 1457388 1338145 1289942 1389723 1547995 1285356 1381694 1502039 1262416 1268232 1312892 1421796 1406927 1288820 1327803 1332416 1327790 1432122 1334696 1526203 1351875 1354188 1276222 1430974 1297972 1387429 1434450 1327806 1326643 1310643 1457378 1366789 1526152 1343846 1366785 1502103 1397752 1324349 1349591 1385136 1322070 1522762 1341552 1515881 1347287 1519284 1396605 1553670 1373667 1551396 1268190 1377106 1317508 1380548 1488355 1387429 1392017 1406927 1312892 1325496 1359903 1453949 1412629 1494090 1404608 1365637 1422942 1280832 1460827 1331248 1507789 1538819 1496304 1330102 1523909 1381695 1388576 1296834 1482622 1302608 1318661 1371373 1518126 1483715 1523887 1289942 1327822 1521616 1386282 1247511 1484840 1422983 1555986 1527350 1312935 1393163 1484914 1393163 1373666 1510116 1281941 1574301 1483762 1342699 1405779 1403486 1388576 1544506 1509000 1341584 1487146 1269303 1488351 1398878 1572072 1505558 1309498 1382836 1338112 1364500 1472278 1470004 1510146 1295742 1322056 1507838 1332377 1354171 1482621 1527350 1306006 1322066 1299167 1496340 1515847 1533036 1275034]
Response/bytes (per Connection):  [1095533 1100660 1151044 1025217 1070078 1006148 1007467 1180555 1143333 1016971 1137346 1156421 1076534 1052800 1145639 1153815 1134871 983061 1086492 1023954 1073534 1016107 1091676 1158085 1124314 1055392 990190 983406 1113273 1177365 1164127 1137410 1024817 1015305 1045889 1012196 1060528 1026883 1005740 1149103 982017 1111367 1139066 1017955 1142192 1169377 1067486 1012651 1182549 1128365 1012196 1053663 991582 992327 1054526 1055392 1016516 1152102 1045889 977019 1012325 987721 1041569 1130097 1146511 1111952 1091166 1115813 1191708 987599 1048481 1064895 992519 981214 1071352 1057978 1005874 1186980 1076474 999348 1148981 1186140 1057984 1030339 977238 1143673 1052800 1012196 1015777 999238 962681 1082582 1076126 1051936 1024291 1022154 1178476 1118002 1063167 1030850 1062703 1053664 1149776 1122592 983873 1140008 1108843 1166333 1166590 1091549 1117875 1041570 1164653 1051936 1154286 1063167 1061439 1069624 1026019 1113963 1111091 1153691 1165518 1136481 1140464 1179957 1090356 1022564 1054528 1041164 994581 985606 1124392 1045896 1120185 1200073 974639 1170701 1025155 1129233 968592 1077335 993380 1131578 1047212 1087766 1151695 1035522 1152559 992388 987143 1172245 1169770 1102907 960149 1154040 1110492 984794 989054 1076125 966070 981095 1074398 1114546 1023091 988007 1063167 1182796 984142 1057119 1151448 967273 967975 1004475 1088960 1076126 985935 1015707 1018366 1016516 1096739 1020491 1166381 1034658 1035583 976039 1095874 993645 1061439 1097268 1015710 1015652 1001559 1114947 1045482 1168385 1028610 1045889 1148635 1069215 1013924 1032118 1059712 1011389 1163789 1026882 1158606 1031202 1162393 1068351 1189111 1051073 1186992 969988 1053663 1007137 1056256 1137872 1061439 1064895 1076126 1004475 1014788 1040705 1111545 1081646 1142192 1075195 1045024 1089823 978284 1117136 1018303 1154550 1175884 1147128 1017440 1164653 1057120 1062303 992790 1133143 995094 1007596 1049345 1161929 1136008 1165453 988007 1014904 1162926 1060575 955636 1137672 1088220 1190450 1167245 1003285 1065758 1135280 1065758 1051072 1155489 980754 1205059 1134822 1027746 1075261 1073534 1062303 1182211 1153423 1025270 1139001 972051 1138279 1070880 1201341 1150830 1000286 1057978 1024291 1044170 1126579 1124049 1154286 989926 1012197 1152955 1019971 1035977 1133553 1167245 999287 1011385 992913 1145520 1159805 1173160 976367]
Requests Number (per Connection):  [1249 1254 1310 1169 1220 1146 1148 1346 1302 1159 1296 1319 1227 1200 1307 1316 1295 1123 1239 1168 1224 1158 1245 1320 1280 1203 1128 1122 1270 1340 1327 1297 1169 1158 1192 1153 1208 1170 1146 1311 1119 1265 1298 1162 1303 1334 1217 1154 1346 1287 1153 1201 1131 1130 1202 1203 1158 1314 1192 1116 1155 1127 1187 1289 1308 1268 1243 1272 1358 1125 1195 1214 1133 1119 1221 1206 1148 1353 1226 1140 1309 1352 1206 1174 1113 1301 1200 1153 1159 1138 1098 1234 1227 1199 1167 1165 1345 1275 1212 1176 1211 1201 1309 1278 1123 1300 1263 1330 1328 1243 1273 1187 1329 1199 1317 1212 1210 1219 1169 1268 1267 1314 1330 1295 1301 1343 1243 1165 1202 1187 1134 1125 1281 1192 1278 1370 1110 1336 1168 1288 1103 1227 1134 1287 1194 1240 1314 1180 1315 1131 1124 1335 1334 1258 1096 1313 1264 1125 1129 1227 1101 1117 1225 1271 1167 1125 1212 1350 1121 1205 1310 1101 1106 1145 1240 1227 1124 1158 1162 1158 1249 1164 1331 1179 1181 1113 1248 1132 1210 1251 1158 1157 1143 1271 1192 1331 1172 1192 1310 1219 1155 1177 1208 1153 1328 1170 1322 1175 1325 1218 1355 1198 1353 1106 1201 1149 1204 1298 1210 1214 1227 1145 1156 1186 1268 1232 1303 1225 1191 1241 1117 1274 1161 1315 1342 1305 1160 1329 1205 1211 1131 1293 1136 1150 1196 1324 1294 1329 1125 1158 1327 1209 1088 1295 1241 1357 1332 1145 1215 1295 1215 1198 1317 1118 1373 1294 1171 1226 1224 1211 1347 1316 1170 1297 1107 1298 1220 1371 1313 1142 1206 1167 1190 1284 1282 1317 1130 1153 1315 1162 1181 1293 1332 1139 1153 1133 1305 1322 1337 1112]
Requests/sec:  6853.651123046875 KB
Transfer/sec:  12097.043570963542 KB

