2023-12-02 23:45:01.256932041 +0800 CST m=+15456.534867417
Running 1m0s myx-test @ https://192.168.12.127:6443/api/v1/namespaces/myx-test/services
3 connections
Requests/bytes (per Connection):  [11886048 10566324 10349179]
Response/bytes (per Connection):  [13030342 11581287 11345419]
Requests Number (per Connection):  [10348 9199 9010]
Requests/sec:  533.8794108072917 KB
Transfer/sec:  1119.117822265625 KB

2023-12-02 23:46:42.05898973 +0800 CST m=+15557.336925114
Running 1m0s myx-test @ https://192.168.12.127:6443/api/v1/namespaces/myx-test/services
6 connections
Requests/bytes (per Connection):  [8780112 9983919 8781340 8759510 10003450 8783637]
Response/bytes (per Connection):  [9626792 10944841 9624855 9601170 10966019 9627338]
Requests Number (per Connection):  [7644 8692 7645 7626 8709 7647]
Requests/sec:  896.6791666666667 KB
Transfer/sec:  1879.6058430989583 KB

2023-12-02 23:48:22.145955437 +0800 CST m=+15657.423890811
Running 1m0s myx-test @ https://192.168.12.127:6443/api/v1/namespaces/myx-test/services
9 connections
Requests/bytes (per Connection):  [7575236 7292682 8518252 8536654 7648707 8524060 7332845 7614270 7284644]
Response/bytes (per Connection):  [8304317 7994637 9338752 9357860 8386044 9342175 8039823 8347459 7985112]
Requests Number (per Connection):  [6595 6349 7416 7432 6659 7421 6384 6629 6342]
Requests/sec:  1144.65087890625 KB
Transfer/sec:  2399.471500651042 KB

2023-12-02 23:50:02.213218516 +0800 CST m=+15757.491153892
Running 1m0s myx-test @ https://192.168.12.127:6443/api/v1/namespaces/myx-test/services
15 connections
Requests/bytes (per Connection):  [6546061 5745439 5444506 6458807 5692589 5666227 5454897 5437669 5643256 6448403 5405469 6503552 5738608 6475977 5410058]
Response/bytes (per Connection):  [7176044 6299291 5969280 7078560 6241977 6210938 5978486 5959393 6185603 7070161 5925331 7129962 6289810 7100041 5931096]
Requests Number (per Connection):  [5699 5002 4740 5623 4956 4933 4749 4734 4913 5614 4706 5662 4996 5638 4710]
Requests/sec:  1433.4556966145833 KB
Transfer/sec:  3004.841975911458 KB

2023-12-02 23:51:42.681748406 +0800 CST m=+15857.959683789
Running 1m0s myx-test @ https://192.168.12.127:6443/api/v1/namespaces/myx-test/services
30 connections
Requests/bytes (per Connection):  [3658427 3699726 4384310 4089125 4053510 4459008 3720406 4017911 3640015 4401613 4439458 3997213 4448649 4385462 4075339 3698604 4053507 3716962 3644581 4418831 4089163 3988062 3684792 4424523 3667558 3653851 4440607 4058105 4410794 4038613]
Response/bytes (per Connection):  [4009216 4056861 4807377 4482777 4444159 4887538 4079289 4404767 3990856 4823253 4867167 4383119 4877152 4808222 4467851 4054396 4444582 4075124 3996652 4842738 4482001 4371954 4040248 4850981 4021559 4003416 4868409 4449140 4833608 4426395]
Requests Number (per Connection):  [3185 3221 3817 3560 3529 3882 3239 3498 3169 3832 3865 3480 3873 3818 3548 3220 3529 3236 3173 3847 3560 3472 3208 3852 3193 3181 3866 3533 3840 3516]
Requests/sec:  1976.8672688802083 KB
Transfer/sec:  4144.0353515625 KB

2023-12-02 23:53:22.737049498 +0800 CST m=+15958.014984884
Running 1m0s myx-test @ https://192.168.12.127:6443/api/v1/namespaces/myx-test/services
60 connections
Requests/bytes (per Connection):  [2697026 2599400 2339749 2719955 2290347 2631491 2317921 2662512 2324814 2598172 2690111 2307600 2562569 2700429 2571827 2660213 2652171 2727999 2597024 2343197 2283502 2688935 2609661 2716534 2297241 2664809 2285826 2299569 2580991 2331720 2659113 2303026 2684348 2645278 2594725 2284616 2622299 2718806 2711912 2640682 2317920 2668288 2579804 2559189 2320219 2315685 2583261 2322539 2705021 2304156 2706168 2616555 2597024 2663697 2601620 2324813 2654469 2602768 2641831 2301887]
Response/bytes (per Connection):  [2954834 2847739 2565796 2982147 2511805 2885818 2541703 2919452 2549178 2849688 2948165 2530081 2810274 2960568 2817844 2916961 2908232 2990462 2848453 2569105 2502350 2948520 2862135 2977193 2519269 2921953 2504030 2520959 2829400 2556260 2913736 2523935 2942743 2900781 2845940 2505171 2875840 2980913 2973437 2895779 2542114 2924509 2828946 2804127 2544187 2537201 2832302 2545911 2965554 2525936 2967208 2869621 2848433 2919118 2853439 2549589 2910718 2854682 2897025 2522661]
Requests Number (per Connection):  [2348 2263 2037 2368 1994 2291 2018 2318 2024 2262 2342 2009 2231 2351 2239 2316 2309 2375 2261 2040 1988 2341 2272 2365 2000 2320 1990 2002 2247 2030 2315 2005 2337 2303 2259 1989 2283 2367 2361 2299 2018 2323 2246 2228 2020 2016 2249 2022 2355 2006 2356 2278 2261 2319 2265 2024 2311 2266 2300 2004]
Requests/sec:  2474.0402669270834 KB
Transfer/sec:  5186.4740234375 KB

2023-12-02 23:55:02.796431888 +0800 CST m=+16058.074367278
Running 1m0s myx-test @ https://192.168.12.127:6443/api/v1/namespaces/myx-test/services
90 connections
Requests/bytes (per Connection):  [2149042 2164047 2128430 2150262 1915911 2113496 2124969 2113479 1902141 1951544 1957272 2113496 2139905 2128433 2130717 2144517 2113497 2128404 2157149 2130674 2167495 1948113 2100858 1889540 1891828 1929677 2121539 1879120 2124984 2199659 1911290 1902105 2126111 1945758 2107752 1943529 1944609 1957288 2167495 2097410 2102008 1881423 2139921 2143366 2110045 2126135 2105452 2162900 2073284 2153709 2161749 2153708 1926294 2139921 1905593 2098544 2156004 1918262 1922824 2149099 2103125 2158262 2116943 1949262 2118067 2161751 1907843 2157153 1936566 2157136 2166346 2153707 2124986 1875725 1926248 1926245 2172081 2131823 2120383 1925090 2150259 2133028 2136434 2131877 2137574 1914807 2101987 2160601 1897575 1909048]
Response/bytes (per Connection):  [2357359 2371571 2332947 2356198 2100847 2316338 2329995 2317539 2085133 2139083 2145690 2316342 2345798 2332552 2335836 2349978 2316337 2333767 2364487 2337427 2374894 2134545 2302639 2069823 2072705 2116205 2325064 2061796 2329204 2410184 2096678 2085905 2331282 2134052 2310109 2128759 2132796 2145312 2374898 2299314 2303882 2063875 2344984 2349142 2313022 2330036 2308035 2369903 2272745 2359950 2369075 2359939 2110081 2344984 2088844 2300953 2362855 2100940 2107518 2355746 2306352 2366549 2320078 2135405 2322549 2368669 2092932 2364087 2124090 2364872 2373642 2360366 2328794 2056044 2112059 2112086 2380280 2338283 2324623 2111228 2356617 2337527 2343250 2336689 2344517 2097620 2305089 2367426 2078939 2092176]
Requests Number (per Connection):  [1871 1884 1853 1872 1668 1840 1850 1840 1656 1699 1704 1840 1863 1853 1855 1867 1840 1853 1878 1855 1887 1696 1829 1645 1647 1680 1847 1636 1850 1915 1664 1656 1851 1694 1835 1692 1693 1704 1887 1826 1830 1638 1863 1866 1837 1851 1833 1883 1805 1875 1882 1875 1677 1863 1659 1827 1877 1670 1674 1871 1831 1879 1843 1697 1844 1882 1661 1878 1686 1878 1886 1875 1850 1633 1677 1677 1891 1856 1846 1676 1872 1857 1860 1856 1861 1667 1830 1881 1652 1662]
Requests/sec:  3022.55400390625 KB
Transfer/sec:  6335.717008463542 KB

2023-12-02 23:56:42.846866169 +0800 CST m=+16158.124801545
Running 1m0s myx-test @ https://192.168.12.127:6443/api/v1/namespaces/myx-test/services
150 connections
Requests/bytes (per Connection):  [1372616 1461081 1494348 1473719 1447294 1441500 1466824 1345042 1484060 1488653 1505887 1334702 1466786 1484039 1487505 1431207 1461077 1402487 1487504 1415125 1345046 1354233 1441550 1323244 1427763 1476006 1471397 1408206 1358845 1464527 1483979 1326704 1353086 1362277 1480613 1449593 1382952 1451869 1336999 1459904 1510446 1458748 1474866 1454159 1423168 1479384 1436947 1431208 1425466 1349648 1426614 1345041 1354233 1473669 1410529 1316319 1481702 1450739 1349637 1489802 1455337 1350786 1369169 1412818 1323213 1424317 1322075 1389849 1288822 1485127 1471384 1453001 1459933 1380658 1365733 1447244 1487504 1443848 1353089 1428910 1455335 1357680 1439253 1454188 1448434 1497844 1426614 1328967 1315202 1462231 1459862 1482830 1476003 1330106 1333553 1451864 1481753 1497847 1455271 1542652 1439206 1466824 1456448 1451890 1348489 1358841 1435761 1432312 1432357 1366880 1476015 1506996 1467973 1362275 1341595 1453039 1351935 1465658 1469056 1476018 1462166 1495478 1509334 1508106 1377211 1456440 1507036 1412827 1378360 1381804 1358828 1347340 1479444 1330147 1481710 1492021 1371468 1358829 1467936 1444996 1494398 1515066 1355382 1369168 1340479 1453039 1339297 1440401 1442699 1456471]
Response/bytes (per Connection):  [1504777 1600691 1639215 1614406 1585754 1581541 1607343 1474875 1625624 1631001 1649712 1463666 1608557 1626815 1629780 1568713 1601117 1537156 1629771 1550883 1474075 1484862 1579535 1449612 1564560 1617687 1613130 1544188 1489420 1604854 1629235 1453359 1483192 1493159 1621878 1588253 1515984 1591549 1466155 1601051 1655899 1599794 1616064 1594455 1559589 1624256 1575340 1568722 1562091 1479465 1563324 1474886 1484858 1616796 1545875 1443751 1625554 1589902 1479872 1632263 1594466 1481116 1501045 1548788 1451199 1560851 1449168 1523465 1411028 1630482 1613537 1593978 1599452 1513502 1496902 1588152 1629763 1582023 1482793 1566224 1594882 1488576 1577042 1593238 1587791 1640988 1563314 1457030 1441265 1601942 1601855 1627991 1617710 1458680 1462428 1591964 1623529 1640559 1596894 1689567 1579023 1607349 1597354 1590732 1478617 1489030 1575285 1571145 1569972 1498556 1617306 1652522 1608587 1493575 1471157 1591970 1482342 1606876 1612241 1616897 1604363 1641282 1653440 1655391 1509766 1597752 1650948 1548373 1511008 1514741 1489841 1477383 1621826 1457509 1625518 1637960 1503126 1489820 1610174 1583270 1637241 1660065 1486086 1501050 1468700 1591976 1468653 1578283 1580769 1596909]
Requests Number (per Connection):  [1195 1272 1301 1283 1260 1255 1277 1171 1292 1296 1311 1162 1277 1292 1295 1246 1272 1221 1295 1232 1171 1179 1255 1152 1243 1285 1281 1226 1183 1275 1292 1155 1178 1186 1289 1262 1204 1264 1164 1271 1315 1270 1284 1266 1239 1288 1251 1246 1241 1175 1242 1171 1179 1283 1228 1146 1290 1263 1175 1297 1267 1176 1192 1230 1152 1240 1151 1210 1122 1293 1281 1265 1271 1202 1189 1260 1295 1257 1178 1244 1267 1182 1253 1266 1261 1304 1242 1157 1145 1273 1271 1291 1285 1158 1161 1264 1290 1304 1267 1343 1253 1277 1268 1264 1174 1183 1250 1247 1247 1190 1285 1312 1278 1186 1168 1265 1177 1276 1279 1285 1273 1302 1314 1313 1199 1268 1312 1230 1200 1203 1183 1173 1288 1158 1290 1299 1194 1183 1278 1258 1301 1319 1180 1192 1167 1265 1166 1254 1256 1268]
Requests/sec:  3480.636865234375 KB
Transfer/sec:  7296.21025390625 KB

2023-12-02 23:58:22.993780121 +0800 CST m=+16258.271715496
Running 1m0s myx-test @ https://192.168.12.127:6443/api/v1/namespaces/myx-test/services
300 connections
Requests/bytes (per Connection):  [977475 889087 916586 955644 970622 851149 813262 897052 820087 924705 963687 843061 892508 934964 863812 941857 883264 971730 926949 910867 931585 908604 823531 851133 969433 852323 885642 975179 877538 809735 921179 943056 838457 884413 976375 821278 892465 889088 832791 864961 844281 806366 899376 917732 851170 845351 960267 868329 867203 963688 885625 863758 932678 955668 921179 871793 891307 884483 946523 887940 926937 837339 948770 877582 891372 830425 905094 924702 820154 912006 944155 850007 877565 883265 832791 920028 872976 926975 964852 833862 840762 990111 821224 882160 862653 990113 948752 884423 848807 853399 853393 902829 909690 932668 887860 899350 890237 859216 924705 812033 924633 884493 979772 838532 900537 819004 957944 947675 917782 925775 938413 938456 905116 932670 892530 971736 877564 933855 856867 838536 858022 956798 816707 902799 914285 859184 839649 918946 832712 923476 969469 851096 814406 997005 827047 870627 954495 924631 892456 908541 806369 890167 889010 963715 841923 890231 952197 930372 949900 897095 859148 824750 932668 958004 947601 816707 934966 825819 921215 908541 844281 854573 909742 953393 849973 918956 878738 948777 883309 982114 822385 863752 861476 926964 925774 974057 875222 941857 969449 870673 922327 916654 921247 825898 967134 800622 897065 933821 949956 881042 863733 926962 843132 954515 840756 897052 932666 916634 843053 936113 941885 849946 816707 833897 853472 812111 928072 801771 885576 840812 858026 821303 851125 862618 870626 920095 873003 830463 876431 947603 824749 954516 878693 820090 908539 838457 956804 947667 925775 846508 871775 800623 846579 878737 926923 941888 936115 890197 867259 954563 910918 937268 836238 921243 917811 892483 843076 835089 917732 945328 832736 937337 937263 940735 946455 856897 968339 936115 855770 948752 833901 957944 905094 960259 877542 944203 922388 968284 824716 894769 876371 864911 832712 839663 901726 883288 921179 852323 913137 821258 831604 850016 936114 868408 826969 914362 900498 870626 890227 930370 902833 870703 831563 900577 944197 862631 932711 917732 858068 924625]
Response/bytes (per Connection):  [1071804 973085 1005374 1048554 1063123 932786 890044 984597 900317 1011292 1057280 925637 977637 1026132 945272 1033589 969637 1065586 1016176 998368 1019554 995055 904466 933154 1063079 932801 968947 1069322 962610 889932 1010755 1032455 921071 970899 1068955 900367 979216 972678 911628 946504 924098 882988 986281 1007019 932373 928533 1052301 953451 951018 1056847 970140 947284 1022812 1047332 1010761 956386 978359 968499 1035361 971439 1016586 918596 1040264 961032 975984 911936 993330 1011699 897932 1000394 1036077 931125 961809 969658 911636 1009927 956460 1015388 1057318 916076 922746 1085905 902375 966834 944430 1085513 1040658 970501 931486 936850 937258 989607 998314 1023214 974625 987099 973922 940290 1011290 892412 1014112 967685 1074719 918672 986761 896687 1050622 1037012 1005049 1015739 1029444 1027827 992540 1022824 977229 1065184 961850 1023262 939777 917860 940655 1048987 894190 990425 1003293 941504 920696 1005878 914851 1013244 1061495 934769 891703 1093391 905399 955943 1047298 1014504 979625 997062 882569 976324 975872 1056034 923610 974338 1044812 1020332 1042315 983034 943082 902904 1023220 1048620 1039832 894186 1025710 907374 1009179 997052 924092 937287 996710 1044071 932299 1005868 962265 1039473 968080 1075587 902823 947660 943990 1015793 1015744 1066883 960930 1033601 1062677 953963 1012004 1002988 1007967 904157 1061012 876749 983810 1024466 1039921 964771 948477 1015415 922854 1046494 923566 984585 1023628 1003804 926043 1027370 1032379 933522 894194 914449 934061 889222 1018230 878009 971353 921548 940617 899188 933172 945639 955938 1007096 955237 909950 960168 1039404 902917 1046109 963856 899928 997474 921077 1048999 1037012 1015749 928981 957188 876754 926588 962262 1016976 1032382 1026958 975546 949022 1044474 996347 1027810 915364 1008373 1003812 978426 924820 914134 1007025 1036117 913613 1025401 1028203 1031134 1038161 938605 1059822 1026972 936559 1040658 914085 1050622 993326 1052335 962610 1034057 1009995 1061835 904134 981318 962168 948118 914837 919924 986389 968837 1010759 932819 1002044 900747 911600 930726 1026943 950254 908607 1000474 988340 955958 974728 1020740 989613 953155 913591 985141 1034099 945244 1021651 1007013 939051 1014492]
Requests Number (per Connection):  [851 774 798 832 845 741 708 781 714 805 839 734 777 814 752 820 769 846 807 793 811 791 717 741 844 742 771 849 764 705 802 821 730 770 850 715 777 774 725 753 735 702 783 799 741 736 836 756 755 839 771 752 812 832 802 759 776 770 824 773 807 729 826 764 776 723 788 805 714 794 822 740 764 769 725 801 760 807 840 726 732 862 715 768 751 862 826 770 739 743 743 786 792 812 773 783 775 748 805 707 805 770 853 730 784 713 834 825 799 806 817 817 788 812 777 846 764 813 746 730 747 833 711 786 796 748 731 800 725 804 844 741 709 868 720 758 831 805 777 791 702 775 774 839 733 775 829 810 827 781 748 718 812 834 825 711 814 719 802 791 735 744 792 830 740 800 765 826 769 855 716 752 750 807 806 848 762 820 844 758 803 798 802 719 842 697 781 813 827 767 752 807 734 831 732 781 812 798 734 815 820 740 711 726 743 707 808 698 771 732 747 715 741 751 758 801 760 723 763 825 718 831 765 714 791 730 833 825 806 737 759 697 737 765 807 820 815 775 755 831 793 816 728 802 799 777 734 727 799 823 725 816 816 819 824 746 843 815 745 826 726 834 788 836 764 822 803 843 718 779 763 753 725 731 785 769 802 742 795 715 724 740 815 756 720 796 784 758 775 810 786 758 724 784 822 751 812 799 747 805]
Requests/sec:  4363.406005859375 KB
Transfer/sec:  9146.592561848958 KB

