2023-12-02 22:20:18.827174441 +0800 CST m=+10374.105109816
Running 1m0s myx-test @ https://192.168.12.127:6443/api/v1/namespaces/myx-test/serviceaccounts
3 connections
Requests/bytes (per Connection):  [17546426 17666265 20430939]
Response/bytes (per Connection):  [12110395 12189246 14099894]
Requests Number (per Connection):  [15092 15195 17573]
Requests/sec:  905.6580403645834 KB
Transfer/sec:  1530.6504720052083 KB

2023-12-02 22:21:58.85618515 +0800 CST m=+10474.134120523
Running 1m0s myx-test @ https://192.168.12.127:6443/api/v1/namespaces/myx-test/serviceaccounts
6 connections
Requests/bytes (per Connection):  [15127024 15176977 17685956 15333979 15379294 17868493]
Response/bytes (per Connection):  [10438873 10475210 12205867 10581311 10613684 12332152]
Requests Number (per Connection):  [13011 13054 15212 13189 13228 15369]
Requests/sec:  1571.8053873697916 KB
Transfer/sec:  2656.5563151041665 KB

2023-12-02 22:23:38.900525263 +0800 CST m=+10574.178460641
Running 1m0s myx-test @ https://192.168.12.127:6443/api/v1/namespaces/myx-test/serviceaccounts
9 connections
Requests/bytes (per Connection):  [13695834 13408679 11851882 11420543 13678340 11839093 11446123 11281023 11977477]
Response/bytes (per Connection):  [9450815 9252339 8179066 7881138 9440986 8169980 7898901 7785265 8264269]
Requests Number (per Connection):  [11780 11533 10194 9823 11765 10183 9845 9703 10302]
Requests/sec:  1800.1138346354167 KB
Transfer/sec:  3042.346240234375 KB

2023-12-02 22:25:19.019155986 +0800 CST m=+10674.297091370
Running 1m0s myx-test @ https://192.168.12.127:6443/api/v1/namespaces/myx-test/serviceaccounts
15 connections
Requests/bytes (per Connection):  [11092687 9523136 8992991 9537048 9108046 10925290 9132500 8972020 9454530 11043826 11041517 9006907 9495243 11091561 9497529]
Response/bytes (per Connection):  [7655051 6571905 6205317 6582562 6286223 7538633 6301590 6192311 6524954 7622720 7620337 6215978 6552166 7652655 6554937]
Requests Number (per Connection):  [9541 8191 7735 8203 7834 9397 7855 7717 8132 9499 9497 7747 8167 9540 8169]
Requests/sec:  2407.467952473958 KB
Transfer/sec:  4068.8829752604165 KB

2023-12-02 22:26:59.068124763 +0800 CST m=+10774.346060138
Running 1m0s myx-test @ https://192.168.12.127:6443/api/v1/namespaces/myx-test/serviceaccounts
30 connections
Requests/bytes (per Connection):  [6148051 7429192 6697947 6708413 6656083 7410643 6198022 6666544 6177112 7453609 6709577 6678171 6222400 6659544 6185238 7409464 6179429 7410644 6703762 6206129 7450182 6696784 6179374 7544299 6621196 6121302 7426909 7354826 7482744 6206139]
Response/bytes (per Connection):  [4241031 5128519 4621423 4628523 4593023 5113488 4276153 4600940 4261564 5144671 4629313 4608827 4294732 4596184 4267072 5113505 4263133 5113489 4625368 4283286 5140311 4620634 4265133 5207422 4569356 4222884 5125340 5075212 5162401 4282885]
Requests Number (per Connection):  [5288 6390 5761 5770 5725 6374 5331 5734 5313 6411 5771 5744 5352 5728 5320 6373 5315 6374 5766 5338 6408 5760 5315 6489 5695 5265 6388 6326 6436 5338]
Requests/sec:  3303.934391276042 KB
Transfer/sec:  5583.814306640625 KB

2023-12-02 22:28:39.26760065 +0800 CST m=+10874.545536034
Running 1m0s myx-test @ https://192.168.12.127:6443/api/v1/namespaces/myx-test/serviceaccounts
60 connections
Requests/bytes (per Connection):  [4621488 4562177 4077378 4597024 4587752 4597063 4578460 4106404 4563342 4085469 4608657 4569127 4641240 4585438 4609831 4105265 4122736 4531946 4099425 4611022 4574947 4648213 4620294 4651722 4528455 4129691 4627300 4522640 4139004 4603984 4614501 4550551 4620281 4120363 4085487 4105260 4099489 4534270 4552864 4601719 4555200 4570320 4650508 4098291 4097147 4599393 4500574 4616836 4115736 4162234 4595904 4595904 4562179 4112217 4580786 4635422 4101753 4133149 4527298 4076167]
Response/bytes (per Connection):  [3188268 3148442 2813025 3173302 3166200 3172519 3159078 2834345 3148822 2820553 3181606 3153970 3202895 3163812 3181584 2832758 2844208 3127524 2830021 3181168 3157920 3207624 3189092 3209189 3125155 2848919 3192621 3121210 2855240 3179251 3184347 3140145 3189490 2843405 2819338 2832753 2827619 3129100 3142532 3174857 3143709 3153556 3210404 2828028 2826436 3173279 3105428 3185112 2839452 2871812 3170912 3170912 3148033 2838699 3160656 3198536 2831190 2852899 3124372 2814243]
Requests Number (per Connection):  [3975 3924 3507 3954 3946 3954 3938 3532 3925 3514 3964 3930 3992 3944 3965 3531 3546 3898 3526 3966 3935 3998 3974 4001 3895 3552 3980 3890 3560 3960 3969 3914 3974 3544 3514 3531 3526 3900 3916 3958 3918 3931 4000 3525 3524 3956 3871 3971 3540 3580 3953 3953 3924 3537 3940 3987 3528 3555 3894 3506]
Requests/sec:  4324.207307942708 KB
Transfer/sec:  7308.282421875 KB

2023-12-02 22:30:19.36671944 +0800 CST m=+10974.644654821
Running 1m0s myx-test @ https://192.168.12.127:6443/api/v1/namespaces/myx-test/serviceaccounts
90 connections
Requests/bytes (per Connection):  [3545995 3539068 3557675 3511158 3190238 3564603 3478596 3525111 3184463 3124005 3149576 3513466 3168181 3512319 3173998 3208884 3542552 3192582 3549534 3456517 3523950 3506496 3506506 3562325 3178648 3551860 3520459 3139110 3541394 3529764 3508833 3509995 3543701 3530928 3547166 3161200 3496033 3594839 3479760 3532090 3535539 3184424 3557675 3522787 3485574 3173967 3128653 3144924 3545997 3548369 3552974 3157701 3157700 3496041 3514647 3532090 3482091 3187934 3463479 3536742 3578607 3545995 3508814 3514647 3533225 3196064 3168183 3177453 3575051 3155391 3513484 3586727 3527439 3153053 3168182 3479767 3140273 3247261 3165857 3471619 3191441 3582014 3139110 3485574 3533253 3549482 3547203 3542557 3153065 3539051]
Response/bytes (per Connection):  [2448450 2441712 2454335 2422778 2203027 2461485 2400688 2432654 2197067 2155646 2173400 2425160 2186432 2423976 2189968 2213634 2444896 2203801 2448812 2384482 2431456 2420434 2419622 2457900 2193122 2450390 2429498 2166300 2443290 2435400 2421201 2421989 2446082 2436190 2448836 2182106 2412926 2481586 2401478 2436978 2441360 2198672 2454335 2430667 2405422 2191170 2158798 2170244 2448452 2448432 2453596 2179318 2179728 2412523 2425145 2436978 2402650 2200649 2390433 2440134 2468535 2448450 2422004 2425145 2439383 2206161 2186023 2193534 2468978 2177345 2424356 2475270 2433823 2176166 2186022 2401074 2167089 2239669 2184445 2395955 2201801 2474519 2166300 2405422 2437767 2450404 2448051 2444079 2175767 2442517]
Requests Number (per Connection):  [3050 3044 3060 3020 2744 3066 2992 3032 2739 2687 2709 3022 2725 3021 2730 2760 3047 2746 3053 2973 3031 3016 3016 3064 2734 3055 3028 2700 3046 3036 3018 3019 3048 3037 3051 2719 3007 3092 2993 3038 3041 2739 3060 3030 2998 2730 2691 2705 3050 3052 3056 2716 2716 3007 3023 3038 2995 2742 2979 3042 3078 3050 3018 3023 3039 2749 2725 2733 3075 2714 3022 3085 3034 2712 2725 2993 2701 2793 2723 2986 2745 3081 2700 2998 3039 3053 3051 3047 2712 3044]
Requests/sec:  4992.394661458334 KB
Transfer/sec:  8437.771402994791 KB

2023-12-02 22:31:59.563402131 +0800 CST m=+11074.841337515
Running 1m0s myx-test @ https://192.168.12.127:6443/api/v1/namespaces/myx-test/serviceaccounts
150 connections
Requests/bytes (per Connection):  [1381205 1363782 1346321 1370739 1178878 1207946 1211450 1360274 1306854 1237050 1206849 1376570 1190537 1183513 1371902 1331200 1209125 1338177 1330038 1359141 1359137 1197490 1216126 1201035 1411426 1323079 1333528 1341695 1347482 1375408 1373065 1312624 1316095 1324222 1364925 1424225 1324225 1174246 1392836 1346318 1233587 1332365 1204524 1345176 1361436 1348644 1357979 1371902 1226545 1356817 1385856 1378895 1241736 1330039 1346322 1331200 1337014 1205687 1374234 1303290 1325385 1373065 1321897 1366087 1342861 1373065 1363778 1219599 1195220 1189406 1324222 1350970 1357979 1387020 1188243 1263783 1197546 1331255 1169608 1359116 1331248 1311432 1321897 1357947 1203289 1360272 1190534 1189327 1216107 1357949 1219563 1348643 1211447 1187038 1280094 1359141 1370749 1218478 1206849 1247551 1340503 1298640 1200997 1175451 1216081 1339340 1363769 1187001 1182354 1192895 1230029 1338179 1373072 1304510 1342829 1318410 1355623 1221957 1387027 1216073 1350969 1352133 1364951 1357947 1240510 1323077 1321906 1301040 1363764 1354467 1219579 1313759 1184675 1304455 1197467 1321960 1362598 1194004 1325402 1335853 1341702 1356784 1190569 1305679 1310268 1289340 1378879 1223064 1208013 1375391]
Response/bytes (per Connection):  [953333 940698 929258 946233 814438 834567 836538 938723 900452 853499 831378 949372 821535 818810 947022 919410 834961 924143 918622 937142 936727 827066 839307 827434 974652 913085 920579 924895 930045 948584 947811 905585 908345 914676 942289 983337 914268 810891 961224 929666 849925 919790 829801 928076 939922 931244 936354 947022 847182 935566 956488 950538 855045 918212 929259 919410 923354 830590 947784 900476 915465 947811 913099 943077 926098 947811 940694 841658 823489 819545 914676 932822 936354 957278 818756 872452 825067 917410 806927 937528 916992 905589 913099 937555 831406 939132 821532 822754 839288 937146 843266 931243 836535 819158 882294 937142 945832 839267 831378 858990 925721 896911 828629 810078 840084 924932 940685 821176 817203 821912 850366 923734 947407 898856 927299 910323 935568 842446 956874 840898 932821 933611 941082 937555 856248 913083 912697 895686 941091 934375 842049 907168 819598 900856 828276 910696 940710 824702 914660 922156 924902 936766 820334 899651 905210 890192 951755 844823 832168 949389]
Requests Number (per Connection):  [1188 1173 1158 1179 1014 1039 1042 1170 1124 1064 1038 1184 1024 1018 1180 1145 1040 1151 1144 1169 1169 1030 1046 1033 1214 1138 1147 1154 1159 1183 1181 1129 1132 1139 1174 1225 1139 1010 1198 1158 1061 1146 1036 1157 1171 1160 1168 1180 1055 1167 1192 1186 1068 1144 1158 1145 1150 1037 1182 1121 1140 1181 1137 1175 1155 1181 1173 1049 1028 1023 1139 1162 1168 1193 1022 1087 1030 1145 1006 1169 1145 1128 1137 1168 1035 1170 1024 1023 1046 1168 1049 1160 1042 1021 1101 1169 1179 1048 1038 1073 1153 1117 1033 1011 1046 1152 1173 1021 1017 1026 1058 1151 1181 1122 1155 1134 1166 1051 1193 1046 1162 1163 1174 1168 1067 1138 1137 1119 1173 1165 1049 1130 1019 1122 1030 1137 1172 1027 1140 1149 1154 1167 1024 1123 1127 1109 1186 1052 1039 1183]
Requests/sec:  3171.201025390625 KB
Transfer/sec:  5359.672135416667 KB

2023-12-02 22:33:39.631058509 +0800 CST m=+11174.908993897
Running 1m0s myx-test @ https://192.168.12.127:6443/api/v1/namespaces/myx-test/serviceaccounts
300 connections
Requests/bytes (per Connection):  [860355 861521 945272 960388 909167 835964 855700 891705 852218 991741 869633 966168 938257 855730 899889 924334 897560 962676 863850 898711 931315 863874 845268 913800 871960 966132 946393 963874 996400 839453 917289 911547 968457 901087 844061 876666 941741 925430 963806 869634 946387 1007994 913800 878992 934731 891754 910311 962640 877750 981247 965005 975462 977758 963812 977761 877750 957991 903401 938242 932407 921988 954502 942873 926590 966131 924307 959202 956891 855734 876666 945197 923183 914998 917289 841755 844105 911480 928975 818506 890542 921941 951040 842942 881318 999854 902171 930147 931276 825498 898743 906840 859204 952176 920777 866130 907986 976596 838290 954500 916205 968457 1004541 897598 978980 853380 891758 876636 966129 902234 867313 953348 988257 941710 858032 944107 890606 924266 851083 947598 957991 961532 860323 875469 988224 956828 838270 920776 942926 918451 884806 959152 912685 877829 941708 869682 916160 905659 931306 939440 963864 904522 949886 853363 970833 884752 974270 948693 917338 946359 969680 966142 888216 844105 946378 878946 992877 960321 949893 933614 975435 947582 910380 854571 890621 946415 860306 958032 958056 959153 869630 962641 944115 951063 877750 947596 932456 990550 858033 868512 876617 939383 912638 889427 888271 889452 925508 863869 902196 864978 1013837 855686 958004 971944 927755 940554 949901 978929 928918 952174 846430 916205 952243 934733 969620 883626 878955 877750 873165 897519 957989 925429 895194 851070 901061 909220 973111 964966 912637 866200 915033 880141 873098 953339 944097 926618 987089 909156 953339 920778 973155 935947 961549 949866 921994 871966 946389 963861 913829 960317 910391 876666 885948 933648 841710 981247 956851 954513 861478 966192 924266 894031 918452 858019 969620 863826 935896 851035 909199 955689 935949 880155 873143 953339 883564 874340 949851 837105 951013 961478 884728 956826 880076 917308 877825 949849 928916 877829 914971 910312 888295 942873 855655 938251 917289 938273 842941 848756 897519 865000 862712 871954 853329 955665 959152 1001017 962642 862639 948688 913864 877774]
Response/bytes (per Connection):  [593870 594251 650252 661328 627796 575689 590300 616766 587940 683405 600567 666060 646714 589508 620688 636457 619518 663690 595832 620295 640783 594623 582001 631755 602146 667257 652643 663692 686568 578056 634122 627784 668834 619868 582812 603301 649898 639645 665679 600568 652637 696066 631755 604879 646365 614760 629388 665298 607299 677921 664860 672362 675554 665685 675146 607299 661734 622256 647521 644378 635681 659367 651478 640842 667256 637663 660516 658953 589101 603301 653465 634858 631346 634122 580432 581212 630183 639602 564663 615977 637278 655794 580423 606457 690544 623866 640400 642388 568589 619094 626628 592682 657789 636488 599008 627811 674766 577267 659776 630124 668834 692091 617501 673936 588317 615175 604915 667665 621463 598995 658587 681454 650689 591473 649461 613986 638855 585946 651830 661734 662509 594249 604122 682654 660945 578069 636898 649887 634910 608823 662932 628959 604090 651098 598972 632134 626232 641596 647112 663271 624236 654603 589122 668818 610824 673188 655017 632116 654253 667217 666856 614399 581212 653450 606888 685811 663316 654610 643567 673568 652225 626991 588312 612768 651843 595465 660542 659333 662522 600975 665299 649058 654995 607299 652239 642372 684232 592296 598587 605307 649521 630967 613181 612399 612795 636435 595029 622658 597408 698806 590697 660925 671610 641222 649496 654207 675529 642011 658198 582789 630124 655390 645956 669623 608839 606897 607299 601744 620710 662143 639644 619133 586755 621486 626205 671992 666876 630966 596201 630148 606476 604143 658578 649862 639226 680249 628196 658578 636489 670392 645152 661704 655816 635276 602152 652639 663679 630962 663312 626180 603301 610824 641957 582031 677921 660146 658967 595441 665262 638855 618344 634911 592282 669623 596219 646745 587542 627006 659358 644743 605668 602544 658578 611243 601723 656212 577278 657000 664510 612033 661354 608877 633730 604497 656621 642420 604090 632552 629389 611190 651478 592310 647530 634122 646730 580422 584367 620710 597019 593835 602140 590732 660156 662932 691333 664889 596228 655423 629353 606090]
Requests Number (per Connection):  [740 741 813 826 782 719 736 767 733 853 748 831 807 736 774 795 772 828 743 773 801 743 727 786 750 831 814 829 857 722 789 784 833 775 726 754 810 796 829 748 814 867 786 756 804 767 783 828 755 844 830 839 841 829 841 755 824 777 807 802 793 821 811 797 831 795 825 823 736 754 813 794 787 789 724 726 784 799 704 766 793 818 725 758 860 776 800 801 710 773 780 739 819 792 745 781 840 721 821 788 833 864 772 842 734 767 754 831 776 746 820 850 810 738 812 766 795 732 815 824 827 740 753 850 823 721 792 811 790 761 825 785 755 810 748 788 779 801 808 829 778 817 734 835 761 838 816 789 814 834 831 764 726 814 756 854 826 817 803 839 815 783 735 766 814 740 824 824 825 748 828 812 818 755 815 802 852 738 747 754 808 785 765 764 765 796 743 776 744 872 736 824 836 798 809 817 842 799 819 728 788 819 804 834 760 756 755 751 772 824 796 770 732 775 782 837 830 785 745 787 757 751 820 812 797 849 782 820 792 837 805 827 817 793 750 814 829 786 826 783 754 762 803 724 844 823 821 741 831 795 769 790 738 834 743 805 732 782 822 805 757 751 820 760 752 817 720 818 827 761 823 757 789 755 817 799 755 787 783 764 811 736 807 789 807 725 730 772 744 742 750 734 822 825 861 828 742 816 786 755]
Requests/sec:  4478.861246744792 KB
Transfer/sec:  7569.116373697917 KB

