2023-12-03 06:48:13.213184813 +0800 CST m=+40848.491120187
Running 1m0s myx-test @ https://192.168.12.127:6443/apis/apps/v1/namespaces/myx-test/statefulsets
3 connections
Requests/bytes (per Connection):  [10538126 11955380 11045054]
Response/bytes (per Connection):  [24314262 27584514 25483716]
Requests Number (per Connection):  [9064 10283 9500]
Requests/sec:  545.875 KB
Transfer/sec:  1805.3556640625 KB

2023-12-03 06:49:53.273588725 +0800 CST m=+40948.551524101
Running 1m0s myx-test @ https://192.168.12.127:6443/apis/apps/v1/namespaces/myx-test/statefulsets
6 connections
Requests/bytes (per Connection):  [7280400 7725711 8351190 7300173 7725711 8339589]
Response/bytes (per Connection):  [16798932 17825298 19269333 16843917 17825298 19241487]
Requests Number (per Connection):  [6262 6645 7183 6279 6645 7173]
Requests/sec:  760.46181640625 KB
Transfer/sec:  2515.088525390625 KB

2023-12-03 06:51:33.334154878 +0800 CST m=+41048.612090251
Running 1m0s myx-test @ https://192.168.12.127:6443/apis/apps/v1/namespaces/myx-test/statefulsets
9 connections
Requests/bytes (per Connection):  [6509558 6768822 6470019 6825840 7568720 7519891 7522224 6487462 6832819]
Response/bytes (per Connection):  [15020772 15619215 14930001 15748905 17464479 17351568 17356518 14970045 15764928]
Requests Number (per Connection):  [5599 5822 5565 5871 6510 6468 6470 5580 5877]
Requests/sec:  1017.3397623697916 KB
Transfer/sec:  3364.7751627604166 KB

2023-12-03 06:53:13.417212472 +0800 CST m=+41148.695147844
Running 1m0s myx-test @ https://192.168.12.127:6443/apis/apps/v1/namespaces/myx-test/statefulsets
15 connections
Requests/bytes (per Connection):  [5579477 5167890 5574826 5155098 5617851 5978244 5170216 5169095 6027091 5582966 5548081 6041067 6030601 6010831 5181853]
Response/bytes (per Connection):  [12873810 11924865 12863133 11895498 12962316 13794948 11930205 11926017 13906680 12881820 12801324 13937958 13913931 13868544 11956515]
Requests Number (per Connection):  [4799 4445 4795 4434 4832 5142 4447 4446 5184 4802 4772 5196 5187 5170 4457]
Requests/sec:  1364.5049967447917 KB
Transfer/sec:  4512.902848307292 KB

2023-12-03 06:54:53.695158105 +0800 CST m=+41248.973093483
Running 1m0s myx-test @ https://192.168.12.127:6443/apis/apps/v1/namespaces/myx-test/statefulsets
30 connections
Requests/bytes (per Connection):  [3975036 3412310 4007636 3847147 3835528 3463479 3439074 3997137 3995944 3827387 4029666 4029668 3793667 4029731 3435575 3428594 3412376 3812269 4032048 3783213 3791337 3372772 3412339 3833205 3822735 3992510 3864600 3435612 4028525 3409987]
Response/bytes (per Connection):  [9172212 7874265 9245436 8876991 8849913 7991736 7934898 9222543 9220605 8831223 9298431 9298026 8753403 9296160 7927269 7911240 7871997 8796516 9301884 8729001 8748462 7783497 7872708 8844171 8820543 9211527 8916654 7926147 9295005 7868523]
Requests Number (per Connection):  [3419 2935 3447 3309 3299 2979 2958 3438 3437 3292 3466 3466 3263 3466 2955 2949 2935 3279 3468 3254 3261 2901 2935 3297 3288 3434 3324 2955 3465 2933]
Requests/sec:  1831.8865071614584 KB
Transfer/sec:  6058.627815755209 KB

2023-12-03 06:56:33.890407669 +0800 CST m=+41349.168343054
Running 1m0s myx-test @ https://192.168.12.127:6443/apis/apps/v1/namespaces/myx-test/statefulsets
60 connections
Requests/bytes (per Connection):  [2493818 2498513 2461299 2511305 2226473 2453159 2507816 2200856 2235732 2504327 2213633 2504327 2262523 2499648 2214841 2519445 2221782 2254382 2505488 2214829 2500830 2515956 2224128 2505488 2491535 2193911 2228790 2433395 2193869 2460136 2179914 2456648 2276399 2472928 2508941 2522933 2450833 2485710 2461282 2472929 2450831 2224109 2500839 2206699 2454311 2458974 2193911 2506653 2474091 2522932 2532194 2213681 2479906 2500800 2518282 2490330 2204379 2496158 2522877 2467114]
Response/bytes (per Connection):  [5755524 5764278 5678844 5793645 5136105 5660157 5785635 5078505 5158974 5777625 5108238 5777625 5218866 5768097 5109399 5812332 5126541 5200176 5780700 5109774 5770413 5804322 5131119 5780700 5748258 5061351 5141418 5614377 5062869 5676174 5030832 5668167 5253954 5705541 5789835 5820339 5654817 5735289 5679615 5705544 5655222 5132295 5769618 5091117 5663205 5673507 5061351 5782965 5708211 5820747 5843214 5106738 5721561 5771556 5809662 5747106 5084973 5760495 5822637 5692194]
Requests Number (per Connection):  [2145 2149 2117 2160 1915 2110 2157 1893 1923 2154 1904 2154 1946 2150 1905 2167 1911 1939 2155 1905 2151 2164 1913 2155 2143 1887 1917 2093 1887 2116 1875 2113 1958 2127 2158 2170 2108 2138 2117 2127 2108 1913 2151 1898 2111 2115 1887 2156 2128 2170 2178 1904 2133 2151 2166 2142 1896 2147 2170 2122]
Requests/sec:  2343.0960611979167 KB
Transfer/sec:  7749.254069010417 KB

2023-12-03 06:58:14.352764714 +0800 CST m=+41449.630700088
Running 1m0s myx-test @ https://192.168.12.127:6443/apis/apps/v1/namespaces/myx-test/statefulsets
90 connections
Requests/bytes (per Connection):  [1811397 1807910 1641636 1613762 1789264 1588140 1833485 1613775 1732321 1599830 1827668 1804420 1784652 1800933 1609055 1819492 1752083 1813724 1626510 1818347 1597425 1618386 1606789 1605581 1784652 1817213 1795109 1799768 1799770 1795118 1780000 1798604 1792793 1783482 1620681 1811396 1793954 1796236 1599830 1603239 1602077 1835818 1825289 1812562 1809071 1840472 1591629 1832258 1649754 1805538 1785794 1817151 1797397 1577735 1596325 1755580 1766045 1796281 1788103 1791627 1610217 1617195 1777675 1635817 1834633 1589320 1580061 1873031 1804422 1749765 1770697 1769512 1599779 1785813 1810204 1641648 1818340 1782326 1803258 1763720 1625372 1616111 1789263 1840428 1603240 1804378 1612622 1803256 1770697 1817213]
Response/bytes (per Connection):  [4179150 4170735 3787797 3722598 4129545 3664572 4229853 3722226 3997203 3689397 4216908 4163133 4117341 4154718 3713808 4199346 4042977 4184082 3753477 4196319 3687108 3734016 3706593 3705021 4117341 4192092 4142163 4152453 4152048 4141368 4106661 4149780 4136031 4115472 3740907 4179147 4139106 4145547 3689397 3700455 3697788 4235214 4213053 4181415 4173810 4245489 3672582 4229457 3807651 4167312 4120770 4193961 4148622 3638673 3682161 4050600 4074624 4144038 4126470 4133763 3716475 3732495 4101324 3774435 4233300 3667293 3644013 4320645 4162728 4037250 4085304 4083390 3691710 4120416 4177212 3787422 4196298 4112001 4160055 4069287 3749649 3726774 4129953 4247001 3700458 4164651 3718764 4160460 4085304 4192092]
Requests Number (per Connection):  [1558 1555 1412 1388 1539 1366 1577 1388 1490 1376 1572 1552 1535 1549 1384 1565 1507 1560 1399 1564 1374 1392 1382 1381 1535 1563 1544 1548 1548 1544 1531 1547 1542 1534 1394 1558 1543 1545 1376 1379 1378 1579 1570 1559 1556 1583 1369 1576 1419 1553 1536 1563 1546 1357 1373 1510 1519 1545 1538 1541 1385 1391 1529 1407 1578 1367 1359 1611 1552 1505 1523 1522 1376 1536 1557 1412 1564 1533 1551 1517 1398 1390 1539 1583 1379 1552 1387 1551 1523 1563]
Requests/sec:  2543.374820963542 KB
Transfer/sec:  8411.758658854167 KB

2023-12-03 06:59:54.473347884 +0800 CST m=+41549.751283269
Running 1m0s myx-test @ https://192.168.12.127:6443/apis/apps/v1/namespaces/myx-test/statefulsets
150 connections
Requests/bytes (per Connection):  [1381206 1274220 1261428 1180024 1238248 1291663 1340506 1148706 1268405 1157983 1264916 1163822 1295150 1156777 1257939 1360275 1371902 1170721 1373067 1273122 1141713 1232363 1345155 1341666 1344013 1142816 1226540 1274290 1269586 1138162 1300966 1374230 1264960 1320735 1240563 1127764 1137012 1327711 1182355 1264916 1158007 1330093 1270735 1238169 1353295 1168404 1356817 1259139 1230103 1287011 1171884 1349806 1256776 1289385 1271893 1153331 1266103 1247524 1288174 1131261 1321898 1245193 1239389 1309105 1168474 1235856 1159137 1324223 1155666 1381205 1271900 1134697 1159170 1285849 1162661 1334706 1253366 1220805 1247483 1319582 1275382 1162591 1342829 1254450 1367251 1152137 1174225 1320735 1263761 1154521 1143980 1287031 1309139 1230037 1261427 1333526 1355656 1328913 1144054 1289402 1130027 1161496 1307983 1160334 1266079 1138169 1238248 1134710 1161436 1348643 1335851 1339340 1320794 1156845 1253353 1168474 1169636 1254450 1360303 1141727 1342831 1319588 1156844 1125402 1333546 1309105 1155668 1288174 1338177 1162659 1345155 1342860 1332363 1271926 1168394 1263753 1250962 1152194 1328876 1149867 1148661 1254529 1319573 1266079 1167310 1132364 1362626 1149847 1244063 1334691]
Response/bytes (per Connection):  [3187086 2941065 2911698 2724816 2855250 2981109 3093240 2649276 2927715 2671788 2919705 2684388 2989524 2670633 2903688 3138624 3165726 2703459 3167991 2936124 2634033 2844156 3104322 3096312 3100482 2638989 2831604 2938398 2930028 2628303 3002466 3170661 2918193 3047850 2860968 2601603 2625261 3064275 2729349 2919705 2671038 3067317 2932656 2858301 3123009 2697324 3129885 2904825 2837370 2970429 2706129 3114999 2901018 2973858 2935722 2661108 2921625 2877759 2973099 2609637 3050520 2872815 2858676 3021561 2695068 2852178 2674842 3056268 2666064 3187083 2935332 2619132 2673708 2967762 2681313 3079113 2889957 2815206 2879280 3044799 2943732 2683980 3098982 2895678 3155049 2659578 2710281 3047850 2917059 2662626 2641251 2969667 3020019 2839227 2911695 3077625 3126810 3065007 2638596 2973498 2609220 2679048 3016959 2676381 2922375 2627913 2855250 2619171 2681334 3112329 3082962 3090972 3045972 2668371 2890740 2695068 2697735 2895678 3137886 2633664 3098577 3044817 2668368 2597799 3076863 3021561 2666070 2973099 3088302 2681718 3104322 3097842 3074955 2934588 2698116 2917035 2887671 2657283 3066540 2652351 2651196 2892627 3045183 2922375 2692395 2614182 3143628 2652702 2868600 3079890]
Requests Number (per Connection):  [1188 1096 1085 1015 1065 1111 1153 988 1091 996 1088 1001 1114 995 1082 1170 1180 1007 1181 1095 982 1060 1157 1154 1156 983 1055 1096 1092 979 1119 1182 1088 1136 1067 970 978 1142 1017 1088 996 1144 1093 1065 1164 1005 1167 1083 1058 1107 1008 1161 1081 1109 1094 992 1089 1073 1108 973 1137 1071 1066 1126 1005 1063 997 1139 994 1188 1094 976 997 1106 1000 1148 1078 1050 1073 1135 1097 1000 1155 1079 1176 991 1010 1136 1087 993 984 1107 1126 1058 1085 1147 1166 1143 984 1109 972 999 1125 998 1089 979 1065 976 999 1160 1149 1152 1136 995 1078 1005 1006 1079 1170 982 1155 1135 995 968 1147 1126 994 1108 1151 1000 1157 1155 1146 1094 1005 1087 1076 991 1143 989 988 1079 1135 1089 1004 974 1172 989 1070 1148]
Requests/sec:  3050.991259765625 KB
Transfer/sec:  10091.1205078125 KB

2023-12-03 07:01:34.679574184 +0800 CST m=+41649.957509599
Running 1m0s myx-test @ https://192.168.12.127:6443/apis/apps/v1/namespaces/myx-test/statefulsets
300 connections
Requests/bytes (per Connection):  [795265 937059 952214 930089 814953 791729 778981 824282 888259 821930 787124 769681 865037 763866 880142 841764 830150 895193 910326 851016 931278 859182 756888 831234 881238 760377 804486 807982 830099 796425 768486 905660 895193 931242 803344 783633 927760 823147 860359 854571 777821 851060 777821 731304 909228 816137 1002199 790613 907986 799855 794094 828965 790613 783563 871983 808055 937058 821970 776618 846352 790539 918501 944041 817358 901008 942873 912700 914963 897520 774278 874261 803405 794100 888259 778949 837127 835885 789450 776658 910391 902174 762701 803324 955706 867321 780137 762701 956828 790549 909155 874262 826640 904574 802239 945251 899845 845253 823173 790610 800998 834801 782409 808054 784734 852171 894032 774332 918452 845188 775495 939463 913872 927788 933589 928918 827778 828967 845257 860385 820769 794102 899849 770844 898683 815007 880103 901008 845268 783634 766145 788287 919650 834801 788285 818520 798672 794102 898701 770815 810356 758049 801079 848727 914963 924312 789450 812663 888270 841700 924345 844101 762703 797547 840616 772004 787124 853364 814964 905700 892927 768515 898699 944036 856818 828936 783585 891705 937091 937063 810383 897560 842883 873099 837100 847536 851082 765028 856897 762701 766191 782457 908055 797589 824280 845220 819623 904515 901008 870773 770841 904497 775493 878913 832475 881248 792937 903334 822007 891744 932407 899868 768515 904510 766165 832440 788285 746421 933569 856860 801069 803403 930106 795192 819605 818520 796381 822009 917343 841750 839453 910357 859162 821985 905659 823172 795253 802240 842942 809217 846371 756889 796408 798753 783635 842919 925437 852245 809220 803403 787122 855718 748748 878969 937059 818521 785961 780138 835898 896430 891784 857981 923182 841729 802166 894031 813869 777818 824300 881256 956882 828924 939384 868447 914966 930160 848703 781307 844101 790611 860338 910312 812706 897519 853371 958057 841779 860385 928997 903413 763835 934731 858044 911475 773160 889437 845245 817322 781310 911529 871996 823126 833612 790543 761490 780145 918452 852166 862712 782470 860307]
Response/bytes (per Connection):  [1833819 2162982 2196567 2146575 1882659 1827723 1796844 1902861 2049336 1898676 1815129 1775085 1994406 1761735 2029896 1942200 1914315 2066868 2101209 1964637 2148501 1982580 1745715 1920036 2034831 1753725 1858629 1865838 1915806 1836891 1773552 2090898 2066868 2150037 1854789 1807524 2141226 1899453 1985292 1970379 1793772 1963536 1793772 1686981 2095857 1884159 2311716 1823139 2096238 1847190 1831947 1912401 1823139 1810191 2011563 1863591 2162979 1897152 1793037 1954743 1825794 2118768 2178603 1884948 2080218 2176329 2105049 2112255 2072211 1787655 2018814 1852506 1831554 2049336 1797981 1930332 1930713 1820469 1791102 2098527 2082486 1759470 1855962 2204586 2000853 1799904 1759470 2208366 1825824 2098926 2018817 1907064 2085582 1850238 2179770 2077548 1949799 1898298 1823541 1850622 1924992 1807137 1863588 1812474 1967694 2063793 1785762 2120265 1952070 1788432 2165268 2107335 2140488 2154618 2144292 1910481 1912407 1949400 1983726 1895601 1831149 2077149 1777755 2074881 1880766 2031012 2080218 1949022 1807527 1768989 1817799 2121807 1924992 1818204 1887615 1845282 1831149 2074113 1778901 1870089 1748790 1847166 1957764 2112255 2132106 1820469 1875783 2048958 1944063 2130561 1946751 1759065 1841082 1938342 1780827 1815129 1969221 1881870 2089374 2059242 1772817 2074107 2178999 1978770 1913136 1809435 2058861 2161845 2162583 1868526 2070687 1945560 2016147 1931484 1956654 1962369 1764402 1975719 1759470 1767072 1805637 2093979 1839564 1902855 1950933 1892160 2087871 2080218 2010807 1778157 2088228 1788837 2029494 1919652 2034450 1828884 2085558 1895619 2057334 2152302 2076795 1772817 2087445 1768638 1920780 1818204 1722096 2154969 1977252 1847547 1852911 2146215 1836477 1893339 1887615 1838403 1895625 2115702 1942158 1935672 2100069 1982931 1896786 2090895 1898295 1834605 1850241 1943682 1866258 1953978 1745718 1837662 1841826 1807119 1944435 2136306 1965039 1865856 1852911 1815534 1974234 1727028 2027607 2162982 1887618 1812459 1799496 1929930 2066883 2055810 1981440 2127891 1942506 1852485 2064201 1876938 1794174 1902093 2033652 2206473 1913511 2168319 2005467 2112264 2143911 1958925 1802184 1946751 1823544 1985640 2101578 1874268 2072208 1969242 2208768 1941012 1983726 2141241 2082507 1762875 2158047 1979163 2104248 1783476 2051640 1949775 1886073 1801782 2102355 2011191 1900212 1923477 1825806 1758300 1799517 2120265 1968090 1989069 1804854 1986780]
Requests Number (per Connection):  [684 806 819 800 701 681 670 709 764 707 677 662 744 657 757 724 714 770 783 732 801 739 651 715 758 654 692 695 714 685 661 779 770 801 691 674 798 708 740 735 669 732 669 629 782 702 862 680 781 688 683 713 680 674 750 695 806 707 668 728 680 790 812 703 775 811 785 787 772 666 752 691 683 764 670 720 719 679 668 783 776 656 691 822 746 671 656 823 680 782 752 711 778 690 813 774 727 708 680 689 718 673 695 675 733 769 666 790 727 667 808 786 798 803 799 712 713 727 740 706 683 774 663 773 701 757 775 727 674 659 678 791 718 678 704 687 683 773 663 697 652 689 730 787 795 679 699 764 724 795 726 656 686 723 664 677 734 701 779 768 661 773 812 737 713 674 767 806 806 697 772 725 751 720 729 732 658 737 656 659 673 781 686 709 727 705 778 775 749 663 778 667 756 716 758 682 777 707 767 802 774 661 778 659 716 678 642 803 737 689 691 800 684 705 704 685 707 789 724 722 783 739 707 779 708 684 690 725 696 728 651 685 687 674 725 796 733 696 691 677 736 644 756 806 704 676 671 719 771 767 738 794 724 690 769 700 669 709 758 823 713 808 747 787 800 730 672 726 680 740 783 699 772 734 824 724 740 799 777 657 804 738 784 665 765 727 703 672 784 750 708 717 680 655 671 790 733 742 673 740]
Requests/sec:  4123.823958333333 KB
Transfer/sec:  13639.131477864583 KB

