2023-12-05 20:36:45.906354634 +0800 CST m=+60.071092023
Running 1m0s myx-test @ https://192.168.12.127:6443/api/v1/namespaces
3 connections
Requests/bytes (per Connection):  [1642280 1557790 803654]
Response/bytes (per Connection):  [1262776 1197740 617644]
Requests Number (per Connection):  [1381 1310 676]
Requests/sec:  65.16477864583334 KB
Transfer/sec:  115.2650390625 KB

2023-12-05 20:55:23.530673749 +0800 CST m=+1177.695411126
Running 1m0s myx-test @ https://192.168.12.127:6443/api/v1/namespaces
6 connections
Requests/bytes (per Connection):  [1224590 1146086 645517 1219830 644328 1141330]
Response/bytes (per Connection):  [941260 880876 496082 937596 495168 877220]
Requests Number (per Connection):  [1030 964 543 1026 542 960]
Requests/sec:  98.009130859375 KB
Transfer/sec:  173.337939453125 KB

2023-12-05 21:15:38.055981244 +0800 CST m=+2392.220718611
Running 1m0s myx-test @ https://192.168.12.127:6443/api/v1/namespaces
9 connections
Requests/bytes (per Connection):  [1129440 1009351 1115172 551586 552775 1008162 1119928 551586 1004595]
Response/bytes (per Connection):  [868080 775766 857112 423876 424790 774852 860768 423876 772110]
Requests Number (per Connection):  [950 849 938 464 465 848 942 464 845]
Requests/sec:  130.901611328125 KB
Transfer/sec:  231.507568359375 KB

2023-12-05 21:37:11.460900798 +0800 CST m=+3685.625638170
Running 1m0s myx-test @ https://192.168.12.127:6443/api/v1/namespaces
15 connections
Requests/bytes (per Connection):  [908286 847647 501648 857159 918987 501648 848836 840513 911853 853592 920950 509210 936420 510400 517540]
Response/bytes (per Connection):  [692015 645720 379746 652713 700241 379746 646315 639917 694757 656032 708764 391828 720672 392744 398240]
Requests Number (per Connection):  [764 713 422 721 773 422 714 707 767 718 774 428 787 429 435]
Requests/sec:  185.29767252604168 KB
Transfer/sec:  326.890283203125 KB

2023-12-05 22:00:47.473477072 +0800 CST m=+5101.638214456
Running 1m0s myx-test @ https://192.168.12.127:6443/api/v1/namespaces
30 connections
Requests/bytes (per Connection):  [338755 595579 515916 333999 597957 518294 595579 512349 333999 323298 582990 511590 580610 581800 325950 524680 354510 615120 536580 352130 530630 611550 352130 607980 353320 528250 352130 533010 610360 528250]
Response/bytes (per Connection):  [249743 446848 385610 246087 448995 387438 447167 383187 246087 231800 432032 377072 430200 431116 234176 403736 272748 473352 412896 270916 408316 470604 270916 467856 271832 406484 270916 410148 469688 406484]
Requests Number (per Connection):  [285 501 434 281 503 436 501 431 281 272 490 430 488 489 274 441 298 517 451 296 446 514 296 511 297 444 296 448 513 444]
Requests/sec:  238.269775390625 KB
Transfer/sec:  418.355224609375 KB

2023-12-05 22:24:58.427396851 +0800 CST m=+6552.592134221
Running 1m0s myx-test @ https://192.168.12.127:6443/api/v1/namespaces
60 connections
Requests/bytes (per Connection):  [290006 175862 338755 174673 177051 337566 292384 175862 342322 297140 179580 297390 343800 180770 179580 312860 273590 164110 311670 272400 273590 273590 314050 311670 166490 165300 275970 275970 314050 162920 312860 316430 360460 187910 187910 312860 358080 314050 312860 362840 185530 358080 190290 312860 311670 360460 360460 187910 186720 360460 184340 362840 314050 183150 361650 308100 361650 186720 360460 311670]
Response/bytes (per Connection):  [192491 118783 230284 117550 118740 229370 194319 118145 233026 204355 126293 204536 240260 126890 126293 164447 144746 90460 163850 144149 144746 144746 165044 163850 91335 90738 145940 145940 165044 89544 240688 243436 277328 144508 144508 240688 275496 241604 240688 279160 142676 275496 146340 240688 239772 277328 277328 144508 143592 277328 141760 279160 241604 140844 278244 237024 278244 143592 277328 239772]
Requests Number (per Connection):  [244 148 285 147 149 284 246 148 288 250 151 250 289 152 151 263 230 138 262 229 230 230 264 262 140 139 232 232 264 137 263 266 303 158 158 263 301 264 263 305 156 301 160 263 262 303 303 158 157 303 155 305 264 154 304 259 304 157 303 262]
Requests/sec:  267.35515950520835 KB
Transfer/sec:  452.68468424479164 KB

2023-12-05 22:49:37.805714241 +0800 CST m=+8031.970451613
Running 1m0s myx-test @ https://192.168.12.127:6443/api/v1/namespaces
90 connections
Requests/bytes (per Connection):  [109286 226989 199642 108098 109286 228178 109286 198453 226989 109286 223610 223610 198620 224800 108189 233130 116512 208140 234320 205760 116512 206950 233130 233130 233130 115323 116512 208140 117701 234320 187910 212900 104622 189100 104622 105811 107000 214090 104622 215280 190290 104622 216470 189100 190290 103433 190290 216470 104622 216470 215280 214090 105811 215280 190290 215280 189100 105811 190290 105811 210520 236700 209330 116512 210520 118890 211710 239080 209330 210520 117701 211710 237890 211710 214090 236700 210520 236700 117701 236700 116512 116512 239080 210520 210520 239080 117701 210520 117701 211710]
Response/bytes (per Connection):  [65382 146920 126536 64470 65382 148153 65382 125303 147558 62192 140726 141045 121809 141642 61462 169746 87957 149872 170662 148678 87957 149594 169746 169746 169427 87362 87957 150510 88552 170343 94106 106643 52340 95022 52340 52935 53530 107240 52340 107837 96576 52340 115452 94703 95300 51745 95300 116090 52340 108434 116131 107240 52935 116450 95300 107837 94703 52935 95300 52935 161912 182064 160996 89552 161912 91380 162828 183896 160996 161912 90466 162828 182980 162828 164660 182064 161912 182064 90466 182064 89552 89552 183896 161912 161912 183896 90466 161912 90466 162828]
Requests Number (per Connection):  [92 191 168 91 92 192 92 167 191 92 188 188 167 189 91 196 98 175 197 173 98 174 196 196 196 97 98 175 99 197 158 179 88 159 88 89 90 180 88 181 160 88 182 159 160 87 160 182 88 182 181 180 89 181 160 181 159 89 160 89 177 199 176 98 177 100 178 201 176 177 99 178 200 178 180 199 177 199 99 199 98 98 201 177 177 201 99 177 99 178]
Requests/sec:  264.10284830729165 KB
Transfer/sec:  437.97364908854166 KB

2023-12-05 23:24:07.742893935 +0800 CST m=+10101.907631320
Running 1m0s myx-test @ https://192.168.12.127:6443/api/v1/namespaces
150 connections
Requests/bytes (per Connection):  [133058 68894 115226 114038 114038 68894 134247 68894 133058 67706 133170 115323 116512 115323 116512 109378 128410 109378 66574 66574 129600 67763 128410 129600 109378 109378 66574 129600 66574 109378 68952 133170 70141 115323 133170 68952 133170 114134 131980 70141 68952 115323 134360 115323 70141 115323 68952 133170 134360 133170 70141 68952 68952 70141 115323 68952 116512 115323 116512 115323 126030 127220 66574 127220 109378 65385 109378 108189 108189 65385 126030 65385 109378 66574 109378 126030 108189 127220 127220 108189 64196 65385 109378 127220 65385 127220 126030 65385 65385 108189 135550 115323 116512 135550 70141 134360 134360 135550 134360 70141 116610 70200 69010 135664 135664 116610 134473 69010 135664 69010 135664 70200 117800 116610 134473 135664 70200 134473 116610 69010 69010 69010 136855 135664 70200 134473 136855 117800 70200 117800 116610 70200 116610 135664 69010 135664 116610 117800 69010 116610 70200 69010 134473 117800 115420 117800 134473 69010 117800 135664]
Response/bytes (per Connection):  [93535 51281 79193 79238 78919 51281 94449 51281 93216 50688 97268 83534 84448 83534 84448 59186 72231 59186 37766 37766 73147 38361 73188 74104 59186 59186 37766 74104 37766 59186 52354 95354 53268 82577 95354 52354 95354 81982 94438 53268 52354 82577 96270 82577 53268 82577 52354 95354 96270 95354 53268 52354 52354 53268 82577 52354 83172 82577 83172 82577 63062 63659 33300 66530 54720 32705 54720 54125 54125 32705 65295 32705 54720 33300 54720 63062 54125 63659 66211 54125 32110 32705 54720 63659 32705 63659 65295 32705 32705 54125 104204 88638 89552 104204 53906 103288 103288 104204 103288 53906 89748 54024 53108 104432 104432 89748 103514 53108 104432 53108 104432 54024 90664 89748 103514 104432 54024 103514 89748 53108 53108 53108 105350 104432 54024 103514 105350 90664 54024 90664 89748 54024 89748 104432 53108 104432 89748 90664 53108 89748 54024 53108 103514 90664 88832 90664 103514 53108 90664 104432]
Requests Number (per Connection):  [112 58 97 96 96 58 113 58 112 57 112 97 98 97 98 92 108 92 56 56 109 57 108 109 92 92 56 109 56 92 58 112 59 97 112 58 112 96 111 59 58 97 113 97 59 97 58 112 113 112 59 58 58 59 97 58 98 97 98 97 106 107 56 107 92 55 92 91 91 55 106 55 92 56 92 106 91 107 107 91 54 55 92 107 55 107 106 55 55 91 114 97 98 114 59 113 113 114 113 59 98 59 58 114 114 98 113 58 114 58 114 59 99 98 113 114 59 113 98 58 58 58 115 114 59 113 115 99 59 99 98 59 98 114 58 114 98 99 58 98 59 58 113 99 97 99 113 58 99 114]
Requests/sec:  256.2481282552083 KB
Transfer/sec:  431.67449544270835 KB

2023-12-05 23:59:58.877845544 +0800 CST m=+12253.042582918
Running 1m0s myx-test @ https://192.168.12.127:6443/api/v1/namespaces
300 connections
Requests/bytes (per Connection):  [71270 59390 33254 68894 33254 67706 65330 66518 65330 64142 65385 34471 63007 34471 61818 34471 33282 35660 66574 72519 35660 68952 59440 33282 65385 73708 71330 35660 73708 65385 64196 71330 59440 63007 67763 34471 65385 60629 33282 58251 32093 67763 57062 33282 64196 35660 65385 33282 33282 67763 63007 65385 64196 33282 35660 63007 63007 71330 70141 34471 61818 68952 63007 71330 34471 68952 34471 60629 34471 65385 32093 70141 68952 60629 33282 34471 61818 72519 35660 35660 33282 35660 65385 63007 68952 68952 59440 68952 71330 59440 32093 60629 60629 65385 67763 60629 32093 63007 60629 34471 58300 60680 32120 33310 66630 64250 64250 33310 32120 60680 33310 33310 34500 66630 58300 65440 32120 33310 61870 60680 69010 59490 63060 33310 67820 57110 63060 58300 32120 59490 70200 32120 58300 58300 67820 55920 32120 33310 57110 34500 63060 65440 30930 65440 59490 67820 33310 58300 32120 69010 63060 33310 64250 67820 59490 67820 59490 34500 33310 67820 33310 63060 64250 64250 35690 72580 70200 61870 61870 64250 35690 35690 33310 61870 70200 70200 34500 69010 60680 32120 34500 34500 32120 69010 63060 34500 60680 34500 72580 35690 71390 65440 63060 34500 66630 34500 71390 35690 33310 63060 65440 71390 32120 60680 34500 63060 59490 69010 32120 35690 65440 60680 34500 65440 35690 67820 65440 66630 34500 65440 59490 65440 60680 69010 34500 65440 36880 71390 65440 63060 34500 69010 61870 64250 64250 34500 73770 63060 63060 65440 60680 69010 35690 71390 33310 69010 63060 35690 60680 69010 32120 63060 35690 63060 71390 59490 35690 35690 59490 59490 59490 61870 71390 71390 69010 33310 60680 63060 32120 34500 66630 71390 34500 65440 73770 34500 34500 35690 64250 59490 63060 60680 65440 69010 36880 61870 60680 35690 66630 34500 69010 34500 64250 70200 63060 61870 64250 65440 66630 65440]
Response/bytes (per Connection):  [54381 45261 25197 52557 25197 51645 49821 50733 49821 48590 49612 25848 47784 25848 46870 26486 25572 27400 51164 55734 27400 52992 45680 25572 50250 56648 54820 27400 56648 50250 49336 54820 45680 48422 52078 26486 50250 46594 25572 44766 24658 52078 43852 25572 49336 27400 50250 25572 25572 52078 48422 50250 49336 25572 27400 48422 48422 54820 53906 26486 47508 52992 48422 54820 26486 52992 26486 46594 26486 50250 24658 53906 52992 46594 25572 26486 47508 55734 27400 27400 25572 27400 50250 48422 52992 52992 45680 52992 54820 45680 17002 31282 31282 33662 34852 31282 17002 32472 31282 18192 30190 31384 17056 17653 34369 33175 33175 17653 17056 31384 17653 17653 18250 34369 30190 33772 17056 17653 31981 31384 35563 30787 32578 17653 34966 29593 32578 30190 17056 30787 36160 17056 30190 30190 34966 28996 17056 17653 29593 18250 32578 33772 16459 33772 30787 34966 17653 30190 17056 35563 48528 25628 49444 52192 45780 52192 45780 26544 25628 52192 25628 48528 49444 49444 27460 55856 54024 47612 47612 49444 27460 27460 25628 47612 54024 54024 26544 53108 46696 24712 26544 26544 24712 53108 48528 26544 46696 26544 55856 27460 54940 50360 48528 26544 51276 26544 54940 27460 25628 48528 50360 54940 24712 46696 26544 48528 45780 53108 24712 27460 50360 46696 26544 50360 27460 52192 50360 51276 26544 50360 45780 50360 46696 53108 26544 50360 28376 54940 50360 48528 26544 53108 47612 49444 49444 26544 56772 48528 48528 50360 46696 53108 27460 54940 25628 53108 48528 27460 46696 53108 24712 48528 27460 48528 54940 45780 27460 27460 45780 45780 45780 47612 54940 54940 53108 25628 46696 48528 24712 26544 51276 54940 26544 50360 56772 26544 26544 27460 49444 45780 48528 46696 50360 53108 28376 47612 46696 27460 51276 26544 53108 26544 49444 54024 48528 47612 49444 50360 51276 50360]
Requests Number (per Connection):  [60 50 28 58 28 57 55 56 55 54 55 29 53 29 52 29 28 30 56 61 30 58 50 28 55 62 60 30 62 55 54 60 50 53 57 29 55 51 28 49 27 57 48 28 54 30 55 28 28 57 53 55 54 28 30 53 53 60 59 29 52 58 53 60 29 58 29 51 29 55 27 59 58 51 28 29 52 61 30 30 28 30 55 53 58 58 50 58 60 50 27 51 51 55 57 51 27 53 51 29 49 51 27 28 56 54 54 28 27 51 28 28 29 56 49 55 27 28 52 51 58 50 53 28 57 48 53 49 27 50 59 27 49 49 57 47 27 28 48 29 53 55 26 55 50 57 28 49 27 58 53 28 54 57 50 57 50 29 28 57 28 53 54 54 30 61 59 52 52 54 30 30 28 52 59 59 29 58 51 27 29 29 27 58 53 29 51 29 61 30 60 55 53 29 56 29 60 30 28 53 55 60 27 51 29 53 50 58 27 30 55 51 29 55 30 57 55 56 29 55 50 55 51 58 29 55 31 60 55 53 29 58 52 54 54 29 62 53 53 55 51 58 30 60 28 58 53 30 51 58 27 53 30 53 60 50 30 30 50 50 50 52 60 60 58 28 51 53 27 29 56 60 29 55 62 29 29 30 54 50 53 51 55 58 31 52 51 30 56 29 58 29 54 59 53 52 54 55 56 55]
Requests/sec:  266.726611328125 KB
Transfer/sec:  459.041162109375 KB

