2023-12-06 19:58:28.064201769 +0800 CST m=+60.050763411
Running 1m0s myx-test @ https://192.168.12.127:6443/api/v1/nodes
3 connections
Requests/bytes (per Connection):  [1440034 1452114 2482538]
Response/bytes (per Connection):  [1363682 1375122 2350954]
Requests Number (per Connection):  [1193 1203 2056]
Requests/sec:  87.47861328125 KB
Transfer/sec:  170.3197265625 KB

2023-12-06 20:02:08.216783265 +0800 CST m=+280.203344906
Running 1m0s myx-test @ https://192.168.12.127:6443/api/v1/nodes
6 connections
Requests/bytes (per Connection):  [712020 695122 1483522 1211722 1209306 2213154]
Response/bytes (per Connection):  [381814 374114 869290 1147466 1145178 2095842]
Requests Number (per Connection):  [590 576 1229 1004 1002 1833]
Requests/sec:  122.47470703125 KB
Transfer/sec:  220.35400390625 KB

2023-12-06 20:05:48.301513973 +0800 CST m=+500.288075643
Running 1m0s myx-test @ https://192.168.12.127:6443/api/v1/nodes
9 connections
Requests/bytes (per Connection):  [1126021 546661 508037 556317 509244 1133263 1000493 2080274 1043945]
Response/bytes (per Connection):  [556823 292823 275223 297223 275773 560123 947437 1970002 988585]
Requests Number (per Connection):  [933 453 421 461 422 939 829 1723 865]
Requests/sec:  138.41560872395834 KB
Transfer/sec:  238.74132486979167 KB

2023-12-06 20:09:28.400273451 +0800 CST m=+720.386835102
Running 1m0s myx-test @ https://192.168.12.127:6443/api/v1/nodes
15 connections
Requests/bytes (per Connection):  [457343 841169 429582 456136 430789 831513 459757 425961 459757 808580 1508931 1518603 1512558 814082 866026]
Response/bytes (per Connection):  [284745 459052 271502 283602 272052 454652 285252 269852 285252 765700 1428995 1438155 1432430 770946 820138]
Requests Number (per Connection):  [379 697 356 378 357 689 381 353 381 670 1249 1257 1252 674 717]
Requests/sec:  192.39562174479167 KB
Transfer/sec:  347.3813802083333 KB

2023-12-06 20:13:08.518820559 +0800 CST m=+940.505382189
Running 1m0s myx-test @ https://192.168.12.127:6443/api/v1/nodes
30 connections
Requests/bytes (per Connection):  [597355 341471 305261 596148 599769 341471 308882 307675 340264 598562 602682 306722 342962 601474 595434 745226 700530 744018 739186 699322 698114 706570 741602 1375941 705362 746434 1396494 705362 1377150 737978]
Response/bytes (per Connection):  [292199 175599 158506 291056 292706 175006 160156 159606 174456 292156 295363 159531 176091 294219 291459 705738 663410 704594 700018 662266 661122 669130 702306 1303045 667986 706882 1322510 667986 1304190 698874]
Requests Number (per Connection):  [495 283 253 494 497 283 256 255 282 496 499 254 284 498 493 617 580 616 612 579 578 585 614 1139 584 618 1156 584 1140 611]
Requests/sec:  319.09864908854166 KB
Transfer/sec:  571.8357259114583 KB

2023-12-06 20:16:48.685907372 +0800 CST m=+1160.672469032
Running 1m0s myx-test @ https://192.168.12.127:6443/api/v1/nodes
60 connections
Requests/bytes (per Connection):  [291984 287156 275086 275086 488725 272672 480276 482690 276293 482690 276522 286186 275314 484298 274106 286186 276522 483090 272898 287394 276522 274106 487922 486714 288602 484298 275314 293434 487922 276522 646170 1107626 1104002 646170 638922 1097962 652210 1108834 638922 648586 649794 637714 1105210 654626 637714 1111250 651002 653418 1104002 649794 1105210 638922 652210 1102794 1107626 647378 651002 653418 637714 637714]
Response/bytes (per Connection):  [156015 153815 148315 147722 245072 146622 241222 242322 148272 242322 149284 153700 148732 244228 148180 153700 149284 243676 147628 154252 149284 148180 245884 245332 154804 244228 148140 156420 245292 148692 611930 1048938 1045506 611930 605066 1039786 617650 1050082 605066 614218 615362 603922 1046650 619938 603922 1052370 616506 618794 1045506 615362 1046650 605066 617650 1044362 1048938 613074 616506 618794 603922 603922]
Requests Number (per Connection):  [242 238 228 228 405 226 398 400 229 400 229 237 228 401 227 237 229 400 226 238 229 227 404 403 239 401 228 243 404 229 535 917 914 535 529 909 540 918 529 537 538 528 915 542 528 920 539 541 914 538 915 529 540 913 917 536 539 541 528 528]
Requests/sec:  560.2937174479167 KB
Transfer/sec:  1018.5946126302083 KB

2023-12-06 20:20:28.825545204 +0800 CST m=+1380.812106853
Running 1m0s myx-test @ https://192.168.12.127:6443/api/v1/nodes
90 connections
Requests/bytes (per Connection):  [474241 474241 267844 265430 275086 475448 267844 270258 270258 266637 475842 480674 266858 475842 269274 266858 479466 270482 269274 272898 271690 270482 268066 475842 268066 272898 271690 265650 266858 266858 475842 274106 474634 275314 275314 478258 268066 477050 268066 474634 271690 271690 475842 477050 271690 481882 479466 268066 478258 270482 271690 479466 271690 266858 479466 477050 475842 266858 266858 474634 641338 640130 648586 622010 620802 1152322 622010 623218 624426 1153530 642546 1152322 641338 626842 644962 623218 1149906 643754 626842 623218 624426 620802 1148698 1149906 620802 624426 641338 1143866 646170 643754]
Response/bytes (per Connection):  [236692 236692 142642 141542 145942 237242 142049 143149 143149 141499 237995 240203 142499 237995 143603 142499 239651 144155 143603 145259 144707 144155 143051 237995 143051 145259 144707 141947 142499 142499 237995 145811 237443 146363 146363 239099 143051 238547 143051 237443 144707 144707 237995 238547 144707 240755 239651 143051 239099 144155 144707 239651 144707 142499 239059 237955 237403 141907 141907 236851 607354 606210 614218 589050 587906 1091266 589050 590194 591338 1092410 608498 1091266 607354 593626 610786 590194 1088978 609642 593626 590194 591338 587906 1087834 1088978 587906 591338 607354 1083258 611930 609642]
Requests Number (per Connection):  [393 393 222 220 228 394 222 224 224 221 394 398 221 394 223 221 397 224 223 226 225 224 222 394 222 226 225 220 221 221 394 227 393 228 228 396 222 395 222 393 225 225 394 395 225 399 397 222 396 224 225 397 225 221 397 395 394 221 221 393 531 530 537 515 514 954 515 516 517 955 532 954 531 519 534 516 952 533 519 516 517 514 951 952 514 517 531 947 535 533]
Requests/sec:  708.629150390625 KB
Transfer/sec:  1232.5184733072917 KB

2023-12-06 20:24:09.130760688 +0800 CST m=+1601.117322408
Running 1m0s myx-test @ https://192.168.12.127:6443/api/v1/nodes
150 connections
Requests/bytes (per Connection):  [386130 234048 387337 387337 234048 232841 234048 234048 382509 232841 234242 220954 387658 234242 234242 234242 222162 234242 233034 385242 219746 219746 219746 385242 385242 233034 386450 385242 219746 234242 384034 220954 386450 387658 234242 385242 219746 381618 223370 219746 381618 219746 385242 388866 219746 233034 385242 387658 219746 386450 234242 387658 233034 220954 382826 234242 218538 219746 219746 385242 233034 387658 235450 385242 386450 219746 381618 222162 233034 219746 219746 233034 384034 220954 384034 220954 220954 233034 233034 219746 233034 382826 233034 235450 219746 233034 220954 234242 220954 233034 901058 533826 573690 567650 895018 908306 531410 570066 532618 532618 570538 570538 531850 530641 892132 571747 898177 531850 535477 907849 530641 533059 569329 898177 531850 898177 911476 568120 531850 895759 574165 533059 535477 909058 533059 574165 574165 531850 569329 569329 530641 571747 904222 533059 570538 569329 901804 904222 909058 530641 570538 572956 904222 899386 904222 568120 899386 529432 531850 534268]
Response/bytes (per Connection):  [184088 114788 184044 184044 114194 113644 114194 114194 181844 113644 115162 109090 185266 115162 115162 115162 109642 114569 114017 183569 107945 107945 107945 183569 183569 114017 184121 183569 107945 114569 183017 108497 184121 184673 114569 183569 107945 181913 109601 107945 181913 107945 183569 185225 107945 114017 183569 184673 107945 184121 114569 184673 114017 108497 182465 114569 107393 107945 107945 183569 114017 184673 115121 183569 184121 107945 181913 109049 114017 107945 107945 114017 183017 108497 183017 108497 108497 114017 114017 107945 114017 182465 114017 115121 107945 114017 108497 114569 108497 114017 853314 505538 543290 537570 847594 860178 503250 539858 504394 504394 540330 540330 503690 502545 844900 541475 850625 503690 507125 859785 502545 504835 539185 850625 503690 850625 863220 538040 503690 848335 543765 504835 507125 860930 504835 543765 543765 503690 539185 539185 502545 541475 856350 504835 540330 539185 854060 856350 860930 502545 540330 542620 856350 851770 856350 538040 851770 501400 503690 505980]
Requests Number (per Connection):  [320 194 321 321 194 193 194 194 317 193 194 183 321 194 194 194 184 194 193 319 182 182 182 319 319 193 320 319 182 194 318 183 320 321 194 319 182 316 185 182 316 182 319 322 182 193 319 321 182 320 194 321 193 183 317 194 181 182 182 319 193 321 195 319 320 182 316 184 193 182 182 193 318 183 318 183 183 193 193 182 193 317 193 195 182 193 183 194 183 193 746 442 475 470 741 752 440 472 441 441 472 472 440 439 738 473 743 440 443 751 439 441 471 743 440 743 754 470 440 741 475 441 443 752 441 475 475 440 471 471 439 473 748 441 472 471 746 748 752 439 472 474 748 744 748 470 744 438 440 442]
Requests/sec:  1058.9076334635417 KB
Transfer/sec:  1870.5081380208333 KB

2023-12-06 22:34:56.900461271 +0800 CST m=+60.101301244
Running 1m0s myx-test @ https://192.168.12.127:6443/api/v1/nodes
300 connections
Requests/bytes (per Connection):  [416305 428375 422340 418719 598562 427168 417512 421133 592527 599769 422690 595434 435978 420274 585770 425106 600266 425106 411818 419066 417858 596642 606306 426314 422690 422690 593018 596642 413026 421482 600266 422690 419066 425106 602682 605098 425106 419066 595434 416650 602682 420274 427522 593018 422690 419066 601474 599058 422690 427522 416650 429938 419066 425106 420274 427522 597850 417858 602682 596642 417858 596642 425106 426314 419066 417858 423898 427522 429938 417858 431146 427522 426314 606306 599058 419066 590602 415442 425106 422690 417858 423898 417858 602682 425106 415442 417858 433562 600266 421482 594226 417858 600266 426314 421482 420274 416650 416650 583354 425106 424249 420622 431503 604390 420622 421831 421831 419413 427876 433921 606808 430294 594718 421831 426667 423040 420622 603181 601972 413368 407323 605599 599554 600763 423040 598345 591091 426667 420622 421831 426667 426667 605599 412159 413368 414577 427876 608017 601972 419413 415786 420622 421831 419413 580210 419413 424249 426667 423040 424249 600763 426667 436339 436339 419413 424249 616480 595927 427876 423040 426667 599554 588673 415786 429085 421831 415786 427876 413368 414577 431503 430294 421831 436339 598345 419413 598345 601972 419413 425458 409741 419413 594718 415786 416995 415786 595927 421831 419413 595927 597136 599554 591091 415786 585046 429085 415786 425458 425458 413368 429085 415786 597136 418204 608017 430294 598345 603181 599554 414577 423040 599554 416995 424249 430294 414577 419413 586255 427876 598345 421831 415786 593509 415786 594718 421831 427876 603181 598345 427876 423040 430294 419413 592300 426667 430294 425458 599554 606808 414577 595927 425458 421831 419413 609226 430294 591091 609226 600763 418204 427876 592300 426667 425458 606808 592300 600763 599554 420622 418204 432712 594718 427876 600763 421831 429085 421831 600763 416995 420622 595927 425458 432712 608017 426667 426667 609226 604390 427876 420622 421831 418204 416995 423040 415786 585046 603181 415786 599554 600763 433921 600763 610435 586255 588673 431503 413368 592300 419413 436339]
Response/bytes (per Connection):  [394225 405655 399940 396511 566818 404512 395368 398797 561103 567961 400290 563882 412874 398002 554730 402578 568458 402578 389994 396858 395714 565026 574178 403722 400290 400290 561594 565026 391138 399146 568458 400290 396858 402578 570746 573034 402578 396858 563882 394570 570746 398002 404866 561594 400290 396858 569602 567314 400290 404866 394570 407154 396858 402578 398002 404866 566170 395714 570746 565026 395714 565026 402578 403722 396858 395714 401434 404866 407154 395714 408298 404866 403722 574178 567314 396858 559306 393426 402578 400290 395714 401434 395714 570746 402578 393426 395714 410586 568458 399146 562738 395714 568458 403722 399146 398002 394570 394570 552442 402578 401785 398350 408655 572390 398350 399495 399495 397205 405220 410945 574680 407510 563230 399495 404075 400640 398350 571245 570100 391480 385755 573535 567810 568955 400640 566665 559795 404075 398350 399495 404075 404075 573535 390335 391480 392625 405220 575825 570100 397205 393770 398350 399495 397205 549490 397205 401785 404075 400640 401785 568955 404075 413235 413235 397205 401785 583840 564375 405220 400640 404075 567810 557505 393770 406365 399495 393770 405220 391480 392625 408655 407510 399495 413235 566665 397205 566665 570100 397205 402930 388045 397205 563230 393770 394915 393770 564375 399495 397205 564375 565520 567810 559795 393770 554070 406365 393770 402930 402930 391480 406365 393770 565520 396060 575825 407510 566665 571245 567810 392625 400640 567810 394915 401785 407510 392625 397205 555215 405220 566665 399495 393770 562085 393770 563230 399495 405220 571245 566665 405220 400640 407510 397205 560940 404075 407510 402930 567810 574680 392625 564375 402930 399495 397205 576970 407510 559795 576970 568955 396060 405220 560940 404075 402930 574680 560940 568955 567810 398350 396060 409800 563230 405220 568955 399495 406365 399495 568955 394915 398350 564375 402930 409800 575825 404075 404075 576970 572390 405220 398350 399495 396060 394915 400640 393770 554070 571245 393770 567810 568955 410945 568955 578115 555215 557505 408655 391480 560940 397205 413235]
Requests Number (per Connection):  [345 355 350 347 496 354 346 349 491 497 350 493 361 348 485 352 497 352 341 347 346 494 502 353 350 350 491 494 342 349 497 350 347 352 499 501 352 347 493 345 499 348 354 491 350 347 498 496 350 354 345 356 347 352 348 354 495 346 499 494 346 494 352 353 347 346 351 354 356 346 357 354 353 502 496 347 489 344 352 350 346 351 346 499 352 344 346 359 497 349 492 346 497 353 349 348 345 345 483 352 351 348 357 500 348 349 349 347 354 359 502 356 492 349 353 350 348 499 498 342 337 501 496 497 350 495 489 353 348 349 353 353 501 341 342 343 354 503 498 347 344 348 349 347 480 347 351 353 350 351 497 353 361 361 347 351 510 493 354 350 353 496 487 344 355 349 344 354 342 343 357 356 349 361 495 347 495 498 347 352 339 347 492 344 345 344 493 349 347 493 494 496 489 344 484 355 344 352 352 342 355 344 494 346 503 356 495 499 496 343 350 496 345 351 356 343 347 485 354 495 349 344 491 344 492 349 354 499 495 354 350 356 347 490 353 356 352 496 502 343 493 352 349 347 504 356 489 504 497 346 354 490 353 352 502 490 497 496 348 346 358 492 354 497 349 355 349 497 345 348 493 352 358 503 353 353 504 500 354 348 349 346 345 350 344 484 499 344 496 497 359 497 505 485 487 357 342 490 347 361]
Requests/sec:  2349.618505859375 KB
Transfer/sec:  4574.791178385417 KB

