2023-12-15 14:09:04.614927755 +0800 CST m=+60.312518813
Running 1m0s myx-test @ https://192.168.12.127:6443/api/v1/persistentvolumes
3 connections
Requests/bytes (per Connection):  [3177565 3177565 3177565]
Response/bytes (per Connection):  [2877690 2877690 2877690]
Requests Number (per Connection):  [2399 2399 2399]
Requests/sec:  155.154541015625 KB
Transfer/sec:  295.666748046875 KB

2023-12-15 14:16:38.409275871 +0800 CST m=+514.106866931
Running 1m0s myx-test @ https://192.168.12.127:6443/api/v1/persistentvolumes
6 connections
Requests/bytes (per Connection):  [3176240 3176240 3176240 3176240 3176240 3176240]
Response/bytes (per Connection):  [2437765 2603365 2074940 2876490 2876490 2876490]
Requests Number (per Connection):  [2398 2398 2398 2398 2398 2398]
Requests/sec:  310.1796875 KB
Transfer/sec:  566.4547526041666 KB

2023-12-15 14:25:15.831766478 +0800 CST m=+1031.529357532
Running 1m0s myx-test @ https://192.168.12.127:6443/api/v1/persistentvolumes
9 connections
Requests/bytes (per Connection):  [3176240 3177565 3177565 3176240 3176240 3176240 3178890 3176240 3177565]
Response/bytes (per Connection):  [2467589 2391815 2829310 1838784 1837056 2114615 2878890 2876490 2877690]
Requests Number (per Connection):  [2398 2399 2399 2398 2398 2398 2400 2398 2399]
Requests/sec:  465.3773600260417 KB
Transfer/sec:  825.2770833333333 KB

2023-12-15 14:33:55.450001896 +0800 CST m=+1551.147592965
Running 1m0s myx-test @ https://192.168.12.127:6443/api/v1/persistentvolumes
15 connections
Requests/bytes (per Connection):  [3139140 3135165 3132515 3156365 3144440 3143115 3141790 3139140 3141790 3140465 3157422 3132228 3133554 3156096 3146814]
Response/bytes (per Connection):  [2032041 2141675 1701803 2659745 2597130 2317219 1657222 1625444 1571398 2844090 2859672 2836853 2838054 2858471 2850064]
Requests Number (per Connection):  [2370 2367 2365 2383 2374 2373 2372 2370 2372 2371 2382 2363 2364 2381 2374]
Requests/sec:  767.2532389322917 KB
Transfer/sec:  1343.2766927083333 KB

2023-12-15 14:43:37.214899529 +0800 CST m=+2132.912490595
Running 1m0s myx-test @ https://192.168.12.127:6443/api/v1/persistentvolumes
30 connections
Requests/bytes (per Connection):  [3002665 3128540 3030490 3033140 3045065 3047715 3039765 3050365 3046390 3039765 3034104 3038082 3042060 3047364 3060624 3059298 3071232 3072558 3068580 3133554 3087144 3039408 3046038 3043386 3060624 3042060 3048690 3104382 3120294 3075210]
Response/bytes (per Connection):  [2077154 2168745 2513417 1627750 1685215 1965176 2534548 2333176 1981222 1432155 1432983 1434864 1436745 1439253 1445523 2770798 2781607 2782808 2779205 2838054 2796019 2752783 2758788 2756386 2771999 2755185 2761190 2811632 2826044 2785210]
Requests Number (per Connection):  [2267 2362 2288 2290 2299 2301 2295 2303 2300 2295 2289 2292 2295 2299 2309 2308 2317 2318 2315 2364 2329 2293 2298 2296 2309 2295 2300 2342 2354 2320]
Requests/sec:  1493.4666666666667 KB
Transfer/sec:  2620.34873046875 KB

2023-12-15 14:54:13.285063442 +0800 CST m=+2768.982654513
Running 1m0s myx-test @ https://192.168.12.127:6443/api/v1/persistentvolumes
60 connections
Requests/bytes (per Connection):  [2666115 2647565 2638290 2640940 2668765 2619740 2609140 2625040 2597215 2617090 2638956 2638956 2623044 2603155 2640282 2645586 2653542 2642934 2686692 2670780 2597850 2593873 2581938 2596524 2620392 2624370 2625696 2608458 2600502 2592546 2587242 2608458 2625696 2600502 2599176 2580612 2596524 2604480 2597850 2597850 2604480 2577960 2568678 2558070 2552766 2563374 2548788 2559396 2534202 2512986 2531550 2534202 2548788 2543484 2536854 2581938 2497074 2531550 2922720 2688018]
Response/bytes (per Connection):  [1515509 1412121 1412553 1386343 1608229 1308445 1389095 1465891 1771311 1630690 1766374 1512535 1625621 1730476 1516076 1240406 1246304 1238960 1262679 1254261 1218370 1216046 1209606 1217737 1230613 1230538 1230285 1223550 1221918 1214604 2298890 2322610 2341982 2322171 2305189 2301150 2312558 2322015 2309254 2313010 2313751 2307770 2291102 2280735 2271421 2287040 2265568 2284190 2260627 2230133 2253708 2250102 2270833 2263764 2255506 2297849 2228496 2253708 2608001 2398430]
Requests Number (per Connection):  [2013 1999 1992 1994 2015 1978 1970 1982 1961 1976 1991 1991 1979 1965 1992 1996 2002 1994 2027 2015 1960 1958 1948 1959 1977 1980 1981 1968 1962 1956 1952 1968 1981 1962 1961 1947 1959 1965 1960 1960 1965 1945 1938 1930 1926 1934 1923 1931 1912 1896 1910 1912 1923 1919 1914 1948 1884 1910 2205 2028]
Requests/sec:  2544.1283203125 KB
Transfer/sec:  4343.098193359375 KB

