2023-12-06 12:28:58.213187181 +0800 CST m=+60.111907187
Running 1m0s myx-test @ https://192.168.12.127:6443/api/v1/namespaces
3 connections
Requests/bytes (per Connection):  [7292578 3473626 6526630]
Response/bytes (per Connection):  [7972770 305435 4252790]
Requests Number (per Connection):  [676 322 605]
Requests/sec:  281.45888671875 KB
Transfer/sec:  485.41388346354165 KB

2023-12-06 12:36:30.449447523 +0800 CST m=+60.193703392
Running 1m0s myx-test @ https://192.168.12.127:6443/api/v1/namespaces
6 connections
Requests/bytes (per Connection):  [4703458 2373250 2427190 6364810 6246142 5987230]
Response/bytes (per Connection):  [411000 328020 346175 9155230 9027245 8648645]
Requests Number (per Connection):  [436 220 225 590 579 555]
Requests/sec:  457.390625 KB
Transfer/sec:  911.7577311197916 KB

2023-12-06 13:35:08.420164768 +0800 CST m=+60.214493142
Running 1m0s myx-test @ https://192.168.12.127:6443/api/v1/namespaces
9 connections
Requests/bytes (per Connection):  [2707678 2718466 4369030 2675314 5134978 4401394 4401394 5134978 5134978]
Response/bytes (per Connection):  [3959305 3975080 6388655 3911980 7508680 6435980 6435980 7508680 7508680]
Requests Number (per Connection):  [251 252 405 248 476 408 408 476 476]
Requests/sec:  596.97607421875 KB
Transfer/sec:  1469.9093424479167 KB

2023-12-06 13:43:29.752739545 +0800 CST m=+60.270875800
Running 1m0s myx-test @ https://192.168.12.127:6443/api/v1/namespaces
15 connections
Requests/bytes (per Connection):  [4530850 4552426 2146702 2071186 4185634 4099330 2135914 4185634 4207210 2556646 4703894 4639160 2556883 4639160 4639160]
Response/bytes (per Connection):  [5486780 5518330 2000505 1890080 3919380 3914620 1984730 3904200 3905390 3738455 6878552 6783890 3738929 6783890 6783890]
Requests Number (per Connection):  [420 422 199 192 388 380 198 388 390 237 436 430 237 430 430]
Requests/sec:  909.0134928385417 KB
Transfer/sec:  2003.2781575520833 KB

2023-12-06 14:20:36.485998576 +0800 CST m=+60.282102550
Running 1m0s myx-test @ https://192.168.12.127:6443/api/v1/namespaces
30 connections
Requests/bytes (per Connection):  [2945014 1661242 1628878 2923438 2351674 1607302 2966590 2373250 1607302 2373250 2362681 2351892 2395048 2945287 2966865 2416626 2362681 2934498 2384259 1596662 2934498 1618240 1650607 2902131 1618240 2405837 2945287 1618240 1596662 2977654]
Response/bytes (per Connection):  [4306355 2429130 2381805 4274805 3438730 2350255 4337905 3470280 2350255 3470280 3454943 3439166 3502274 4306901 4338455 3533828 3454943 4291124 3486497 2334776 4291124 2366330 2413661 4243793 2366330 3518051 4306901 2366330 2334776 4354232]
Requests Number (per Connection):  [273 154 151 271 218 149 275 220 149 220 219 218 222 273 275 224 219 272 221 148 272 150 153 269 150 223 273 150 148 276]
Requests/sec:  1129.9126790364583 KB
Transfer/sec:  2782.16259765625 KB

2023-12-06 14:46:19.325281671 +0800 CST m=+60.561916656
Running 1m0s myx-test @ https://192.168.12.127:6443/api/v1/namespaces
60 connections
Requests/bytes (per Connection):  [809015 1229722 1208146 1510210 1520998 809015 1510210 1510210 1229722 1208146 1219047 1219047 1219047 1521139 1510350 1229836 1510350 1499561 809090 1531928 809090 1229836 809090 1521139 1208258 809090 1219047 1521139 1521139 809090 809090 1219047 809090 1240625 798302 809090 1521139 819878 1521139 1219047 798302 819878 1521139 1521139 1219047 809090 1229836 1510350 1521139 1219047 1219047 1208258 819878 809090 798302 809090 1521139 1208258 1531928 809090]
Response/bytes (per Connection):  [1182955 1798130 1766580 2208280 2224055 1182955 2208280 2208280 1798130 1766580 1782581 1782581 1782581 2224337 2208560 1798358 2208560 2192783 1183105 2240114 1183105 1798358 1183105 2224337 1766804 1183105 1782581 2224337 2224337 1183105 1183105 1782581 1183105 1814135 1167330 1183105 2224337 1198880 2224337 1782581 1167330 1198880 2224337 2224337 1782581 1183105 1798358 2208560 2224337 1782581 1782581 1766804 1198880 1183105 1167330 1183105 2224337 1766804 2240114 1183105]
Requests Number (per Connection):  [75 114 112 140 141 75 140 140 114 112 113 113 113 141 140 114 140 139 75 142 75 114 75 141 112 75 113 141 141 75 75 113 75 115 74 75 141 76 141 113 74 76 141 141 113 75 114 140 141 113 113 112 76 75 74 75 141 112 142 75]
Requests/sec:  1154.641943359375 KB
Transfer/sec:  2843.037548828125 KB

2023-12-06 14:58:22.674010683 +0800 CST m=+60.994742382
Running 1m0s myx-test @ https://192.168.12.127:6443/api/v1/namespaces
90 connections
Requests/bytes (per Connection):  [604062 862950 852163 604062 852163 614849 1132630 1121842 1121842 1111054 852242 604118 852242 604118 1111157 1111157 852242 830666 841454 604118 841454 1121946 1132735 614906 1100368 604118 614906 852242 593330 852242 604118 1089579 852242 1111157 852242 852242 1111157 614906 841454 852242 852242 1143524 1111157 1100368 1111157 841454 604118 1111157 604118 604118 614906 841454 604118 852242 1165102 1165102 1121946 614906 1121946 604118 636482 636482 895394 636482 636482 916970 906182 916970 906182 906182 1219047 636482 906182 636482 647270 1208258 1208258 1186680 1197469 1197469 1197469 1208258 916970 916970 636482 647270 625694 1208258 636482 927758]
Response/bytes (per Connection):  [473408 487640 471867 458228 471867 458821 548015 532240 532240 516465 487205 473520 472025 473520 531851 531851 472025 470835 516970 473520 516970 547628 942905 458910 516074 458340 458935 472025 457745 532745 458340 500297 532745 531851 547925 532745 531851 458935 471430 472025 547925 943502 531851 516074 531851 516970 458340 531851 458340 458340 458935 471430 458340 532745 1005416 990236 547628 458935 532448 458340 930705 930705 1309305 930705 930705 1340855 1325080 1340855 1325080 1325080 1782581 930705 1325080 930705 946480 1766804 1766804 1735250 1751027 1751027 1751027 1766804 1340855 1340855 930705 946480 914930 1766804 930705 1356630]
Requests Number (per Connection):  [56 80 79 56 79 57 105 104 104 103 79 56 79 56 103 103 79 77 78 56 78 104 105 57 102 56 57 79 55 79 56 101 79 103 79 79 103 57 78 79 79 106 103 102 103 78 56 103 56 56 57 78 56 79 108 108 104 57 104 56 59 59 83 59 59 85 84 85 84 84 113 59 84 59 60 112 112 110 111 111 111 112 85 85 59 60 58 112 59 86]
Requests/sec:  1285.7907877604166 KB
Transfer/sec:  2442.7791341145835 KB

2023-12-06 15:22:43.329282533 +0800 CST m=+61.675054765
Running 1m0s myx-test @ https://192.168.12.127:6443/api/v1/namespaces
150 connections
Requests/bytes (per Connection):  [506979 668784 345174 679571 668784 517766 506979 355961 528553 517766 679634 517814 507026 668846 668846 517814 668846 679634 507026 668846 668846 517814 668846 345206 507026 345206 345206 517814 668846 507026 517814 517814 517814 507026 517814 668846 668846 507026 345206 345206 345206 334418 345206 517814 334418 517814 507026 668846 668846 345206 668846 517814 517814 345206 355994 668846 345206 345206 345206 517814 668846 345206 668846 345206 668846 507026 345206 345206 668846 345206 668846 679634 668846 507026 517814 668846 668846 507026 507026 658058 345206 507026 345206 517814 345206 334418 668846 334418 345206 668846 668846 517814 517814 345206 507026 668846 345206 345206 679634 679634 345238 517862 668908 668908 668908 334449 356027 668908 517862 668908 517862 668908 345238 517862 345238 507073 517862 507073 345238 356027 345238 679697 668908 345238 345238 345238 679697 668908 528651 679697 345238 517862 345238 345238 507073 507073 668908 345238 679697 507073 345238 507073 668908 334449 517862 668908 345238 517862 345238 679697]
Response/bytes (per Connection):  [741311 977906 504716 993679 977906 757084 741311 520489 772857 757084 993805 757180 741405 978030 978030 757180 978030 993805 741405 978030 978030 757180 978030 504780 741405 504780 504780 757180 978030 741405 757180 757180 757180 741405 757180 978030 978030 741405 504780 504780 504780 489005 504780 757180 489005 757180 741405 978030 978030 504780 978030 757180 757180 504780 520555 978030 504780 504780 504780 757180 902130 444060 856590 444060 902130 680685 444060 444060 856590 444060 856590 917905 856590 680685 696460 856590 856590 680685 680685 855995 444060 680685 444060 696460 444060 428285 917310 428285 444060 841410 978030 757180 757180 504780 741405 978030 504780 504780 993805 993805 504844 757276 978154 978154 978154 489067 520621 978154 757276 978154 757276 978154 504844 757276 504844 741499 757276 741499 504844 520621 504844 993931 978154 504844 504844 504844 993931 978154 773053 993931 504844 757276 504844 504844 741499 741499 978154 504844 993931 741499 504844 741499 978154 489067 757276 978154 504844 757276 504844 993931]
Requests Number (per Connection):  [47 62 32 63 62 48 47 33 49 48 63 48 47 62 62 48 62 63 47 62 62 48 62 32 47 32 32 48 62 47 48 48 48 47 48 62 62 47 32 32 32 31 32 48 31 48 47 62 62 32 62 48 48 32 33 62 32 32 32 48 62 32 62 32 62 47 32 32 62 32 62 63 62 47 48 62 62 47 47 61 32 47 32 48 32 31 62 31 32 62 62 48 48 32 47 62 32 32 63 63 32 48 62 62 62 31 33 62 48 62 48 62 32 48 32 47 48 47 32 33 32 63 62 32 32 32 63 62 49 63 32 48 32 32 47 47 62 32 63 47 32 47 62 31 48 62 32 48 32 63]
Requests/sec:  1244.7340657552083 KB
Transfer/sec:  3026.58193359375 KB

2023-12-06 16:01:22.950739657 +0800 CST m=+64.061295452
Running 1m0s myx-test @ https://192.168.12.127:6443/api/v1/namespaces
300 connections
Requests/bytes (per Connection):  [312813 172582 248091 237304 237304 312813 323600 323600 183369 172582 172598 183386 183386 172598 312842 237326 248114 312842 237326 237326 172598 248114 248114 237326 248114 237326 323630 172598 323630 312842 172598 172598 248114 172598 237326 237326 323630 172598 312842 248114 172598 312842 248114 248114 172598 312842 248114 323630 161810 172598 172598 172598 161810 237326 312842 172598 312842 172598 323630 312842 248114 312842 323630 248114 237326 312842 248114 172598 172598 323630 172598 248114 183386 248114 323630 248114 323630 248114 172598 237326 323630 323630 248114 248114 312842 312842 248114 312842 172598 323630 172598 248114 312842 183386 312842 161810 323630 323630 312842 323630 161825 172614 237348 312871 161825 312871 323660 183403 312871 312871 248137 323660 312871 248137 172614 183403 172614 323660 334449 323660 248137 248137 237348 237348 323660 183403 161825 172614 248137 172614 183403 161825 323660 248137 248137 172614 248137 248137 248137 172614 312871 312871 237348 183403 183403 237348 323660 237348 172614 334449 323660 172614 172614 248137 323660 323660 323660 323660 312871 323660 323660 172614 172614 237348 172614 161825 172614 172614 172614 237348 323660 237348 237348 323660 323660 183403 237348 237348 323660 161825 312871 172614 237348 172614 323660 161825 248137 323660 248137 237348 312871 323660 248137 172614 248137 237348 248137 323660 248137 183403 248137 312871 237348 183403 172614 161825 248137 237348 312871 323660 323660 172614 248137 248137 237348 323660 334449 312871 248137 323660 248137 312871 248137 237348 172614 248137 248137 237348 323660 312871 237348 248137 237348 248137 172614 172614 334449 183403 183403 248137 312871 312871 312871 248137 172614 172614 161825 183403 183403 312871 237348 161825 248137 161825 172614 248137 183403 312871 161825 248137 323660 172614 161825 172614 183403 248137 161825 248137 172614 323660 237348 237348 248137 323660 161825 161825 237348 323660 248137 172614 161825 172614 172614 172614 248137 323660 237348 323660 323660 248137 312871 312871 312871 161825 312871 172614 323660 312871 248137 172614]
Response/bytes (per Connection):  [457397 252348 362759 346986 346986 457397 473170 473170 268121 252348 252380 268155 268155 252380 457455 347030 362805 457455 347030 347030 252380 362805 362805 347030 362805 347030 473230 252380 473230 457455 252380 252380 362805 252380 347030 347030 473230 252380 457455 362805 252380 457455 362805 362805 252380 457455 362805 473230 236605 252380 252380 252380 236605 347030 457455 252380 457455 252380 473230 457455 362805 457455 473230 362805 347030 457455 362805 252380 252380 473230 252380 362805 268155 362805 473230 362805 473230 362805 252380 347030 473230 473230 362805 362805 457455 457455 362805 457455 252380 473230 252380 362805 457455 268155 457455 236605 473230 473230 457455 473230 236635 252412 347074 457513 236635 457513 473290 268189 457513 457513 362851 473290 457513 362851 252412 268189 252412 473290 489067 473290 362851 362851 347074 347074 473290 268189 236635 252412 362851 252412 268189 236635 473290 362851 362851 252412 362851 362851 362851 252412 457513 457513 347074 268189 268189 347074 473290 347074 252412 489067 473290 252412 252412 362851 473290 473290 473290 473290 457513 473290 473290 252412 252412 347074 252412 236635 252412 252412 252412 347074 473290 347074 347074 473290 473290 268189 347074 347074 473290 236635 457513 252412 347074 252412 473290 236635 362851 473290 362851 347074 457513 473290 362851 252412 362851 347074 362851 473290 362851 268189 362851 457513 347074 268189 252412 236635 362851 347074 457513 473290 473290 252412 362851 362851 347074 473290 489067 457513 362851 473290 362851 457513 362851 347074 252412 362851 362851 347074 473290 457513 347074 362851 347074 362851 252412 252412 489067 268189 268189 362851 457513 457513 457513 362851 252412 252412 236635 268189 268189 457513 347074 236635 362851 236635 252412 362851 268189 457513 236635 362851 473290 252412 236635 252412 268189 362851 236635 362851 252412 473290 347074 347074 362851 473290 236635 236635 347074 473290 362851 252412 236635 252412 252412 252412 362851 473290 347074 473290 473290 362851 457513 457513 457513 236635 457513 252412 473290 457513 362851 252412]
Requests Number (per Connection):  [29 16 23 22 22 29 30 30 17 16 16 17 17 16 29 22 23 29 22 22 16 23 23 22 23 22 30 16 30 29 16 16 23 16 22 22 30 16 29 23 16 29 23 23 16 29 23 30 15 16 16 16 15 22 29 16 29 16 30 29 23 29 30 23 22 29 23 16 16 30 16 23 17 23 30 23 30 23 16 22 30 30 23 23 29 29 23 29 16 30 16 23 29 17 29 15 30 30 29 30 15 16 22 29 15 29 30 17 29 29 23 30 29 23 16 17 16 30 31 30 23 23 22 22 30 17 15 16 23 16 17 15 30 23 23 16 23 23 23 16 29 29 22 17 17 22 30 22 16 31 30 16 16 23 30 30 30 30 29 30 30 16 16 22 16 15 16 16 16 22 30 22 22 30 30 17 22 22 30 15 29 16 22 16 30 15 23 30 23 22 29 30 23 16 23 22 23 30 23 17 23 29 22 17 16 15 23 22 29 30 30 16 23 23 22 30 31 29 23 30 23 29 23 22 16 23 23 22 30 29 22 23 22 23 16 16 31 17 17 23 29 29 29 23 16 16 15 17 17 29 22 15 23 15 16 23 17 29 15 23 30 16 15 16 17 23 15 23 16 30 22 22 23 30 15 15 22 30 23 16 15 16 16 16 23 30 22 30 30 23 29 29 29 15 29 16 30 29 23 16]
Requests/sec:  1197.5169270833333 KB
Transfer/sec:  2948.6246744791665 KB

