2023-12-27 07:41:36.506743227 +0000 UTC m=+64347.718178971
Running 1m0s myx-test @ https://192.168.12.127:6443/api/v1/namespaces/myx-test/secrets
3 connections
Requests/bytes (per Connection):  [13044090 13044090 13044090]
Response/bytes (per Connection):  [18876090 18876090 18876090]
Requests Number (per Connection):  [1200 1200 1200]
Requests/sec:  636.91845703125 KB
Transfer/sec:  1558.6025390625 KB

2023-12-27 07:49:21.707854335 +0000 UTC m=+64812.919290096
Running 1m0s myx-test @ https://192.168.12.127:6443/api/v1/namespaces/myx-test/secrets
6 connections
Requests/bytes (per Connection):  [13044090 13044090 13044090 13044090 13044090 13044090]
Response/bytes (per Connection):  [18876090 18876090 18876090 18876090 18876090 18876090]
Requests Number (per Connection):  [1200 1200 1200 1200 1200 1200]
Requests/sec:  1273.8369140625 KB
Transfer/sec:  3117.205078125 KB

2023-12-27 07:57:19.579399122 +0000 UTC m=+65290.790834863
Running 1m0s myx-test @ https://192.168.12.127:6443/api/v1/namespaces/myx-test/secrets
9 connections
Requests/bytes (per Connection):  [13033219 13033219 13033219 13033219 13033219 13033219 13033219 13033219 13033219]
Response/bytes (per Connection):  [18860359 18860359 18860359 18860359 18860359 18860359 18860359 18860359 18860359]
Requests Number (per Connection):  [1199 1199 1199 1199 1199 1199 1199 1199 1199]
Requests/sec:  1909.162939453125 KB
Transfer/sec:  4671.91083984375 KB

2023-12-27 09:06:44.455664484 +0000 UTC m=+69455.667100228
Running 1m0s myx-test @ https://192.168.12.127:6443/api/v1/namespaces/myx-test/secrets
15 connections
Requests/bytes (per Connection):  [13033219 13033219 13022349 13033219 13044090 13033219 13033219 13033219 13033219 13033219 13034418 13034418 13034418 13045290 13034418]
Response/bytes (per Connection):  [5678447 5725643 5678450 5788567 5757104 5552607 5820025 5725643 5615528 5804299 5710276 5726011 5757473 5773201 5710280]
Requests Number (per Connection):  [1199 1199 1199 1199 1200 1199 1199 1199 1199 1199 1199 1199 1199 1200 1199]
Requests/sec:  3182.2127766927083 KB
Transfer/sec:  4579.080517578125 KB

2023-12-27 11:17:44.580756506 +0000 UTC m=+77315.792192262
Running 1m0s myx-test @ https://192.168.12.127:6443/api/v1/namespaces/myx-test/secrets
30 connections
Requests/bytes (per Connection):  [13044090 13044090 13044090 13044090 13044090 13044090 13044090 13044090 13044090 13044090 13045290 13045290 13045290 13045290 13045290 13045290 13045290 13045290 13045290 13045290 13045290 13045290 13045290 13023546 13023546 13045290 13045290 13023546 13045290 13023546]
Response/bytes (per Connection):  [3098716 3004332 3161639 3177369 3114445 3035795 3130178 3145903 3161640 3051523 3098915 3020257 3051718 3130379 3098913 3020252 3067449 3161840 3083184 3083185 3161839 3193303 3067453 2957331 3098913 3083181 3098913 3193302 3161836 3035991]
Requests Number (per Connection):  [1200 1200 1200 1200 1200 1200 1200 1200 1200 1200 1200 1200 1200 1200 1200 1200 1200 1200 1200 1200 1200 1200 1200 1198 1198 1200 1200 1198 1200 1198]
Requests/sec:  6368.1595703125 KB
Transfer/sec:  7881.012662760417 KB

2023-12-27 13:34:52.170819989 +0000 UTC m=+85543.382255758
Running 1m0s myx-test @ https://192.168.12.127:6443/api/v1/namespaces/myx-test/secrets
60 connections
Requests/bytes (per Connection):  [13044090 13044090 13044090 13044090 13044090 13044090 13044090 13044090 13044090 13044090 13045290 13045290 13045290 13045290 13045290 13045290 13045290 13045290 13045290 13045290 13045290 13045290 13045290 13045290 13045290 13045290 13045290 13045290 13045290 13045290 13045290 13045290 13045290 13045290 13045290 13045290 13045290 13045290 13045290 13045290 13045290 13045290 13045290 13045290 13045290 13045290 13045290 13045290 13045290 13045290 13045290 13045290 13045290 13045290 13045290 13045290 13045290 13045290 13045290 13045290]
Response/bytes (per Connection):  [1683021 1730216 1635837 1588644 1635835 1856055 1745941 1714484 1730216 1808872 1777514 1950556 1777515 1793247 1746058 1793242 1746055 1824706 1856174 1683132 1824710 1698868 1714591 1808974 1730328 1856172 1777520 1824713 1761787 1698860 1683132 1777520 1777515 1714591 1777511 1761784 1793243 1808974 1793244 1808976 1761785 1808978 1730325 1620207 1730320 1683132 1714591 1761785 1793245 1746053 1730324 1730323 1714592 1730323 1777520 1714592 1635936 1856168 1824712 1793247]
Requests Number (per Connection):  [1200 1200 1200 1200 1200 1200 1200 1200 1200 1200 1200 1200 1200 1200 1200 1200 1200 1200 1200 1200 1200 1200 1200 1200 1200 1200 1200 1200 1200 1200 1200 1200 1200 1200 1200 1200 1200 1200 1200 1200 1200 1200 1200 1200 1200 1200 1200 1200 1200 1200 1200 1200 1200 1200 1200 1200 1200 1200 1200 1200]
Requests/sec:  12739.345703125 KB
Transfer/sec:  14453.676611328125 KB

