2023-12-27 06:52:34.818739563 +0000 UTC m=+61406.030175313
Running 43.708359474s myx-test @ https://192.168.12.127:6443/api/v1/namespaces/myx-test/secrets
3 connections
Requests/bytes (per Connection):  [1287690 1287690 1287690]
Response/bytes (per Connection):  [604890 604890 604890]
Requests Number (per Connection):  [1200 1200 1200]
Requests/sec:  86.31139082488548 KB
Transfer/sec:  126.85600730561065 KB

2023-12-27 07:00:34.832429938 +0000 UTC m=+61886.043865725
Running 59.653209714s myx-test @ https://192.168.12.127:6443/api/v1/namespaces/myx-test/secrets
6 connections
Requests/bytes (per Connection):  [1287690 1287690 1287690 1287690 1287690 1287690]
Response/bytes (per Connection):  [604890 604890 604890 604890 604890 604890]
Requests Number (per Connection):  [1200 1200 1200 1200 1200 1200]
Requests/sec:  126.48202217322184 KB
Transfer/sec:  185.89671856160737 KB

2023-12-27 07:08:59.184752012 +0000 UTC m=+62390.396187755
Running 1m24.040598977s myx-test @ https://192.168.12.127:6443/api/v1/namespaces/myx-test/secrets
9 connections
Requests/bytes (per Connection):  [1286616 1287690 1287690 1286616 1286616 1287690 1287690 1287690 1287690]
Response/bytes (per Connection):  [604385 604890 604890 604385 604385 604890 604890 604890 604890]
Requests Number (per Connection):  [1199 1200 1200 1199 1199 1200 1200 1200 1200]
Requests/sec:  134.63066118015774 KB
Transfer/sec:  197.8731485985551 KB

2023-12-27 07:17:36.524240836 +0000 UTC m=+62907.735676581
Running 1m36.933170488s myx-test @ https://192.168.12.127:6443/api/v1/namespaces/myx-test/secrets
15 connections
Requests/bytes (per Connection):  [1286616 1286616 1287690 1286616 1287690 1286616 1287690 1287690 1287690 1287690 1288890 1288890 1288890 1288890 1288890]
Response/bytes (per Connection):  [604385 604385 604890 604385 604890 604385 604890 604890 604890 604890 606090 606090 606090 606090 606090]
Requests Number (per Connection):  [1199 1199 1200 1199 1200 1199 1200 1200 1200 1200 1200 1200 1200 1200 1200]
Requests/sec:  194.61150864976958 KB
Transfer/sec:  286.06193819310533 KB

2023-12-27 07:26:35.84465855 +0000 UTC m=+63447.056094330
Running 1m58.676524654s myx-test @ https://192.168.12.127:6443/api/v1/namespaces/myx-test/secrets
30 connections
Requests/bytes (per Connection):  [1287690 1287690 1287690 1287690 1287690 1287690 1287690 1287690 1287690 1287690 1288890 1288890 1288890 1288890 1288890 1288890 1288890 1288890 1288890 1288890 1288890 1288890 1288890 1288890 1288890 1288890 1288890 1288890 1288890 1288890]
Response/bytes (per Connection):  [606048 606763 606228 606539 606363 606362 606544 606410 606541 606143 607505 607592 607962 607641 608190 607870 607916 607548 607639 607733 607365 607595 607596 607959 607549 607730 607139 607595 607960 607553]
Requests Number (per Connection):  [1200 1200 1200 1200 1200 1200 1200 1200 1200 1200 1200 1200 1200 1200 1200 1200 1200 1200 1200 1200 1200 1200 1200 1200 1200 1200 1200 1200 1200 1200]
Requests/sec:  318.08085532337566 KB
Transfer/sec:  467.98921813980706 KB

2023-12-27 07:35:36.261145831 +0000 UTC m=+63987.472581574
Running 1m59.092506401s myx-test @ https://192.168.12.127:6443/api/v1/namespaces/myx-test/secrets
60 connections
Requests/bytes (per Connection):  [1283394 1283394 1283394 1283394 1283394 1283394 1283394 1283394 1283394 1283394 1284590 1284590 1284590 1284590 1284590 1284590 1284590 1284590 1284590 1284590 1284590 1284590 1284590 1284590 1284590 1284590 1284590 1284590 1284590 1284590 1284590 1284590 1284590 1284590 1283515 1284590 1283515 1284590 1284590 1283515 1284590 1283515 1284590 1283515 1284590 1284590 1283515 1284590 1283515 1283515 1283515 1282440 1282440 1284590 1283515 1282440 1282440 1282440 1284590 1284590]
Response/bytes (per Connection):  [623807 626739 623217 626236 624341 624951 622709 626533 625622 624988 626299 625016 627039 625269 627550 627013 626303 629280 628050 627088 629156 627767 626764 625023 628111 627064 627909 626659 623935 626008 628455 626250 628507 626565 626306 626978 625196 625878 627961 625668 628332 627901 626008 625015 625044 628002 626889 627509 626748 625868 628323 627419 627268 629928 627868 626793 626416 624215 624503 623916]
Requests Number (per Connection):  [1196 1196 1196 1196 1196 1196 1196 1196 1196 1196 1196 1196 1196 1196 1196 1196 1196 1196 1196 1196 1196 1196 1196 1196 1196 1196 1196 1196 1196 1196 1196 1196 1196 1196 1195 1196 1195 1196 1196 1195 1196 1195 1196 1195 1196 1196 1195 1196 1195 1195 1195 1194 1194 1196 1195 1194 1194 1194 1196 1196]
Requests/sec:  631.7464616784508 KB
Transfer/sec:  939.9707425986925 KB

