2023-12-28 10:01:32.993725726 +0000 UTC m=+3731.533927014
Running 1m0s myx-test @ https://192.168.12.127:6443/api/v1/namespaces/myx-test/configmaps
3 connections
Requests/bytes (per Connection):  [3099063 3110040 3161266]
Response/bytes (per Connection):  [3915571 3929440 3994162]
Requests Number (per Connection):  [847 850 864]
Requests/sec:  152.51251627604168 KB
Transfer/sec:  345.20738932291664 KB

2024-01-01 03:37:13.405779087 +0000 UTC m=+326271.945980393
Running 1m0s myx-test @ https://192.168.12.127:6443/api/v1/namespaces/myx-test/configmaps
6 connections
Requests/bytes (per Connection):  [2166018 2187972 2151382 2078202 2213585 2173336]
Response/bytes (per Connection):  [2736706 2764444 2718214 2625754 2796805 2745952]
Requests Number (per Connection):  [592 598 588 568 605 594]
Requests/sec:  211.10831705729166 KB
Transfer/sec:  477.8380533854167 KB

2024-01-01 05:53:57.12592257 +0000 UTC m=+334475.666123854
Running 1m0s myx-test @ https://192.168.12.127:6443/api/v1/namespaces/myx-test/configmaps
9 connections
Requests/bytes (per Connection):  [1928183 1946478 1961114 1946478 1917206 1931842 1902570 1935501 1942819]
Response/bytes (per Connection):  [2436211 2459326 2477818 2459326 2422342 2440834 2403850 2445457 2454703]
Requests Number (per Connection):  [527 532 536 532 524 528 520 529 531]
Requests/sec:  283.40154622395835 KB
Transfer/sec:  641.4722981770833 KB

2024-01-01 08:11:31.135793432 +0000 UTC m=+342729.675994706
Running 1m0s myx-test @ https://192.168.12.127:6443/api/v1/namespaces/myx-test/configmaps
15 connections
Requests/bytes (per Connection):  [1690348 1686689 1664735 1730597 1723279 1661076 1668394 1679371 1683030 1668394 1701790 1676170 1694470 1654210 1698130]
Response/bytes (per Connection):  [2135716 2131093 2103355 2186569 2177323 2098732 2107978 2121847 2126470 2107978 2150050 2117682 2140802 2089938 2145426]
Requests Number (per Connection):  [462 461 455 473 471 454 456 459 460 456 465 458 463 452 464]
Requests/sec:  411.4694498697917 KB
Transfer/sec:  931.3418294270833 KB

2024-01-01 10:31:21.597126184 +0000 UTC m=+351120.137327458
Running 1m0s myx-test @ https://192.168.12.127:6443/api/v1/namespaces/myx-test/configmaps
30 connections
Requests/bytes (per Connection):  [1624486 1620827 1628145 1657417 1598873 1587896 1628145 1595214 1602532 1565942 1588330 1577350 1650550 1639570 1606630 1617610 1668850 1617610 1650550 1599310 1548070 1639570 1624930 1632250 1588330 1581010 1610290 1617610 1606630 1606630]
Response/bytes (per Connection):  [2052502 2047879 2057125 2094109 2020141 2006272 2057125 2015518 2024764 1978534 2006706 1992834 2085314 2071442 2029826 2043698 2108434 2043698 2085314 2020578 1955842 2071442 2052946 2062194 2006706 1997458 2034450 2043698 2029826 2029826]
Requests Number (per Connection):  [444 443 445 453 437 434 445 436 438 428 434 431 451 448 439 442 456 442 451 437 423 448 444 446 434 432 440 442 439 439]
Requests/sec:  787.4537272135417 KB
Transfer/sec:  1782.3463216145833 KB

2024-01-01 12:54:33.517152243 +0000 UTC m=+359712.057353521
Running 1m0s myx-test @ https://192.168.12.127:6443/api/v1/namespaces/myx-test/configmaps
60 connections
Requests/bytes (per Connection):  [1404946 1441536 1379333 1379333 1415923 1364697 1452513 1412264 1390310 1382992 1398010 1390690 1379710 1390690 1430950 1427290 1405330 1408990 1412650 1354090 1387030 1434610 1419970 1401670 1419970 1368730 1379710 1383370 1383370 1408990 1361410 1383370 1430950 1354090 1357750 1398010 1427290 1408990 1430950 1419970 1423630 1376050 1408990 1387030 1408990 1412650 1372390 1419970 1438270 1401670 1376050 1405330 1416310 1379710 1405330 1401670 1401670 1441930 1376050 1357750]
Response/bytes (per Connection):  [1775122 1821352 1742761 1742761 1788991 1724269 1835221 1784368 1756630 1747384 1766258 1757010 1743138 1757010 1807874 1803250 1775506 1780130 1784754 1710770 1752386 1812498 1794002 1770882 1794002 1729266 1743138 1747762 1747762 1780130 1720018 1747762 1807874 1710770 1715394 1766258 1803250 1780130 1807874 1794002 1798626 1738514 1780130 1752386 1780130 1784754 1733890 1794002 1817122 1770882 1738514 1775506 1789378 1743138 1775506 1770882 1770882 1821746 1738514 1715394]
Requests Number (per Connection):  [384 394 377 377 387 373 397 386 380 378 382 380 377 380 391 390 384 385 386 370 379 392 388 383 388 374 377 378 378 385 372 378 391 370 371 382 390 385 391 388 389 376 385 379 385 386 375 388 393 383 376 384 387 377 384 383 383 394 376 371]
Requests/sec:  1367.0880045572917 KB
Transfer/sec:  3094.2952799479167 KB

