2023-12-28 10:57:08.744915227 +0000 UTC m=+7067.285116495
Running 1m0s myx-test @ https://192.168.12.127:6443/apis/batch/v1/namespaces/myx-test/cronjobs
3 connections
Requests/bytes (per Connection):  [2481201 2423136 2434749]
Response/bytes (per Connection):  [3665128 3579358 3596512]
Requests Number (per Connection):  [641 626 629]
Requests/sec:  119.45126953125 KB
Transfer/sec:  295.8998046875 KB

2024-01-01 04:33:18.863961271 +0000 UTC m=+329637.404162533
Running 1m0s myx-test @ https://192.168.12.127:6443/apis/batch/v1/namespaces/myx-test/cronjobs
6 connections
Requests/bytes (per Connection):  [2264425 2241199 2233457 2256683 2272167 2198618]
Response/bytes (per Connection):  [3344920 3310612 3299176 3333484 3356356 3247714]
Requests Number (per Connection):  [585 579 577 583 587 568]
Requests/sec:  219.18211263020834 KB
Transfer/sec:  542.9493977864583 KB

2024-01-01 06:50:32.18984205 +0000 UTC m=+337870.730043380
Running 1m0s myx-test @ https://192.168.12.127:6443/apis/batch/v1/namespaces/myx-test/cronjobs
9 connections
Requests/bytes (per Connection):  [2109585 2090230 2101843 2101843 2109585 2047649 2074746 2047649 2117327]
Response/bytes (per Connection):  [3116200 3087610 3104764 3104764 3116200 3024712 3064738 3024712 3127636]
Requests Number (per Connection):  [545 540 543 543 545 529 536 529 547]
Requests/sec:  305.997021484375 KB
Transfer/sec:  758.004443359375 KB

2024-01-01 09:08:52.697607386 +0000 UTC m=+346171.237808652
Running 1m0s myx-test @ https://192.168.12.127:6443/apis/batch/v1/namespaces/myx-test/cronjobs
15 connections
Requests/bytes (per Connection):  [1846357 1888938 1823131 1846357 1857970 1857970 1877325 1861841 1854099 1850228 1811986 1827474 1858450 1897170 1873938]
Response/bytes (per Connection):  [2727376 2790274 2693068 2727376 2744530 2744530 2773120 2750248 2738812 2733094 2676382 2699258 2745010 2802200 2767886]
Requests Number (per Connection):  [477 488 471 477 480 480 485 481 479 478 468 472 480 490 484]
Requests/sec:  453.01487630208334 KB
Transfer/sec:  1122.1744466145833 KB

2024-01-01 11:31:27.095490482 +0000 UTC m=+354725.635691748
Running 1m0s myx-test @ https://192.168.12.127:6443/apis/batch/v1/namespaces/myx-test/cronjobs
30 connections
Requests/bytes (per Connection):  [1676033 1641194 1664420 1718614 1668291 1664420 1695388 1664420 1633452 1676033 1684210 1746162 1637746 1653234 1645490 1637746 1645490 1649362 1668722 1668722 1660978 1699698 1664850 1695826 1668722 1680338 1688082 1660978 1618386 1633874]
Response/bytes (per Connection):  [2475784 2424322 2458630 2538682 2464348 2458630 2504374 2458630 2412886 2475784 2487655 2579159 2419027 2441903 2430465 2419027 2430465 2436184 2464779 2464779 2453341 2510531 2459060 2504812 2464779 2481936 2493374 2453341 2390432 2413308]
Requests Number (per Connection):  [433 424 430 444 431 430 438 430 422 433 435 451 423 427 425 423 425 426 431 431 429 439 430 438 431 434 436 429 418 422]
Requests/sec:  813.9791829427083 KB
Transfer/sec:  2016.2973307291666 KB

2024-01-01 13:54:21.952516087 +0000 UTC m=+363300.492717406
Running 1m0s myx-test @ https://192.168.12.127:6443/apis/batch/v1/namespaces/myx-test/cronjobs
60 connections
Requests/bytes (per Connection):  [1366353 1339256 1335385 1312159 1316030 1331514 1358611 1350869 1288933 1366353 1308626 1324114 1308626 1320242 1374450 1374450 1316370 1355090 1320242 1331858 1335730 1327986 1300882 1312498 1339602 1308626 1339602 1273778 1347346 1316370 1358962 1324114 1335730 1343474 1297010 1300882 1324114 1320242 1374450 1324114 1339602 1316370 1300882 1327986 1355090 1320242 1339602 1339602 1297010 1343474 1316370 1355090 1358962 1327986 1343474 1351218 1370578 1331858 1351218 1370578]
Response/bytes (per Connection):  [2018344 1978318 1972600 1938292 1944010 1966882 2006908 1995472 1903984 2018344 1932912 1955788 1932912 1950069 2030135 2030135 1944350 2001540 1950069 1967226 1972945 1961507 1921474 1938631 1978664 1932912 1978664 1881441 1990102 1944350 2007259 1955788 1972945 1984383 1915755 1921474 1955788 1950069 2030135 1955788 1978664 1944350 1921474 1961507 2001540 1950069 1978664 1978664 1915755 1984383 1944350 2001540 2007259 1961507 1984383 1995821 2024416 1967226 1995821 2024416]
Requests Number (per Connection):  [353 346 345 339 340 344 351 349 333 353 338 342 338 341 355 355 340 350 341 344 345 343 336 339 346 338 346 329 348 340 351 342 345 347 335 336 342 341 355 342 346 340 336 343 350 341 346 346 335 347 340 350 351 343 347 349 354 344 349 354]
Requests/sec:  1301.4686686197917 KB
Transfer/sec:  3223.834765625 KB

