2023-12-28 09:14:11.707372835 +0000 UTC m=+890.247574103
Running 1m0s myx-test @ https://192.168.12.127:6443/apis/apps/v1/namespaces/myx-test/daemonsets
3 connections
Requests/bytes (per Connection):  [3323598 3385006 3269866]
Response/bytes (per Connection):  [5121414 5216038 5038618]
Requests Number (per Connection):  [866 882 852]
Requests/sec:  162.40999348958334 KB
Transfer/sec:  412.6715494791667 KB

2023-12-28 11:28:00.196946133 +0000 UTC m=+8918.737147399
Running 1m0s myx-test @ https://192.168.12.127:6443/apis/apps/v1/namespaces/myx-test/daemonsets
6 connections
Requests/bytes (per Connection):  [2513780 2540646 2536808 2548322 2529132 2483076]
Response/bytes (per Connection):  [3873560 3904348 3903739 3916176 3897216 3820943]
Requests Number (per Connection):  [655 662 661 664 659 647]
Requests/sec:  246.6107421875 KB
Transfer/sec:  626.10263671875 KB

2024-01-01 05:05:19.39587292 +0000 UTC m=+331557.936074196
Running 1m0s myx-test @ https://192.168.12.127:6443/apis/apps/v1/namespaces/myx-test/daemonsets
9 connections
Requests/bytes (per Connection):  [2053220 2060896 2072410 2037868 2083924 2091600 2095438 2106952 2095438]
Response/bytes (per Connection):  [3163880 3175708 3193450 3140224 3211192 3223020 3228934 3246676 3228934]
Requests Number (per Connection):  [535 537 540 531 543 545 546 549 546]
Requests/sec:  304.32529296875 KB
Transfer/sec:  773.2708984375 KB

2024-01-01 07:22:44.88122118 +0000 UTC m=+339803.421422494
Running 1m0s myx-test @ https://192.168.12.127:6443/apis/apps/v1/namespaces/myx-test/daemonsets
15 connections
Requests/bytes (per Connection):  [1738504 1746180 1757694 1788398 1815264 1780722 1776884 1742342 1753856 1788398 1731279 1800381 1785025 1842610 1800381]
Response/bytes (per Connection):  [2678932 2690760 2708502 2755814 2797212 2743986 2738072 2684846 2702588 2755814 2667555 2774025 2750365 2839090 2774025]
Requests Number (per Connection):  [453 455 458 466 473 464 463 454 457 466 451 469 465 480 469]
Requests/sec:  433.7226236979167 KB
Transfer/sec:  1102.0427083333334 KB

2024-01-01 09:41:46.725677258 +0000 UTC m=+348145.265878525
Running 1m0s myx-test @ https://192.168.12.127:6443/apis/apps/v1/namespaces/myx-test/daemonsets
30 connections
Requests/bytes (per Connection):  [1657906 1623364 1654068 1665582 1642554 1642554 1619526 1615688 1596498 1680934 1616109 1612270 1619948 1666016 1646821 1616109 1619948 1600753 1619948 1646821 1608431 1596914 1639143 1635304 1581558 1639143 1650660 1623787 1631465 1685211]
Response/bytes (per Connection):  [2554738 2501512 2548824 2566566 2531082 2531082 2495598 2489684 2460114 2590222 2490105 2484190 2496020 2567000 2537425 2490105 2496020 2466445 2496020 2537425 2478275 2460530 2525595 2519680 2436870 2525595 2543340 2501935 2513765 2596575]
Requests Number (per Connection):  [432 423 431 434 428 428 422 421 416 438 421 420 422 434 429 421 422 417 422 429 419 416 427 426 412 427 430 423 425 439]
Requests/sec:  796.7941569010417 KB
Transfer/sec:  2024.5340169270833 KB

2024-01-01 12:05:05.694140092 +0000 UTC m=+356744.234341368
Running 1m0s myx-test @ https://192.168.12.127:6443/apis/apps/v1/namespaces/myx-test/daemonsets
60 connections
Requests/bytes (per Connection):  [1458330 1396922 1469844 1431464 1439140 1469844 1419950 1427626 1431464 1442978 1408803 1462549 1439515 1474066 1443354 1470227 1439515 1427998 1451032 1477905 1466388 1481744 1427998 1500939 1439515 1451032 1416481 1412642 1466388 1451032 1451032 1462549 1431837 1462549 1451032 1458710 1485583 1443354 1454871 1451032 1451032 1497100 1424159 1427998 1485583 1477905 1439515 1462549 1462549 1424159 1439515 1408803 1454871 1477905 1493261 1466388 1454871 1481744 1435676 1439515]
Response/bytes (per Connection):  [2247210 2152586 2264952 2205812 2217640 2264952 2188070 2199898 2205812 2223554 2170695 2253505 2218015 2271250 2223930 2265335 2218015 2200270 2235760 2277165 2259420 2283080 2200270 2312655 2218015 2235760 2182525 2176610 2259420 2235760 2235760 2253505 2206185 2253505 2235760 2247590 2288995 2223930 2241675 2235760 2235760 2306740 2194355 2200270 2288995 2277165 2218015 2253505 2253505 2194355 2218015 2170695 2241675 2277165 2300825 2259420 2241675 2283080 2212100 2218015]
Requests Number (per Connection):  [380 364 383 373 375 383 370 372 373 376 367 381 375 384 376 383 375 372 378 385 382 386 372 391 375 378 369 368 382 378 378 381 373 381 378 380 387 376 379 378 378 390 371 372 387 385 375 381 381 371 375 367 379 385 389 382 379 386 374 375]
Requests/sec:  1416.8999348958334 KB
Transfer/sec:  3600.102018229167 KB

