2023-12-28 09:21:47.134698599 +0000 UTC m=+1345.674899864
Running 1m0s myx-test @ https://192.168.12.127:6443/apis/apps/v1/namespaces/myx-test/deployments
3 connections
Requests/bytes (per Connection):  [2898098 2944346 2901952]
Response/bytes (per Connection):  [4372770 4442550 4378585]
Requests Number (per Connection):  [752 764 753]
Requests/sec:  142.32415364583332 KB
Transfer/sec:  357.068701171875 KB

2024-01-01 02:56:34.810234935 +0000 UTC m=+323833.350436247
Running 1m0s myx-test @ https://192.168.12.127:6443/apis/apps/v1/namespaces/myx-test/deployments
6 connections
Requests/bytes (per Connection):  [2242918 2304582 2239064 2239064 2242918 2277604]
Response/bytes (per Connection):  [3384220 3477260 3378405 3378405 3384220 3436555]
Requests Number (per Connection):  [582 598 581 581 582 591]
Requests/sec:  220.47770182291666 KB
Transfer/sec:  553.144775390625 KB

2024-01-01 05:13:00.192401761 +0000 UTC m=+332018.732603023
Running 1m0s myx-test @ https://192.168.12.127:6443/apis/apps/v1/namespaces/myx-test/deployments
9 connections
Requests/bytes (per Connection):  [2015532 2030948 2046364 2019386 2023240 1992408 2042510 1973138 1992408]
Response/bytes (per Connection):  [3041135 3064395 3087655 3046950 3052765 3006245 3081840 2977170 3006245]
Requests Number (per Connection):  [523 527 531 524 525 517 530 512 517]
Requests/sec:  295.18121744791665 KB
Transfer/sec:  740.56533203125 KB

2024-01-01 07:30:28.240518874 +0000 UTC m=+340266.780720140
Running 1m0s myx-test @ https://192.168.12.127:6443/apis/apps/v1/namespaces/myx-test/deployments
15 connections
Requests/bytes (per Connection):  [1876788 1845956 1834394 1853664 1845956 1857518 1818978 1872934 1845956 1865226 1827160 1884985 1861855 1834870 1896550]
Response/bytes (per Connection):  [2831795 2785275 2767830 2796905 2785275 2802720 2744570 2825980 2785275 2814350 2756674 2843914 2809018 2768306 2861362]
Requests Number (per Connection):  [487 479 476 481 479 482 472 486 479 484 474 489 483 476 492]
Requests/sec:  452.8448893229167 KB
Transfer/sec:  1136.1008951822917 KB

2024-01-01 09:49:37.023481581 +0000 UTC m=+348615.563682856
Running 1m0s myx-test @ https://192.168.12.127:6443/apis/apps/v1/namespaces/myx-test/deployments
30 connections
Requests/bytes (per Connection):  [1626278 1587738 1645548 1622424 1595446 1618570 1633986 1549198 1610862 1626278 1595860 1649830 1622845 1580440 1638265 1588150 1642120 1611280 1622845 1595860 1595860 1611280 1622845 1618990 1615135 1615135 1657540 1626700 1645975 1657540]
Response/bytes (per Connection):  [2453820 2395670 2482895 2448005 2407300 2442190 2465450 2337520 2430560 2453820 2407714 2489138 2448426 2384450 2471690 2396082 2477506 2430978 2448426 2407714 2407714 2430978 2448426 2442610 2436794 2436794 2500770 2454242 2483322 2500770]
Requests Number (per Connection):  [422 412 427 421 414 420 424 402 418 422 414 428 421 410 425 412 426 418 421 414 414 418 421 420 419 419 430 422 427 430]
Requests/sec:  789.889697265625 KB
Transfer/sec:  1981.650341796875 KB

2024-01-01 12:13:07.070425945 +0000 UTC m=+357225.610627228
Running 1m0s myx-test @ https://192.168.12.127:6443/apis/apps/v1/namespaces/myx-test/deployments
60 connections
Requests/bytes (per Connection):  [1395038 1425870 1445140 1456702 1445140 1383476 1441286 1437432 1452848 1414308 1430095 1403110 1441660 1441660 1395400 1418530 1445515 1418530 1426240 1410820 1410820 1449370 1422385 1422385 1403110 1430095 1464790 1480210 1437805 1433950 1495630 1410820 1418530 1406965 1457080 1472500 1449370 1441660 1433950 1433950 1468645 1476355 1480210 1418530 1418530 1441660 1476355 1453225 1433950 1484065 1476355 1437805 1464790 1399255 1426240 1495630 1445515 1406965 1430095 1445515]
Response/bytes (per Connection):  [2104920 2151440 2180515 2197960 2180515 2087475 2174700 2168885 2192145 2133995 2157626 2116914 2175074 2175074 2105282 2140178 2180890 2140178 2151810 2128546 2128546 2186706 2145994 2145994 2116914 2157626 2209970 2233234 2169258 2163442 2256498 2128546 2140178 2122730 2198338 2221602 2186706 2175074 2163442 2163442 2215786 2227418 2233234 2140178 2140178 2175074 2227418 2192522 2163442 2239050 2227418 2169258 2209970 2111098 2151810 2256498 2180890 2122730 2157626 2180890]
Requests Number (per Connection):  [362 370 375 378 375 359 374 373 377 367 371 364 374 374 362 368 375 368 370 366 366 376 369 369 364 371 380 384 373 372 388 366 368 365 378 382 376 374 372 372 381 383 384 368 368 374 383 377 372 385 383 373 380 363 370 388 375 365 371 375]
Requests/sec:  1404.3597819010417 KB
Transfer/sec:  3523.188720703125 KB

