2023-12-28 10:09:05.623311417 +0000 UTC m=+4184.163512684
Running 1m0s myx-test @ https://192.168.12.127:6443/api/v1/namespaces/myx-test/endpoints
3 connections
Requests/bytes (per Connection):  [3170626 3087090 3123410]
Response/bytes (per Connection):  [3984262 3879290 3924930]
Requests Number (per Connection):  [873 850 860]
Requests/sec:  152.68759765625 KB
Transfer/sec:  344.557421875 KB

2024-01-01 03:44:48.438661879 +0000 UTC m=+326726.978863269
Running 1m0s myx-test @ https://192.168.12.127:6443/api/v1/namespaces/myx-test/endpoints
6 connections
Requests/bytes (per Connection):  [2189986 2200882 2150034 2186354 2182722 2150034]
Response/bytes (per Connection):  [2751982 2765674 2701778 2747418 2742854 2701778]
Requests Number (per Connection):  [603 606 592 602 601 592]
Requests/sec:  212.56529947916667 KB
Transfer/sec:  479.679296875 KB

2024-01-01 06:01:35.277187754 +0000 UTC m=+334933.817389039
Running 1m0s myx-test @ https://192.168.12.127:6443/api/v1/namespaces/myx-test/endpoints
9 connections
Requests/bytes (per Connection):  [1841314 1786834 1848578 1841314 1834050 1815890 1808626 1837682 1775938]
Response/bytes (per Connection):  [2313838 2245378 2322966 2313838 2304710 2281890 2272762 2309274 2231686]
Requests Number (per Connection):  [507 492 509 507 505 500 498 506 489]
Requests/sec:  266.76800130208335 KB
Transfer/sec:  601.994921875 KB

2024-01-01 08:19:13.286721047 +0000 UTC m=+343191.826922331
Running 1m0s myx-test @ https://192.168.12.127:6443/api/v1/namespaces/myx-test/endpoints
15 connections
Requests/bytes (per Connection):  [1790466 1750514 1699666 1699666 1728722 1714194 1746882 1732354 1765042 1732354 1700134 1732831 1736464 1711033 1707400]
Response/bytes (per Connection):  [2249942 2199738 2135842 2135842 2172354 2154098 2195174 2176918 2217994 2176918 2136310 2177395 2181960 2150005 2145440]
Requests Number (per Connection):  [493 482 468 468 476 472 481 477 486 477 468 477 478 471 470]
Requests/sec:  422.3262044270833 KB
Transfer/sec:  953.0216796875 KB

2024-01-01 10:39:30.951132282 +0000 UTC m=+351609.491333576
Running 1m0s myx-test @ https://192.168.12.127:6443/api/v1/namespaces/myx-test/endpoints
30 connections
Requests/bytes (per Connection):  [1666978 1743250 1652450 1648818 1641554 1681506 1677874 1652450 1692402 1616130 1642006 1656538 1663804 1656538 1703767 1692868 1718299 1671070 1656538 1689235 1700134 1700134 1645639 1681969 1645639 1645639 1678336 1721932 1660171 1623841]
Response/bytes (per Connection):  [2094766 2190610 2076510 2071946 2062818 2113022 2108458 2076510 2126714 2030870 2063270 2081530 2090660 2081530 2140875 2127180 2159135 2099790 2081530 2122615 2136310 2136310 2067835 2113485 2067835 2067835 2108920 2163700 2086095 2040445]
Requests Number (per Connection):  [459 480 455 454 452 463 462 455 466 445 452 456 458 456 469 466 473 460 456 465 468 468 453 463 453 453 462 474 457 447]
Requests/sec:  815.8774251302083 KB
Transfer/sec:  1841.0907877604166 KB

2024-01-01 13:02:45.615481295 +0000 UTC m=+360204.155682576
Running 1m0s myx-test @ https://192.168.12.127:6443/api/v1/namespaces/myx-test/endpoints
60 connections
Requests/bytes (per Connection):  [1358258 1332834 1361890 1329202 1340098 1329202 1361890 1340098 1354626 1350994 1300504 1369531 1340467 1351366 1354999 1354999 1351366 1336834 1398595 1369531 1384063 1391329 1336834 1329568 1413127 1336834 1340467 1354999 1329568 1384063 1344100 1325935 1365898 1369531 1325935 1340467 1336834 1329568 1333201 1394962 1354999 1336834 1380430 1369531 1322302 1329568 1351366 1351366 1376797 1365898 1300504 1318669 1347733 1315036 1376797 1354999 1351366 1285972 1351366 1347733]
Response/bytes (per Connection):  [1706826 1674878 1711390 1670314 1684006 1670314 1711390 1684006 1702262 1697698 1634160 1720895 1684375 1698070 1702635 1702635 1698070 1679810 1757415 1720895 1739155 1748285 1679810 1670680 1775675 1679810 1684375 1702635 1670680 1739155 1688940 1666115 1716330 1720895 1666115 1684375 1679810 1670680 1675245 1752850 1702635 1679810 1734590 1720895 1661550 1670680 1698070 1698070 1730025 1716330 1634160 1656985 1693505 1652420 1730025 1702635 1698070 1615900 1698070 1693505]
Requests Number (per Connection):  [374 367 375 366 369 366 375 369 373 372 358 377 369 372 373 373 372 368 385 377 381 383 368 366 389 368 369 373 366 381 370 365 376 377 365 369 368 366 367 384 373 368 380 377 364 366 372 372 379 376 358 363 371 362 379 373 372 354 372 371]
Requests/sec:  1317.4451985677083 KB
Transfer/sec:  2972.907259114583 KB

