2023-12-28 11:04:31.254383931 +0000 UTC m=+7509.794585197
Running 1m0s myx-test @ https://192.168.12.127:6443/apis/batch/v1/namespaces/myx-test/jobs
3 connections
Requests/bytes (per Connection):  [2613610 2560578 2628762]
Response/bytes (per Connection):  [4087230 4004294 4110926]
Requests Number (per Connection):  [690 676 694]
Requests/sec:  127.00113932291667 KB
Transfer/sec:  325.6087239583333 KB

2024-01-01 04:40:53.486037974 +0000 UTC m=+330092.026239240
Running 1m0s myx-test @ https://192.168.12.127:6443/apis/batch/v1/namespaces/myx-test/jobs
6 connections
Requests/bytes (per Connection):  [2227234 2249962 2208294 2246174 2280266 2234810]
Response/bytes (per Connection):  [3482982 3518526 3453362 3512602 3565918 3494830]
Requests Number (per Connection):  [588 594 583 593 602 590]
Requests/sec:  218.85970052083334 KB
Transfer/sec:  561.1158854166666 KB

2024-01-01 06:58:10.240071124 +0000 UTC m=+338328.780272440
Running 1m0s myx-test @ https://192.168.12.127:6443/apis/batch/v1/namespaces/myx-test/jobs
9 connections
Requests/bytes (per Connection):  [2003742 2007530 2022682 1954498 1946922 1965862 1958286 1931770 1939346]
Response/bytes (per Connection):  [3133466 3139390 3163086 3056454 3044606 3074226 3062378 3020910 3032758]
Requests Number (per Connection):  [529 530 534 516 514 519 517 510 512]
Requests/sec:  288.58460286458336 KB
Transfer/sec:  739.8748697916667 KB

2024-01-01 09:16:36.230746085 +0000 UTC m=+346634.770947377
Running 1m0s myx-test @ https://192.168.12.127:6443/apis/batch/v1/namespaces/myx-test/jobs
15 connections
Requests/bytes (per Connection):  [1837070 1829494 1780250 1806766 1806766 1810554 1787826 1753734 1749946 1806766 1822399 1829977 1769353 1803454 1852711]
Response/bytes (per Connection):  [2872810 2860962 2783950 2825418 2825418 2831342 2795798 2742482 2736558 2825418 2850557 2862411 2767579 2820922 2897973]
Requests Number (per Connection):  [485 483 470 477 477 478 472 463 462 477 481 483 467 476 489]
Requests/sec:  440.21917317708335 KB
Transfer/sec:  1128.6891927083334 KB

2024-01-01 11:39:23.86265738 +0000 UTC m=+355202.402858645
Running 1m0s myx-test @ https://192.168.12.127:6443/apis/batch/v1/namespaces/myx-test/jobs
30 connections
Requests/bytes (per Connection):  [1594638 1651458 1628730 1575698 1602214 1640094 1579486 1621154 1609790 1666610 1614004 1674628 1621582 1602637 1610215 1648105 1617793 1629160 1644316 1591270 1621582 1595059 1602637 1595059 1602637 1651894 1629160 1625371 1602637 1625371]
Response/bytes (per Connection):  [2493674 2582534 2546990 2464054 2505522 2564762 2469978 2535142 2517370 2606230 2524572 2619404 2536426 2506791 2518645 2577915 2530499 2548280 2571988 2489010 2536426 2494937 2506791 2494937 2506791 2583842 2548280 2542353 2506791 2542353]
Requests Number (per Connection):  [421 436 430 416 423 433 417 428 425 440 426 442 428 423 425 435 427 430 434 420 428 421 423 421 423 436 430 429 423 429]
Requests/sec:  790.608544921875 KB
Transfer/sec:  2027.1529296875 KB

2024-01-01 14:02:33.384664636 +0000 UTC m=+363791.924865904
Running 1m0s myx-test @ https://192.168.12.127:6443/apis/batch/v1/namespaces/myx-test/jobs
60 connections
Requests/bytes (per Connection):  [1439330 1439330 1477210 1431754 1424178 1431754 1458270 1454482 1431754 1443118 1462444 1443499 1428343 1439710 1439710 1481389 1470022 1424554 1447288 1466233 1504123 1451077 1394242 1424554 1451077 1496545 1481389 1424554 1443499 1515490 1435921 1454866 1432132 1447288 1458655 1439710 1401820 1481389 1454866 1447288 1458655 1454866 1447288 1439710 1466233 1458655 1451077 1454866 1477600 1439710 1443499 1435921 1447288 1401820 1443499 1420765 1470022 1428343 1447288 1413187]
Response/bytes (per Connection):  [2250790 2250790 2310030 2238942 2227094 2238942 2280410 2274486 2238942 2256714 2287492 2257857 2234149 2251930 2251930 2317127 2299346 2228222 2263784 2293419 2352689 2269711 2180806 2228222 2269711 2340835 2317127 2228222 2257857 2370470 2246003 2275638 2240076 2263784 2281565 2251930 2192660 2317127 2275638 2263784 2281565 2275638 2263784 2251930 2293419 2281565 2269711 2275638 2311200 2251930 2257857 2246003 2263784 2192660 2257857 2222295 2299346 2234149 2263784 2210441]
Requests Number (per Connection):  [380 380 390 378 376 378 385 384 378 381 386 381 377 380 380 391 388 376 382 387 397 383 368 376 383 395 391 376 381 400 379 384 378 382 385 380 370 391 384 382 385 384 382 380 387 385 383 384 390 380 381 379 382 370 381 375 388 377 382 373]
Requests/sec:  1413.983544921875 KB
Transfer/sec:  3625.5852213541666 KB

