2023-12-28 10:16:38.262856567 +0000 UTC m=+4636.803057844
Running 1m0s myx-test @ https://192.168.12.127:6443/api/v1/namespaces/myx-test/limitranges
3 connections
Requests/bytes (per Connection):  [2999090 2940210 2943890]
Response/bytes (per Connection):  [3774970 3700858 3705490]
Requests Number (per Connection):  [815 799 800]
Requests/sec:  144.58317057291666 KB
Transfer/sec:  326.5707682291667 KB

2024-01-01 03:52:24.473950943 +0000 UTC m=+327183.014152209
Running 1m0s myx-test @ https://192.168.12.127:6443/api/v1/namespaces/myx-test/limitranges
6 connections
Requests/bytes (per Connection):  [2134290 2204210 2119570 2141650 2038610 2211570]
Response/bytes (per Connection):  [2686450 2774458 2667922 2695714 2566018 2783722]
Requests Number (per Connection):  [580 599 576 582 554 601]
Requests/sec:  209.1455078125 KB
Transfer/sec:  472.398828125 KB

2024-01-01 06:09:11.783039149 +0000 UTC m=+335390.323240418
Running 1m0s myx-test @ https://192.168.12.127:6443/api/v1/namespaces/myx-test/limitranges
9 connections
Requests/bytes (per Connection):  [1836210 1773650 1869330 1832530 1821490 1799410 1865650 1832530 1817810]
Response/bytes (per Connection):  [2311258 2232514 2352946 2306626 2292730 2264938 2348314 2306626 2288098]
Requests Number (per Connection):  [499 482 508 498 495 489 507 498 494]
Requests/sec:  267.71826171875 KB
Transfer/sec:  604.6982421875 KB

2024-01-01 08:26:55.634909301 +0000 UTC m=+343654.175110598
Running 1m0s myx-test @ https://192.168.12.127:6443/api/v1/namespaces/myx-test/limitranges
15 connections
Requests/bytes (per Connection):  [1644850 1630130 1655890 1663250 1608050 1681650 1593330 1630130 1641170 1641170 1671064 1604806 1597444 1637935 1608487]
Response/bytes (per Connection):  [2070394 2051866 2084290 2093554 2024074 2116714 2005546 2051866 2065762 2065762 2103272 2019878 2010612 2061575 2024511]
Requests Number (per Connection):  [447 443 450 452 437 457 433 443 446 446 454 436 434 445 437]
Requests/sec:  398.91529947916666 KB
Transfer/sec:  901.0259114583333 KB

2024-01-01 10:47:27.309716452 +0000 UTC m=+352085.849917719
Running 1m0s myx-test @ https://192.168.12.127:6443/api/v1/namespaces/myx-test/limitranges
30 connections
Requests/bytes (per Connection):  [1549170 1512370 1563890 1589650 1582290 1578610 1567570 1574930 1585970 1560210 1615849 1567996 1567996 1575358 1564315 1582720 1553272 1579039 1527505 1615849 1567996 1567996 1556953 1579039 1597444 1604806 1612168 1534867 1549591 1538548]
Response/bytes (per Connection):  [1949962 1903642 1968490 2000914 1991650 1987018 1973122 1982386 1996282 1963858 2033777 1973548 1973548 1982814 1968915 1992080 1955016 1987447 1922585 2033777 1973548 1973548 1959649 1987447 2010612 2019878 2029144 1931851 1950383 1936484]
Requests Number (per Connection):  [421 411 425 432 430 429 426 428 431 424 439 426 426 428 425 430 422 429 415 439 426 426 423 429 434 436 438 417 421 418]
Requests/sec:  766.991650390625 KB
Transfer/sec:  1732.37861328125 KB

2024-01-01 13:10:57.789699422 +0000 UTC m=+360696.329900689
Running 1m0s myx-test @ https://192.168.12.127:6443/api/v1/namespaces/myx-test/limitranges
60 connections
Requests/bytes (per Connection):  [1457170 1431410 1435090 1442450 1468210 1416690 1424050 1435090 1486610 1468210 1442842 1420756 1406032 1406032 1413394 1439161 1409713 1461247 1461247 1431799 1413394 1442842 1431799 1435480 1413394 1446523 1439161 1475971 1431799 1461247 1424437 1431799 1424437 1453885 1446523 1446523 1420756 1391308 1431799 1376584 1394989 1420756 1457566 1428118 1417075 1439161 1442842 1487014 1413394 1446523 1442842 1453885 1428118 1435480 1435480 1380265 1391308 1435480 1435480 1435480]
Response/bytes (per Connection):  [1834162 1801738 1806370 1815634 1848058 1783210 1792474 1806370 1871218 1848058 1816026 1788228 1769696 1769696 1778962 1811393 1774329 1839191 1839191 1802127 1778962 1816026 1802127 1806760 1778962 1820659 1811393 1857723 1802127 1839191 1792861 1802127 1792861 1829925 1820659 1820659 1788228 1751164 1802127 1732632 1755797 1788228 1834558 1797494 1783595 1811393 1816026 1871622 1778962 1820659 1816026 1829925 1797494 1806760 1806760 1737265 1751164 1806760 1806760 1806760]
Requests Number (per Connection):  [396 389 390 392 399 385 387 390 404 399 392 386 382 382 384 391 383 397 397 389 384 392 389 390 384 393 391 401 389 397 387 389 387 395 393 393 386 378 389 374 379 386 396 388 385 391 392 404 384 393 392 395 388 390 390 375 378 390 390 390]
Requests/sec:  1400.0345052083333 KB
Transfer/sec:  3162.197786458333 KB

