2023-12-06 00:36:48.212457387 +0800 CST m=+14462.377194757
Running 1m0s myx-test @ https://192.168.12.127:6443/api/v1/namespaces
3 connections
Requests/bytes (per Connection):  [2683714 1453030 2622718]
Response/bytes (per Connection):  [3488520 1884995 3404965]
Requests Number (per Connection):  [748 405 731]
Requests/sec:  110.01728515625 KB
Transfer/sec:  252.89619140625 KB

2023-12-06 00:56:18.619995744 +0800 CST m=+15632.784733120
Running 1m0s myx-test @ https://192.168.12.127:6443/api/v1/namespaces
6 connections
Requests/bytes (per Connection):  [1707778 1779538 932770 2059402 1194694 2059402]
Response/bytes (per Connection):  [809320 1082340 574695 2683230 1556555 2683230]
Requests Number (per Connection):  [476 496 260 574 333 574]
Requests/sec:  158.42421875 KB
Transfer/sec:  311.24599609375 KB

2023-12-06 01:15:12.972120594 +0800 CST m=+16767.136857961
Running 1m0s myx-test @ https://192.168.12.127:6443/api/v1/namespaces
9 connections
Requests/bytes (per Connection):  [975826 1930234 972238 1887178 1876414 1571434 950710 1571434 1582198]
Response/bytes (per Connection):  [1271380 2514930 1266705 2458830 2444805 2047430 1238655 2047430 2061455]
Requests Number (per Connection):  [272 538 271 526 523 438 265 438 441]
Requests/sec:  216.75888671875 KB
Transfer/sec:  499.17457682291666 KB

2023-12-06 01:35:33.829237435 +0800 CST m=+17987.993974818
Running 1m0s myx-test @ https://192.168.12.127:6443/api/v1/namespaces
15 connections
Requests/bytes (per Connection):  [1679074 1661134 1388446 939946 1399210 936358 1707778 1395622 922006 1697014 1406778 954564 1399600 1679542 943797]
Response/bytes (per Connection):  [2187680 2164305 1809005 1224630 1823030 1219955 2225080 1818355 1201255 2211055 1833164 1243862 1823810 2188616 1229831]
Requests Number (per Connection):  [468 463 387 262 390 261 476 389 257 473 392 266 390 468 263]
Requests/sec:  327.325341796875 KB
Transfer/sec:  753.8167643229167 KB

2023-12-06 01:57:32.017109792 +0800 CST m=+19306.181847163
Running 1m0s myx-test @ https://192.168.12.127:6443/api/v1/namespaces
30 connections
Requests/bytes (per Connection):  [1148050 617026 950710 617026 1108582 617026 609850 1140874 613438 954298 613609 943797 620787 958153 947386 950975 954564 613609 1112480 1141192 954564 1141192 617198 943797 1108891 950975 1134014 617198 1126836 1148370]
Response/bytes (per Connection):  [1495780 803880 1238655 803880 1444355 803880 794530 1486430 799205 1243330 799547 1229831 808901 1248539 1234508 1239185 1243862 799547 1449650 1487066 1243862 1487066 804224 1229831 1444973 1239185 1477712 804224 1468358 1496420]
Requests Number (per Connection):  [320 172 265 172 309 172 170 318 171 266 171 263 173 267 264 265 266 171 310 318 266 318 172 263 309 265 316 172 314 320]
Requests/sec:  439.0701009114583 KB
Transfer/sec:  1011.179736328125 KB

2023-12-06 02:21:30.09092941 +0800 CST m=+20744.255666780
Running 1m0s myx-test @ https://192.168.12.127:6443/api/v1/namespaces
60 connections
Requests/bytes (per Connection):  [301298 301298 304885 595498 308472 304885 599086 502210 591910 498622 308558 502350 595664 301382 495172 301382 304970 304970 595664 301382 301382 502350 498761 599253 502350 304970 498761 588486 595664 592075 509528 308558 509528 606431 516706 308558 613609 513117 606431 308558 606431 513117 312146 516706 308558 606431 606431 610020 312146 513117 308558 610020 513117 509528 513117 509528 606431 602842 513117 613609]
Response/bytes (per Connection):  [368032 368032 368625 681990 369218 368625 686665 560440 677315 555765 369390 564800 686402 368200 555446 368200 368795 368795 686402 368200 368200 564800 560123 686999 564800 368795 556043 672968 682322 677645 663914 402030 663914 790193 673268 402030 799547 668591 790193 402030 790193 668591 406705 673268 402030 790193 790193 794870 406705 668591 402030 794870 668591 663914 668591 663914 790193 785516 668591 799547]
Requests Number (per Connection):  [84 84 85 166 86 85 167 140 165 139 86 140 166 84 138 84 85 85 166 84 84 140 139 167 140 85 139 164 166 165 142 86 142 169 144 86 171 143 169 86 169 143 87 144 86 169 169 170 87 143 86 170 143 142 143 142 169 168 143 171]
Requests/sec:  460.769921875 KB
Transfer/sec:  1029.85908203125 KB

2023-12-06 02:45:33.665248403 +0800 CST m=+22187.829985791
Running 1m0s myx-test @ https://192.168.12.127:6443/api/v1/namespaces
90 connections
Requests/bytes (per Connection):  [405334 355103 208036 408922 408922 405334 351516 208036 355103 412510 355202 355202 211682 355202 208094 405447 412625 208094 412625 355202 211682 211682 355202 409036 355202 409036 355202 412625 355202 211682 401858 405447 351614 211682 351614 211682 351614 401858 401858 208094 351614 401858 211682 398269 351614 391091 208094 348026 348026 208094 211682 398269 351614 208094 208094 348026 208094 348026 398269 398269 208094 211682 358790 409036 208094 358790 211682 365968 362379 409036 362379 416214 211682 211682 412625 211682 412625 358790 208094 215270 409036 211682 211682 358790 208094 412625 362379 365968 409036 412625]
Response/bytes (per Connection):  [495415 429967 271014 500090 496010 491335 425294 271014 429967 504765 430165 430165 275805 430165 271130 495641 504995 271130 504995 430165 275805 275805 430165 500318 430165 496238 434245 504995 430165 275805 397124 458921 339810 267645 339810 267645 339810 397124 397124 262970 339810 397124 267645 392447 388770 383093 262970 339215 380015 262970 267645 392447 339810 262970 262970 339215 262970 339215 392447 392447 271130 275805 467480 532958 271130 467480 275805 476834 472157 532958 472157 542312 275805 275805 537635 275805 537635 467480 271130 280480 532958 275805 275805 467480 271130 537635 472157 476834 532958 537635]
Requests Number (per Connection):  [113 99 58 114 114 113 98 58 99 115 99 99 59 99 58 113 115 58 115 99 59 59 99 114 99 114 99 115 99 59 112 113 98 59 98 59 98 112 112 58 98 112 59 111 98 109 58 97 97 58 59 111 98 58 58 97 58 97 111 111 58 59 100 114 58 100 59 102 101 114 101 116 59 59 115 59 115 100 58 60 114 59 59 100 58 115 101 102 114 115]
Requests/sec:  474.696923828125 KB
Transfer/sec:  1042.8526692708333 KB

2023-12-06 03:20:27.614950435 +0800 CST m=+24281.779687818
Running 1m0s myx-test @ https://192.168.12.127:6443/api/v1/namespaces
150 connections
Requests/bytes (per Connection):  [193688 233145 197275 121948 121948 121948 121948 233145 197275 121948 193742 233210 118394 121982 121982 193742 233210 121982 233210 233210 233210 193742 233210 233210 193742 121982 121982 193742 197330 121982 121982 236798 236798 121982 193742 233210 121982 236798 121982 233210 197330 193742 233210 121982 233210 121982 193742 193742 118394 118394 193742 193742 193742 190154 193742 233210 118394 190154 121982 233210 121982 233210 193742 193742 118394 236798 233210 193742 193742 233210 233210 118394 121982 193742 233210 233210 193742 190154 233210 229622 193742 118394 193742 193742 121982 118394 233210 193742 121982 233210 193742 233210 193742 121982 121982 236798 236798 233210 193742 236798 193796 122016 122016 193796 236864 122016 193796 122016 197385 193796 122016 118427 122016 233275 118427 233275 193796 122016 193796 233275 233275 233275 197385 193796 193796 122016 122016 122016 233275 118427 118427 233275 233275 122016 193796 118427 233275 193796 197385 233275 122016 236864 233275 233275 233275 193796 233275 193796 122016 193796]
Response/bytes (per Connection):  [252322 303725 256995 158862 158862 158862 158862 303725 256995 158862 252430 303855 154255 158930 158930 252430 303855 158930 303855 303855 303855 252430 303855 303855 252430 158930 158930 252430 257105 158930 158930 308530 308530 158930 252430 303855 158930 308530 158930 303855 257105 252430 303855 158930 303855 158930 252430 252430 154255 154255 252430 252430 252430 247755 252430 303855 154255 247755 158930 303855 158930 303855 252430 252430 154255 308530 303855 252430 252430 303855 303855 154255 158930 252430 303855 303855 252430 247755 303855 299180 252430 154255 252430 252430 158930 154255 303855 252430 158930 303855 252430 303855 252430 158930 158930 308530 308530 303855 252430 308530 252538 158998 158998 252538 308662 158998 252538 158998 257215 252538 158998 154321 158998 303985 154321 303985 252538 158998 252538 303985 303985 303985 257215 252538 252538 158998 158998 158998 303985 154321 154321 303985 303985 158998 252538 154321 303985 252538 257215 303985 158998 308662 303985 303985 303985 252538 303985 252538 158998 252538]
Requests Number (per Connection):  [54 65 55 34 34 34 34 65 55 34 54 65 33 34 34 54 65 34 65 65 65 54 65 65 54 34 34 54 55 34 34 66 66 34 54 65 34 66 34 65 55 54 65 34 65 34 54 54 33 33 54 54 54 53 54 65 33 53 34 65 34 65 54 54 33 66 65 54 54 65 65 33 34 54 65 65 54 53 65 64 54 33 54 54 34 33 65 54 34 65 54 65 54 34 34 66 66 65 54 66 54 34 34 54 66 34 54 34 55 54 34 33 34 65 33 65 54 34 54 65 65 65 55 54 54 34 34 34 65 33 33 65 65 34 54 33 65 54 55 65 34 66 65 65 65 54 65 54 34 54]
Requests/sec:  446.6986328125 KB
Transfer/sec:  1028.7327962239583 KB

2023-12-06 03:55:14.026391656 +0800 CST m=+26368.191129028
Running 1m0s myx-test @ https://192.168.12.127:6443/api/v1/namespaces
300 connections
Requests/bytes (per Connection):  [121948 60969 60969 118361 100426 96839 118361 60969 60969 60969 118394 96866 100454 96866 121982 96866 100454 100454 60986 60986 96866 121982 60986 100454 96866 93278 60986 118394 60986 96866 60986 60986 114806 118394 100454 96866 121982 114806 60986 60986 96866 60986 114806 100454 100454 114806 121982 60986 118394 96866 60986 60986 121982 111218 96866 114806 96866 93278 96866 118394 96866 121982 121982 111218 60986 60986 60986 100454 100454 60986 118394 121982 121982 60986 114806 121982 100454 93278 60986 60986 60986 60986 60986 100454 93278 100454 60986 96866 96866 114806 96866 60986 118394 121982 60986 57398 60986 121982 100454 111218 93304 61003 61003 100482 96893 61003 61003 61003 61003 93304 61003 61003 96893 96893 118427 100482 122016 61003 61003 100482 100482 61003 122016 61003 114838 125605 96893 118427 118427 122016 61003 122016 122016 96893 96893 64592 96893 61003 100482 96893 100482 122016 118427 125605 61003 122016 61003 61003 93304 118427 96893 114838 96893 122016 96893 100482 100482 96893 100482 118427 61003 61003 118427 61003 100482 122016 96893 61003 118427 61003 61003 96893 96893 61003 96893 61003 61003 96893 61003 61003 122016 61003 104071 122016 61003 61003 64592 64592 118427 118427 118427 96893 61003 118427 61003 61003 61003 118427 96893 96893 118427 61003 96893 100482 118427 114838 122016 61003 111249 114838 100482 125605 118427 118427 61003 96893 96893 100482 114838 57414 114838 118427 61003 61003 100482 57414 64592 61003 61003 111249 104071 118427 100482 61003 118427 61003 122016 96893 61003 122016 61003 104071 93304 118427 96893 100482 64592 96893 122016 125605 61003 100482 96893 96893 100482 64592 122016 61003 122016 61003 125605 100482 100482 118427 61003 64592 100482 122016 100482 122016 118427 61003 100482 125605 118427 118427 61003 61003 122016 114838 100482 100482 100482 122016 100482 61003 125605 61003 122016 114838 122016 61003 118427 100482 96893 118427 100482 61003 61003 122016]
Response/bytes (per Connection):  [158862 79421 79421 154189 130824 126151 154189 79421 79421 79421 154255 126205 130880 126205 158930 126205 130880 130880 79455 79455 126205 158930 79455 130880 126205 121530 79455 154255 79455 126205 79455 79455 149580 154255 130880 126205 158930 149580 79455 79455 126205 79455 149580 130880 130880 149580 158930 79455 154255 126205 79455 79455 158930 144905 126205 149580 126205 121530 126205 154255 126205 158930 158930 144905 79455 79455 79455 130880 130880 79455 154255 158930 158930 79455 149580 158930 130880 121530 79455 79455 79455 79455 79455 130880 121530 130880 79455 126205 126205 149580 126205 79455 154255 158930 79455 74780 79455 158930 130880 144905 121582 79489 79489 130936 126259 79489 79489 79489 79489 121582 79489 79489 126259 126259 154321 130936 158998 79489 79489 130936 130936 79489 158998 79489 149644 163675 126259 154321 154321 158998 79489 158998 158998 126259 126259 84166 126259 79489 130936 126259 130936 158998 154321 163675 79489 158998 79489 79489 121582 154321 126259 149644 126259 158998 126259 130936 130936 126259 130936 154321 79489 79489 154321 79489 130936 158998 126259 79489 154321 79489 79489 126259 126259 79489 126259 79489 79489 126259 79489 79489 158998 79489 135613 158998 79489 79489 84166 84166 154321 154321 154321 126259 79489 154321 79489 79489 79489 154321 126259 126259 154321 79489 126259 130936 154321 149644 158998 79489 144967 149644 130936 163675 154321 154321 79489 126259 126259 130936 149644 74812 149644 154321 79489 79489 130936 74812 84166 79489 79489 144967 135613 154321 130936 79489 154321 79489 158998 126259 79489 158998 79489 135613 121582 154321 126259 130936 84166 126259 158998 163675 79489 130936 126259 126259 130936 84166 158998 79489 158998 79489 163675 130936 130936 154321 79489 84166 130936 158998 130936 158998 154321 79489 130936 163675 154321 154321 79489 79489 158998 149644 130936 130936 130936 158998 130936 79489 163675 79489 158998 149644 158998 79489 154321 130936 126259 154321 130936 79489 79489 158998]
Requests Number (per Connection):  [34 17 17 33 28 27 33 17 17 17 33 27 28 27 34 27 28 28 17 17 27 34 17 28 27 26 17 33 17 27 17 17 32 33 28 27 34 32 17 17 27 17 32 28 28 32 34 17 33 27 17 17 34 31 27 32 27 26 27 33 27 34 34 31 17 17 17 28 28 17 33 34 34 17 32 34 28 26 17 17 17 17 17 28 26 28 17 27 27 32 27 17 33 34 17 16 17 34 28 31 26 17 17 28 27 17 17 17 17 26 17 17 27 27 33 28 34 17 17 28 28 17 34 17 32 35 27 33 33 34 17 34 34 27 27 18 27 17 28 27 28 34 33 35 17 34 17 17 26 33 27 32 27 34 27 28 28 27 28 33 17 17 33 17 28 34 27 17 33 17 17 27 27 17 27 17 17 27 17 17 34 17 29 34 17 17 18 18 33 33 33 27 17 33 17 17 17 33 27 27 33 17 27 28 33 32 34 17 31 32 28 35 33 33 17 27 27 28 32 16 32 33 17 17 28 16 18 17 17 31 29 33 28 17 33 17 34 27 17 34 17 29 26 33 27 28 18 27 34 35 17 28 27 27 28 18 34 17 34 17 35 28 28 33 17 18 28 34 28 34 33 17 28 35 33 33 17 17 34 32 28 28 28 34 28 17 35 17 34 32 34 17 33 28 27 33 28 17 17 34]
Requests/sec:  453.8461588541667 KB
Transfer/sec:  1045.2091959635416 KB

