2023-12-07 10:20:07.104162441 +0800 CST m=+60.042586431
Running 1m0s myx-test @ https://192.168.12.127:6443/api/v1/nodes
3 connections
Requests/bytes (per Connection):  [1889434 2030068 3952162]
Response/bytes (per Connection):  [2569586 2760842 5374770]
Requests Number (per Connection):  [524 563 1096]
Requests/sec:  128.11953125 KB
Transfer/sec:  302.35777994791664 KB

2023-12-07 10:23:27.241578933 +0800 CST m=+260.180002922
Running 1m0s myx-test @ https://192.168.12.127:6443/api/v1/nodes
6 connections
Requests/bytes (per Connection):  [1564894 3504922 2866660 1900252 1882222 1806496]
Response/bytes (per Connection):  [1940958 4579310 2862272 2584298 2559778 2456794]
Requests Number (per Connection):  [434 972 795 527 522 501]
Requests/sec:  220.14072265625 KB
Transfer/sec:  496.56341145833335 KB

2023-12-07 10:26:47.39120661 +0800 CST m=+460.329630606
Running 1m0s myx-test @ https://192.168.12.127:6443/api/v1/nodes
9 connections
Requests/bytes (per Connection):  [804028 948268 1849768 948268 807634 944662 1395412 3230866 3238078]
Response/bytes (per Connection):  [588322 610322 747822 610322 588872 605418 1897738 4393874 4403682]
Requests Number (per Connection):  [223 263 513 263 224 262 387 896 898]
Requests/sec:  230.582421875 KB
Transfer/sec:  465.71217447916666 KB

2023-12-07 10:30:07.63427559 +0800 CST m=+660.572699599
Running 1m0s myx-test @ https://192.168.12.127:6443/api/v1/nodes
15 connections
Requests/bytes (per Connection):  [1539652 1009570 904996 915814 912208 1013176 1669468 915814 1536046 1698316 3080268 3051412 1695180 1720429 1684359]
Response/bytes (per Connection):  [774543 689339 673389 675039 674489 689889 1120893 675039 769639 2309674 4188760 4149520 2305240 2339575 2290525]
Requests Number (per Connection):  [427 280 251 254 253 281 463 254 426 471 854 846 470 477 467]
Requests/sec:  379.9919921875 KB
Transfer/sec:  775.9157063802083 KB

2023-12-07 10:33:27.951471854 +0800 CST m=+860.889895856
Running 1m0s myx-test @ https://192.168.12.127:6443/api/v1/nodes
30 connections
Requests/bytes (per Connection):  [1352140 825664 789604 1348534 785998 822058 793210 1337716 1362958 822058 789823 786216 1341694 822286 1338087 1561721 1623040 1558114 1608612 2997307 1619433 1615826 1608612 1608612 1565328 1572542 2975665 1568935 2972058 2975665]
Response/bytes (per Connection):  [580486 500186 494686 579936 494136 499636 495236 573932 577782 495282 495038 494486 579494 500006 578942 2123755 2207140 2118850 2187520 4075945 2202235 2197330 2187520 2187520 2128660 2138470 4046515 2133565 4041610 4046515]
Requests Number (per Connection):  [375 229 219 374 218 228 220 371 378 228 219 218 372 228 371 433 450 432 446 831 449 448 446 446 434 436 825 435 824 825]
Requests/sec:  728.3449869791667 KB
Transfer/sec:  1508.9832356770833 KB

2023-12-07 10:36:48.278543205 +0800 CST m=+1061.216967197
Running 1m0s myx-test @ https://192.168.12.127:6443/api/v1/nodes
60 connections
Requests/bytes (per Connection):  [584062 594880 576850 591274 1103326 1099720 573244 576850 576850 576850 1078383 580617 577010 595045 577010 1092811 1085597 577010 598652 1081990 591438 591438 1089204 577010 595045 577010 1096418 577010 587831 1092811 1446297 1464332 1457118 2651035 1439083 2636607 1457118 1446297 1446297 1453511 2654642 1449904 1442690 2643821 1446297 2658249 2647428 1446297 1457118 1446297 1442690 2661856 1449904 2636607 2654642 2643821 2640214 1457118 1449904 1460725]
Response/bytes (per Connection):  [167258 168908 161804 164004 242104 241554 161254 161804 161804 161804 243188 167012 166460 169220 166460 241043 239939 162107 165419 239387 164315 164315 240491 162107 164867 162107 241595 162107 163763 241043 1966795 1991320 1981510 3605065 1956985 3585445 1981510 1966795 1966795 1976605 3609970 1971700 1961890 3595255 1966795 3614875 3600160 1966795 1981510 1966795 1961890 3619780 1971700 3585445 3609970 3595255 3590350 1981510 1971700 1986415]
Requests Number (per Connection):  [162 165 160 164 306 305 159 160 160 160 299 161 160 165 160 303 301 160 166 300 164 164 302 160 165 160 304 160 163 303 401 406 404 735 399 731 404 401 401 403 736 402 400 733 401 737 734 401 404 401 400 738 402 731 736 733 732 404 402 405]
Requests/sec:  1281.9200032552083 KB
Transfer/sec:  2628.0760579427083 KB

2023-12-07 14:35:22.906061675 +0800 CST m=+60.140246327
Running 1m0s myx-test @ https://192.168.12.127:6443/api/v1/nodes
90 connections
Requests/bytes (per Connection):  [1171840 1918282 1957948 1943524 1207900 1932706 1175446 1161022 1168234 1164628 1211842 1201021 1161344 1204628 1965705 1208235 1972919 1947670 1208235 1211842 1197414 1190200 1222663 1208235 1944063 1918814 1215449 1157737 1168558 1951277 1168558 1208235 1987347 1215449 1918814 1204628 1944063 1201021 1994561 1146916 1182986 1161344 1157737 1211842 1208235 1175772 1197414 1954884 1179379 1201021 1972919 1164951 1951277 1940456 1197414 1947670 1947670 1161344 1944063 1179379 1179379 1951277 1164951 1936849 1168558 1983740 1164951 1168558 1172165 1190200 1201021 1161344 1154130 1215449 1951277 1940456 1208235 1208235 1947670 1172165 1193807 1933242 1168558 1954884 1193807 1161344 1954884 1193807 1168558 1208235]
Response/bytes (per Connection):  [1593690 2608818 2662762 2643146 1642730 2628434 1598594 1578978 1588786 1583882 1647970 1633255 1579300 1638160 2673115 1643065 2682925 2648590 1643065 1647970 1628350 1618540 1662685 1643065 2643685 2609350 1652875 1574395 1589110 2653495 1589110 1643065 2702545 1652875 2609350 1638160 2643685 1633255 2712355 1559680 1608730 1579300 1574395 1647970 1643065 1598920 1628350 2658400 1603825 1633255 2682925 1584205 2653495 2638780 1628350 2648590 2648590 1579300 2643685 1603825 1603825 2653495 1584205 2633875 1589110 2697640 1584205 1589110 1594015 1618540 1633255 1579300 1569490 1652875 2653495 2638780 1643065 1643065 2648590 1594015 1623445 2628970 1589110 2658400 1623445 1579300 2658400 1623445 1589110 1643065]
Requests Number (per Connection):  [325 532 543 539 335 536 326 322 324 323 336 333 322 334 545 335 547 540 335 336 332 330 339 335 539 532 337 321 324 541 324 335 551 337 532 334 539 333 553 318 328 322 321 336 335 326 332 542 327 333 547 323 541 538 332 540 540 322 539 327 327 541 323 537 324 550 323 324 325 330 333 322 320 337 541 538 335 335 540 325 331 536 324 542 331 322 542 331 324 335]
Requests/sec:  2110.48935546875 KB
Transfer/sec:  4980.532649739584 KB

2023-12-07 18:55:51.189955791 +0800 CST m=+60.110628540
Running 1m0s myx-test @ https://192.168.12.127:6443/api/v1/nodes
9 connections
Requests/bytes (per Connection):  [1680286 1640620 1640620 3014506 3072202 1673074 3025324 1673074 3000082]
Response/bytes (per Connection):  [2285154 2231210 2231210 4099634 4178098 2275346 4114346 2275346 4080018]
Requests Number (per Connection):  [466 455 455 836 852 464 839 464 832]
Requests/sec:  332.3533203125 KB
Transfer/sec:  784.3448893229166 KB

2023-12-07 18:59:11.349694416 +0800 CST m=+260.270367165
Running 1m0s myx-test @ https://192.168.12.127:6443/api/v1/nodes
15 connections
Requests/bytes (per Connection):  [1557682 897784 944662 886966 908602 1564894 1554076 1561288 948268 1741588 3347186 1749285 1745678 1738464 1734857]
Response/bytes (per Connection):  [616190 515540 522690 513890 517190 617290 611286 612386 518886 2368522 4551730 2378815 2373910 2364100 2359195]
Requests Number (per Connection):  [432 249 262 246 252 434 431 433 263 483 928 485 484 482 481]
Requests/sec:  372.4166666666667 KB
Transfer/sec:  721.4013671875 KB

2023-12-07 19:02:31.601689926 +0800 CST m=+460.522362683
Running 1m0s myx-test @ https://192.168.12.127:6443/api/v1/nodes
30 connections
Requests/bytes (per Connection):  [814846 1153810 800422 800422 1175446 1142992 1157416 789604 789604 1153810 797037 1143309 804251 1150523 797037 2279514 2308370 2272300 1644682 1619433 2265086 2272300 1637468 1630254 2272300 1612219 2275907 2283121 1626647 1623040]
Response/bytes (per Connection):  [398392 450092 396192 396192 453392 448442 446288 390188 390188 445738 396021 449013 397125 450117 396021 3099850 3139090 3090040 2236570 2202235 3080230 3090040 2226760 2216950 3090040 2192425 3094945 3104755 2212045 2207140]
Requests Number (per Connection):  [226 320 222 222 326 317 321 219 219 320 221 317 223 319 221 632 640 630 456 449 628 630 454 452 630 447 631 633 451 450]
Requests/sec:  717.6622721354166 KB
Transfer/sec:  1475.90634765625 KB

2023-12-07 19:05:51.778816577 +0800 CST m=+660.699489329
Running 1m0s myx-test @ https://192.168.12.127:6443/api/v1/nodes
60 connections
Requests/bytes (per Connection):  [1305262 1290838 1020388 1290838 1020388 832876 822058 1023994 1023994 1283626 822286 822286 829500 825893 1020671 825893 825893 1013457 1020671 825893 1017064 1287589 1013457 825893 1291196 1027885 822286 825893 818679 1013457 1857495 2564467 2535611 2553646 2539218 1832246 1446297 1446297 2560860 1850281 2542825 1442690 1857495 1453511 1861102 2571681 1846674 2550039 2542825 2553646 1449904 2546432 2546432 1861102 1449904 2582502 1446297 2571681 1853888 1857495]
Response/bytes (per Connection):  [708315 706115 660511 701761 660511 631911 630261 661061 661061 700661 634954 634954 636058 635506 665314 635506 635506 664210 660961 631153 660409 701809 659857 631153 702361 662065 630601 631153 630049 659857 2525965 3487345 3448105 3472630 3453010 2491630 1966795 1966795 3482440 2516155 3457915 1961890 2525965 1976605 2530870 3497155 2511250 3467725 3457915 3472630 1971700 3462820 3462820 2530870 1971700 3511870 1966795 3497155 2521060 2525965]
Requests Number (per Connection):  [362 358 283 358 283 231 228 284 284 356 228 228 230 229 283 229 229 281 283 229 282 357 281 229 358 285 228 229 227 281 515 711 703 708 704 508 401 401 710 513 705 400 515 403 516 713 512 707 705 708 402 706 706 516 402 716 401 713 514 515]
Requests/sec:  1501.7032389322917 KB
Transfer/sec:  3207.744075520833 KB

