2023-12-28 10:24:10.678562952 +0000 UTC m=+5089.218764229
Running 1m0s myx-test @ https://192.168.12.127:6443/api/v1/namespaces/myx-test/persistentvolumeclaims
3 connections
Requests/bytes (per Connection):  [2670910 2738626 2719816]
Response/bytes (per Connection):  [3461850 3549618 3525238]
Requests Number (per Connection):  [710 728 723]
Requests/sec:  132.313671875 KB
Transfer/sec:  303.8095377604167 KB

2024-01-01 04:00:01.353196469 +0000 UTC m=+327639.893397747
Running 1m0s myx-test @ https://192.168.12.127:6443/api/v1/namespaces/myx-test/persistentvolumeclaims
6 connections
Requests/bytes (per Connection):  [2223232 2253328 2204422 2226994 2249566 2253328]
Response/bytes (per Connection):  [2881606 2920614 2857226 2886482 2915738 2920614]
Requests Number (per Connection):  [591 599 586 592 598 599]
Requests/sec:  218.27587890625 KB
Transfer/sec:  501.1905924479167 KB

2024-01-01 06:16:46.944743772 +0000 UTC m=+335845.484945054
Running 1m0s myx-test @ https://192.168.12.127:6443/api/v1/namespaces/myx-test/persistentvolumeclaims
9 connections
Requests/bytes (per Connection):  [1989988 2031370 2027608 1956130 1993750 2016322 2001274 1963654 2020084]
Response/bytes (per Connection):  [2579294 2632930 2628054 2535410 2584170 2613426 2593922 2545162 2618302]
Requests Number (per Connection):  [529 540 539 520 530 536 532 522 537]
Requests/sec:  292.9716796875 KB
Transfer/sec:  672.70263671875 KB

2024-01-01 08:34:36.79375363 +0000 UTC m=+344115.333954897
Running 1m0s myx-test @ https://192.168.12.127:6443/api/v1/namespaces/myx-test/persistentvolumeclaims
15 connections
Requests/bytes (per Connection):  [1899700 1828222 1828222 1884652 1847032 1869604 1869604 1903462 1899700 1888414 1843760 1806130 1870101 1836234 1877627]
Response/bytes (per Connection):  [2462270 2369626 2369626 2442766 2394006 2423262 2423262 2467146 2462270 2447642 2389620 2340850 2423759 2379866 2433513]
Requests Number (per Connection):  [505 486 486 501 491 497 497 506 505 502 490 480 497 488 499]
Requests/sec:  454.95546875 KB
Transfer/sec:  1044.6280598958333 KB

2024-01-01 10:55:23.349254715 +0000 UTC m=+352561.889455982
Running 1m0s myx-test @ https://192.168.12.127:6443/api/v1/namespaces/myx-test/persistentvolumeclaims
30 connections
Requests/bytes (per Connection):  [1673980 1692790 1621312 1617550 1617550 1640122 1651408 1628836 1632598 1643884 1636795 1659373 1663136 1674425 1648084 1625506 1651847 1625506 1625506 1648084 1636795 1602928 1674425 1621743 1678188 1595402 1617980 1625506 1644321 1670662]
Response/bytes (per Connection):  [2169710 2194090 2101446 2096570 2096570 2125826 2140454 2111198 2116074 2130702 2121385 2150647 2155524 2170155 2136016 2106754 2140893 2106754 2106754 2136016 2121385 2077492 2170155 2101877 2175032 2067738 2097000 2106754 2131139 2165278]
Requests Number (per Connection):  [445 450 431 430 430 436 439 433 434 437 435 441 442 445 438 432 439 432 432 438 435 426 445 431 446 424 430 432 437 444]
Requests/sec:  801.53388671875 KB
Transfer/sec:  1840.39111328125 KB

2024-01-01 13:19:02.495029558 +0000 UTC m=+361181.035230854
Running 1m0s myx-test @ https://192.168.12.127:6443/api/v1/namespaces/myx-test/persistentvolumeclaims
60 connections
Requests/bytes (per Connection):  [1440736 1410640 1440736 1433212 1421926 1444498 1436974 1425688 1455784 1436974 1448645 1418541 1403489 1422304 1399726 1392200 1441119 1426067 1395963 1441119 1429830 1403489 1403489 1433593 1422304 1444882 1467460 1411015 1459934 1437356 1407252 1456171 1467460 1426067 1490038 1444882 1418541 1411015 1437356 1414778 1437356 1444882 1437356 1380911 1426067 1422304 1411015 1437356 1448645 1414778 1448645 1459934 1418541 1426067 1395963 1433593 1407252 1429830 1414778 1471223]
Response/bytes (per Connection):  [1867398 1828390 1867398 1857646 1843018 1872274 1862522 1847894 1886902 1862522 1877535 1838519 1819011 1843396 1814134 1804380 1867781 1848273 1809257 1867781 1853150 1819011 1819011 1858027 1843396 1872658 1901920 1828765 1892166 1862904 1823888 1887289 1901920 1848273 1931182 1872658 1838519 1828765 1862904 1833642 1862904 1872658 1862904 1789749 1848273 1843396 1828765 1862904 1877535 1833642 1877535 1892166 1838519 1848273 1809257 1858027 1823888 1853150 1833642 1906797]
Requests Number (per Connection):  [383 375 383 381 378 384 382 379 387 382 385 377 373 378 372 370 383 379 371 383 380 373 373 381 378 384 390 375 388 382 374 387 390 379 396 384 377 375 382 376 382 384 382 367 379 378 375 382 385 376 385 388 377 379 371 381 374 380 376 391]
Requests/sec:  1396.317529296875 KB
Transfer/sec:  3206.0516276041667 KB

