2023-12-28 09:53:15.433024019 +0000 UTC m=+3233.973225292
Running 1m0s myx-test @ https://192.168.12.127:6443/api/v1/persistentvolumes
3 connections
Requests/bytes (per Connection):  [2736295 2680450 2702788]
Response/bytes (per Connection):  [3659455 3584770 3614644]
Requests Number (per Connection):  [735 720 726]
Requests/sec:  132.153857421875 KB
Transfer/sec:  308.89326171875 KB

2024-01-01 03:28:40.215511107 +0000 UTC m=+325758.755712381
Running 1m0s myx-test @ https://192.168.12.127:6443/api/v1/persistentvolumes
6 connections
Requests/bytes (per Connection):  [2151784 2162953 2151784 2174122 2144338 2129446]
Response/bytes (per Connection):  [2877752 2892689 2877752 2907626 2867794 2847878]
Requests Number (per Connection):  [578 581 578 584 576 572]
Requests/sec:  210.195751953125 KB
Transfer/sec:  491.30725911458336 KB

2024-01-01 05:45:16.022096291 +0000 UTC m=+333954.562297603
Running 1m0s myx-test @ https://192.168.12.127:6443/api/v1/persistentvolumes
9 connections
Requests/bytes (per Connection):  [1839052 1891174 1920958 1880005 1880005 1872559 1865113 1902343 1876282]
Response/bytes (per Connection):  [2459516 2529222 2569054 2514285 2514285 2504327 2494369 2544159 2509306]
Requests Number (per Connection):  [494 508 516 505 505 503 501 511 504]
Requests/sec:  275.512548828125 KB
Transfer/sec:  643.9780924479167 KB

2024-01-01 08:02:52.583035721 +0000 UTC m=+342211.123237006
Running 1m0s myx-test @ https://192.168.12.127:6443/api/v1/persistentvolumes
15 connections
Requests/bytes (per Connection):  [1552381 1559827 1664071 1582165 1623118 1533766 1593334 1552381 1537489 1615672 1593762 1549074 1590038 1604934 1571418]
Response/bytes (per Connection):  [2076133 2086091 2225503 2115965 2170734 2051238 2130902 2076133 2056217 2160776 2131330 2071570 2126350 2146270 2101450]
Requests Number (per Connection):  [417 419 447 425 436 412 428 417 413 434 428 416 427 431 422]
Requests/sec:  386.12353515625 KB
Transfer/sec:  902.5080078125 KB

2024-01-01 10:22:23.467238983 +0000 UTC m=+350582.007440256
Running 1m0s myx-test @ https://192.168.12.127:6443/api/v1/persistentvolumes
30 connections
Requests/bytes (per Connection):  [1556104 1634287 1641733 1623118 1641733 1656625 1656625 1641733 1574719 1597057 1645898 1608658 1582590 1634726 1631002 1552798 1567694 1645898 1601210 1616106 1593762 1612382 1612382 1649622 1645898 1604934 1608658 1571418 1619830 1601210]
Response/bytes (per Connection):  [2081112 2185671 2195629 2170734 2195629 2215545 2215545 2195629 2106007 2135881 2201050 2151250 2116390 2186110 2181130 2076550 2096470 2201050 2141290 2161210 2131330 2156230 2156230 2206030 2201050 2146270 2151250 2101450 2166190 2141290]
Requests Number (per Connection):  [418 439 441 436 441 445 445 441 423 429 442 432 425 439 438 417 421 442 430 434 428 433 433 443 442 431 432 422 435 430]
Requests/sec:  788.25537109375 KB
Transfer/sec:  1842.4090494791667 KB

2024-01-01 12:45:42.764361613 +0000 UTC m=+359181.304562881
Running 1m0s myx-test @ https://192.168.12.127:6443/api/v1/persistentvolumes
60 connections
Requests/bytes (per Connection):  [1429522 1444414 1410907 1429522 1381123 1440691 1410907 1448137 1377400 1422076 1474594 1437354 1455974 1415010 1407562 1433630 1452250 1437354 1459698 1415010 1411286 1418734 1470870 1467146 1411286 1415010 1508110 1444802 1407562 1392666 1392666 1448526 1429906 1463422 1411286 1470870 1459698 1426182 1437354 1459698 1448526 1433630 1429906 1474594 1455974 1463422 1407562 1444802 1452250 1392666 1448526 1455974 1392666 1433630 1392666 1463422 1429906 1388942 1437354 1407562]
Response/bytes (per Connection):  [1911826 1931742 1886931 1911826 1847099 1926763 1886931 1936721 1842120 1901868 1971970 1922170 1947070 1892290 1882330 1917190 1942090 1922170 1952050 1892290 1887310 1897270 1966990 1962010 1887310 1892290 2016790 1932130 1882330 1862410 1862410 1937110 1912210 1957030 1887310 1966990 1952050 1907230 1922170 1952050 1937110 1917190 1912210 1971970 1947070 1957030 1882330 1932130 1942090 1862410 1937110 1947070 1862410 1917190 1862410 1957030 1912210 1857430 1922170 1882330]
Requests Number (per Connection):  [384 388 379 384 371 387 379 389 370 382 396 386 391 380 378 385 390 386 392 380 379 381 395 394 379 380 405 388 378 374 374 389 384 393 379 395 392 383 386 392 389 385 384 396 391 393 378 388 390 374 389 391 374 385 374 393 384 373 386 378]
Requests/sec:  1399.4823404947917 KB
Transfer/sec:  3271.0277018229167 KB

