2023-12-28 10:33:55.660344041 +0000 UTC m=+5674.200545404
Running 1m0s myx-test @ https://192.168.12.127:6443/api/v1/namespaces/myx-test/pods
3 connections
Requests/bytes (per Connection):  [18400 7360 7360]
Response/bytes (per Connection):  [30575 12230 12230]
Requests Number (per Connection):  [5 2 2]
Requests/sec:  0.5390625 KB
Transfer/sec:  1.434814453125 KB

2024-01-01 04:09:58.427747688 +0000 UTC m=+328236.967948999
Running 1m0s myx-test @ https://192.168.12.127:6443/api/v1/namespaces/myx-test/pods
6 connections
Requests/bytes (per Connection):  [14720 14720 11040 18400 7360 14720]
Response/bytes (per Connection):  [24460 24460 18345 30575 12230 24460]
Requests Number (per Connection):  [4 4 3 5 2 4]
Requests/sec:  1.3177083333333333 KB
Transfer/sec:  3.50732421875 KB

2024-01-01 06:26:57.637092433 +0000 UTC m=+336456.177293702
Running 1m0s myx-test @ https://192.168.12.127:6443/api/v1/namespaces/myx-test/pods
9 connections
Requests/bytes (per Connection):  [11040 11040 11040 7360 18400 7360 7360 11040 7360]
Response/bytes (per Connection):  [18345 18345 18345 12230 30575 12230 12230 18345 12230]
Requests Number (per Connection):  [3 3 3 2 5 2 2 3 2]
Requests/sec:  1.4973958333333333 KB
Transfer/sec:  3.985595703125 KB

2024-01-01 08:44:57.82250845 +0000 UTC m=+344736.362709728
Running 1m0s myx-test @ https://192.168.12.127:6443/api/v1/namespaces/myx-test/pods
15 connections
Requests/bytes (per Connection):  [7360 11040 7360 11040 11040 14720 14720 7360 7360 11040 18405 7362 7362 7362 11043]
Response/bytes (per Connection):  [12230 18345 12230 18345 18345 24460 24460 12230 12230 18345 30580 12232 12232 12232 18348]
Requests Number (per Connection):  [2 3 2 3 3 4 4 2 2 3 5 2 2 2 3]
Requests/sec:  2.515852864583333 KB
Transfer/sec:  6.696256510416666 KB

2024-01-01 11:07:19.364268249 +0000 UTC m=+353277.904469525
Running 1m0s myx-test @ https://192.168.12.127:6443/api/v1/namespaces/myx-test/pods
30 connections
Requests/bytes (per Connection):  [7360 7360 11040 14720 7360 11040 7360 11040 7360 7360 7362 7362 29448 14724 14724 7362 7362 7362 14724 7362 22086 11043 7362 18405 7362 7362 7362 11043 7362 18405]
Response/bytes (per Connection):  [12230 12230 18345 24460 12230 18345 12230 18345 12230 12230 12232 12232 48928 24464 24464 12232 12232 12232 24464 12232 36696 18348 12232 30580 12232 12232 12232 18348 12232 30580]
Requests Number (per Connection):  [2 2 3 4 2 3 2 3 2 2 2 2 8 4 4 2 2 2 4 2 6 3 2 5 2 2 2 3 2 5]
Requests/sec:  5.331770833333334 KB
Transfer/sec:  14.190804036458333 KB

2024-01-01 13:30:18.978028704 +0000 UTC m=+361857.518229994
Running 1m0s myx-test @ https://192.168.12.127:6443/api/v1/namespaces/myx-test/pods
60 connections
Requests/bytes (per Connection):  [7360 14720 11040 7360 7360 14720 11040 11040 11040 14720 11043 7362 7362 11043 7362 11043 14724 7362 14724 7362 7362 7362 7362 11043 7362 7362 7362 11043 7362 22086 11043 25767 7362 14724 18405 11043 7362 7362 14724 7362 7362 18405 7362 7362 14724 14724 11043 7362 7362 7362 18405 7362 11043 11043 18405 11043 7362 18405 18405 14724]
Response/bytes (per Connection):  [12230 24460 18345 12230 12230 24460 18345 18345 18345 24460 18348 12232 12232 18348 12232 18348 24464 12232 24464 12232 12232 12232 12232 18348 12232 12232 12232 18348 12232 36696 18348 42812 12232 24464 30580 18348 12232 12232 24464 12232 12232 30580 12232 12232 24464 24464 18348 12232 12232 12232 30580 12232 18348 18348 30580 18348 12232 30580 30580 24464]
Requests Number (per Connection):  [2 4 3 2 2 4 3 3 3 4 3 2 2 3 2 3 4 2 4 2 2 2 2 3 2 2 2 3 2 6 3 7 2 4 5 3 2 2 4 2 2 5 2 2 4 4 3 2 2 2 5 2 3 3 5 3 2 5 5 4]
Requests/sec:  10.903515625 KB
Transfer/sec:  29.020084635416666 KB

