2023-12-28 10:40:56.151072687 +0000 UTC m=+6094.691273960
Running 1m0s myx-test @ https://192.168.12.127:6443/api/v1/namespaces/myx-test/podtemplates
3 connections
Requests/bytes (per Connection):  [3310688 3284382 3374574]
Response/bytes (per Connection):  [4704430 4667050 4795210]
Requests Number (per Connection):  [881 874 898]
Requests/sec:  162.26634114583334 KB
Transfer/sec:  392.84397786458334 KB

2024-01-01 04:16:59.230620414 +0000 UTC m=+328657.770821721
Running 1m0s myx-test @ https://192.168.12.127:6443/api/v1/namespaces/myx-test/podtemplates
6 connections
Requests/bytes (per Connection):  [2239658 2224626 2205836 2160740 2220868 2235900]
Response/bytes (per Connection):  [3182530 3161170 3134470 3070390 3155830 3177190]
Requests Number (per Connection):  [596 592 587 575 591 595]
Requests/sec:  216.26998697916667 KB
Transfer/sec:  523.5873697916667 KB

2024-01-01 06:33:58.58296507 +0000 UTC m=+336877.123166397
Running 1m0s myx-test @ https://192.168.12.127:6443/api/v1/namespaces/myx-test/podtemplates
9 connections
Requests/bytes (per Connection):  [1999146 1976598 1980356 1980356 2006662 1991630 1995388 1950292 1999146]
Response/bytes (per Connection):  [2840770 2808730 2814070 2814070 2851450 2830090 2835430 2771350 2840770]
Requests Number (per Connection):  [532 526 527 527 534 530 531 519 532]
Requests/sec:  291.00869140625 KB
Transfer/sec:  704.5296875 KB

2024-01-01 08:52:00.682732207 +0000 UTC m=+345159.222933475
Running 1m0s myx-test @ https://192.168.12.127:6443/api/v1/namespaces/myx-test/podtemplates
15 connections
Requests/bytes (per Connection):  [1424172 1424172 1390350 1525638 1439204 1409140 1529396 1424172 1465510 1420414 1473418 1398238 1443346 1394479 1417033]
Response/bytes (per Connection):  [2023750 2023750 1975690 2167930 2045110 2002390 2173270 2023750 2082490 2018410 2093562 1986742 2050834 1981401 2013447]
Requests Number (per Connection):  [379 379 370 406 383 375 407 379 390 378 392 372 384 371 377]
Requests/sec:  351.21552734375 KB
Transfer/sec:  850.280078125 KB

2024-01-01 11:14:21.147764042 +0000 UTC m=+353699.687965307
Running 1m0s myx-test @ https://192.168.12.127:6443/api/v1/namespaces/myx-test/podtemplates
30 connections
Requests/bytes (per Connection):  [1627104 1627104 1604556 1574492 1559460 1597040 1604556 1555702 1612072 1566976 1601224 1623778 1589947 1623778 1597465 1597465 1574911 1563634 1597465 1559875 1567393 1601224 1608742 1586188 1571152 1620019 1556116 1571152 1537321 1529803]
Response/bytes (per Connection):  [2312110 2312110 2280070 2237350 2215990 2269390 2280070 2210650 2290750 2226670 2275156 2307202 2259133 2307202 2269815 2269815 2237769 2221746 2269815 2216405 2227087 2275156 2285838 2253792 2232428 2301861 2211064 2232428 2184359 2173677]
Requests Number (per Connection):  [433 433 427 419 415 425 427 414 429 417 426 432 423 432 425 425 419 416 425 415 417 426 428 422 418 431 414 418 409 407]
Requests/sec:  774.86513671875 KB
Transfer/sec:  1875.8890299479167 KB

2024-01-01 13:37:21.967711436 +0000 UTC m=+362280.507912723
Running 1m0s myx-test @ https://192.168.12.127:6443/api/v1/namespaces/myx-test/podtemplates
60 connections
Requests/bytes (per Connection):  [1484300 1499332 1544428 1506848 1510606 1510606 1506848 1506848 1480542 1540670 1522285 1567393 1537321 1480936 1511008 1495972 1484695 1514767 1537321 1495972 1473418 1465900 1473418 1499731 1503490 1563634 1488454 1511008 1469659 1492213 1465900 1462141 1522285 1511008 1548598 1495972 1526044 1533562 1465900 1514767 1526044 1518526 1503490 1544839 1499731 1522285 1492213 1514767 1495972 1469659 1503490 1514767 1492213 1511008 1499731 1507249 1529803 1514767 1499731 1492213]
Response/bytes (per Connection):  [2109190 2130550 2194630 2141230 2146570 2146570 2141230 2141230 2103850 2189290 2162995 2227087 2184359 2104244 2146972 2125608 2109585 2152313 2184359 2125608 2093562 2082880 2093562 2130949 2136290 2221746 2114926 2146972 2088221 2120267 2082880 2077539 2162995 2146972 2200382 2125608 2168336 2179018 2082880 2152313 2168336 2157654 2136290 2195041 2130949 2162995 2120267 2152313 2125608 2088221 2136290 2152313 2120267 2146972 2130949 2141631 2173677 2152313 2130949 2120267]
Requests Number (per Connection):  [395 399 411 401 402 402 401 401 394 410 405 417 409 394 402 398 395 403 409 398 392 390 392 399 400 416 396 402 391 397 390 389 405 402 412 398 406 408 390 403 406 404 400 411 399 405 397 403 398 391 400 403 397 402 399 401 407 403 399 397]
Requests/sec:  1471.0009440104166 KB
Transfer/sec:  3561.155078125 KB

