2023-12-28 09:29:50.82942606 +0000 UTC m=+1829.369627329
Running 1m0s myx-test @ https://192.168.12.127:6443/apis/apps/v1/namespaces/myx-test/replicasets
3 connections
Requests/bytes (per Connection):  [2821018 2925076 2936638]
Response/bytes (per Connection):  [4044922 4194124 4210702]
Requests Number (per Connection):  [732 759 762]
Requests/sec:  141.3205078125 KB
Transfer/sec:  343.953125 KB

2024-01-01 03:04:35.667089052 +0000 UTC m=+324314.207290332
Running 1m0s myx-test @ https://192.168.12.127:6443/apis/apps/v1/namespaces/myx-test/replicasets
6 connections
Requests/bytes (per Connection):  [2223648 2219794 2227502 2227502 2246772 2212086]
Response/bytes (per Connection):  [3188392 3182866 3193918 3193918 3221548 3171814]
Requests Number (per Connection):  [577 576 578 578 583 574]
Requests/sec:  217.40403645833334 KB
Transfer/sec:  529.1302083333334 KB

2024-01-01 05:21:08.728825376 +0000 UTC m=+332507.269026644
Running 1m0s myx-test @ https://192.168.12.127:6443/apis/apps/v1/namespaces/myx-test/replicasets
9 connections
Requests/bytes (per Connection):  [1961576 1965430 1969284 1938452 1946160 1899912 1976992 1938452 1969284]
Response/bytes (per Connection):  [2812624 2818150 2823676 2779468 2790520 2724208 2834728 2779468 2823676]
Requests Number (per Connection):  [509 510 511 503 505 493 513 503 511]
Requests/sec:  285.8974934895833 KB
Transfer/sec:  695.8343098958334 KB

2024-01-01 07:38:36.733914615 +0000 UTC m=+340755.274115897
Running 1m0s myx-test @ https://192.168.12.127:6443/apis/apps/v1/namespaces/myx-test/replicasets
15 connections
Requests/bytes (per Connection):  [1749606 1757314 1745752 1749606 1703358 1772730 1730336 1711066 1772730 1761168 1742350 1707655 1723075 1746205 1742350]
Response/bytes (per Connection):  [2508694 2519746 2503168 2508694 2442382 2541850 2481064 2453434 2541850 2525272 2498094 2448351 2470459 2503621 2498094]
Requests Number (per Connection):  [454 456 453 454 442 460 449 444 460 457 452 443 447 453 452]
Requests/sec:  425.05372721354166 KB
Transfer/sec:  1034.5064127604167 KB

2024-01-01 09:57:51.89261314 +0000 UTC m=+349110.432814413
Running 1m0s myx-test @ https://192.168.12.127:6443/apis/apps/v1/namespaces/myx-test/replicasets
30 connections
Requests/bytes (per Connection):  [1587738 1641694 1641694 1653256 1599300 1630132 1587738 1599300 1676380 1603154 1611280 1599715 1634410 1592005 1634410 1611280 1630555 1642120 1626700 1630555 1607425 1657540 1622845 1653685 1634410 1561165 1595860 1634410 1657540 1584295]
Response/bytes (per Connection):  [2276602 2353966 2353966 2370544 2293180 2337388 2276602 2293180 2403700 2298706 2310176 2293595 2343338 2282541 2343338 2310176 2337811 2354392 2332284 2337811 2304649 2376500 2326757 2370973 2343338 2238325 2288068 2343338 2376500 2271487]
Requests Number (per Connection):  [412 426 426 429 415 423 412 415 435 416 418 415 424 413 424 418 423 426 422 423 417 430 421 429 424 405 414 424 430 411]
Requests/sec:  791.708837890625 KB
Transfer/sec:  1926.8525716145834 KB

2024-01-01 12:21:22.732062873 +0000 UTC m=+357721.272264142
Running 1m0s myx-test @ https://192.168.12.127:6443/apis/apps/v1/namespaces/myx-test/replicasets
60 connections
Requests/bytes (per Connection):  [1383476 1410454 1418162 1383476 1391184 1410454 1425870 1375768 1391184 1429724 1437805 1430095 1426240 1406965 1372270 1422385 1403110 1406965 1433950 1376125 1418530 1430095 1387690 1433950 1406965 1445515 1422385 1383835 1391545 1391545 1414675 1410820 1391545 1387690 1445515 1403110 1464790 1433950 1453225 1368415 1403110 1383835 1430095 1441660 1387690 1356850 1387690 1387690 1403110 1395400 1426240 1422385 1360705 1460935 1426240 1433950 1406965 1372270 1422385 1410820]
Response/bytes (per Connection):  [1983724 2022406 2033458 1983724 1994776 2022406 2044510 1972672 1994776 2050036 2061461 2050407 2044880 2017245 1967502 2039353 2011718 2017245 2055934 1973029 2033826 2050407 1989610 2055934 2017245 2072515 2039353 1984083 1995137 1995137 2028299 2022772 1995137 1989610 2072515 2011718 2100150 2055934 2083569 1961975 2011718 1984083 2050407 2066988 1989610 1945394 1989610 1989610 2011718 2000664 2044880 2039353 1950921 2094623 2044880 2055934 2017245 1967502 2039353 2022772]
Requests Number (per Connection):  [359 366 368 359 361 366 370 357 361 371 373 371 370 365 356 369 364 365 372 357 368 371 360 372 365 375 369 359 361 361 367 366 361 360 375 364 380 372 377 355 364 359 371 374 360 352 360 360 364 362 370 369 353 379 370 372 365 356 369 366]
Requests/sec:  1376.0006022135417 KB
Transfer/sec:  3348.8758138020835 KB

