2023-12-28 10:48:28.615322203 +0000 UTC m=+6547.155523479
Running 1m0s myx-test @ https://192.168.12.127:6443/api/v1/namespaces/myx-test/replicationcontrollers
3 connections
Requests/bytes (per Connection):  [2822281 2725756 2849308]
Response/bytes (per Connection):  [4075215 3935840 4114240]
Requests Number (per Connection):  [731 706 738]
Requests/sec:  136.675537109375 KB
Transfer/sec:  334.02734375 KB

2024-01-01 04:24:32.773975091 +0000 UTC m=+329111.314176371
Running 1m0s myx-test @ https://192.168.12.127:6443/api/v1/namespaces/myx-test/replicationcontrollers
6 connections
Requests/bytes (per Connection):  [2131162 2138884 2084830 2104135 2127301 2146606]
Response/bytes (per Connection):  [3077290 3088440 3010390 3038265 3071715 3099590]
Requests Number (per Connection):  [552 554 540 545 551 556]
Requests/sec:  207.24150390625 KB
Transfer/sec:  506.4877604166667 KB

2024-01-01 06:41:35.663459221 +0000 UTC m=+337334.203660495
Running 1m0s myx-test @ https://192.168.12.127:6443/api/v1/namespaces/myx-test/replicationcontrollers
9 connections
Requests/bytes (per Connection):  [1926529 1880197 1918807 1941973 1872475 1914946 1911085 1876336 1864753]
Response/bytes (per Connection):  [2781815 2714915 2770665 2804115 2703765 2765090 2759515 2709340 2692615]
Requests Number (per Connection):  [499 487 497 503 485 496 495 486 483]
Requests/sec:  278.435888671875 KB
Transfer/sec:  680.483984375 KB

2024-01-01 08:59:49.10195968 +0000 UTC m=+345627.642160946
Running 1m0s myx-test @ https://192.168.12.127:6443/api/v1/namespaces/myx-test/replicationcontrollers
15 connections
Requests/bytes (per Connection):  [1795255 1772089 1768228 1787533 1799116 1876336 1795255 1864753 1775950 1764367 1861374 1768686 1772548 1787996 1799582]
Response/bytes (per Connection):  [2592265 2558815 2553240 2581115 2597840 2709340 2592265 2692615 2564390 2547665 2687522 2553698 2559274 2581578 2598306]
Requests Number (per Connection):  [465 459 458 463 466 486 465 483 460 457 482 458 459 463 466]
Requests/sec:  439.2751953125 KB
Transfer/sec:  1073.5513671875 KB

2024-01-01 11:22:18.705645212 +0000 UTC m=+354177.245846534
Running 1m0s myx-test @ https://192.168.12.127:6443/api/v1/namespaces/myx-test/replicationcontrollers
30 connections
Requests/bytes (per Connection):  [1613788 1675564 1663981 1671703 1644676 1644676 1679425 1675564 1648537 1667842 1652826 1652826 1668274 1668274 1679860 1675998 1621930 1652826 1625792 1652826 1668274 1672136 1645102 1637378 1621930 1664412 1587172 1675998 1641240 1656688]
Response/bytes (per Connection):  [2330240 2419440 2402715 2413865 2374840 2374840 2425015 2419440 2380415 2408290 2386418 2386418 2408722 2408722 2425450 2419874 2341810 2386418 2347386 2386418 2408722 2414298 2375266 2364114 2341810 2403146 2291626 2419874 2369690 2391994]
Requests Number (per Connection):  [418 434 431 433 426 426 435 434 427 432 428 428 432 432 435 434 420 428 421 428 432 433 426 424 420 431 411 434 425 429]
Requests/sec:  807.4140299479167 KB
Transfer/sec:  1973.22255859375 KB

2024-01-01 13:45:29.200175675 +0000 UTC m=+362767.740376961
Running 1m0s myx-test @ https://192.168.12.127:6443/api/v1/namespaces/myx-test/replicationcontrollers
60 connections
Requests/bytes (per Connection):  [1494097 1490236 1443904 1470931 1494097 1501819 1497958 1517263 1490236 1474792 1506070 1432692 1486760 1471312 1479036 1490622 1452002 1490622 1482898 1479036 1444278 1452002 1444278 1502208 1467450 1475174 1471312 1475174 1459726 1459726 1479036 1513794 1490622 1479036 1459726 1521518 1479036 1471312 1502208 1482898 1444278 1455864 1467450 1506070 1560138 1506070 1463588 1498346 1513794 1467450 1452002 1444278 1448140 1475174 1494484 1482898 1463588 1459726 1467450 1479036]
Response/bytes (per Connection):  [2157415 2151840 2084940 2123965 2157415 2168565 2162990 2190865 2151840 2129540 2174530 2068586 2146650 2124346 2135498 2152226 2096466 2152226 2141074 2135498 2085314 2096466 2085314 2168954 2118770 2129922 2124346 2129922 2107618 2107618 2135498 2185682 2152226 2135498 2107618 2196834 2135498 2124346 2168954 2141074 2085314 2102042 2118770 2174530 2252594 2174530 2113194 2163378 2185682 2118770 2096466 2085314 2090890 2129922 2157802 2141074 2113194 2107618 2118770 2135498]
Requests Number (per Connection):  [387 386 374 381 387 389 388 393 386 382 390 371 385 381 383 386 376 386 384 383 374 376 374 389 380 382 381 382 378 378 383 392 386 383 378 394 383 381 389 384 374 377 380 390 404 390 379 388 392 380 376 374 375 382 387 384 379 378 380 383]
Requests/sec:  1444.1198079427083 KB
Transfer/sec:  3529.2320963541665 KB

