2023-12-26 13:50:11.272139269 +0000 UTC m=+62.483575029
Running 1m0s myx-test @ https://192.168.12.127:6443/api/v1/namespaces/myx-test/secrets
3 connections
Requests/bytes (per Connection):  [4404090 4404090 4404090]
Response/bytes (per Connection):  [5556090 5556090 5556090]
Requests Number (per Connection):  [1200 1200 1200]
Requests/sec:  215.04345703125 KB
Transfer/sec:  486.3369140625 KB

2023-12-26 14:10:43.672945577 +0000 UTC m=+1294.884381319
Running 1m0s myx-test @ https://192.168.12.127:6443/api/v1/namespaces/myx-test/secrets
6 connections
Requests/bytes (per Connection):  [4404090 4404090 4404090 4404090 4404090 4404090]
Response/bytes (per Connection):  [4495787 4477267 4495788 4505044 4468001 4477264]
Requests Number (per Connection):  [1200 1200 1200 1200 1200 1200]
Requests/sec:  430.0869140625 KB
Transfer/sec:  868.2241373697917 KB

2023-12-26 14:55:43.679913361 +0000 UTC m=+3994.891349111
Running 1m0s myx-test @ https://192.168.12.127:6443/api/v1/namespaces/myx-test/secrets
9 connections
Requests/bytes (per Connection):  [4393077 4393077 4404090 4404090 4404090 4400419 4393077 4385735 4404090]
Response/bytes (per Connection):  [2583447 2657538 2671435 2676062 2652912 2671431 2657995 2666802 2657539]
Requests Number (per Connection):  [1197 1197 1200 1200 1200 1199 1197 1195 1200]
Requests/sec:  644.234130859375 KB
Transfer/sec:  1033.1527669270833 KB

2023-12-26 16:06:44.090272575 +0000 UTC m=+8255.301708345
Running 1m0s myx-test @ https://192.168.12.127:6443/api/v1/namespaces/myx-test/secrets
15 connections
Requests/bytes (per Connection):  [4415103 4411432 4411432 4407761 4411432 4415103 4404090 4407761 4404090 4404090 4405290 4408962 4405290 4401619 4405290]
Response/bytes (per Connection):  [1561554 1537954 1575447 1548561 1538853 1579625 1556023 1571262 1551395 1566187 1579521 1556810 1567419 1558602 1529922]
Requests Number (per Connection):  [1203 1202 1202 1201 1202 1203 1200 1201 1200 1200 1200 1201 1200 1200 1200]
Requests/sec:  1076.1514485677083 KB
Transfer/sec:  1456.6712239583333 KB

2023-12-26 18:17:43.84661772 +0000 UTC m=+16115.058053468
Running 1m0s myx-test @ https://192.168.12.127:6443/api/v1/namespaces/myx-test/secrets
30 connections
Requests/bytes (per Connection):  [4400419 4400419 4400419 4400419 4400419 4400419 4400419 4400419 4400419 4400419 4401618 4401618 4401618 4401618 4401618 4401618 4401618 4401618 4401618 4401618 4401618 4401618 4401618 4401618 4401618 4401618 4401618 4401618 4401618 4401618]
Response/bytes (per Connection):  [888857 935157 884225 870332 916633 902743 865704 865704 884224 874968 870520 898309 861261 893678 870522 916834 879784 884416 861260 851999 884415 907570 870521 921464 875156 893680 902942 879786 865892 856632]
Requests Number (per Connection):  [1199 1199 1199 1199 1199 1199 1199 1199 1199 1199 1199 1199 1199 1199 1199 1199 1199 1199 1199 1199 1199 1199 1199 1199 1199 1199 1199 1199 1199 1199]
Requests/sec:  2149.0323893229165 KB
Transfer/sec:  2580.92021484375 KB

2023-12-26 22:38:44.018999999 +0000 UTC m=+31775.230435752
Running 1m0s myx-test @ https://192.168.12.127:6443/api/v1/namespaces/myx-test/secrets
60 connections
Requests/bytes (per Connection):  [4400419 4400419 4400419 4400419 4400419 4400419 4400419 4400419 4400419 4400419 4401618 4401618 4401618 4401618 4401618 4401618 4401618 4401618 4401618 4401618 4401618 4401618 4401618 4401618 4401618 4401618 4401618 4401618 4401618 4401618 4401618 4401618 4401618 4401618 4401618 4401618 4401618 4401618 4401618 4401618 4401618 4401618 4401618 4401618 4401618 4405290 4401618 4401618 4405290 4405290 4401618 4405290 4401618 4401618 4401618 4401618 4405290 4401618 4401618 4401618]
Response/bytes (per Connection):  [509207 564758 523090 518466 477244 504571 499940 481424 532356 509207 527837 486157 476894 467638 467633 527837 513942 513943 578778 555626 490790 509312 523207 527838 527840 481524 550990 486160 513942 523205 523210 500054 509312 467635 476899 486163 481527 486156 537100 490791 513949 504682 505133 513943 504682 523208 537101 486158 509314 495422 458375 463002 476897 500052 490789 476897 467634 481526 513947 523204]
Requests Number (per Connection):  [1199 1199 1199 1199 1199 1199 1199 1199 1199 1199 1199 1199 1199 1199 1199 1199 1199 1199 1199 1199 1199 1199 1199 1199 1199 1199 1199 1199 1199 1199 1199 1199 1199 1199 1199 1199 1199 1199 1199 1199 1199 1199 1199 1199 1199 1200 1199 1199 1200 1200 1199 1200 1199 1199 1199 1199 1200 1199 1199 1199]
Requests/sec:  4298.558756510417 KB
Transfer/sec:  4791.334114583334 KB

