2023-12-28 09:37:18.363415746 +0000 UTC m=+2276.903617037
Running 1m0s myx-test @ https://192.168.12.127:6443/apis/apps/v1/namespaces/myx-test/statefulsets
3 connections
Requests/bytes (per Connection):  [3028608 2900634 2985950]
Response/bytes (per Connection):  [4692919 4494622 4626820]
Requests Number (per Connection):  [781 748 770]
Requests/sec:  145.10403645833333 KB
Transfer/sec:  369.94715169270836 KB

2024-01-01 03:12:31.798588627 +0000 UTC m=+324790.338789934
Running 1m0s myx-test @ https://192.168.12.127:6443/apis/apps/v1/namespaces/myx-test/statefulsets
6 connections
Requests/bytes (per Connection):  [2245252 2171570 2214228 2175448 2190960 2225862]
Response/bytes (per Connection):  [3479101 3364930 3431029 3370939 3394975 3449056]
Requests Number (per Connection):  [579 560 571 561 565 574]
Requests/sec:  215.22330729166666 KB
Transfer/sec:  548.7198893229166 KB

2024-01-01 05:29:07.611290366 +0000 UTC m=+332986.151491640
Running 1m0s myx-test @ https://192.168.12.127:6443/apis/apps/v1/namespaces/myx-test/statefulsets
9 connections
Requests/bytes (per Connection):  [2004816 1997060 1981548 1989304 2016450 1997060 2031962 2028084 2039718]
Response/bytes (per Connection):  [3106543 3094525 3070489 3082507 3124570 3094525 3148606 3142597 3160624]
Requests Number (per Connection):  [517 515 511 513 520 515 524 523 526]
Requests/sec:  294.36852213541664 KB
Transfer/sec:  750.5043619791667 KB

2024-01-01 07:46:41.969030628 +0000 UTC m=+341240.509231950
Running 1m0s myx-test @ https://192.168.12.127:6443/apis/apps/v1/namespaces/myx-test/statefulsets
15 connections
Requests/bytes (per Connection):  [1807038 1853574 1834184 1822550 1845818 1810916 1834184 1826428 1795404 1814794 1807504 1803625 1811383 1753198 1846294]
Response/bytes (per Connection):  [2800084 2872192 2842147 2824120 2860174 2806093 2842147 2830129 2782057 2812102 2800550 2794540 2806560 2716410 2860650]
Requests Number (per Connection):  [466 478 473 470 476 467 473 471 463 468 466 465 467 452 476]
Requests/sec:  443.79710286458334 KB
Transfer/sec:  1131.459130859375 KB

2024-01-01 10:06:07.597792988 +0000 UTC m=+349606.137994256
Running 1m0s myx-test @ https://192.168.12.127:6443/apis/apps/v1/namespaces/myx-test/statefulsets
30 connections
Requests/bytes (per Connection):  [1605382 1655796 1636406 1620894 1593748 1644162 1644162 1593748 1601504 1636406 1598038 1625191 1621312 1648465 1671739 1601917 1621312 1570885 1586401 1574764 1590280 1613554 1621312 1559248 1648465 1617433 1632949 1632949 1629070 1567006]
Response/bytes (per Connection):  [2487616 2565733 2535688 2511652 2469589 2547706 2547706 2469589 2481607 2535688 2476010 2518080 2512070 2554140 2590200 2482020 2512070 2433940 2457980 2439950 2463990 2500050 2512070 2415910 2554140 2506060 2530100 2530100 2524090 2427930]
Requests Number (per Connection):  [414 427 422 418 411 424 424 411 413 422 412 419 418 425 431 413 418 405 409 406 410 416 418 402 425 417 421 421 420 404]
Requests/sec:  788.8101888020833 KB
Transfer/sec:  2011.0347005208334 KB

2024-01-01 12:29:27.421008568 +0000 UTC m=+358205.961209835
Running 1m0s myx-test @ https://192.168.12.127:6443/apis/apps/v1/namespaces/myx-test/statefulsets
60 connections
Requests/bytes (per Connection):  [1465774 1450262 1450262 1434750 1458018 1419238 1415360 1477408 1434750 1508432 1458394 1473910 1431241 1473910 1481668 1489426 1431241 1442878 1477789 1442878 1501063 1435120 1466152 1427362 1454515 1438999 1438999 1458394 1466152 1493305 1462273 1442878 1477789 1501063 1431241 1532095 1427362 1458394 1454515 1481668 1501063 1466152 1454515 1508821 1489426 1380814 1450636 1415725 1466152 1489426 1431241 1458394 1477789 1473910 1466152 1427362 1404088 1489426 1497184 1481668]
Response/bytes (per Connection):  [2271292 2247256 2247256 2223220 2259274 2199184 2193175 2289319 2223220 2337391 2259650 2283690 2217580 2283690 2295710 2307730 2217580 2235610 2289700 2235610 2325760 2223590 2271670 2211570 2253640 2229600 2229600 2259650 2271670 2313740 2265660 2235610 2289700 2325760 2217580 2373840 2211570 2259650 2253640 2295710 2325760 2271670 2253640 2337780 2307730 2139450 2247630 2193540 2271670 2307730 2217580 2259650 2289700 2283690 2271670 2211570 2175510 2307730 2319750 2295710]
Requests Number (per Connection):  [378 374 374 370 376 366 365 381 370 389 376 380 369 380 382 384 369 372 381 372 387 370 378 368 375 371 371 376 378 385 377 372 381 387 369 395 368 376 375 382 387 378 375 389 384 356 374 365 378 384 369 376 381 380 378 368 362 384 386 382]
Requests/sec:  1425.7303385416667 KB
Transfer/sec:  3634.804345703125 KB

